   3   1   1 E -1.6031031513279E+04 DE-5.7E-10(  2)
  0.392355645887E-02  0.703045203009E+01  0.702736723624E+01
  0.702761771266E+01 -0.346721870027E-02  0.702849713968E+01
  0.703409264549E+01  0.703089562083E+01 -0.272997180441E-02
    1
  0.100000000000E+01  0.000000000000E+00  0.000000000000E+00
  0.000000000000E+00  0.100000000000E+01  0.000000000000E+00
  0.000000000000E+00  0.000000000000E+00  0.100000000000E+01
  0.000000000000E+00  0.000000000000E+00  0.000000000000E+00
   54
   20      0.000000000000      0.000000000000      0.000000000000
   20      2.344697548495      2.343631873610     -0.000909990601
   20     -2.344697548495     -2.343631873610      0.000909990601
   20      2.342539237553     -0.001155739567      2.342832379894
   20      4.687236786049      2.342476134043      2.341922389292
   20     -0.002158310942     -2.344787613177      2.343742370495
   20     -2.342539237553      0.001155739567     -2.342832379894
   20      0.002158310942      2.344787613177     -2.343742370495
   12     -4.687236786049     -2.342476134043     -2.341922389292
   20      0.001307852153      2.343484010032      2.342455745414
   20      2.346005400648      4.687115883641      2.341545754813
   20     -2.343389696342     -0.000147863578      2.343365736016
   20      2.343847089706      2.342328270465      4.685288125308
   20      4.688544638202      4.685960144075      4.684378134706
   20     -0.000850458789     -0.001303603145      4.686198115909
   12     -2.341231385400      2.344639749598     -0.000376634479
   12      0.003466163095      4.688271623208     -0.001286625081
   12     -4.685928933896      0.001007875988      0.000533356122
   20     -0.001307852153     -2.343484010032     -2.342455745414
   12      2.343389696342      0.000147863578     -2.343365736016
   12     -2.346005400648     -4.687115883641     -2.341545754813
   12      2.341231385400     -2.344639749598      0.000376634479
   12      4.685928933896     -0.001007875988     -0.000533356122
   20     -0.003466163095     -4.688271623208      0.001286625081
   12     -2.343847089706     -2.342328270465     -4.685288125308
   20      0.000850458789      0.001303603145     -4.686198115909
   20     -4.688544638202     -4.685960144075     -4.684378134706
    8      0.000425229395      0.000651801573     -2.343099057955
    8      2.345122777891      2.344283675183     -2.344009048556
    8     -2.344272319101     -2.342980072037     -2.342189067353
    8      2.342964466948     -0.000503937994     -0.000266678061
    8      4.687662015444      2.343127935617     -0.001176668663
    8     -0.001733081548     -2.344135811604      0.000643312540
    8      4.685503704501     -0.001659677561      2.342565701832
    8      7.030201252999      2.341972196051      2.341655711232
    8      2.340806156005     -2.345291551171      2.343475692433
    8      0.001733081548      2.344135811604     -0.000643312540
    8      2.346430630044      4.687767685215     -0.001553303142
    8     -2.342964466948      0.000503937994      0.000266678061
    8      2.344272319101      2.342980072037      2.342189067353
    8      4.688969867597      4.686611945648      2.341279076752
    8     -0.000425229395     -0.000651801573      2.343099057955
    8      4.686811556654      2.341824332471      4.685021447247
    8      7.031509105151      4.685456206081      4.684111456646
    8      2.342114008159     -0.001807541139      4.685931437848
    8      0.003040933701      4.687619821634      2.341812432872
    8      2.347738482197      7.031251695243      2.340902442270
    8     -2.341656614795      2.343987948025      2.342722423474
    8      2.345580171254      4.686464082067      4.684644812766
    8      4.690277719750      7.030095955677      4.683734822163
    8      0.000882622758      2.342832208457      4.685554803367
    8      4.688119408808      4.685308342500      7.027477192659
    8      7.032816957304      7.028940216110      7.026567202058
    8      2.343421860311      2.341676468890      7.028387183261
    0    0
