   3   1   1 E -1.6031034691344E+04 DE-5.3E-10(  2)
  0.342115716433E-02  0.703078112589E+01  0.702842107300E+01
  0.702853067099E+01 -0.221361507472E-02  0.702792238469E+01
  0.703377135253E+01  0.702836669199E+01 -0.440429443859E-03
    1
  0.100000000000E+01  0.000000000000E+00  0.000000000000E+00
  0.000000000000E+00  0.100000000000E+01  0.000000000000E+00
  0.000000000000E+00  0.000000000000E+00  0.100000000000E+01
  0.000000000000E+00  0.000000000000E+00  0.000000000000E+00
   54
   20      0.000000000000      0.000000000000      0.000000000000
   20      2.344590450842      2.342788897331     -0.000146809815
   20     -2.344590450842     -2.342788897331      0.000146809815
   20      2.342843556998     -0.000737871692      2.342640794896
   20      4.687434007840      2.342051025639      2.342493985081
   20     -0.001746893844     -2.343526769022      2.342787604710
   20     -2.342843556998      0.000737871692     -2.342640794896
   20      0.001746893844      2.343526769022     -2.342787604710
   12     -4.687434007840     -2.342051025639     -2.342493985081
   20      0.001140385721      2.343593708630      2.342807024334
   20      2.345730836563      4.686382605961      2.342660214519
   20     -2.343450065121      0.000804811300      2.342953834148
   20      2.343983942719      2.342855836939      4.685447819229
   12      4.688574393561      4.685644734270      4.685301009415
   20     -0.000606508123      0.000066939608      4.685594629044
   12     -2.341703171277      2.344331580322      0.000166229438
   12      0.002887279565      4.687120477653      0.000019419623
   12     -4.686293622119      0.001542682991      0.000313039253
   20     -0.001140385721     -2.343593708630     -2.342807024334
   12      2.343450065121     -0.000804811300     -2.342953834148
   12     -2.345730836563     -4.686382605961     -2.342660214519
   12      2.341703171277     -2.344331580322     -0.000166229438
   20      4.686293622119     -0.001542682991     -0.000313039253
   20     -0.002887279565     -4.687120477653     -0.000019419623
   20     -2.343983942719     -2.342855836939     -4.685447819229
   12      0.000606508123     -0.000066939608     -4.685594629044
   20     -4.688574393561     -4.685644734270     -4.685301009415
    8      0.000303254061     -0.000033469804     -2.342797314522
    8      2.344893704904      2.342755427528     -2.342944124337
    8     -2.344287196781     -2.342822367135     -2.342650504707
    8      2.343146811059     -0.000771341496     -0.000156519626
    8      4.687737261901      2.342017555835     -0.000303329441
    8     -0.001443639783     -2.343560238826     -0.000009709812
    8      4.685990368058     -0.001509213187      2.342484275270
    8      7.030580818899      2.341279684143      2.342337465457
    8      2.341399917214     -2.344298110518      2.342631085083
    8      0.001443639783      2.343560238826      0.000009709812
    8      2.346034090626      4.686349136158     -0.000137100003
    8     -2.343146811059      0.000771341496      0.000156519626
    8      2.344287196781      2.342822367135      2.342650504707
    8      4.688877647623      4.685611264466      2.342503694893
    8     -0.000303254061      0.000033469804      2.342797314522
    8      4.687130753779      2.342084495443      4.685291299603
    8      7.031721204621      4.684873392772      4.685144489789
    8      2.342540302936     -0.000704401888      4.685438109416
    8      0.002584025504      4.687153947455      2.342816734143
    8      2.347174476347      7.029942844786      2.342669924328
    8     -2.342006425338      2.344365050125      2.342963543959
    8      2.345427582502      4.686416075765      4.685457529041
    8      4.690018033344      7.029204973094      4.685310719225
    8      0.000837131660      2.343627178435      4.685604338856
    8      4.688271139500      4.685678204074      7.028098323938
    8      7.032861590342      7.028467101403      7.027951514123
    8      2.343680688658      2.342889306745      7.028245133752
    0    0
