   3   1   1 E -1.6031096818786E+04 DE 5.3E-09(  9)
  0.685543157037E-03  0.701192468994E+01  0.703232113589E+01
  0.702758424398E+01  0.610412257508E-02  0.703284694451E+01
  0.702024930150E+01  0.701212570166E+01  0.624141836424E-02
    1
  0.100000000000E+01  0.000000000000E+00  0.000000000000E+00
  0.000000000000E+00  0.100000000000E+01  0.000000000000E+00
  0.000000000000E+00  0.000000000000E+00  0.100000000000E+01
  0.000000000000E+00  0.000000000000E+00  0.000000000000E+00
   54
   20      0.024065795904     -0.008568452742     -0.059814956776
   20      2.337858222238      2.369255818295     -0.038197413649
   20     -2.348708928737     -2.346312114168     -0.043806105490
   20      2.328049017571     -0.049758384061      2.363853542840
   20      4.676147552986      2.359724775198      2.384289828397
   20      0.011860550742     -2.332684257165      2.404576952341
   20     -2.326434901127     -0.056040010148     -2.361244442296
   12     -0.029576749997      2.437122679918     -2.346463260217
   12     -4.697987253514     -2.396082073506     -2.369896031462
   20     -0.006073191366      2.382790310307      2.409906429004
   12      2.350342665209      4.683292509554      2.384863738341
   20     -2.336458045144     -0.007496701556      2.404154421149
   20      2.322158755605      2.390461447703      4.695003693661
   12      4.671028737882      4.660535850584      4.689101170785
   12     -0.051082231461     -0.079486059620      4.686328597374
   20     -2.344194491915      2.390527087137      0.007193011151
   20      0.000113978598      4.675157102430     -0.069257063387
   20     -4.703803499813     -0.036621537802     -0.018713717820
   12      0.085984207897     -2.332927743052     -2.400285345086
   20      2.359063005782     -0.030312722886     -2.334464022236
   12     -2.246381620836     -4.524898155899     -2.372891650954
   12      2.391293319460     -2.338070522633     -0.071077635395
   20      4.684302503573     -0.043444553006     -0.031655344942
   20      0.004073000999     -4.655297024682     -0.059276688450
   12     -2.442826585071     -2.368467833962     -4.539449842144
   20     -0.006348524861     -0.056817211038     -4.638437401357
   20     -4.687756139786     -4.645253116491     -4.653423356589
    8     -0.001953505858     -0.063562134402     -2.341724819515
    8      2.289132002059      2.465007711777     -2.350949860217
    8     -2.349036886477     -2.426052052122     -2.428949796038
    8      2.339980284744     -0.116618345973     -0.001664363287
    8      4.678451796602      2.344728984120     -0.094872113327
    8      0.112678940803     -2.331908062448     -0.039525539520
    8      4.673960343669     -0.119289464162      2.355166178559
    8      7.014922500633      2.334404067319      2.468132336983
    8      2.445729234107     -2.343922165339      2.417839254315
    8     -0.012197657051      2.342712490931     -0.069462270852
    8      2.337113600130      4.675395838692     -0.034703404116
    8     -2.344378108289      0.010101577920     -0.017891512514
    8      2.356480200558      2.442140538001      2.339632545330
    8      4.581819719671      4.675331255059      2.377412677725
    8      0.003003702283      0.004971528151      2.407254184927
    8      4.788250776187      2.458541928378      4.694624043177
    8      7.001780544687      4.654530690112      4.687620861759
    8      2.229381006733     -0.107959797715      4.678454769608
    8      0.111018373174      4.667128660488      2.425625771333
    8      2.350745376104      6.892467173345      2.348634417302
    8     -2.349270301956      2.468119567984      2.468153930320
    8      2.329183763159      4.669805698630      4.694032326035
    8      4.823609173641      6.939062455782      4.688683578710
    8     -0.101230146299      2.420410706679      4.688672764372
    8      4.534800530975      4.670906132518      6.943930282160
    8      7.018163179926      7.020891181283      6.959362355434
    8      2.337488304164      2.448020042075      7.036937038982
    0    0
