   3   1   1 E -1.6031090231273E+04 DE 4.7E-09(  9)
  0.140492823245E-01  0.698215253813E+01  0.701587156174E+01
  0.700289450820E+01 -0.240639693306E-02  0.702559451529E+01
  0.701082878528E+01  0.699358435380E+01 -0.398078971795E-02
    1
  0.100000000000E+01  0.000000000000E+00  0.000000000000E+00
  0.000000000000E+00  0.100000000000E+01  0.000000000000E+00
  0.000000000000E+00  0.000000000000E+00  0.100000000000E+01
  0.000000000000E+00  0.000000000000E+00  0.000000000000E+00
   54
   20      0.065550450867     -0.033212788923     -0.013619375703
   20      2.333073305133      2.365396332887     -0.036727902361
   20     -2.359446578434     -2.356070529615     -0.005670492202
   20      2.366174086936     -0.051348792568      2.363579228993
   20      4.669657409724      2.335876794219      2.368699575815
   20      0.049010014509     -2.364559486058      2.332013095395
   20     -2.336968915067     -0.016674815419     -2.392230708119
   20      0.022557210875      2.340100782445     -2.402403460636
   12     -4.583069891465     -2.324686066057     -2.381871381323
   20      0.031865700609      2.415662735530      2.375548026549
   12      2.365993744000      4.626518227198      2.387181202968
   20     -2.404672411983     -0.050427462193      2.393631938817
   12      2.353657241139      2.440738925992      4.681185118087
   12      4.504311237681      4.496747063784      4.661341615479
   20      0.011647996128      0.005383228916      4.697133679851
   20     -2.401555015271      2.429703454421     -0.019111821796
   20     -0.025667269091      4.710001666284      0.008473407603
   20     -4.731086982007      0.012901390889     -0.001185944766
   20      0.103791399699     -2.318501340608     -2.337624474422
   12      2.357654927660     -0.088384057493     -2.310949221246
   20     -2.381051629477     -4.630831176933     -2.348033119718
   12      2.424403061154     -2.349657653048     -0.091260266158
   20      4.641308578353     -0.055754980550     -0.015239364947
   12      0.056816449753     -4.637190173366     -0.045133736790
   12     -2.413169630892     -2.299367925855     -4.627466904186
   12      0.058516331575     -0.062932413899     -4.655648534546
   20     -4.720515044984     -4.638584945349     -4.676636106682
    8      0.129849113601     -0.012091803929     -2.389564606666
    8      2.324354996087      2.366142785748     -2.366786894608
    8     -2.373631042234     -2.320345691280     -2.365844236642
    8      2.348573874543     -0.108103629604     -0.078808922761
    8      4.723805148037      2.336265064025      0.000829598208
    8      0.119415020040     -2.416180725337     -0.027081709017
    8      4.736127526070     -0.115121386716      2.348113558477
    8      6.997686290146      2.268488977944      2.256247928293
    8      2.490953888233     -2.337744000896      2.436335157849
    8      0.007933601586      2.373508974255      0.000931807343
    8      2.323968824630      4.683787306771      0.003556809998
    8     -2.361015885363     -0.003338369159     -0.000561662723
    8      2.359838667645      2.435838113394      2.436414543429
    8      4.563840087255      4.647547958317      2.400902415519
    8      0.017416468927     -0.015675628598      2.360556381114
    8      4.559102346397      2.445488461923      4.648992400339
    8      7.009813118358      4.663392319137      4.663200553379
    8      2.335475962618     -0.027415502554      4.678187815293
    8      0.029795684980      4.786239412682      2.367558500856
    8      2.185744008840      6.827891246256      2.462489326095
    8     -2.366948329469      2.415419258794      2.356135336028
    8      2.524159170303      4.614130578997      4.668162543684
    8      4.559134513687      6.883045051975      4.652771283476
    8      0.098055634220      2.363014645088      4.728344213329
    8      4.511131114674      4.659944754640      7.002609506646
    8      6.989959235100      7.084223651508      7.093624654647
    8      2.221651775068      2.480789409510      6.923393417376
    0    0
