   3   1   1 E -1.6031077436958E+04 DE 3.3E-10( 11)
  0.923666870797E-02  0.700935715603E+01  0.698089903761E+01
  0.697387063171E+01  0.112359028969E-02  0.698313932854E+01
  0.698739022349E+01  0.701805667255E+01 -0.548997507061E-02
    1
  0.100000000000E+01  0.000000000000E+00  0.000000000000E+00
  0.000000000000E+00  0.100000000000E+01  0.000000000000E+00
  0.000000000000E+00  0.000000000000E+00  0.100000000000E+01
  0.000000000000E+00  0.000000000000E+00  0.000000000000E+00
   54
   20      0.004945930719      0.009819958079     -0.081144134988
   20      2.302975759444      2.351885008827     -0.085196286207
   20     -2.316418547950     -2.383644826826     -0.067396335297
   20      2.300773561027     -0.016747780230      2.353042588191
   20      4.695549247135      2.337146397116      2.338400570994
   20      0.027504438192     -2.360537486607      2.350102153709
   20     -2.302270554655     -0.018593128359     -2.321110513004
   12      0.025322115686      2.393128526225     -2.294342443825
   12     -4.783784539058     -2.357542537067     -2.297418289112
   20     -0.055009836415      2.353945214976      2.361723955500
   20      2.292730087805      4.683927031018      2.350360322906
   20     -2.322574615400      0.023767393476      2.352176046686
   20      2.285440660298      2.335241343257      4.710586740431
   20      4.718494296595      4.682454590777      4.694532196415
   12      0.039084656158     -0.017105001856      4.707942715089
   12     -2.239117192128      2.398347416916     -0.005766719960
   12      0.022304859740      4.843062327435     -0.055625557965
   20     -4.695365026450     -0.007597950301     -0.034497066059
   12      0.016903605069     -2.382167151006     -2.250653349874
   12      2.254472899660      0.016246359529     -2.326181095118
   12     -2.253263784399     -4.677004415048     -2.257337901827
   20      2.319391584308     -2.363560098288     -0.040198570713
   20      4.705267444775      0.013293481813     -0.048616589010
   12     -0.048023391254     -4.704162295329     -0.105479838717
   20     -2.304875141679     -2.385552597904     -4.638041584833
   20      0.026688202453     -0.000292684977     -4.641293499593
   20     -4.669017789979     -4.681875822931     -4.634872813647
    8      0.083330848400     -0.007446885452     -2.336055829010
    8      2.298915407381      2.337480684890     -2.338376456038
    8     -2.312347650211     -2.428067629202     -2.328423481554
    8      2.320479321183      0.006125907234     -0.072618601535
    8      4.721947905916      2.338087446514     -0.084522166456
    8      0.006928689983     -2.402170814489     -0.075862529672
    8      4.671439878593     -0.007697790011      2.342077188227
    8      6.985151765401      2.340345904002      2.328487466243
    8      2.306371950459     -2.357552854530      2.354330305682
    8     -0.096555169268      2.418853159930     -0.083337147255
    8      2.247250385998      4.658784012256     -0.096568840034
    8     -2.318543110343      0.019376963851     -0.037086939494
    8      2.301524022867      2.344026626071      2.351548067587
    8      4.676079995712      4.672838501313      2.336080487919
    8     -0.004701855825      0.005677819724      2.369822305822
    8      4.729018145619      2.345860843994      4.710555726227
    8      7.095510345678      4.700767684948      4.734168866988
    8      2.239547367160     -0.048344032093      4.662101127804
    8      0.004892621377      4.656019722239      2.350229742016
    8      2.315114435325      7.015819145765      2.348209583893
    8     -2.317575080892      2.332143279354      2.347775279839
    8      2.267791164126      4.708809540057      4.676045204683
    8      4.699078191249      7.086512778247      4.656004583325
    8     -0.149480180733      2.347141287272      4.801826687265
    8      4.738421041815      4.610395899903      6.966972468938
    8      7.002591747272      7.021320076640      6.922655771701
    8      2.306927743653      2.327429833767      6.973734186597
    0    0
