   3   1   1 E -1.6031088997502E+04 DE-6.6E-10( 11)
  0.208651956434E-01  0.703230831068E+01  0.706916858866E+01
  0.701581990163E+01  0.236129318252E-01  0.706049989882E+01
  0.704263721895E+01  0.704353902631E+01  0.363826709487E-02
    1
  0.100000000000E+01  0.000000000000E+00  0.000000000000E+00
  0.000000000000E+00  0.100000000000E+01  0.000000000000E+00
  0.000000000000E+00  0.000000000000E+00  0.100000000000E+01
  0.000000000000E+00  0.000000000000E+00  0.000000000000E+00
   54
   20      0.024448969745     -0.032492974865     -0.063731385288
   20      2.337741648583      2.376084729508     -0.009686867767
   20     -2.346451796101     -2.377574245794     -0.013121177329
   20      2.340375944714     -0.036390229538      2.350881981801
   20      4.706035477341      2.357367423483      2.346040959049
   20      0.037918096673     -2.365224046360      2.387095632412
   20     -2.331616064323     -0.031157355297     -2.355640378605
   12      0.020466342975      2.422815014464     -2.279395418050
   12     -4.770551875307     -2.323534944063     -2.368037009943
   20      0.029170046106      2.390131225440      2.361346027434
   12      2.298150061432      4.698248027621      2.374572720918
   20     -2.340220645896     -0.020895230273      2.363423178099
   20      2.284129552056      2.394322343044      4.729924306207
   20      4.715607017586      4.719895781043      4.737311811154
   12      0.000334769163     -0.058487399774      4.729415138627
   20     -2.326169396309      2.398052718730     -0.013557499940
   12      0.042130692183      4.674128845276     -0.068221012995
   20     -4.768041747335     -0.042612351031     -0.023522560095
   12      0.066643280485     -2.368215182003     -2.313001940617
   20      2.316388026110     -0.034584850919     -2.330614804535
   20     -2.318660149901     -4.688332395962     -2.338209775296
   12      2.277637426981     -2.330570764943      0.046778591969
   12      4.714964582670     -0.098554057623      0.012500062603
   12     -0.016698501383     -4.652961475562     -0.040461925318
   20     -2.315562871668     -2.314841649987     -4.729541693231
   20     -0.004543515981     -0.023695814613     -4.733747937702
   20     -4.740075066249     -4.660123790604     -4.713151944215
    8      0.004046288538     -0.038963926434     -2.357195248963
    8      2.289470569267      2.423310301491     -2.350082326487
    8     -2.332526324825     -2.348419908267     -2.339994482833
    8      2.394270609561     -0.076979933670     -0.010194213407
    8      4.762958942112      2.306698979477      0.004211326307
    8      0.088816465651     -2.445318970818     -0.058041884738
    8      4.689688660483      0.009191013804      2.338275762167
    8      7.029894953009      2.366763083671      2.372141208875
    8      2.339017658366     -2.333409259365      2.349586643448
    8      0.014324272180      2.434133634588     -0.068554810403
    8      2.258517242218      4.691325518529     -0.015505443656
    8     -2.346258517631     -0.017445332247     -0.015225842947
    8      2.338329292993      2.412853361531      2.352251258243
    8      4.673471734118      4.689638005210      2.362517073924
    8      0.002610585140     -0.012543040472      2.373731562007
    8      4.747857827551      2.382357580030      4.739375666181
    8      7.167080197413      4.671421331720      4.843244247350
    8      2.222181408386     -0.064869170387      4.711499549278
    8      0.163591530868      4.696484927957      2.350515507780
    8      2.332841641683      6.963265657100      2.343889969722
    8     -2.324689025850      2.366207023467      2.344436436389
    8      2.261769634494      4.694409765666      4.733496245564
    8      4.783671417710      7.024248870194      4.736740510964
    8      0.001688475234      2.390285184988      4.808950445176
    8      4.704725379765      4.821952044165      7.041507236098
    8      6.920972295112      7.024559258803      6.909075781225
    8      2.235076905130      2.445617859559      7.053581138970
    0    0
