   3   1   1 E -1.6031033444656E+04 DE-1.5E-09(  2)
  0.493844861007E-02  0.703350172231E+01  0.702385672227E+01
  0.703234966750E+01 -0.271116143385E-02  0.702436429114E+01
  0.703633127194E+01  0.703147590591E+01 -0.945356254765E-04
    1
  0.100000000000E+01  0.000000000000E+00  0.000000000000E+00
  0.000000000000E+00  0.100000000000E+01  0.000000000000E+00
  0.000000000000E+00  0.000000000000E+00  0.100000000000E+01
  0.000000000000E+00  0.000000000000E+00  0.000000000000E+00
   54
   20      0.000000000000      0.000000000000      0.000000000000
   20      2.345443757312      2.343825301970     -0.000031511875
   20     -2.345443757312     -2.343825301970      0.000031511875
   20      2.344116555832     -0.000903720478      2.341454763715
   20      4.689560313144      2.342921581492      2.341423251839
   20     -0.001327201480     -2.344729022448      2.341486275590
   20     -2.344116555832      0.000903720478     -2.341454763715
   20      0.001327201480      2.344729022448     -2.341486275590
   12     -4.689560313144     -2.342921581492     -2.341423251839
   20      0.001646149537      2.344500574103      2.341285574090
   20      2.347089906849      4.688325876072      2.341254062215
   20     -2.343797607776      0.000675272133      2.341317085966
   12      2.345762705369      2.343596853625      4.682740337805
   12      4.691206462681      4.687422155594      4.682708825930
   12      0.000318948056     -0.000228448345      4.682771849680
   20     -2.342470406295      2.345404294581     -0.000169189624
   20      0.002973351017      4.689229596550     -0.000200701499
   20     -4.687914163608      0.001578992611     -0.000137677749
   20     -0.001646149537     -2.344500574103     -2.341285574090
   12      2.343797607776     -0.000675272133     -2.341317085966
   12     -2.347089906849     -4.688325876072     -2.341254062215
   12      2.342470406295     -2.345404294581      0.000169189624
   20      4.687914163608     -0.001578992611      0.000137677749
   12     -0.002973351017     -4.689229596550      0.000200701499
   20     -2.345762705369     -2.343596853625     -4.682740337805
   12     -0.000318948056      0.000228448345     -4.682771849680
   20     -4.691206462681     -4.687422155594     -4.682708825930
    8     -0.000159474028      0.000114224172     -2.341385924840
    8      2.345284283284      2.343939526142     -2.341417436715
    8     -2.345603231341     -2.343711077797     -2.341354412965
    8      2.343957081804     -0.000789496306      0.000068838874
    8      4.689400839117      2.343035805665      0.000037326999
    8     -0.001486675509     -2.344614798275      0.000100350750
    8      4.688073637637     -0.001693216783      2.341523602590
    8      7.033517394952      2.342132085189      2.341492090715
    8      2.342629880324     -2.345518518753      2.341555114464
    8      0.001486675509      2.344614798275     -0.000100350750
    8      2.346930432821      4.688440100245     -0.000131862625
    8     -2.343957081804      0.000789496306     -0.000068838874
    8      2.345603231341      2.343711077797      2.341354412965
    8      4.691046988655      4.687536379769      2.341322901090
    8      0.000159474028     -0.000114224172      2.341385924840
    8      4.689719787172      2.342807357319      4.682809176679
    8      7.035163544488      4.686632659292      4.682777664804
    8      2.344276029860     -0.001017944650      4.682840688555
    8      0.003132825045      4.689115372378      2.341185223341
    8      2.348576582359      7.032940674349      2.341153711466
    8     -2.342310932267      2.345290070409      2.341216735217
    8      2.347249380877      4.688211651899      4.682639987054
    8      4.692693138192      7.032036953871      4.682608475179
    8      0.001805623565      2.344386349930      4.682671498931
    8      4.691365936709      4.687307931420      7.024094750767
    8      7.036809694025      7.031133233393      7.024063238892
    8      2.345922179396      2.343482629451      7.024126262643
    0    0
