   3   1   1 E -1.6031097880332E+04 DE 1.0E-08(  8)
 -0.633571216155E-02  0.698379791133E+01  0.700210486116E+01
  0.705969883558E+01 -0.110776242807E-01  0.699864079218E+01
  0.704699496425E+01  0.696100090806E+01  0.880472244093E-02
    1
  0.100000000000E+01  0.000000000000E+00  0.000000000000E+00
  0.000000000000E+00  0.100000000000E+01  0.000000000000E+00
  0.000000000000E+00  0.000000000000E+00  0.100000000000E+01
  0.000000000000E+00  0.000000000000E+00  0.000000000000E+00
   54
   20     -0.029937094489     -0.002931885157     -0.019302388285
   20      2.355927138980      2.334143205692     -0.022704774547
   20     -2.323752079333     -2.318780783962     -0.017403286577
   20      2.382574276908     -0.056963415048      2.379818777435
   20      4.732792106165      2.310838701983      2.336895995526
   20      0.010984135478     -2.362148654662      2.317675927813
   20     -2.339622919727     -0.031016490666     -2.332764362309
   20     -0.010124262863      2.346356821903     -2.375586760349
   12     -4.740488020334     -2.383582037782     -2.373179846214
   20     -0.056236275411      2.349838229757      2.349642918463
   20      2.337648383639      4.705405209301      2.352270955219
   12     -2.478232514683      0.013673913965      2.319477143990
   20      2.377843238028      2.360974864382      4.735600827744
   12      4.678046105099      4.658739158130      4.625883632651
   20     -0.001654869543     -0.013682323417      4.684060229293
   12     -2.338435340939      2.366801510758      0.084435652206
   20     -0.055656353365      4.649541640526      0.006742509650
   20     -4.692411919787      0.054872609482      0.039943161579
   12     -0.053500626674     -2.320476274939     -2.373827356714
   20      2.354553293631     -0.017771527442     -2.393810778788
   20     -2.341339772984     -4.611242735910     -2.398568252504
   20      2.362817924289     -2.402140484404      0.014175645540
   20      4.727011879657     -0.052640854661      0.006187416576
   12     -0.048619407008     -4.669278840230     -0.012129080656
   12     -2.331621787444     -2.323304533888     -4.607574144382
   12      0.018477260595      0.038375782765     -4.676218234984
   12     -4.628750857909     -4.642948227677     -4.654996933076
    8      0.006605633489     -0.079170959688     -2.403431346395
    8      2.364313573084      2.442833499123     -2.439067525464
    8     -2.290435084966     -2.323524569131     -2.403101760315
    8      2.356354997139     -0.015087445644     -0.002010069771
    8      4.772362688573      2.308474197257     -0.005894997581
    8      0.008756608061     -2.410747051420     -0.051636354388
    8      4.774368080947     -0.103726658918      2.331131792669
    8      7.094505859795      2.215102864410      2.233275494111
    8      2.384771633500     -2.418333068390      2.378189851425
    8     -0.059287585271      2.324313819614      0.006054889064
    8      2.334177180587      4.641173545800     -0.057847193560
    8     -2.361735642964      0.065730701113      0.056431221351
    8      2.362657183612      2.330743534296      2.364139223627
    8      4.692877420445      4.734662301277      2.403472815834
    8     -0.053126136402      0.003865763730      2.356471940426
    8      4.704632239017      2.406709059100      4.710951329918
    8      7.049008185694      4.638718789492      4.666648415110
    8      2.349660349207     -0.081777651415      4.679692413221
    8     -0.102195522973      4.741436018400      2.436044003987
    8      2.382433103309      7.083282863771      2.331090786671
    8     -2.410272814455      2.371018994538      2.242768100708
    8      2.360567132324      4.653971542525      4.670247011674
    8      4.706194937929      6.866371197381      4.573680520962
    8      0.013321152371      2.426162472716      4.762671834890
    8      4.693676397779      4.531149361053      7.006653281409
    8      7.056050239529      7.054815595072      7.097647980558
    8      2.393077945203      2.312924083075      7.103958436570
    0    0
