   3   1   1 E -1.6031073424763E+04 DE-3.6E-08(  8)
  0.158185469042E-01  0.697209000370E+01  0.700565154596E+01
  0.696970598137E+01 -0.380592249550E-02  0.701754897255E+01
  0.697514368441E+01  0.698372958762E+01 -0.317317274137E-02
    1
  0.100000000000E+01  0.000000000000E+00  0.000000000000E+00
  0.000000000000E+00  0.100000000000E+01  0.000000000000E+00
  0.000000000000E+00  0.000000000000E+00  0.100000000000E+01
  0.000000000000E+00  0.000000000000E+00  0.000000000000E+00
   54
   20     -0.031084591453      0.005592275957     -0.008527587086
   20      2.315161462134      2.339320640985     -0.015079019271
   20     -2.350034138736     -2.308845800452     -0.005133675846
   20      2.308061696646     -0.008883887677      2.344541478746
   20      4.662592268487      2.313781947904      2.332817570655
   20      0.008968003134     -2.312873195991      2.344096383913
   20     -2.338028596055     -0.002129038187     -2.320457594031
   20      0.006991827183      2.341106353012     -2.330978432137
   12     -4.736054424382     -2.319975376690     -2.162600263864
   20     -0.012662018553      2.340213536737      2.339614308820
   20      2.312233560425      4.694150065038      2.317050383621
   12     -2.296775839004      0.003961800291      2.238620926676
   20      2.319279150454      2.312956704377      4.698512553411
   20      4.699350560862      4.687017431198      4.686312889976
   12     -0.029245258790     -0.064146694764      4.704176054707
   12     -2.309686622949      2.319420171136      0.152936495248
   12     -0.018483974358      4.740734239754     -0.020113305549
   12     -4.714213748511     -0.007583202366     -0.096071321374
   12     -0.025006009424     -2.306441901700     -2.393076644567
   20      2.326639533547      0.000939653005     -2.351728640458
   20     -2.303649217968     -4.664778579306     -2.331859682203
   20      2.342009087556     -2.323719227937     -0.003416754096
   12      4.724688246580     -0.040204986328      0.016286349084
   20     -0.001916268517     -4.710932413474     -0.006024733517
   20     -2.299343573371     -2.302691300097     -4.687367597717
   12     -0.004524041232     -0.080226080499     -4.680071222044
   20     -4.625451060251     -4.676957610917     -4.686965107235
    8     -0.013429224668     -0.014109505186     -2.361043864646
    8      2.334230516151      2.344238737043     -2.344811119459
    8     -2.328245619832     -2.320685927946     -2.335704591998
    8      2.335082052156      0.001325227467     -0.005281287700
    8      4.657855092093      2.297334461937     -0.004620981560
    8     -0.006720246840     -2.332835732691     -0.009414543448
    8      4.678861719644      0.000114429576      2.328813181990
    8      6.980618409402      2.288081345023      2.335779128156
    8      2.328298501869     -2.324762089488      2.337083046942
    8     -0.037512808588      2.367626466448     -0.011552647788
    8      2.262384272444      4.695231342855     -0.051618224867
    8     -2.369566820841      0.030075132399      0.038563808157
    8      2.321647422266      2.331810154143      2.344637575751
    8      4.658354796349      4.695394017024      2.332097592298
    8     -0.046711963461      0.001183664271      2.351605824899
    8      4.660473017376      2.332024985459      4.703947594534
    8      7.061472568769      4.715658662726      4.702646101216
    8      2.248032941957     -0.030033850623      4.740587259347
    8      0.005640308130      4.725137282891      2.331007677902
    8      2.319090897593      6.981757566838      2.285019655494
    8     -2.295740179746      2.304799655787      2.288629979006
    8      2.326903694712      4.667488002283      4.677060222472
    8      4.734679650183      6.980094623503      4.669494966605
    8      0.005334902293      2.308973245697      4.687002429822
    8      4.730204733066      4.679703772333      7.009114616137
    8      6.961224790391      6.816986692085      6.974916561189
    8      2.380727520769      2.272643624858      7.000669281630
    0    0
