   3   1   1 E -1.6031032349409E+04 DE 1.4E-09(  2)
  0.550092106673E-02  0.702768995051E+01  0.702834113984E+01
  0.703421538756E+01 -0.178021179669E-02  0.702848635408E+01
  0.703956591008E+01  0.702634891604E+01 -0.233863376569E-03
    1
  0.100000000000E+01  0.000000000000E+00  0.000000000000E+00
  0.000000000000E+00  0.100000000000E+01  0.000000000000E+00
  0.000000000000E+00  0.000000000000E+00  0.100000000000E+01
  0.000000000000E+00  0.000000000000E+00  0.000000000000E+00
   54
   20      0.000000000000      0.000000000000      0.000000000000
   20      2.346521970026      2.342116305347     -0.000077954459
   20     -2.346521970026     -2.342116305347      0.000077954459
   20      2.344738462519     -0.000593403932      2.342828784694
   20      4.691260432545      2.341522901414      2.342750830235
   20     -0.001783507507     -2.342709709279      2.342906739153
   20     -2.344738462519      0.000593403932     -2.342828784694
   20      0.001783507507      2.342709709279     -2.342906739153
   12     -4.691260432545     -2.341522901414     -2.342750830235
   20      0.001833640356      2.342563316838      2.342780379946
   20      2.348355610382      4.684679622185      2.342702425487
   20     -2.344688329671      0.000447011492      2.342858334405
   20      2.346572102875      2.341969912906      4.685609164640
   12      4.693094072901      4.684086218253      4.685531210181
   20      0.000050132848     -0.000146392441      4.685687119099
   20     -2.342904822164      2.343156720770     -0.000048404747
   12      0.003617147863      4.685273026117     -0.000126359206
   12     -4.689426792190      0.001040415424      0.000029549712
   12     -0.001833640356     -2.342563316838     -2.342780379946
   20      2.344688329671     -0.000447011492     -2.342858334405
   20     -2.348355610382     -4.684679622185     -2.342702425487
   12      2.342904822164     -2.343156720770      0.000048404747
   12      4.689426792190     -0.001040415424     -0.000029549712
   12     -0.003617147863     -4.685273026117      0.000126359206
   20     -2.346572102875     -2.341969912906     -4.685609164640
   12     -0.000050132848      0.000146392441     -4.685687119099
   20     -4.693094072901     -4.684086218253     -4.685531210181
    8     -0.000025066424      0.000073196220     -2.342843559549
    8      2.346496903603      2.342189501568     -2.342921514008
    8     -2.346547036451     -2.342043109126     -2.342765605091
    8      2.344713396095     -0.000520207712     -0.000014774856
    8      4.691235366122      2.341596097636     -0.000092729315
    8     -0.001808573931     -2.342636513058      0.000063179603
    8      4.689451858614     -0.001113611644      2.342814009838
    8      7.035973828642      2.341002693704      2.342736055379
    8      2.342929888587     -2.343229916991      2.342891964296
    8      0.001808573931      2.342636513058     -0.000063179603
    8      2.348330543957      4.684752818404     -0.000141134062
    8     -2.344713396095      0.000520207712      0.000014774856
    8      2.346547036451      2.342043109126      2.342765605091
    8      4.693069006477      4.684159414473      2.342687650632
    8      0.000025066424     -0.000073196220      2.342843559549
    8      4.691285498971      2.341449705194      4.685594389785
    8      7.037807468998      4.683566010541      4.685516435326
    8      2.344763528944     -0.000666600152      4.685672344244
    8      0.003642214287      4.685199829896      2.342717200342
    8      2.350164184312      7.027316135241      2.342639245883
    8     -2.342879755739      2.343083524550      2.342795154802
    8      2.348380676806      4.684606425963      4.685545985035
    8      4.694902646831      7.026722731309      4.685468030576
    8      0.001858706780      2.342490120617      4.685623939495
    8      4.693119139327      4.684013022030      7.028374769731
    8      7.039641109353      7.026129327377      7.028296815272
    8      2.346597169301      2.341896716684      7.028452724189
    0    0
