   3   1   1 E -1.6031095711814E+04 DE-1.0E-09( 10)
  0.168122249364E-01  0.694465197899E+01  0.699223127233E+01
  0.705575877826E+01 -0.277350222046E-01  0.703028149548E+01
  0.705491953322E+01  0.697518945738E+01 -0.204722558949E-01
    1
  0.100000000000E+01  0.000000000000E+00  0.000000000000E+00
  0.000000000000E+00  0.100000000000E+01  0.000000000000E+00
  0.000000000000E+00  0.000000000000E+00  0.100000000000E+01
  0.000000000000E+00  0.000000000000E+00  0.000000000000E+00
   54
   20     -0.004307166914     -0.035173471471     -0.034208770485
   20      2.373354413039      2.357713587949     -0.047873437329
   20     -2.350835568783     -2.336276127142     -0.067543341856
   20      2.344007093540     -0.055659194760      2.359872162564
   20      4.736188236225      2.302407767689      2.337685492339
   20      0.020739450998     -2.362229257551      2.327390085780
   20     -2.359702422058     -0.026275157561     -2.306676626178
   20     -0.003034915537      2.351796598045     -2.371891403563
   12     -4.676130938872     -2.293719375215     -2.308414814317
   20     -0.029627384614      2.357302697786      2.388556563778
   20      2.339084298934      4.697441453276      2.336195130279
   20     -2.372095506852      0.018913680065      2.339596785864
   20      2.340349866155      2.350878650215      4.767589608353
   12      4.679435537192      4.492360146837      4.756709530973
   20     -0.005001900136     -0.002287121110      4.747129424177
   12     -2.353510412402      2.331923001031     -0.050501134559
   20     -0.031887688529      4.680296305667     -0.040668269087
   12     -4.655759843664      0.004527770758      0.017968024709
   12      0.028858773794     -2.292696997753     -2.299977443434
   20      2.380969255383     -0.021495725301     -2.319038983296
   12     -2.342405654746     -4.546654720954     -2.289880298536
   12      2.373191356942     -2.396816285295     -0.094807778078
   20      4.735383485142     -0.014812512079     -0.016753253677
   12     -0.033598342086     -4.649283636938     -0.008325653507
   20     -2.364863556511     -2.341162285956     -4.659981580173
   12     -0.042108129391      0.049903972590     -4.703505119332
   20     -4.691606151746     -4.629904910197     -4.707366568139
    8      0.000457729221     -0.084269878951     -2.415533857126
    8      2.404659165556      2.421211455546     -2.373806653013
    8     -2.375614621366     -2.424904954989     -2.329965613431
    8      2.361451856346     -0.073104712638     -0.002799531874
    8      4.775597194504      2.331773027397     -0.091558212721
    8      0.098129610746     -2.453030841489     -0.112892070969
    8      4.731387440072     -0.027962060789      2.339581120529
    8      7.049044269690      2.225581259335      2.241234584733
    8      2.355768907300     -2.342182545345      2.347686684572
    8     -0.026220636284      2.335824357556     -0.020322712227
    8      2.345312390912      4.754485070152     -0.113764295938
    8     -2.399754372717      0.075844652876     -0.017034933903
    8      2.349847194788      2.335193204995      2.357518447215
    8      4.714296396216      4.641536243989      2.357291611329
    8     -0.001451624469     -0.011243767260      2.355588300377
    8      4.697563032738      2.396497582153      4.758343808268
    8      7.047670817894      4.634845132929      4.671230667586
    8      2.332409802077     -0.097915425057      4.803638538691
    8     -0.010278871649      4.727390567270      2.383186903125
    8      2.297078737332      6.965915856756      2.239894942519
    8     -2.342195191913      2.325286137248      2.337384595315
    8      2.368883509667      4.630171058553      4.731671324934
    8      4.720252217805      6.953171164758      4.675506906260
    8     -0.100130990300      2.421631141269      4.796518410566
    8      4.615224660375      4.496553569420      6.924468627044
    8      7.137761238381      7.050202306609      7.097075252754
    8      2.391471366439      2.314960408837      7.017761125727
    0    0
