   3   1   1 E -1.6031087114829E+04 DE-4.7E-10( 11)
  0.245139999030E-01  0.692600097343E+01  0.698166218249E+01
  0.706082795553E+01 -0.316229098812E-01  0.703134986380E+01
  0.705838343353E+01  0.696660283867E+01 -0.227561733251E-01
    1
  0.100000000000E+01  0.000000000000E+00  0.000000000000E+00
  0.000000000000E+00  0.100000000000E+01  0.000000000000E+00
  0.000000000000E+00  0.000000000000E+00  0.100000000000E+01
  0.000000000000E+00  0.000000000000E+00  0.000000000000E+00
   54
   20     -0.001825947551     -0.038455327353     -0.043300739214
   20      2.375567321817      2.358383528159     -0.055224231857
   20     -2.350412089222     -2.336323699973     -0.077858738527
   20      2.344544758846     -0.058357114459      2.361561877291
   20      4.741375171583      2.299448674114      2.333767857837
   20      0.024450233890     -2.363435148057      2.324781518616
   20     -2.361299822370     -0.026068794570     -2.303806816646
   20     -0.000732576219      2.355515056721     -2.374908503841
   12     -4.687943077028     -2.305661823963     -2.312412265750
   20     -0.030832296506      2.358517918642      2.388639266255
   20      2.342474275439      4.694329106774      2.329214822332
   20     -2.369027864176      0.017775387938      2.334658221918
   20      2.343418644294      2.354356404193      4.771517303385
   12      4.697823814185      4.442107494147      4.774853802934
   20     -0.005251100320     -0.004294491121      4.752162502357
   12     -2.338087913983      2.332798561684     -0.050180806496
   20     -0.036800974715      4.673553862658     -0.046674521508
   12     -4.622592910995      0.017330488003      0.012337213002
   12      0.030462335973     -2.266895717420     -2.284433773623
   20      2.382547876540     -0.018982833598     -2.318569213958
   12     -2.357852530907     -4.530349567084     -2.282538263930
   12      2.390805981623     -2.400311445836     -0.104470403425
   20      4.737220747164     -0.016741052451     -0.017124477141
   12     -0.059248330822     -4.653711634372      0.004550833312
   20     -2.369239447692     -2.337777659752     -4.654610245595
   12     -0.105626697814      0.036611642047     -4.692307973236
   20     -4.690752683869     -4.615557165768     -4.705089202285
    8      0.003184908448     -0.083495094173     -2.420011088687
    8      2.408318133098      2.422257038305     -2.378346118580
    8     -2.374951466119     -2.427266913530     -2.326376212248
    8      2.363989402386     -0.075391536088     -0.007467951116
    8      4.780809284524      2.330041088638     -0.098991044705
    8      0.102188405402     -2.465168908031     -0.126169485128
    8      4.731607459213     -0.031564948946      2.343050709091
    8      7.059508743335      2.221955647851      2.237298198879
    8      2.358325393883     -2.343969476312      2.348556087158
    8     -0.024072324262      2.336419474355     -0.026125559681
    8      2.345365754952      4.755210498654     -0.122722912543
    8     -2.396648545826      0.073555813289     -0.026152424989
    8      2.352401123373      2.335669343542      2.356704771507
    8      4.719816689148      4.635206158151      2.349712219180
    8      0.000070851970     -0.013620955374      2.354125339472
    8      4.701404902696      2.399535573357      4.759382027599
    8      7.053497114031      4.628676223195      4.669523815526
    8      2.329126717531     -0.098434507511      4.812252450943
    8     -0.009608554780      4.721624535622      2.381179891930
    8      2.306397051554      6.957027583417      2.232300154946
    8     -2.339407744312      2.323739006631      2.333816281888
    8      2.376347618851      4.620876107761      4.726245844801
    8      4.728450631155      6.938359145077      4.670213678812
    8     -0.106924295906      2.423266845005      4.805697166247
    8      4.621312450677      4.472184965463      6.925607731127
    8      7.136437225884      7.033245995995      7.099776907953
    8      2.396652422266      2.316670706303      7.018535906778
    0    0
