   3   1   1 E -1.6031107173718E+04 DE-5.7E-09(  9)
  0.135234476176E-01  0.700621392008E+01  0.701214059904E+01
  0.700621392008E+01  0.135234476176E-01  0.701214059904E+01
  0.700445189151E+01  0.700445189151E+01  0.152414393916E-01
    2
  0.100000000000E+01  0.000000000000E+00  0.000000000000E+00
  0.000000000000E+00  0.100000000000E+01  0.000000000000E+00
  0.000000000000E+00  0.000000000000E+00  0.100000000000E+01
  0.000000000000E+00  0.000000000000E+00  0.000000000000E+00
  0.000000000000E+00  0.100000000000E+01  0.000000000000E+00
  0.100000000000E+01  0.000000000000E+00  0.000000000000E+00
  0.000000000000E+00  0.000000000000E+00  0.100000000000E+01
  0.000000000000E+00  0.000000000000E+00  0.000000000000E+00
   54
   20     -0.001281673853     -0.001281673853     -0.001352409242
   20      2.357216973758      2.357216973758     -0.030506306724
   20     -2.343985410819     -2.343985410819     -0.048052195322
   20      2.358174845429     -0.026871833840      2.383266533368
   20      4.696591619363      2.327108358967      2.347733554628
   20      0.034402476863     -2.375891573750      2.348223913587
   20     -2.366073280591     -0.018791011325     -2.339966331483
   20      0.018473823005      2.357205872972     -2.368627509809
   12     -4.603806305391     -2.449411707519     -2.361967212581
   20     -0.026871833840      2.358174845429      2.383266533368
   20      2.327108358967      4.696591619363      2.347733554628
   20     -2.375891573750      0.034402476863      2.348223913587
   12      2.343144404389      2.343144404389      4.686071047284
   12      4.630174018671      4.630174018671      4.639997535967
   20      0.020656759496      0.020656759496      4.712955034832
   20     -2.400731459822      2.352435866873      0.004961254396
   20     -0.006769029363      4.725128720425      0.020359015205
   12     -4.734179383447      0.055936918341     -0.012998216924
   20     -0.018791011325     -2.366073280591     -2.339966331483
   20      2.357205872972      0.018473823005     -2.368627509809
   12     -2.449411707519     -4.603806305391     -2.361967212581
   20      2.352435866873     -2.400731459822      0.004961254396
   20      4.725128720425     -0.006769029363      0.020359015205
   12      0.055936918341     -4.734179383447     -0.012998216924
   12     -2.370642266479     -2.370642266479     -4.591377207719
   12      0.028389900762      0.028389900762     -4.716907605500
   12     -4.680368735636     -4.680368735636     -4.645699581640
    8      0.003599521956      0.003599521956     -2.394086917037
    8      2.425822141594      2.425822141594     -2.412445889531
    8     -2.432482701901     -2.432482701901     -2.434038550424
    8      2.346622520190     -0.004767526882     -0.013706522136
    8      4.738587135176      2.338412971067     -0.064172301029
    8      0.005591089981     -2.401009120619      0.001353902020
    8      4.748169884802     -0.070948124711      2.353260440550
    8      7.108028111940      2.247577929147      2.267349722383
    8      2.421983569724     -2.435628931904      2.427699159727
    8     -0.004767526882      2.346622520190     -0.013706522136
    8      2.338412971067      4.738587135176     -0.064172301029
    8     -2.401009120619      0.005591089981      0.001353902020
    8      2.346292722747      2.346292722747      2.384198548151
    8      4.680857283941      4.680857283941      2.405456975085
    8      0.002498195789      0.002498195789      2.350457806194
    8      4.597337395903      2.431348639896      4.671294492273
    8      7.006924479395      4.671594446990      4.681670807322
    8      2.343047414517      0.031205560655      4.745041416534
    8     -0.070948124711      4.748169884802      2.353260440550
    8      2.247577929147      7.108028111940      2.267349722383
    8     -2.435628931904      2.421983569724      2.427699159727
    8      2.431348639896      4.597337395903      4.671294492273
    8      4.671594446990      7.006924479395      4.681670807322
    8      0.031205560655      2.343047414517      4.745041416534
    8      4.669733098302      4.669733098302      7.022826983490
    8      7.114765079225      7.114765079225      7.073400240870
    8      2.247451992008      2.247451992008      6.995402123813
    0    0
