   3   1   1 E -1.6031105239578E+04 DE 8.0E-10( 10)
  0.380859219044E-02  0.702003059841E+01  0.701166873311E+01
  0.699493272158E+01 -0.383499957325E-02  0.701343279544E+01
  0.699699326600E+01  0.701702368333E+01  0.815062756386E-03
    1
  0.100000000000E+01  0.000000000000E+00  0.000000000000E+00
  0.000000000000E+00  0.100000000000E+01  0.000000000000E+00
  0.000000000000E+00  0.000000000000E+00  0.100000000000E+01
  0.000000000000E+00  0.000000000000E+00  0.000000000000E+00
   54
   20      0.005510369554      0.012619535668     -0.077056172907
   20      2.326805319367      2.325816938940     -0.095344225732
   20     -2.334448350850     -2.346462995872     -0.040319842407
   20      2.338225372514     -0.024951034498      2.341359329982
   20      4.705872288033      2.305099587769      2.338404638909
   20      0.023890752842     -2.369641555637      2.385891617400
   20     -2.285601165395     -0.011711621702     -2.337094222870
   12      0.027304900111      2.291817437429     -2.375225939986
   12     -4.763559234510     -2.303764130501     -2.386981511756
   20     -0.034704441100      2.340296524983      2.353388181381
   20      2.311239272946      4.724127188586      2.388503479174
   20     -2.361510516568      0.028039940781      2.351944925480
   20      2.322463539347      2.342209691507      4.711679960180
   20      4.702003247742      4.702411559617      4.749788573955
   12      0.023291503672     -0.029715820477      4.686644796928
   12     -2.344950781382      2.295819266977      0.002665688985
   20     -0.016242531211      4.703612687189     -0.008761852025
   20     -4.701015739057      0.013384014398     -0.002642259121
   12      0.046322731447     -2.290302353121     -2.379010956126
   12      2.224166737634     -0.023302486893     -2.386778589810
   20     -2.368622200289     -4.694356797154     -2.351908382204
   20      2.356200861288     -2.339146217887     -0.015719601789
   12      4.708695581348      0.039588729396     -0.059995275799
   20      0.005766149505     -4.718353320511      0.000401781490
   20     -2.324446147945     -2.334990128736     -4.692244247850
   12      0.024479755164      0.031079437634     -4.534902337815
   12     -4.687604767628     -4.703371370710     -4.624663085545
    8      0.108945793698     -0.000823950692     -2.420119795566
    8      2.221603991762      2.331260291009     -2.433898360312
    8     -2.300659164856     -2.339330077763     -2.344645287234
    8      2.411724522494      0.007764766977     -0.055913017455
    8      4.659433961673      2.260672743723     -0.013072100517
    8     -0.000076268485     -2.343638880411     -0.060248071490
    8      4.774665090412      0.011357505043      2.329326465171
    8      7.078972098191      2.224282049354      2.441300480998
    8      2.332489533354     -2.419876624266      2.432621940173
    8     -0.085973854663      2.334566233689     -0.093337098103
    8      2.332031785715      4.683839204808     -0.048697858499
    8     -2.332576891485      0.068783479255     -0.008651395301
    8      2.343757490831      2.338489749338      2.364828897582
    8      4.668320279419      4.676176390998      2.347308914915
    8      0.003202363424     -0.004487349467      2.388618621840
    8      4.774675493181      2.338302144871      4.752570924089
    8      7.115505931851      4.730388914721      4.672239528796
    8      2.238035211310     -0.080409021845      4.669647863906
    8      0.018523228699      4.754209282392      2.461262052947
    8      2.229665205408      7.117417405375      2.412443473058
    8     -2.432227887668      2.328531025762      2.248730401250
    8      2.245634364559      4.785622507185      4.670665990653
    8      4.684010762095      7.015940158524      4.746714063706
    8      0.004314380732      2.321703907154      4.668675727797
    8      4.666342865317      4.687362425105      7.020488602756
    8      6.871721583954      7.019306988164      6.947332338120
    8      2.419211231452      2.336222793608      7.078406887491
    0    0
