   3   1   1 E -1.6031079381899E+04 DE 3.5E-11( 11)
  0.655399270123E-02  0.692568782665E+01  0.696469664830E+01
  0.700396296181E+01 -0.286193474166E-01  0.700633352538E+01
  0.699589973619E+01  0.696653243009E+01 -0.279254554523E-01
    1
  0.100000000000E+01  0.000000000000E+00  0.000000000000E+00
  0.000000000000E+00  0.100000000000E+01  0.000000000000E+00
  0.000000000000E+00  0.000000000000E+00  0.100000000000E+01
  0.000000000000E+00  0.000000000000E+00  0.000000000000E+00
   54
   20      0.028968797940     -0.044772414625     -0.069083997862
   20      2.354352490740      2.347673952633     -0.043506424085
   20     -2.299427305199     -2.374413571604     -0.062078358609
   20      2.310688717609     -0.062725651576      2.346979441729
   20      4.692362460324      2.309197118509      2.331057690266
   20      0.028848381800     -2.345049030129      2.351072674318
   20     -2.341444943077     -0.034051522955     -2.338206667472
   20      0.000071994814      2.367250904951     -2.361172048928
   12     -4.707370337341     -2.330500706268     -2.314467076514
   20     -0.047857298841      2.332235925073      2.367644602834
   20      2.317003486893      4.662329476422      2.375495778398
   20     -2.292333354746      0.005703005515      2.361746717916
   20      2.292901553810      2.358701192922      4.735846311785
   12      4.693176159204      4.641983762364      4.671357472852
   12     -0.138430897631     -0.077545217513      4.676722220452
   12     -2.359018106025      2.319964740427     -0.048719489271
   20     -0.053243888340      4.689949836732     -0.050945907450
   20     -4.716197764202      0.038418691887     -0.029608959939
   12      0.003639126521     -2.334788495269     -2.256062637218
   20      2.347198421643     -0.015948815724     -2.305920237090
   12     -2.275355907767     -4.568170400300     -2.271373757923
   12      2.301789456916     -2.420111775508     -0.097375847412
   20      4.723567251117     -0.026234745648     -0.038566139115
   12      0.059022748230     -4.488067880728     -0.012698482655
   20     -2.356596031866     -2.349759371783     -4.642423332349
   12      0.025923412793      0.020329175657     -4.639192975289
   20     -4.654311088223     -4.585954312091     -4.652229438881
    8     -0.005776158584     -0.074735108584     -2.410485628096
    8      2.415045932717      2.423090317837     -2.358661808662
    8     -2.329034702543     -2.443614504450     -2.324066302717
    8      2.355901085303     -0.062111501801     -0.030591388224
    8      4.766917049369      2.317394903847     -0.082992264442
    8      0.090784670728     -2.472940002849     -0.107228221942
    8      4.719775549321     -0.035901137052      2.359715903243
    8      6.990578597191      2.234409138943      2.269155032987
    8      2.321544971613     -2.352174903773      2.344919137388
    8     -0.046670980864      2.339416506477     -0.039841940342
    8      2.311559523469      4.662023752324     -0.085864277541
    8     -2.316337400920      0.017268377183     -0.038509240820
    8      2.311931853048      2.329178716964      2.356515782121
    8      4.698596724367      4.624849482193      2.363707244569
    8      0.015784814445     -0.022223645075      2.376117480056
    8      4.667456777610      2.375554655787      4.715522124497
    8      6.992096683433      4.738746160836      4.642817759392
    8      2.224121568467     -0.101460954819      4.690272952402
    8     -0.037597002560      4.700246050571      2.414872253560
    8      2.281175192844      6.961156205669      2.307771003776
    8     -2.323543935193      2.317513117043      2.328570997797
    8      2.397720002288      4.628155342323      4.784496141924
    8      4.804322119981      6.932651276598      4.636849898032
    8     -0.131575527488      2.379415331186      4.801816717780
    8      4.587821665656      4.497095637388      6.874972684365
    8      6.977611814969      7.011071059926      6.966361581502
    8      2.350736682375      2.426485945909      7.003466476914
    0    0
