   3   1   1 E -1.6031078331932E+04 DE 1.3E-09( 10)
  0.161555435166E-01  0.699052169037E+01  0.700566003399E+01
  0.699514167334E+01  0.115355605489E-01  0.701044674884E+01
  0.700667723390E+01  0.700667723390E+01  0.755663379686E-18
    2
  0.100000000000E+01  0.000000000000E+00  0.000000000000E+00
  0.000000000000E+00  0.100000000000E+01  0.000000000000E+00
  0.000000000000E+00  0.000000000000E+00  0.100000000000E+01
  0.000000000000E+00  0.000000000000E+00  0.000000000000E+00
  0.000000000000E+00 -0.100000000000E+01  0.000000000000E+00
 -0.100000000000E+01  0.000000000000E+00  0.000000000000E+00
  0.000000000000E+00  0.000000000000E+00  0.100000000000E+01
  0.000000000000E+00  0.000000000000E+00  0.000000000000E+00
   54
   20      0.024185688825     -0.024185688825     -0.026464220522
   20      2.348939963113      2.340666971100     -0.044993660778
   20     -2.340666971100     -2.348939963113     -0.044993660778
   20      2.343129544437     -0.035832886937      2.345630109662
   20      4.657851065150      2.348826168745      2.354804049822
   20      0.035832886937     -2.343129544437      2.345630109662
   20     -2.348679315988     -0.037610447338     -2.353952689742
   20      0.037610447338      2.348679315988     -2.353952689742
   12     -4.654287650230     -2.352389583665     -2.395805068827
   20     -0.013919179175      2.371345263649      2.374456539327
   20      2.342904104346      4.663773129550      2.383016047591
   20     -2.371345263649      0.013919179175      2.374456539327
   12      2.302681003974      2.536162808307      4.700236291634
   12      4.470514425589      4.703996229921      4.700236291634
   20     -0.012907243997      0.012907243997      4.666515355191
   20     -2.380661190773      2.380661190773      0.000464599200
   20     -0.011563377620      4.669995662750     -0.024102495762
   20     -4.669995662750      0.011563377620     -0.024102495762
   12      0.076725723117     -2.403482458998     -2.288110920787
   12      2.403482458998     -0.076725723117     -2.288110920787
   12     -2.428901739546     -4.577775494350     -2.382092886948
   12      2.442092535806     -2.442092535806     -0.076639535230
   20      4.615817328334     -0.019472934723     -0.022378986171
   20      0.019472934723     -4.615817328334     -0.022378986171
   12     -2.352490129776     -2.437337775188     -4.594569239137
   20      0.017801091385     -0.017801091385     -4.639085107784
   12     -4.569339458707     -4.654187104119     -4.594569239137
    8      0.056940601401     -0.056940601401     -2.333587352843
    8      2.440688607254      2.393359021361     -2.436491878876
    8     -2.393359021358     -2.440688607251     -2.436491878876
    8      2.328721877531     -0.046597688142     -0.063858865800
    8      4.660172340946      2.346504892948     -0.044546234765
    8      0.046597688142     -2.328721877531     -0.063858865800
    8      4.651865879116     -0.039549754932      2.347047493207
    8      7.046226988823      2.354811354775      2.347047493207
    8      2.440279192421     -2.440279192421      2.399281062406
    8      0.003023868571      2.349207070304     -0.014676816393
    8      2.344332005966      4.662345227930     -0.036126989905
    8     -2.349207070304     -0.003023868571     -0.014676816393
    8      2.343103325695      2.340556350921      2.372336002010
    8      4.666120882971      4.663573908198      2.372336002010
    8      0.001735080789     -0.001735080789      2.349239802802
    8      4.609802778243      2.396874455651      4.658877643242
    8      7.015718175747      4.676652343952      4.664171978812
    8      2.330024889943     -0.009040941851      4.664171978812
    8     -0.016472859302      4.653399374866      2.397480961578
    8      2.353277859027      7.023150093196      2.397480961578
    8     -2.415658633467      2.415658633465      2.387778992818
    8      2.394608057995      4.612069175900      4.718034042458
    8      4.588482073576      6.985854056398      4.674523699554
    8      0.020823177500      2.418195160321      4.674523699554
    8      4.580657603805      4.663250088689      7.012638626615
    8      7.004668493404      7.008685974380      6.998044026122
    8      2.343427145206      2.426019630089      7.012638626615
    0    0
