   3   1   1 E -1.6031093330104E+04 DE-8.2E-10( 10)
  0.722697512347E-02  0.701596934226E+01  0.702487614354E+01
  0.702375981605E+01  0.478875588369E-02  0.702103003097E+01
  0.703186115570E+01  0.701405192405E+01  0.282559779817E-02
    1
  0.100000000000E+01  0.000000000000E+00  0.000000000000E+00
  0.000000000000E+00  0.100000000000E+01  0.000000000000E+00
  0.000000000000E+00  0.000000000000E+00  0.100000000000E+01
  0.000000000000E+00  0.000000000000E+00  0.000000000000E+00
   54
   20      0.031928231576      0.011662644173     -0.060552617830
   20      2.319325858724      2.354521286142     -0.066463446671
   20     -2.389308441976     -2.290604092016     -0.003375750045
   20      2.346847956459     -0.017128036512      2.351239630239
   20      4.687447374888      2.326675206093      2.330673400340
   20      0.033582423415     -2.340138388295      2.363625797698
   20     -2.376216116523      0.029223163948     -2.331287161552
   12      0.100576569677      2.505656486410     -2.282215872015
   12     -4.756331456946     -2.364960623167     -2.270163467002
   20      0.000099789063      2.334916241271      2.332102685714
   20      2.356509036778      4.721873453458      2.365342920142
   12     -2.422793833370      0.000554849816      2.296786904681
   12      2.333044313825      2.313971779816      4.764528462991
   20      4.663826078641      4.706104864281      4.742542050230
   20     -0.001859994638     -0.046637947791      4.723029952982
   20     -2.378408659276      2.350594476700     -0.006393777518
   12      0.090652093908      4.660877846269      0.001486321455
   12     -4.658654382551     -0.056165896424     -0.123194190832
   20      0.064426436166     -2.338411689326     -2.334971726210
   12      2.431813389624     -0.002766494942     -2.301691298675
   20     -2.410617733118     -4.736267450279     -2.333768472379
   12      2.328367671882     -2.244757613056     -0.094494662365
   12      4.611784251007     -0.026893189901      0.026960461757
   20      0.031009460120     -4.723477845168     -0.020138588602
   20     -2.373628371686     -2.318301799457     -4.710837003135
   20      0.055498680619     -0.018945253479     -4.702331576488
   20     -4.692448968418     -4.706260728685     -4.677918261702
    8      0.110441921672      0.068454574284     -2.350308676760
    8      2.248710464458      2.342042318974     -2.334158661858
    8     -2.421540601079     -2.339863134601     -2.338952802194
    8      2.438341516795     -0.081802324912     -0.121263899366
    8      4.666359141780      2.271085083428     -0.008239746283
    8      0.075003058494     -2.325158835778     -0.030388219219
    8      4.666537884756     -0.001047187492      2.285717869000
    8      7.045314604586      2.322287562502      2.379257778821
    8      2.334266520538     -2.335672945166      2.337657930115
    8     -0.011465897663      2.434086892332     -0.090770869541
    8      2.244660406256      4.805121975268     -0.070066503867
    8     -2.415632415162      0.006147428095     -0.012152351375
    8      2.344446456679      2.342351247774      2.356636147987
    8      4.684810619615      4.762390075357      2.370271344360
    8     -0.054051692031     -0.008747738917      2.331659290463
    8      4.659696051790      2.352198473053      4.687836189302
    8      7.168824690774      4.571497564393      4.831687681247
    8      2.317305282809      0.007004186602      4.790551787182
    8      0.013838969252      4.682399315056      2.323310418943
    8      2.505046761100      7.008891206963      2.392638289914
    8     -2.360298618297      2.266967299492      2.336075044908
    8      2.355851678889      4.666001822976      4.820188201814
    8      4.544723433702      6.994654954225      4.695054468807
    8      0.067601824870      2.304187636192      4.714840261029
    8      4.652613029338      4.809569608287      7.013571588407
    8      7.039728996435      6.860862722448      7.020916252159
    8      2.335210012692      2.285820069156      6.909203446211
    0    0
