   3   1   1 E -1.6031094107500E+04 DE 7.5E-09(  9)
  0.188655822884E-01  0.700062022412E+01  0.703352593428E+01
  0.698263639689E+01  0.687597968015E-03  0.704361101878E+01
  0.698840527364E+01  0.701059102479E+01  0.114757041022E-02
    1
  0.100000000000E+01  0.000000000000E+00  0.000000000000E+00
  0.000000000000E+00  0.100000000000E+01  0.000000000000E+00
  0.000000000000E+00  0.000000000000E+00  0.100000000000E+01
  0.000000000000E+00  0.000000000000E+00  0.000000000000E+00
   54
   20      0.028365205985     -0.019732391994      0.005973014303
   20      2.331214377725      2.328388168913     -0.035279274064
   20     -2.335543249533     -2.351726516351      0.000827538693
   20      2.361928836569     -0.032103136067      2.335865499225
   20      4.694862976903      2.322849065406      2.356585304432
   20      0.002956373858     -2.349246979912      2.366084276252
   20     -2.321080393038     -0.016623238169     -2.364008046338
   20      0.000880662985      2.338883869979     -2.322014641637
   20     -4.694694243006     -2.307280518431     -2.323043592035
   20     -0.021271959300      2.359285439671      2.335539055337
   20      2.292630051709      4.723629071733      2.322111202156
   20     -2.368382950350     -0.018154600369      2.374633116402
   20      2.331348544325      2.341303872226      4.744786826240
   12      4.631021815037      4.761967335878      4.690595968033
   12      0.028298427767     -0.021257586987      4.753203402982
   20     -2.361551617304      2.394608291858      0.000770392154
   12      0.055251230537      4.753007398075      0.057914063074
   12     -4.826138796483     -0.039351606859      0.009513615056
   20      0.032489191405     -2.322515928199     -2.326285813640
   12      2.315127141498     -0.054804159027     -2.272116010187
   20     -2.318414858406     -4.704289783591     -2.353311533106
   12      2.345168474120     -2.307068673968     -0.021960865601
   20      4.732591269237     -0.053490540133     -0.007460707350
   12      0.005185613755     -4.671632168013     -0.068039825118
   12     -2.286475861371     -2.293148535123     -4.698519157098
   12      0.016945059289     -0.002499349483     -4.804102802448
   20     -4.668336570805     -4.688884149665     -4.731549715705
    8      0.113362033202      0.002802927804     -2.339471886473
    8      2.333317712522      2.257084299367     -2.336760633769
    8     -2.322323782672     -2.340020050421     -2.358259131178
    8      2.359263165749     -0.098844227208     -0.049269446555
    8      4.738204970836      2.320979814327     -0.003984040792
    8      0.100644998324     -2.414560223096      0.004502785342
    8      4.761676617943     -0.098378958500      2.335383978879
    8      6.973965874556      2.247223565292      2.275396569780
    8      2.382528430709     -2.326896312341      2.344938969948
    8      0.007537191389      2.402910653629     -0.000721404373
    8      2.219068898471      4.727736959852     -0.007951079063
    8     -2.402519614881     -0.003088546351      0.009361927990
    8      2.334264901882      2.335520941584      2.327885258539
    8      4.645807857032      4.658946945409      2.375003011166
    8     -0.001796010278      0.001111655591      2.349646642672
    8      4.659380125195      2.401627304873      4.704741075864
    8      6.872195368391      4.770139560088      4.738837261433
    8      2.245669926092      0.006361605626      4.763778467162
    8     -0.095216777963      4.761760445960      2.298694253024
    8      2.237312259041      7.004073552372      2.318543501929
    8     -2.328342608967      2.395607622855      2.344050598374
    8      2.441051397747      4.764866245858      4.735877538586
    8      4.674992414597      6.923985577700      4.689133292885
    8      0.004720977824      2.236936419031      4.715042511658
    8      4.674014456955      4.667280517113      7.033939152997
    8      7.095895079308      7.017169154263      7.026673616046
    8      2.225532021554      2.361094708892      7.030556273522
    0    0
