   3   1   1 E -1.6031035260388E+04 DE 1.6E-09(  2)
  0.320910192887E-02  0.703068134840E+01  0.703470591615E+01
  0.702154495068E+01 -0.243289558794E-02  0.703494053017E+01
  0.702655452010E+01  0.702971457031E+01 -0.126920625879E-02
    1
  0.100000000000E+01  0.000000000000E+00  0.000000000000E+00
  0.000000000000E+00  0.100000000000E+01  0.000000000000E+00
  0.000000000000E+00  0.000000000000E+00  0.100000000000E+01
  0.000000000000E+00  0.000000000000E+00  0.000000000000E+00
   54
   20      0.000000000000      0.000000000000      0.000000000000
   20      2.342184840034      2.343238190102     -0.000423068753
   20     -2.342184840034     -2.343238190102      0.000423068753
   20      2.340514983559     -0.000810965196      2.344980176722
   20      4.682699823593      2.342427224906      2.344557107969
   20     -0.001669856475     -2.344049155298      2.345403245475
   20     -2.340514983559      0.000810965196     -2.344980176722
   12      0.001669856475      2.344049155298     -2.345403245475
   12     -4.682699823593     -2.342427224906     -2.344557107969
   12      0.001069700643      2.343560449466      2.344901972050
   12      2.343254540677      4.686798639568      2.344478903297
   20     -2.341115139391      0.000322259364      2.345325040803
   20      2.341584684202      2.342749484270      4.689882148772
   20      4.683769524236      4.685987674372      4.689459080019
   20     -0.000600155832     -0.000488705832      4.690305217525
   20     -2.339445282916      2.344371414662     -0.000078204672
   20      0.002739557118      4.687609604764     -0.000501273425
   12     -4.681630122950      0.001133224560      0.000344864081
   12     -0.001069700643     -2.343560449466     -2.344901972050
   20      2.341115139391     -0.000322259364     -2.345325040803
   20     -2.343254540677     -4.686798639568     -2.344478903297
   12      2.339445282916     -2.344371414662      0.000078204672
   20      4.681630122950     -0.001133224560     -0.000344864081
   12     -0.002739557118     -4.687609604764      0.000501273425
   20     -2.341584684202     -2.342749484270     -4.689882148772
   12      0.000600155832      0.000488705832     -4.690305217525
   20     -4.683769524236     -4.685987674372     -4.689459080019
    8      0.000300077916      0.000244352916     -2.345152608763
    8      2.342484917950      2.343482543018     -2.345575677516
    8     -2.341884762118     -2.342993837186     -2.344729540010
    8      2.340815061475     -0.000566612280     -0.000172432041
    8      4.682999901509      2.342671577822     -0.000595500794
    8     -0.001369778559     -2.343804802382      0.000250636712
    8      4.681330045036     -0.001377577476      2.344807744683
    8      7.023514885069      2.341860612626      2.344384675929
    8      2.339145205003     -2.344615767578      2.345230813437
    8      0.001369778559      2.343804802382     -0.000250636712
    8      2.343554618593      4.687042992485     -0.000673705465
    8     -2.340815061475      0.000566612280      0.000172432041
    8      2.341884762118      2.342993837186      2.344729540010
    8      4.684069602152      4.686232027289      2.344306471257
    8     -0.000300077916     -0.000244352916      2.345152608763
    8      4.682399745678      2.342182871990      4.689709716733
    8      7.024584585711      4.685421062093      4.689286647979
    8      2.340214905645     -0.001055318112      4.690132785487
    8      0.002439479202      4.687365251849      2.344651335339
    8      2.344624319236      7.030603441953      2.344228266586
    8     -2.339745360832      2.344127061746      2.345074404091
    8      2.342954462761      4.686554286653      4.689631512060
    8      4.685139302795      7.029792476757      4.689208443308
    8      0.000769622727      2.343316096550      4.690054580813
    8      4.683469446321      4.685743321458      7.034611688784
    8      7.025654286354      7.028981511561      7.034188620031
    8      2.341284606287      2.342505131354      7.035034757536
    0    0
