   3   1   1 E -1.6031047224016E+04 DE 1.4E-10( 11)
  0.158401147687E-01  0.698686126094E+01  0.698229989014E+01
  0.702916538656E+01 -0.181171901717E-01  0.700838606002E+01
  0.703469997837E+01  0.701273866463E+01 -0.175014641706E-01
    1
  0.100000000000E+01  0.000000000000E+00  0.000000000000E+00
  0.000000000000E+00  0.100000000000E+01  0.000000000000E+00
  0.000000000000E+00  0.000000000000E+00  0.100000000000E+01
  0.000000000000E+00  0.000000000000E+00  0.000000000000E+00
   54
   20      0.001485967947     -0.003541496450     -0.008258844750
   20      2.341525167450      2.339865778463     -0.010348537997
   20     -2.345902903698     -2.338926811648      0.000150681873
   20      2.342860245720     -0.006097964224      2.340880525328
   20      4.687561916136      2.335399855906      2.331820672089
   20     -0.000375160797     -2.346424243209      2.340933596655
   20     -2.341903911994      0.005806227908     -2.338785100927
   20      0.001153012483      2.346640649295     -2.346118124472
   12     -4.668849496659     -2.321092992856     -2.320306304284
   20     -0.000398065147      2.343394389720      2.338538998105
   20      2.345809175098      4.678430825092      2.332974921007
   20     -2.339901189218     -0.003219077117      2.336590618522
   12      2.344606050981      2.358155246034      4.693210197083
   12      4.672719333065      4.530384342563      4.653273658322
   20      0.002134145736     -0.008928433030      4.676462147420
   12     -2.361436151544      2.418980884255     -0.000591964948
   20     -0.001114936735      4.677409640410     -0.010168439013
   20     -4.685939184655      0.004247917165     -0.003297832560
   12      0.008705436107     -2.361653475315     -2.356272988017
   12      2.332104629092     -0.033047727627     -2.358248082410
   20     -2.348921385942     -4.662165509534     -2.320506771771
   20      2.341551825373     -2.348443297974      0.003264518302
   20      4.679403306364     -0.003595789912     -0.001293843085
   12      0.000484373978     -4.695618385731     -0.007692495519
   12     -2.262967230370     -2.339499391561     -4.672758583751
   12     -0.021016173711      0.031928961483     -4.648087832568
   20     -4.693173834774     -4.658372973161     -4.657929146719
    8      0.005259555398     -0.004392486298     -2.352695151836
    8      2.341769795282      2.347636162871     -2.343691049215
    8     -2.337210386522     -2.335359410036     -2.334768723470
    8      2.339018188470     -0.007937148806     -0.008337323317
    8      4.687423812272      2.338790997968     -0.007347361259
    8      0.000264238050     -2.349881473682     -0.005711417286
    8      4.686600554138     -0.012323842041      2.336008249766
    8      7.030857944577      2.325607668949      2.323142774178
    8      2.347323106468     -2.344143914249      2.348968648958
    8     -0.002589168428      2.341306882601     -0.007484878596
    8      2.343422062888      4.678531725091     -0.014496093640
    8     -2.340207030472      0.004867377456     -0.003571271043
    8      2.342432611872      2.341952232571      2.338106826002
    8      4.689519695687      4.672564099790      2.326495006325
    8      0.002575381092     -0.004553684746      2.337887321787
    8      4.678939913763      2.348762488503      4.667814455440
    8      7.032854887040      4.663988599313      4.660829171776
    8      2.343201983468     -0.010333290610      4.673877910572
    8     -0.005842163900      4.690529535643      2.340852219150
    8      2.350994398840      7.014356946121      2.322597298670
    8     -2.335790677801      2.338450931383      2.327212182021
    8      2.353172191534      4.659132917549      4.658957894779
    8      4.690873015496      6.992697529213      4.649310108043
    8      0.010293522914      2.341481648009      4.681171102702
    8      4.693082335306      4.632248587599      6.993297435474
    8      7.031322834043      7.002979941843      6.994391277078
    8      2.348907096887      2.309694138332      6.989077932020
    0    0
