   3   1   1 E -1.6031098136858E+04 DE-9.1E-09(  9)
 -0.121778638003E-01  0.700052790469E+01  0.702119001134E+01
  0.700461654869E+01  0.237497489371E-02  0.699961638539E+01
  0.701386908036E+01  0.698137278202E+01 -0.597720102214E-04
    1
  0.100000000000E+01  0.000000000000E+00  0.000000000000E+00
  0.000000000000E+00  0.100000000000E+01  0.000000000000E+00
  0.000000000000E+00  0.000000000000E+00  0.100000000000E+01
  0.000000000000E+00  0.000000000000E+00  0.000000000000E+00
   54
   20     -0.023239863597      0.012105086891     -0.044579170873
   20      2.359990593353      2.340590692035     -0.045813037536
   20     -2.373006354458     -2.309706931136     -0.069646909329
   20      2.387979413855     -0.041672311391      2.357487520020
   20      4.684162418385      2.299018118929      2.301996901488
   20     -0.007034906784     -2.328948561413      2.337207384666
   20     -2.342597082746     -0.050791474218     -2.338325022714
   20     -0.016146816166      2.339625625173     -2.357112686232
   12     -4.626829826121     -2.351137676763     -2.305677769359
   20     -0.045210293247      2.387482676171      2.394963692841
   20      2.310698104517      4.698982869983      2.349215200141
   20     -2.349708969338      0.047300001434      2.366466155806
   20      2.354315686979      2.337726878003      4.713233392219
   12      4.670536180558      4.613285901428      4.716575140493
   20     -0.014723784262     -0.020722879532      4.736140053994
   12     -2.320853230748      2.378203725105     -0.016734305434
   20     -0.047922403169      4.691676227406      0.042126897617
   12     -4.644694235890     -0.014646546418      0.090334069908
   12     -0.086869746686     -2.395324375890     -2.403190304989
   20      2.372317861452     -0.027822440954     -2.341282213921
   12     -2.320673593737     -4.482689152899     -2.305683520347
   20      2.410813282010     -2.349946304657     -0.016763808839
   12      4.659864880586      0.013193793605     -0.088026324516
   20     -0.003444918691     -4.697618117188     -0.011287752064
   12     -2.281174502045     -2.373491180757     -4.588543892579
   12     -0.040819936836     -0.052937897242     -4.719373226272
   20     -4.606451604768     -4.651131253355     -4.651341192501
    8     -0.012390590286     -0.096337425017     -2.401635810413
    8      2.424403084185      2.433797178202     -2.343378208038
    8     -2.377734010160     -2.421050759702     -2.416710422159
    8      2.410833943974     -0.002428388901     -0.038924623941
    8      4.665272727858      2.247589333696     -0.107083783202
    8     -0.014708119308     -2.322734527989     -0.076782765125
    8      4.770112939809     -0.105968490734      2.246916108558
    8      7.004136075896      2.253534598795      2.327621560938
    8      2.403457653773     -2.331050746017      2.349782936347
    8     -0.082206037645      2.332974210658      0.002754211392
    8      2.336468149519      4.762795173690     -0.060792318197
    8     -2.418419153034      0.106743092338      0.004520305322
    8      2.338959357345      2.332139417218      2.342060324613
    8      4.659025812134      4.661056727833      2.338744755540
    8      0.001510479269      0.008826854677      2.357753937359
    8      4.671173200367      2.416886328401      4.747622372975
    8      6.991265529432      4.643703845199      4.684860015742
    8      2.343737011943     -0.107149781720      4.761136849680
    8     -0.121906079829      4.760697497549      2.441170928742
    8      2.258666311679      6.992181480906      2.264420066672
    8     -2.320111140720      2.447910801570      2.365615140654
    8      2.361167302286      4.646607322122      4.666248750695
    8      4.685970726463      6.949328602846      4.780862354831
    8     -0.095468863994      2.430291407749      4.684769711137
    8      4.660840702654      4.637151906537      6.969395977343
    8      6.982463066122      6.997168612326      7.083592163551
    8      2.442588511460      2.243971712603      7.016453998527
    0    0
