   3   1   1 E -1.6031053979799E+04 DE-8.7E-11( 11)
  0.191782540936E-02  0.698357722483E+01  0.699105691491E+01
  0.702170107279E+01 -0.180310194689E-01  0.700455252924E+01
  0.702388530705E+01  0.699330243518E+01 -0.140681550498E-01
    1
  0.100000000000E+01  0.000000000000E+00  0.000000000000E+00
  0.000000000000E+00  0.100000000000E+01  0.000000000000E+00
  0.000000000000E+00  0.000000000000E+00  0.100000000000E+01
  0.000000000000E+00  0.000000000000E+00  0.000000000000E+00
   54
   20     -0.005446316054      0.002210091057     -0.013981570002
   20      2.341003802365      2.346412068338     -0.014845237018
   20     -2.345918431786     -2.332749998840     -0.003129496245
   20      2.340649558300     -0.004365161849      2.341038163162
   20      4.683555254593      2.339467817272      2.332446089755
   20     -0.002423475124     -2.342871985021      2.341202012514
   20     -2.339378787396      0.012340840210     -2.325826871849
   12     -0.018778922782      2.391685195702     -2.320416722224
   12     -4.682167196376     -2.334955893290     -2.309519121363
   20     -0.003079973149      2.339442166551      2.335976659133
   12      2.306348008971      4.662883266774      2.318379721913
   20     -2.347678017611     -0.002482555629      2.336986006537
   20      2.341295293531      2.334373099915      4.677142017712
   12      4.682628006279      4.550725999903      4.635144676174
   20     -0.001157969361     -0.005957679392      4.681731495744
   12     -2.296931584789      2.383411121484      0.006939299045
   20      0.006035142330      4.660483298347     -0.015874283584
   12     -4.679686907713      0.005513337379      0.031918914904
   12     -0.002572677197     -2.428537676313     -2.354511922917
   20      2.338069874600      0.001936059446     -2.342124883741
   12     -2.300224122713     -4.626712288027     -2.335381255205
   20      2.340140568944     -2.349075987295     -0.002404874357
   20      4.686344412377     -0.002734010129     -0.011491395569
   12     -0.002697179211     -4.688307638936     -0.018403673436
   20     -2.338722324521     -2.330805805768     -4.658053637817
   20      0.003404803427      0.012221310754     -4.667122576889
   20     -4.684477570249     -4.653854440605     -4.660902477980
    8     -0.000911070720      0.007606730765     -2.336497526926
    8      2.341960891834      2.355480823280     -2.342914102233
    8     -2.344707167501     -2.340389167769     -2.327909349827
    8      2.340707167601     -0.001109439212     -0.008701394909
    8      4.693861575278      2.341527486023     -0.015062271404
    8     -0.003722101143     -2.355114376208     -0.007194123904
    8      4.683478090222     -0.004798549716      2.339353948836
    8      7.019191791444      2.331289301068      2.329574739780
    8      2.341377223071     -2.345045673330      2.347026984619
    8     -0.006129936398      2.337082915567     -0.021313909992
    8      2.342428589895      4.683195146336     -0.014850139144
    8     -2.350153370131      0.014505343716     -0.001952605431
    8      2.340097089041      2.344661802473      2.334935726846
    8      4.670582538990      4.660385404540      2.332921605444
    8     -0.002827323140     -0.001648756435      2.338631745466
    8      4.699846250304      2.352244213333      4.683168544197
    8      7.023454201993      4.636091889575      4.658238104788
    8      2.340676060297     -0.011204005158      4.686646951335
    8      0.013087882833      4.661869425206      2.341811734278
    8      2.339574875552      6.978491088296      2.312539032807
    8     -2.342325655751      2.331032254933      2.334674165924
    8      2.331948006648      4.651868386493      4.652019181669
    8      4.681737068074      6.984535540748      4.655935767243
    8     -0.016326132662      2.347249858116      4.692831845142
    8      4.686102983804      4.618048688915      6.982643873325
    8      7.033410116019      6.990093539173      6.989270635825
    8      2.339216008484      2.307174459680      6.996191580806
    0    0
