   3   1   1 E -1.6031097291475E+04 DE 1.2E-09(  9)
  0.187418661141E-01  0.703136028196E+01  0.705706639994E+01
  0.702037799680E+01  0.636414309393E-02  0.706270921209E+01
  0.701588771993E+01  0.702631558115E+01  0.171566016335E-01
    1
  0.100000000000E+01  0.000000000000E+00  0.000000000000E+00
  0.000000000000E+00  0.100000000000E+01  0.000000000000E+00
  0.000000000000E+00  0.000000000000E+00  0.100000000000E+01
  0.000000000000E+00  0.000000000000E+00  0.000000000000E+00
   54
   20      0.006930775739     -0.022794990929     -0.069643665449
   20      2.336710761728      2.359130559878     -0.018512301894
   20     -2.318808323109     -2.341715152265     -0.017339479051
   20      2.326777686825     -0.048607757483      2.342210919411
   20      4.722031736958      2.329460826451      2.348555272641
   20      0.012376792091     -2.342565609171      2.385166605703
   20     -2.330705279784     -0.021133683697     -2.373973599776
   12      0.041364653509      2.385718208625     -2.331006856577
   12     -4.815996546905     -2.417739997832     -2.322886090437
   20     -0.016254289213      2.333373885124      2.390581466380
   20      2.329087272239      4.707677199738      2.353423291788
   12     -2.289468722366      0.012524122174      2.313401446212
   20      2.294381837912      2.365140265983      4.749741980333
   20      4.731206256303      4.726695837140      4.728906092172
   12     -0.020882589493     -0.002230076764      4.876896702597
   20     -2.319748020110      2.374590368119      0.014506930228
   12      0.045049667550      4.734335168286     -0.081708170865
   20     -4.726016793438     -0.000801469771     -0.023876141704
   12      0.020131269735     -2.386853072032     -2.261928045195
   20      2.325773157351     -0.013808224868     -2.319396482025
   20     -2.306258094150     -4.709424895501     -2.339594519035
   12      2.289867284950     -2.343729659370      0.000995343961
   12      4.750666365455     -0.081684138686     -0.021848381332
   12      0.002157493831     -4.588356516682     -0.074003271212
   20     -2.340061658068     -2.335613677597     -4.726950621912
   20     -0.030630612848     -0.004641895151     -4.734946603011
   20     -4.709168300296     -4.659848460810     -4.720636628375
    8     -0.003284628627     -0.025740480940     -2.362322575113
    8      2.242148573449      2.434673195050     -2.344433244545
    8     -2.313885733388     -2.347123559319     -2.356649791802
    8      2.406431862012     -0.087291412271     -0.010180775765
    8      4.777680140223      2.282770728549      0.013993989092
    8      0.098049601827     -2.422045209017     -0.079993601645
    8      4.667745151181     -0.000266300602      2.290875668599
    8      7.008190243849      2.353433821770      2.365724081467
    8      2.331707255328     -2.340763733433      2.342481340591
    8      0.010529847270      2.415023296984     -0.056794614881
    8      2.244807751880      4.692785020848     -0.084583735387
    8     -2.329600938000     -0.003266152325      0.034117938408
    8      2.336249758160      2.341279146991      2.348043271583
    8      4.693777248712      4.771963600363      2.359860132184
    8     -0.075481773692     -0.010260848458      2.367731314320
    8      4.751384715519      2.356209183893      4.718882546679
    8      7.100250146717      4.666118236496      4.813475171490
    8      2.230349687020     -0.082501470905      4.705120609208
    8      0.015038906881      4.678780962324      2.357108493218
    8      2.375372753694      7.036844085994      2.360167317464
    8     -2.325017964246      2.269393669766      2.354411446528
    8      2.278712313511      4.690441678305      4.742643459536
    8      4.787811206467      7.031346008261      4.772580618227
    8      0.014720826293      2.361485079310      4.820815334430
    8      4.701408934881      4.782059051173      7.057387073828
    8      6.938216112021      6.993855015400      6.961748484197
    8      2.273708341497      2.441880250821      7.057849816012
    0    0
