   3   1   1 E -1.6031102698534E+04 DE 2.6E-09(  9)
  0.116983116130E-01  0.699437266285E+01  0.702982185147E+01
  0.698540935130E+01  0.178907556464E-02  0.703131869977E+01
  0.698892400333E+01  0.699382022592E+01  0.424413642120E-02
    1
  0.100000000000E+01  0.000000000000E+00  0.000000000000E+00
  0.000000000000E+00  0.100000000000E+01  0.000000000000E+00
  0.000000000000E+00  0.000000000000E+00  0.100000000000E+01
  0.000000000000E+00  0.000000000000E+00  0.000000000000E+00
   54
   20     -0.001543766360      0.007758526032      0.000039830723
   20      2.344218203157      2.339249371528     -0.009449964633
   20     -2.336912156909     -2.349287802498     -0.013469196286
   20      2.326678764351     -0.028204249761      2.344770947004
   20      4.684255980209      2.341883187073      2.343940118341
   20      0.040474341080     -2.344501286992      2.361674180743
   20     -2.361060859060     -0.004890409568     -2.347580472636
   20      0.030472716541      2.343780276778     -2.302448682877
   20     -4.651483611042     -2.355067951057     -2.345684524156
   20     -0.079852115617      2.353790476475      2.318297105963
   20      2.292032537512      4.727116624127      2.352600242300
   20     -2.364810682614      0.066154368651      2.360032166513
   20      2.288879415053      2.296826115416      4.728786355385
   20      4.676390132550      4.710528089415      4.723129158723
   12      0.080779619184      0.009938722754      4.786924203014
   12     -2.405115345802      2.339553464031      0.000945369857
   12     -0.023865181134      4.671288713364      0.003183965228
   12     -4.691527045395      0.080286592107     -0.030860240672
   20     -0.029099768250     -2.373172052534     -2.312165389776
   12      2.333930770595      0.080557831824     -2.361344124414
   12     -2.340248705095     -4.705937599431     -2.366701667756
   20      2.370164571321     -2.394083751531      0.022642335290
   20      4.715514571912     -0.001579161296     -0.021679385928
   12      0.002594667189     -4.700647578302     -0.002522483527
   12     -2.370794067021     -2.436464100897     -4.804131190337
   20      0.040563485433      0.002462223994     -4.723997501337
   12     -4.587757129324     -4.715771532414     -4.695547841496
    8      0.088841397240      0.003912875417     -2.310176151786
    8      2.436495060301      2.200456368409     -2.409237396557
    8     -2.335956375463     -2.418896829272     -2.357635295006
    8      2.346114268308     -0.006133153072      0.006960406969
    8      4.759074661609      2.326277250692     -0.033810205651
    8      0.013761753106     -2.412958386044     -0.001687804504
    8      4.658759966591     -0.060681620495      2.342496703899
    8      7.073126738441      2.337074596185      2.282206657520
    8      2.439969613509     -2.418342857723      2.337725405948
    8     -0.079763582915      2.412423948081      0.003813570817
    8      2.231504051090      4.737385841657     -0.022235564013
    8     -2.432318454127      0.088718088296     -0.007161202054
    8      2.320921990635      2.345926595576      2.348308070705
    8      4.653341167405      4.682730591897      2.354023510480
    8     -0.001941934898      0.001072185903      2.339407632719
    8      4.661086310482      2.346832649287      4.756671095990
    8      6.988260158822      4.767831403300      4.735616787216
    8      2.239776248673     -0.006618233547      4.751296959619
    8     -0.099149681669      4.667419359364      2.295266046745
    8      2.344014854214      7.106963119278      2.354257587966
    8     -2.427024039790      2.428221894897      2.288857736944
    8      2.331950317298      4.721567106771      4.706499918248
    8      4.640685791228      7.110232304010      4.691257293005
    8     -0.113652024159      2.211394868440      4.714954964281
    8      4.783796436298      4.568860179586      7.114763779769
    8      7.104090840429      7.024910227213      6.931734231170
    8      2.328497622971      2.226771358107      7.070673040784
    0    0
