   3   1   1 E -1.6031087743237E+04 DE 3.5E-09(  9)
 -0.200996069353E-01  0.695724379486E+01  0.694700829133E+01
  0.697675513901E+01 -0.289663036736E-01  0.695226216141E+01
  0.700474387179E+01  0.698184131251E+01 -0.490905085931E-01
    1
  0.100000000000E+01  0.000000000000E+00  0.000000000000E+00
  0.000000000000E+00  0.100000000000E+01  0.000000000000E+00
  0.000000000000E+00  0.000000000000E+00  0.100000000000E+01
  0.000000000000E+00  0.000000000000E+00  0.000000000000E+00
   54
   20      0.016520816691     -0.014975496920     -0.009757658201
   20      2.334378646236      2.334285408783     -0.064607571665
   20     -2.362498240904     -2.302554046216     -0.013550853845
   20      2.368675683314     -0.043748598454      2.363261624578
   20      4.655489383152      2.291486290642      2.260164997469
   20      0.021769511893     -2.350760065113      2.346010858649
   20     -2.386802378849     -0.019767710404     -2.318061052557
   20      0.059106315084      2.343009515163     -2.291041259502
   12     -4.666556068102     -2.303717500635     -2.206767742437
   20     -0.042022647399      2.339195254400      2.283792297188
   20      2.327281543948      4.705332340556      2.258281442364
   12     -2.445752861076     -0.027258270142      2.285904207213
   12      2.274173037127      2.263768871158      4.751923021143
   20      4.642686152155      4.687814565387      4.657826602280
   20     -0.021262006404     -0.017335396028      4.703420312854
   20     -2.338014754923      2.326876818298      0.059717547059
   12      0.001111105845      4.871762733803      0.078859156733
   12     -4.672525907639      0.006494695979     -0.057380883059
   20      0.017914714897     -2.332085650793     -2.342770961133
   12      2.462563241002      0.001287194111     -2.348448608318
   20     -2.368501422404     -4.688814079662     -2.312478796735
   20      2.372703517438     -2.337367465952     -0.018687184774
   12      4.678350125599     -0.023624190986      0.047717460970
   12      0.007350920748     -4.690478189563     -0.014820415848
   12     -2.322995629859     -2.244238542884     -4.598009408101
   20      0.014341571888     -0.010313622311     -4.717303154507
   20     -4.642411747658     -4.688290820614     -4.643479159759
    8      0.051420863155     -0.007157620150     -2.341942011685
    8      2.344649330339      2.311636638726     -2.350842326389
    8     -2.392669369550     -2.332933949580     -2.310432977257
    8      2.415300166057     -0.020176566089     -0.061796243871
    8      4.730273188076      2.240596971078     -0.061154729283
    8      0.015360543764     -2.374879239187     -0.009160666045
    8      4.642381057846     -0.116164492477      2.235632252199
    8      6.992902034260      2.296261741361      2.235103441066
    8      2.437331266622     -2.362598460862      2.399845396738
    8      0.004951831195      2.366535776177     -0.006267581615
    8      2.241101705510      4.793382524873     -0.105082646871
    8     -2.405081014609     -0.004682991097      0.041093511306
    8      2.320841900241      2.328734428832      2.319662854791
    8      4.666903564521      4.724325358375      2.285158946232
    8     -0.022006662839     -0.021571036728      2.346271843813
    8      4.601829148160      2.305768396941      4.654989953060
    8      7.084510962679      4.660550880202      4.698725141461
    8      2.300884374625     -0.017161380899      4.760098773612
    8     -0.074787257736      4.667216936335      2.225607334238
    8      2.393147064555      6.965177808513      2.237292818955
    8     -2.355435561622      2.297561138119      2.315331958909
    8      2.333883300523      4.661224560804      4.613815699363
    8      4.533986108112      6.956327197244      4.542187252461
    8      0.080813245072      2.303900923241      4.739404344594
    8      4.737121548587      4.780474263869      7.019792989280
    8      6.930921892620      6.940352201058      6.894342276271
    8      2.230689465395      2.176848566351      6.868417325246
    0    0
