   3   1   1 E -1.6031077493854E+04 DE 1.0E-09( 11)
  0.213306017464E-01  0.699407576249E+01  0.700754024526E+01
  0.698717510857E+01  0.176004265968E-01  0.700438509298E+01
  0.701361682787E+01  0.701095234453E+01 -0.237537132096E-02
    1
  0.100000000000E+01  0.000000000000E+00  0.000000000000E+00
  0.000000000000E+00  0.100000000000E+01  0.000000000000E+00
  0.000000000000E+00  0.000000000000E+00  0.100000000000E+01
  0.000000000000E+00  0.000000000000E+00  0.000000000000E+00
   54
   20      0.030338357136     -0.043455154797     -0.039288106945
   20      2.312276424390      2.350556879668     -0.033038210640
   20     -2.377635471735     -2.318028945593     -0.038475644360
   20      2.349501573597     -0.054176338986      2.339820840133
   20      4.670097413703      2.343210441089      2.337798422130
   20      0.017458857813     -2.337113384927      2.342914378361
   20     -2.316737983765     -0.063663495492     -2.363586192194
   20      0.028353891415      2.339996224971     -2.348525613962
   12     -4.685187902042     -2.297879780429     -2.276045159099
   20     -0.027808786990      2.376847726752      2.346080067510
   20      2.274538222764      4.734520258270      2.338483191314
   20     -2.385954561655     -0.018851162464      2.347878652285
   20      2.328281653266      2.367535903077      4.696957929330
   12      4.598995416202      4.679518552780      4.723481484847
   20      0.011244048186     -0.059270146023      4.713019834230
   20     -2.335664089190      2.363083126627     -0.014506790095
   12     -0.022127668881      4.639898305929     -0.010771365822
   12     -4.683580861765     -0.003862327804      0.091162492264
   12      0.021247611951     -2.252239996695     -2.346631850625
   12      2.455044500449     -0.051719167028     -2.200824761877
   20     -2.365902128102     -4.650156554485     -2.339663505417
   12      2.363771412398     -2.264808202619     -0.143580500433
   20      4.664952984349     -0.068159029824     -0.010202367933
   20      0.017086234971     -4.662468752733     -0.005341030732
   12     -2.303177180060     -2.298678167709     -4.654106083782
   12      0.118238633499     -0.011358448023     -4.668344789364
   20     -4.673041960127     -4.654063090996     -4.665166388145
    8      0.096547830775     -0.088436996367     -2.418567168337
    8      2.328149457824      2.354059985270     -2.337108177009
    8     -2.339768576794     -2.340714624737     -2.351597855209
    8      2.329199484989     -0.074239680813     -0.060182982599
    8      4.659274436596      2.341354691754     -0.015338022112
    8      0.029138339307     -2.340022364580     -0.055533216246
    8      4.712147098717     -0.076909080953      2.334312344039
    8      7.009788415904      2.331673120342      2.329928215729
    8      2.404916262790     -2.330608895107      2.340804278677
    8      0.006377205283      2.368998274318     -0.023485558827
    8      2.218599799513      4.750214703436     -0.081411625028
    8     -2.368900824477     -0.017286300536     -0.031166367309
    8      2.316613407078      2.355477155037      2.339232696814
    8      4.644689891047      4.687132447062      2.341577225867
    8      0.003409582557     -0.030144307871      2.344648261663
    8      4.671317661900      2.378721319529      4.656917333033
    8      7.039678551611      4.659769169911      4.727524287044
    8      2.340187589465     -0.067049212222      4.715981214397
    8     -0.085420715621      4.769980977423      2.340154300960
    8      2.239712949121      7.027737389809      2.337861307390
    8     -2.337839451132      2.368207585978      2.345763969400
    8      2.374349567770      4.737958312308      4.759413071129
    8      4.625369705321      6.943214363856      4.677128074411
    8      0.005718046673      2.370257660245      4.686591560208
    8      4.655731502455      4.656342511769      6.977363410956
    8      7.096042123970      6.919705459397      7.051001637838
    8      2.339913437414      2.361219464481      6.991663703253
    0    0
