   3   1   1 E -1.6031079741746E+04 DE 1.4E-09( 11)
  0.163094646129E-01  0.697563672921E+01  0.699070372387E+01
  0.699421660824E+01 -0.124322596008E-01  0.701161930790E+01
  0.699925522326E+01  0.699597559990E+01 -0.114299532508E-01
    1
  0.100000000000E+01  0.000000000000E+00  0.000000000000E+00
  0.000000000000E+00  0.100000000000E+01  0.000000000000E+00
  0.000000000000E+00  0.000000000000E+00  0.100000000000E+01
  0.000000000000E+00  0.000000000000E+00  0.000000000000E+00
   54
   20      0.015259192992     -0.024312932469     -0.020028721972
   20      2.364653400342      2.329452221794     -0.035412402533
   20     -2.333817437321     -2.364583956709     -0.054859948620
   20      2.376954314932     -0.065810061100      2.328093174910
   20      4.672803192740      2.324909975763      2.330569853408
   20      0.041965095333     -2.368630780694      2.351453700425
   20     -2.325429273023     -0.038786554451     -2.348190990351
   20      0.008107691348      2.364101400296     -2.341392380181
   12     -4.621905453603     -2.417640760955     -2.363307302152
   20     -0.053963570717      2.361295341973      2.352576474350
   20      2.328874906792      4.660597924259      2.350704863007
   20     -2.352563354812      0.018433735917      2.360310589488
   20      2.358217840523      2.369830473927      4.705575217516
   12      4.595887657893      4.614331975699      4.731615784637
   20     -0.025814438191     -0.019339160370      4.697527182885
   12     -2.397160475356      2.354227089042     -0.133172367733
   20     -0.072961672279      4.661092420329     -0.010435036403
   20     -4.643094624123      0.007902412289     -0.000102956761
   12     -0.041303873977     -2.311981497468     -2.348638870562
   20      2.366631812061      0.000709453306     -2.312789661550
   12     -2.359683934117     -4.570470517302     -2.302547116061
   12      2.400894733133     -2.288131724125     -0.036956995283
   12      4.641250382973     -0.012915837612      0.136049130101
   20      0.008259356480     -4.643293397949     -0.023084413683
   12     -2.387667395152     -2.282815853545     -4.676031397045
   20     -0.020815004550     -0.003931742134     -4.668118526649
   12     -4.587484633297     -4.571005044747     -4.625951227498
    8      0.005123980008     -0.045651850351     -2.336739022834
    8      2.423201970253      2.419549822728     -2.407550692027
    8     -2.359601637770     -2.451811310584     -2.451600744214
    8      2.410998302488     -0.058444735200     -0.015790762477
    8      4.668980528812      2.290257034570     -0.071110005190
    8      0.044057308527     -2.345381232096     -0.040344278446
    8      4.662869438867     -0.065984556231      2.296832526426
    8      7.035088850803      2.331901481348      2.335293281286
    8      2.470979485017     -2.468113706305      2.368599774232
    8     -0.047883354511      2.339486654502     -0.023708430840
    8      2.322642368852      4.654228896735     -0.056861217641
    8     -2.329034096808      0.010958257778     -0.017034685913
    8      2.345984561220      2.333048676025      2.341153179409
    8      4.672445144464      4.657674095534      2.353130806231
    8      0.000823542317     -0.018003543518      2.348999563449
    8      4.671818181777      2.377574934590      4.715354069554
    8      6.979754544422      4.649733065301      4.677137658886
    8      2.351506861234     -0.056727633402      4.683114788685
    8     -0.086523805860      4.663075051235      2.363103590449
    8      2.358415465039      7.020226325422      2.339425672308
    8     -2.431421107364      2.422501043547      2.368320421870
    8      2.394260734020      4.667643865002      4.742256643630
    8      4.658496841761      6.995733083656      4.732231234659
    8     -0.044700168555      2.381218892157      4.678294038222
    8      4.509603452043      4.649021790216      6.960867930349
    8      6.957288700253      6.984205855176      6.987215224186
    8      2.442745304173      2.395155451974      7.044972633394
    0    0
