   3   1   1 E -1.6031088733136E+04 DE-4.5E-10( 10)
  0.407556817210E-02  0.701562004708E+01  0.700468836502E+01
  0.701418285986E+01 -0.871162719935E-02  0.701125485721E+01
  0.702284400635E+01  0.702501357088E+01 -0.114149345041E-01
    1
  0.100000000000E+01  0.000000000000E+00  0.000000000000E+00
  0.000000000000E+00  0.100000000000E+01  0.000000000000E+00
  0.000000000000E+00  0.000000000000E+00  0.100000000000E+01
  0.000000000000E+00  0.000000000000E+00  0.000000000000E+00
   54
   20      0.055758100218     -0.047452382794     -0.091593488096
   20      2.325259267477      2.352076375436     -0.084720068036
   20     -2.339367941536     -2.378368335219     -0.041542658933
   20      2.321082249084     -0.067050161602      2.360860315687
   20      4.697953605565      2.352414988237      2.343320811007
   20      0.070700945783     -2.405405268714      2.357014609811
   20     -2.324785303574     -0.023572618569     -2.336170140906
   12      0.123409325108      2.240635051993     -2.361691766105
   12     -4.746032617294     -2.332756669385     -2.326543925265
   20      0.027307639088      2.357372243359      2.383766959462
   12      2.286769699006      4.721650368833      2.404423301598
   20     -2.360436690971     -0.012845952322      2.386219186013
   20      2.263352379959      2.397372357436      4.708188118069
   20      4.652248947101      4.713952505857      4.651203553811
   12      0.046875738724      0.004924590232      4.737140077794
   20     -2.366545848046      2.369671303269     -0.019059479575
   20      0.051672269492      4.693771619795     -0.045162415187
   20     -4.719453088916      0.020491531700      0.018756956639
   12      0.088470093314     -2.292135858489     -2.309734905753
   12      2.228243198580     -0.084863533602     -2.387151811217
   20     -2.356611590916     -4.683714710689     -2.339601873859
   12      2.255447433072     -2.342702279241     -0.001104402611
   20      4.683947239046      0.003120056482     -0.036141537485
   12      0.040351393226     -4.620005736567     -0.069046828808
   20     -2.360023965962     -2.361367628861     -4.633528522741
   20      0.085787997675      0.025758337756     -4.613175737308
   12     -4.749270062138     -4.616447007414     -4.613408720610
    8      0.126350355066     -0.007851411218     -2.344230960350
    8      2.226978863546      2.353783778808     -2.458012224668
    8     -2.344456117987     -2.348451094364     -2.337034844509
    8      2.346974385855     -0.088292034700     -0.113429061508
    8      4.726142892454      2.350572484237     -0.042944447621
    8      0.114350015873     -2.457319819047     -0.127659553335
    8      4.686642885919     -0.013022681479      2.358114399106
    8      7.123294694346      2.340098326129      2.394628598149
    8      2.349972281624     -2.483526618003      2.374595194824
    8      0.017490217973      2.345344485792     -0.060142851514
    8      2.342143002733      4.686439821942     -0.045018035159
    8     -2.338276632553     -0.009748164897     -0.008172518843
    8      2.334923479720      2.396217066065      2.337332973799
    8      4.618011394395      4.668477022574      2.324532692065
    8      0.020958603608     -0.037742606501      2.376799776382
    8      4.710630603188      2.359936814953      4.675520924933
    8      7.112808011363      4.694375914123      4.663009632781
    8      2.216199052375     -0.067262209780      4.686554818690
    8      0.102045455944      4.688126216992      2.428956443413
    8      2.368547851628      7.009670479294      2.456309723532
    8     -2.404694318077      2.337152461068      2.342991469794
    8      2.193672233728      4.808383007501      4.621071009885
    8      4.679732148073      7.011239827169      4.669486849851
    8      0.006677651299      2.354504795556      4.793333553120
    8      4.609627918517      4.674820662587      6.983599216514
    8      7.043184543560      7.104294842988      6.929449979313
    8      2.212919068379      2.488904403720      7.099218928730
    0    0
