   3   1   1 E -1.6031093458150E+04 DE-4.6E-08(  8)
  0.529116533540E-01  0.696263527138E+01  0.701968228901E+01
  0.698763830681E+01  0.205979710130E-01  0.704431506406E+01
  0.701436100099E+01  0.700757030056E+01  0.219271368785E-03
    1
  0.100000000000E+01  0.000000000000E+00  0.000000000000E+00
  0.000000000000E+00  0.100000000000E+01  0.000000000000E+00
  0.000000000000E+00  0.000000000000E+00  0.100000000000E+01
  0.000000000000E+00  0.000000000000E+00  0.000000000000E+00
   54
   20     -0.009248129867     -0.002554317020     -0.046105367180
   20      2.369941408286      2.302072171809     -0.048851657337
   20     -2.336251027226     -2.331450881642     -0.026647723246
   20      2.318841690688      0.002725081782      2.347489264043
   20      4.664984009152      2.353878934509      2.340985507889
   20     -0.015666359298     -2.327692897277      2.369805129845
   20     -2.331632108840      0.000079491822     -2.330114382290
   20      0.029524136305      2.323391162815     -2.354493081922
   20     -4.656588180500     -2.358427466470     -2.353981430345
   20     -0.044620234362      2.322873230933      2.374223064466
   20      2.352211366401      4.719680161030      2.369621753855
   20     -2.357923784747      0.026316131543      2.399931338207
   20      2.331307996387      2.348619032676      4.717056806199
   12      4.713357564342      4.689199964927      4.774509523564
   12     -0.022128670892     -0.042194195309      4.766256589394
   12     -2.357578199059      2.260174745198     -0.045461999965
   20     -0.001782126593      4.685845276306     -0.041309198313
   12     -4.596267061835      0.024222353444     -0.035370028457
   12     -0.066467318405     -2.271638402176     -2.355919036718
   12      2.347003979517      0.007494006832     -2.313397031904
   12     -2.360396690179     -4.681059910062     -2.324180979555
   20      2.349401121042     -2.324095377992     -0.011498676770
   12      4.619189129563      0.057172045491     -0.082075516430
   20     -0.023579597441     -4.687290481178     -0.049784207764
   20     -2.357815820687     -2.364171659214     -4.710930775353
   20      0.026207731926      0.016519215238     -4.685693313124
   12     -4.553109094587     -4.775663317325     -4.652158502036
    8      0.055784009746     -0.056824419704     -2.347390020239
    8      2.449893462138      2.229496603267     -2.399765851502
    8     -2.273009737532     -2.387269712462     -2.341523953583
    8      2.378489340444      0.003830747717     -0.066679327501
    8      4.663492171623      2.282387134656     -0.067687479345
    8     -0.016071177043     -2.324932142240     -0.048016820342
    8      4.657642236018      0.021715999958      2.335495019957
    8      7.042642209027      2.349675180949      2.350822726702
    8      2.322572619389     -2.372195763214      2.348754800896
    8     -0.045355210631      2.320803811304     -0.037168464539
    8      2.357523527578      4.720006288491     -0.023447468549
    8     -2.406315801886      0.059936048966     -0.008295133782
    8      2.329383188984      2.342629650082      2.359576157769
    8      4.677265762262      4.694436189678      2.396530491256
    8     -0.014930689101     -0.000993743265      2.398531733659
    8      4.666740710299      2.402829475309      4.746061561494
    8      6.949036202892      4.742222940136      4.689557453036
    8      2.281225233967      0.008226221016      4.738175487973
    8      0.010186583611      4.658139028551      2.355256655502
    8      2.377365266151      7.098106587042      2.372403651284
    8     -2.426980170696      2.301826689733      2.369993253061
    8      2.376035900283      4.762269956884      4.696754825439
    8      4.709374775954      6.979981066558      4.840431100994
    8     -0.088757740462      2.304717599997      4.684464513306
    8      4.683512292995      4.638558935160      6.937235494352
    8      7.041746631889      7.001297922910      6.967372793348
    8      2.457691998191      2.203713545129      7.049625540554
    0    0
