   3   1   1 E -1.6031086937669E+04 DE-1.9E-09( 11)
  0.310429113635E-01  0.692808857940E+01  0.696069331496E+01
  0.701024773271E+01 -0.223186080275E-01  0.700455309508E+01
  0.702129783449E+01  0.697803579535E+01 -0.279186730802E-01
    1
  0.100000000000E+01  0.000000000000E+00  0.000000000000E+00
  0.000000000000E+00  0.100000000000E+01  0.000000000000E+00
  0.000000000000E+00  0.000000000000E+00  0.100000000000E+01
  0.000000000000E+00  0.000000000000E+00  0.000000000000E+00
   54
   20      0.029455809700     -0.025615257410     -0.023463329392
   20      2.385727813884      2.286530698016     -0.076740926057
   20     -2.359157692373     -2.352043703725     -0.017486870528
   20      2.388071455978     -0.099608112408      2.326976481947
   20      4.697309629869      2.278428310160      2.320795963923
   20      0.012691228399     -2.371137327507      2.362416415821
   20     -2.340622952192     -0.031601463052     -2.371465953530
   20      0.052765255906      2.332918996454     -2.382273379393
   12     -4.591925565028     -2.372796967271     -2.379184454974
   20     -0.023299765508      2.334008717717      2.327954404344
   20      2.345327734473      4.678826939571      2.343974600542
   20     -2.389033018226      0.015134767658      2.393686687687
   20      2.360893290345      2.334876280782      4.661356248460
   12      4.617482522252      4.673105754736      4.686893193182
   20     -0.033638444695     -0.048314067279      4.680942028616
   20     -2.365707348599      2.399093117386     -0.018460082541
   20     -0.006240209381      4.686899480571     -0.031791177875
   20     -4.689505152566      0.006104243883      0.006454837960
   20     -0.008832336553     -2.288893790700     -2.339671505558
   12      2.384557345035      0.013760551036     -2.255352821400
   12     -2.451676093447     -4.607676412502     -2.390608694242
   12      2.454106921935     -2.158451798292     -0.063030336742
   12      4.650003388856     -0.163304885307     -0.043700723831
   20     -0.019634404432     -4.663386162101      0.029250593682
   12     -2.410575019911     -2.360029594218     -4.553333480308
   12     -0.017547634613      0.040539602293     -4.587911319571
   12     -4.656039960888     -4.523384785701     -4.497430625780
    8      0.052142888318     -0.001576435586     -2.378081529140
    8      2.473293609417      2.364276997710     -2.464656579710
    8     -2.429857725022     -2.403672491055     -2.422817978503
    8      2.417489362571     -0.127443276424     -0.088549672638
    8      4.672499084549      2.260271346232     -0.065084938949
    8      0.021077430481     -2.335051450373      0.004454884766
    8      4.737915302700     -0.095540005923      2.301980574116
    8      7.063415947323      2.277879400582      2.346138893895
    8      2.378703075530     -2.448139750596      2.379688128353
    8      0.010158044092      2.331950636128     -0.035780792823
    8      2.344263383610      4.645918297832     -0.059217521849
    8     -2.363692754084      0.006410715198     -0.017196435750
    8      2.348641594384      2.298685182894      2.301892531956
    8      4.662186283876      4.644550939365      2.344733727764
    8     -0.005946315237     -0.032749498666      2.345599821298
    8      4.686284622468      2.345590117379      4.641010702818
    8      7.020055680886      4.627941751215      4.642972067147
    8      2.342971453349     -0.074855480192      4.659074467472
    8     -0.031669896506      4.709342652039      2.307896542373
    8      2.277314303007      7.046161370703      2.375226227375
    8     -2.408449460421      2.423621673001      2.399089746619
    8      2.449855720950      4.721145203687      4.719831584284
    8      4.565357403825      6.909094232242      4.742107819859
    8     -0.030060429876      2.309290589501      4.636822582630
    8      4.670124099108      4.762007334330      6.969132759538
    8      6.996315255281      6.924133629007      6.993372805235
    8      2.346303390722      2.373899137233      7.029538623764
    0    0
