   3   1   1 E -1.6031054830147E+04 DE 3.7E-10( 11)
  0.866127659244E-02  0.702462234408E+01  0.698977939260E+01
  0.692918352975E+01  0.185716089864E-01  0.697410538935E+01
  0.697041561491E+01  0.704334588678E+01 -0.159542435470E-01
    1
  0.100000000000E+01  0.000000000000E+00  0.000000000000E+00
  0.000000000000E+00  0.100000000000E+01  0.000000000000E+00
  0.000000000000E+00  0.000000000000E+00  0.100000000000E+01
  0.000000000000E+00  0.000000000000E+00  0.000000000000E+00
   54
   20      0.039490921297     -0.017839262868     -0.039732411039
   20      2.305194574923      2.353121886809     -0.042270530834
   20     -2.312812378853     -2.364810502156     -0.025714836195
   20      2.307155276072     -0.006071246266      2.342311716146
   20      4.648211898560      2.354671843626      2.331569246506
   20      0.033282132759     -2.356977804045      2.355408940038
   20     -2.305433816008     -0.009932057303     -2.324316883341
   12      0.074218220317      2.394212614394     -2.344394397148
   12     -4.847040779306     -2.364922885115     -2.326511779560
   20      0.034283351279      2.344766639211      2.343484181824
   20      2.304179275865      4.692324520496      2.338682620534
   20     -2.313493566910     -0.010878965872      2.346795475868
   12      2.061249150814      2.446100255584      4.614813596646
   20      4.652491731930      4.697741288214      4.680096471220
   12      0.062347183238     -0.044836423190      4.663342473931
   20     -2.318939829971      2.356744653475     -0.014461765164
   12      0.049698814243      4.668669442970     -0.062512830330
   20     -4.681252074176     -0.008623266452     -0.017778827556
   12      0.084017766756     -2.333554744660     -2.291453739084
   12      2.243694261215     -0.004955901017     -2.289806563242
   20     -2.299631311763     -4.697071684706     -2.313760812821
   12      2.233061446810     -2.170058776492      0.011719782247
   20      4.650882383252     -0.001323801012     -0.029407946776
   12      0.061084799430     -4.806210852548      0.014639377374
   20     -2.300304043388     -2.353581117481     -4.649782715998
   20      0.028673157067     -0.003424879048     -4.655120897220
   20     -4.665156887998     -4.681648571279     -4.638126170244
    8      0.071126805338     -0.013019231451     -2.336839939056
    8      2.286954319623      2.354243555693     -2.346974837574
    8     -2.307460963102     -2.358978712501     -2.328638493761
    8      2.326167225005     -0.024135882805     -0.046633772741
    8      4.671128216638      2.351602512907     -0.025084898357
    8      0.073286790418     -2.403514680703     -0.044610615358
    8      4.636428460409      0.005255711495      2.327053828841
    8      6.964736550166      2.365185289618      2.329482600932
    8      2.303244203630     -2.343439090302      2.339017009976
    8      0.021851787271      2.365739067019     -0.034971750941
    8      2.259725461782      4.687448641131     -0.037729424366
    8     -2.315080867060     -0.010199531662     -0.022324245670
    8      2.314364099197      2.348081302338      2.345582597577
    8      4.655129894091      4.691574556730      2.332382298097
    8      0.019119903642     -0.010338114391      2.349553188292
    8      4.627068602444      2.362826742592      4.654100795613
    8      7.049878948046      4.682374775529      4.724990138869
    8      2.240312712467      0.007364096807      4.645593676563
    8      0.036872108758      4.679921996962      2.337506491845
    8      2.309652007067      7.033313273541      2.337186406008
    8     -2.304106288578      2.336558527248      2.343407288067
    8      2.251028962632      4.741518953524      4.708735180812
    8      4.664218644873      7.030126000094      4.670093079622
    8      0.091607391863      2.305730450902      4.711726056923
    8      4.647595085137      4.693726922452      6.967206159127
    8      6.968004523527      7.027774069874      6.939194301427
    8      2.195165652906      2.411057673395      6.948973526234
    0    0
