   3   1   1 E -1.6031054141478E+04 DE 5.2E-08(  8)
  0.208375550784E-01  0.702843459757E+01  0.701365997364E+01
  0.701350491143E+01  0.181194709931E-01  0.700881981415E+01
  0.702513981543E+01  0.703033273114E+01  0.115415115249E-01
    1
  0.100000000000E+01  0.000000000000E+00  0.000000000000E+00
  0.000000000000E+00  0.100000000000E+01  0.000000000000E+00
  0.000000000000E+00  0.000000000000E+00  0.100000000000E+01
  0.000000000000E+00  0.000000000000E+00  0.000000000000E+00
   54
   20      0.007282249422     -0.002070904522     -0.019722137735
   20      2.330796278776      2.356677912363     -0.015926016126
   20     -2.338330786511     -2.347709696330     -0.019264497185
   20      2.336375643447     -0.000767771900      2.340402790322
   20      4.685617534453      2.349235732673      2.340608419322
   20      0.019717641047     -2.352982121685      2.337565089154
   20     -2.337953812372     -0.010869057985     -2.328968554294
   12      0.080687230222      2.334894277175     -2.288772845306
   12     -4.723987268122     -2.333643973630     -2.382878875798
   20      0.001474146208      2.351923380875      2.341591911535
   20      2.337305657017      4.693348439467      2.333633852628
   20     -2.337961583448      0.002742820494      2.334593856810
   20      2.330785309048      2.354152681509      4.689412890265
   20      4.691586327983      4.687096514346      4.688155564299
   20      0.009439020656      0.001915588473      4.694096263557
   20     -2.338952185023      2.341423204666      0.001666187999
   12     -0.001346041088      4.696273544836     -0.027748370081
   12     -4.731557712274      0.008981592944     -0.050770793363
   12     -0.017138072868     -2.346126155968     -2.275725819108
   20      2.326812384753      0.009410319176     -2.336161335792
   12     -2.317693290296     -4.690580564631     -2.329037679657
   12      2.306351618743     -2.353739784557     -0.028085140002
   20      4.676679123060      0.005435508667     -0.002379318890
   12      0.050436004330     -4.691594602452     -0.025340925701
   20     -2.347784769130     -2.356629681623     -4.666956187676
   20      0.003580464163     -0.003036629153     -4.673929567415
   12     -4.677759495443     -4.709900368658     -4.669238749080
    8      0.000619067384     -0.001326975296     -2.339263227105
    8      2.311404334747      2.365572946239     -2.365297542199
    8     -2.338572057570     -2.359820014188     -2.337766387225
    8      2.332457020220     -0.000025841741     -0.010575534191
    8      4.687901963083      2.348025490242     -0.012191527776
    8      0.027488590404     -2.356774687872     -0.018289138707
    8      4.674151202408      0.007784886423      2.338516384799
    8      7.042647371581      2.344837408157      2.344114720250
    8      2.339283998622     -2.352932266746      2.343065173404
    8      0.000929011137      2.353461434107     -0.015539604475
    8      2.319464671182      4.698858862860     -0.025199951202
    8     -2.340936263120     -0.004386879049     -0.004988876791
    8      2.336445826012      2.351292631942      2.338619797473
    8      4.689323991454      4.686097060209      2.341083885705
    8      0.006789584802      0.000022932039      2.338035715850
    8      4.682251802395      2.352365959723      4.684400624537
    8      7.054893999394      4.679850400471      4.708720990140
    8      2.335975576768     -0.000943146459      4.700888838305
    8      0.008984971717      4.685844853580      2.340418863987
    8      2.350267614394      7.038557474043      2.334561782778
    8     -2.336728579047      2.341176260427      2.346225368204
    8      2.335498270998      4.695042598172      4.681947923884
    8      4.692616795652      7.037677037312      4.688547995611
    8     -0.014061893167      2.355738485515      4.707655320900
    8      4.682699356985      4.691408584797      7.019635818397
    8      7.046686070253      7.035706869759      7.022251936060
    8      2.314726353296      2.359018029440      7.042696483641
    0    0
