   3   1   1 E -1.6031033892436E+04 DE 1.6E-09(  2)
  0.216412779621E-02  0.703128897357E+01  0.702816960097E+01
  0.702719473208E+01 -0.315151309382E-02  0.702819787810E+01
  0.703353571611E+01  0.703014327363E+01 -0.218026412671E-02
    1
  0.100000000000E+01  0.000000000000E+00  0.000000000000E+00
  0.000000000000E+00  0.100000000000E+01  0.000000000000E+00
  0.000000000000E+00  0.000000000000E+00  0.100000000000E+01
  0.000000000000E+00  0.000000000000E+00  0.000000000000E+00
   54
   20      0.000000000000      0.000000000000      0.000000000000
   20      2.344511905370      2.343381091210     -0.000726754709
   20     -2.344511905370     -2.343381091210      0.000726754709
   20      2.342398244028     -0.001050504365      2.342732626032
   20      4.686910149398      2.342330586845      2.342005871323
   20     -0.002113661342     -2.344431595574      2.343459380741
   20     -2.342398244028      0.001050504365     -2.342732626032
   20      0.002113661342      2.344431595574     -2.343459380741
   12     -4.686910149398     -2.342330586845     -2.342005871323
   20      0.000721375932      2.343762991190      2.342723200323
   20      2.345233281302      4.687144082400      2.341996445614
   20     -2.343790529438      0.000381899981      2.343449955032
   12      2.343119619960      2.342712486826      4.685455826354
   12      4.687631525330      4.686093578035      4.684729071646
   20     -0.001392285410     -0.000668604384      4.686182581063
   20     -2.341676868096      2.344813495555     -0.000009425709
   12      0.002835037274      4.688194586765     -0.000736180418
   12     -4.686188773466      0.001432404345      0.000717329000
   20     -0.000721375932     -2.343762991190     -2.342723200323
   12      2.343790529438     -0.000381899981     -2.343449955032
   12     -2.345233281302     -4.687144082400     -2.341996445614
   12      2.341676868096     -2.344813495555      0.000009425709
   20      4.686188773466     -0.001432404345     -0.000717329000
   20     -0.002835037274     -4.688194586765      0.000736180418
   12     -2.343119619960     -2.342712486826     -4.685455826354
   20      0.001392285410      0.000668604384     -4.686182581063
   20     -4.687631525330     -4.686093578035     -4.684729071646
    8      0.000696142705      0.000334302192     -2.343091290532
    8      2.345208048076      2.343715393403     -2.343818045241
    8     -2.343815762665     -2.343046789018     -2.342364535823
    8      2.343094386733     -0.000716202173     -0.000358664500
    8      4.687606292103      2.342664889037     -0.001085419209
    8     -0.001417518637     -2.344097293382      0.000368090209
    8      4.685492630761     -0.001766706537      2.342373961532
    8      7.030004536129      2.341614384671      2.341647206823
    8      2.340980725391     -2.345147797747      2.343100716241
    8      0.001417518637      2.344097293382     -0.000368090209
    8      2.345929424008      4.687478384593     -0.001094844918
    8     -2.343094386733      0.000716202173      0.000358664500
    8      2.343815762665      2.343046789018      2.342364535823
    8      4.688327668035      4.686427880227      2.341637781114
    8     -0.000696142705     -0.000334302192      2.343091290532
    8      4.686214006694      2.341996284653      4.685097161855
    8      7.030725912061      4.685377375861      4.684370407146
    8      2.341702101324     -0.001384806557      4.685823916564
    8      0.002138894569      4.687860284572      2.342355110113
    8      2.346650799940      7.031241375782      2.341628355405
    8     -2.342373010801      2.344479193362      2.343081864822
    8      2.344537138597      4.686809780209      4.685087736147
    8      4.689049043966      7.030190871418      4.684360981438
    8      0.000025233227      2.343428688999      4.685814490856
    8      4.686935382626      4.685759275846      7.027820362181
    8      7.031447287993      7.029140367053      7.027093607472
    8      2.342423477256      2.342378184636      7.028547116889
    0    0
