   3   1   1 E -1.6031099763370E+04 DE-7.6E-10( 10)
  0.423301443295E-02  0.704025207863E+01  0.700915321129E+01
  0.698399615953E+01  0.177528949949E-02  0.700417169160E+01
  0.698956201307E+01  0.703548336936E+01  0.196472366012E-02
    1
  0.100000000000E+01  0.000000000000E+00  0.000000000000E+00
  0.000000000000E+00  0.100000000000E+01  0.000000000000E+00
  0.000000000000E+00  0.000000000000E+00  0.100000000000E+01
  0.000000000000E+00  0.000000000000E+00  0.000000000000E+00
   54
   20     -0.016139657263     -0.001829579667     -0.031451516203
   20      2.347458379490      2.321236572421     -0.045731868785
   20     -2.324496315464     -2.333099456560     -0.013381649249
   20      2.335841712914     -0.023546475557      2.385085487177
   20      4.631067268791      2.316416853830      2.314075008038
   20      0.008219598333     -2.314538222214      2.355963435505
   20     -2.354955153719     -0.029527236709     -2.326525624683
   20      0.002794170242      2.350927159761     -2.311481728175
   12     -4.709286840758     -2.314275204246     -2.343166015094
   20     -0.031895624441      2.345176185907      2.388267771746
   20      2.317321279450      4.699109076204      2.389683419555
   12     -2.318895395246      0.022519104039      2.363790071597
   12      2.302928619845      2.354968895461      4.694962242240
   20      4.624843329793      4.733438412961      4.670217141857
   12      0.051462017209     -0.052446780562      4.674064936458
   12     -2.344738256179      2.344078226060      0.075737996065
   20     -0.041090914430      4.700007320111     -0.003389185074
   20     -4.649681467636      0.014883802405     -0.026269971890
   12      0.059837035782     -2.305109792795     -2.346032583177
   12      2.343582127190     -0.022787033217     -2.348827746608
   20     -2.310201825093     -4.703754824373     -2.368133307270
   20      2.396685552063     -2.346753031846     -0.062983697791
   12      4.657481880652     -0.040513863549     -0.009471213451
   20      0.014352439078     -4.705116445736     -0.061250405484
   12     -2.323902491919     -2.285163963321     -4.709353247321
   20     -0.007672687528     -0.037726973754     -4.646847158719
   20     -4.592100245783     -4.681225065227     -4.635393121633
    8      0.093200220868     -0.081850945330     -2.340069982224
    8      2.322970724780      2.363944008860     -2.334124817950
    8     -2.302333727645     -2.337020678258     -2.356781138370
    8      2.384298744140     -0.000542038353     -0.061951318658
    8      4.666385387754      2.262907442171     -0.012147510392
    8      0.017846627075     -2.345975520965     -0.052214938875
    8      4.657505248127     -0.088848227873      2.271956701871
    8      6.987011565861      2.337707631821      2.338628659181
    8      2.416839268525     -2.346649838910      2.360346057569
    8     -0.096588207523      2.344717468065      0.003864884805
    8      2.321401463665      4.692168282211     -0.062882832199
    8     -2.333795831854      0.091447547638      0.084027806016
    8      2.323404936666      2.340891821763      2.388381684066
    8      4.658448205116      4.762794230105      2.339366995407
    8     -0.092058479815     -0.006768282161      2.415618290438
    8      4.534797215246      2.342273942873      4.720982164936
    8      7.088180030940      4.780256901183      4.661206286794
    8      2.220997070316     -0.049718895719      4.678267909275
    8     -0.121491417746      4.694300769620      2.407818019636
    8      2.430253746263      7.034905016193      2.462198722868
    8     -2.323472826800      2.336608612104      2.252001441569
    8      2.218009406649      4.706735519470      4.657788239811
    8      4.633551920831      7.039517909287      4.644865369369
    8      0.150993997979      2.346468615543      4.677287160128
    8      4.669106509917      4.741820771441      7.091901223593
    8      6.872171802100      7.039498880773      6.890805180681
    8      2.433608204868      2.341859715345      6.919505590475
    0    0
