   3   1   1 E -1.6031089131021E+04 DE-6.3E-10( 11)
  0.391477159462E-01  0.699635086819E+01  0.698665912206E+01
  0.701094263596E+01 -0.332204327890E-02  0.702157243940E+01
  0.701226571386E+01  0.702763680869E+01  0.535571410296E-03
    1
  0.100000000000E+01  0.000000000000E+00  0.000000000000E+00
  0.000000000000E+00  0.100000000000E+01  0.000000000000E+00
  0.000000000000E+00  0.000000000000E+00  0.100000000000E+01
  0.000000000000E+00  0.000000000000E+00  0.000000000000E+00
   54
   20     -0.004500504504      0.016899526454     -0.019968193522
   20      2.391737176858      2.329863380607     -0.066897782323
   20     -2.355921535211     -2.358835295092     -0.047673842404
   20      2.352277938391     -0.005852079361      2.361187596219
   20      4.679239311821      2.345313746269      2.338298257473
   20      0.002231419639     -2.356822096570      2.345801846167
   20     -2.393901884232      0.028362961452     -2.308633600355
   20      0.009604886603      2.367796058931     -2.325810324802
   12     -4.631607644392     -2.323714119816     -2.292663378698
   20      0.009348101530      2.335424457277      2.353832143532
   20      2.373336571534      4.692479438597      2.346565997061
   20     -2.363324501577      0.016442784239      2.369399935225
   12      2.345506197794      2.290531322697      4.744705543051
   12      4.600685970767      4.611742246954      4.713992264868
   20     -0.010210402906      0.027410633536      4.733814758276
   12     -2.372086693955      2.282984457223     -0.066374179744
   20     -0.007622541477      4.709736973197     -0.051811826203
   12     -4.619537776718      0.067133690859     -0.063484252151
   20      0.006249365151     -2.366890568557     -2.310570887143
   12      2.413058388503     -0.002662405809     -2.266764772025
   12     -2.439376667414     -4.686661679830     -2.259039684914
   20      2.370105748071     -2.378761422069     -0.050637774020
   12      4.651489527265      0.105611745108     -0.044790283138
   12     -0.067594235606     -4.754217636746     -0.081108523746
   20     -2.367281077446     -2.359474668787     -4.672398155880
   20      0.002364736339      0.035843675325     -4.680832727943
   20     -4.662515724809     -4.700594643325     -4.665210787581
    8      0.018304371518      0.016413526449     -2.319666408657
    8      2.436947255755      2.339953491529     -2.340600937608
    8     -2.427276583205     -2.392435272913     -2.328814511674
    8      2.410735042060     -0.005890199937     -0.067623625657
    8      4.757244014641      2.254552496268     -0.104551959977
    8      0.000630924298     -2.389057848892     -0.016913988841
    8      4.642870317890      0.009949621347      2.314368853409
    8      7.001231263496      2.342499435230      2.318559893991
    8      2.342826562474     -2.357688490702      2.359883272186
    8     -0.011305285920      2.350445154807     -0.022630351744
    8      2.351602300486      4.732399687715     -0.092260653046
    8     -2.419082125386      0.057374973602      0.002068698597
    8      2.363033193617      2.334974676205      2.353860642071
    8      4.673137089729      4.677995981593      2.352825052155
    8      0.001331974858      0.007800822500      2.351819328700
    8      4.601983312690      2.403264063162      4.740303586888
    8      7.011181885107      4.696718200277      4.689754656690
    8      2.341413254344      0.027252506412      4.738624100521
    8      0.020353045375      4.671433730943      2.330598396512
    8      2.369832644713      7.020045097110      2.335904102838
    8     -2.331284313748      2.322849384458      2.339721408284
    8      2.464017463595      4.653150960976      4.649785355381
    8      4.577123551140      7.062363609967      4.778567025989
    8      0.071105959685      2.327200197353      4.772616213431
    8      4.680017763642      4.630004605226      6.932756678802
    8      7.038613299836      7.120979284394      7.013920772347
    8      2.382259963233      2.209355173372      6.923649131080
    0    0
