   3   1   1 E -1.6031083663944E+04 DE 2.7E-09(  8)
  0.372100794113E-01  0.697686204115E+01  0.699720165576E+01
  0.699702363012E+01  0.482002335999E-02  0.702141086203E+01
  0.701159621135E+01  0.700901742614E+01 -0.287201326688E-02
    1
  0.100000000000E+01  0.000000000000E+00  0.000000000000E+00
  0.000000000000E+00  0.100000000000E+01  0.000000000000E+00
  0.000000000000E+00  0.000000000000E+00  0.100000000000E+01
  0.000000000000E+00  0.000000000000E+00  0.000000000000E+00
   54
   20      0.007858466555     -0.016097567975      0.002774994734
   20      2.358742346235      2.326332176852     -0.006374993842
   20     -2.325070589723     -2.338154890172      0.011564853786
   20      2.388727005896     -0.070388260634      2.321935513513
   20      4.722235384220      2.287001560254      2.298569544090
   20      0.070382033025     -2.384291966230      2.317681620673
   20     -2.319883808368     -0.026656286294     -2.338392988516
   20      0.029793014930      2.328279255688     -2.361642478234
   12     -4.620579635634     -2.386976921763     -2.352321031135
   20     -0.045523838380      2.317204461612      2.326733377826
   20      2.341271121815      4.702681179986      2.324862557473
   12     -2.339981965835      0.048825158679      2.279593713945
   20      2.343281436360      2.346093994573      4.696518184566
   20      4.663825238490      4.674660808951      4.669936999460
   20     -0.019380092825     -0.003679942148      4.694470492471
   12     -2.293795982917      2.246436279045      0.037900148913
   20     -0.048425321859      4.691582014442      0.035082064041
   20     -4.667430199686      0.061175282825      0.053870483392
   20     -0.026179157654     -2.326320275423     -2.332286775760
   20      2.344759162388      0.018196844138     -2.349001100312
   20     -2.372127349309     -4.668643773737     -2.342649603979
   12      2.269671125561     -2.220441545485     -0.010515261443
   12      4.632752014345      0.042825966702      0.040130130467
   12     -0.043487287627     -4.674646066743      0.080747312761
   12     -2.429712200074     -2.319721354383     -4.712887648560
   12     -0.070365805243      0.042261743642     -4.724649528717
   12     -4.613019408080     -4.621465544597     -4.720474257174
    8     -0.008906612057      0.000503017181     -2.371514841613
    8      2.349456917894      2.380445240675     -2.377036678411
    8     -2.396363882451     -2.332411987737     -2.330462460564
    8      2.405240158587     -0.059242630788     -0.013025053978
    8      4.729123454425      2.285555630554     -0.007652704766
    8      0.062971406942     -2.394254227237      0.005531339187
    8      4.729067471725     -0.073346720883      2.275972486694
    8      7.102734094122      2.240176498177      2.248318832610
    8      2.456886725860     -2.445707408557      2.310376770437
    8     -0.042478262491      2.328586598703     -0.000897429713
    8      2.337126912168      4.682202012711     -0.004668820227
    8     -2.319228211682      0.049751103964      0.062379305477
    8      2.345571910179      2.316737488635      2.327286176566
    8      4.704091784401      4.692761182294      2.323375994420
    8     -0.013876071651     -0.037628289460      2.321610788979
    8      4.683417291918      2.326318619056      4.689086478205
    8      7.054311284394      4.671261688781      4.689449831244
    8      2.347162954570     -0.038091189226      4.716099447408
    8     -0.069233078017      4.712459071827      2.330219192899
    8      2.364589824096      7.086241987237      2.338689771682
    8     -2.400482265300      2.280703598717      2.244944789512
    8      2.353433527540      4.665158190711      4.674205595522
    8      4.675317995649      6.994615123836      4.644600260649
    8     -0.000631460838      2.320176976195      4.703138746697
    8      4.537756139558      4.661062412103      7.105741316679
    8      6.901931641172      7.099837660198      7.100573169137
    8      2.378907286662      2.468203728479      7.123313641161
    0    0
