   3   1   1 E -1.6031072115960E+04 DE-3.0E-09( 11)
  0.255505530154E-01  0.697745783672E+01  0.697424324308E+01
  0.703144443618E+01 -0.247382050212E-01  0.701708396050E+01
  0.700336639284E+01  0.698712814105E+01  0.878576005855E-02
    1
  0.100000000000E+01  0.000000000000E+00  0.000000000000E+00
  0.000000000000E+00  0.100000000000E+01  0.000000000000E+00
  0.000000000000E+00  0.000000000000E+00  0.100000000000E+01
  0.000000000000E+00  0.000000000000E+00  0.000000000000E+00
   54
   20      0.013862406722     -0.042617512110     -0.031929707253
   20      2.332032523972      2.338989621844     -0.042127793735
   20     -2.330843406930     -2.281305425852     -0.004162161220
   20      2.372771577437     -0.054919553048      2.397605495751
   20      4.656983378362      2.349073115007      2.397164677386
   20      0.049983734543     -2.311955598226      2.356277274300
   20     -2.390844281655     -0.036792001074     -2.343930568251
   20      0.010011040105      2.356100462066     -2.347464856660
   12     -4.653432722750     -2.303396412723     -2.337499766172
   20     -0.010889983988      2.355377106620      2.368600375511
   20      2.356286804302      4.701874422304      2.396464494239
   12     -2.392386021892     -0.106811517411      2.360062886287
   12      2.321076175665      2.383499497979      4.797109294070
   12      4.652273543329      4.687615487204      4.709594603348
   20      0.038130830502     -0.042218930123      4.663470105079
   20     -2.398336644357      2.350753518641     -0.037153204837
   20     -0.012709128377      4.685786132267     -0.028141256112
   12     -4.599209953952     -0.029463007326     -0.132374371972
   12     -0.026622666382     -2.309087538881     -2.574558259022
   12      2.332476539223     -0.066239710597     -2.317601801612
   20     -2.367636986554     -4.651034856747     -2.382327994144
   12      2.450010697107     -2.250783648851     -0.037909837150
   20      4.624104508222     -0.076767112566     -0.010907932449
   20      0.062594877156     -4.637318796144     -0.041976585330
   12     -2.438083367349     -2.316606638999     -4.573774188781
   20      0.000813652564     -0.032844903287     -4.635902422887
   20     -4.642015848659     -4.647743605737     -4.681119799837
    8      0.052883222857     -0.091657499646     -2.338637230680
    8      2.335881115637      2.354260116367     -2.354133723130
    8     -2.368877831425     -2.323150505389     -2.365952130178
    8      2.338340858670     -0.089987749241     -0.054959173012
    8      4.662623897197      2.336468937219     -0.008377794537
    8      0.092638919205     -2.301838087892     -0.051598142887
    8      4.659189523548     -0.081926232407      2.361915037400
    8      7.033529561860      2.328115245464      2.355636775002
    8      2.460165612991     -2.344087440547      2.376788014219
    8     -0.003946890760      2.342275945579     -0.028877131114
    8      2.348502695135      4.751569439023     -0.035347156517
    8     -2.433185150821     -0.012632290339     -0.002196429686
    8      2.332313096280      2.346779785485      2.405592320006
    8      4.685746358766      4.755343415202      2.424194046969
    8     -0.012181010942     -0.022960527164      2.371034288769
    8      4.614738251928      2.380169141908      4.695830990120
    8      7.036470698970      4.657930972727      4.683328437982
    8      2.356848079026     -0.054670820692      4.748466373163
    8     -0.035342027366      4.672643493251      2.373202360357
    8      2.404910034900      6.957935246249      2.375970501495
    8     -2.341986103090      2.337645854259      2.313670846396
    8      2.309432110787      4.671725719986      4.833294312269
    8      4.613558069270      6.853529104204      4.572176313695
    8      0.090104244659      2.404155065053      4.639392235450
    8      4.577676686408      4.636848532497      6.969246810600
    8      7.079519474750      6.949591169065      6.971217014571
    8      2.371671444354      2.304076352928      6.884143871112
    0    0
