   3   1   1 E -1.6031093967162E+04 DE 2.3E-09(  9)
 -0.131495972724E-01  0.700522140709E+01  0.700707739881E+01
  0.698088536342E+01 -0.856881594578E-02  0.700944900420E+01
  0.698992183174E+01  0.702258048010E+01 -0.233694325328E-01
    1
  0.100000000000E+01  0.000000000000E+00  0.000000000000E+00
  0.000000000000E+00  0.100000000000E+01  0.000000000000E+00
  0.000000000000E+00  0.000000000000E+00  0.100000000000E+01
  0.000000000000E+00  0.000000000000E+00  0.000000000000E+00
   54
   20      0.013960345851      0.002472401598     -0.015333704071
   20      2.329903148071      2.340857051915     -0.086425007781
   20     -2.342954863500     -2.307695633900     -0.002392765682
   20      2.343684376486     -0.014255763270      2.399605229654
   20      4.639730350987      2.321173046246      2.324041547393
   20      0.030933052353     -2.352932891783      2.383603078271
   20     -2.359634307265      0.003029563842     -2.322001439732
   20      0.029716549096      2.356088099391     -2.322491200776
   12     -4.732624725791     -2.379664973043     -2.343706788673
   20     -0.039253694456      2.363168817439      2.338081243690
   20      2.281897467780      4.716166865236      2.348001991546
   12     -2.376138774773      0.099492490975      2.298578281282
   12      2.327043391456      2.343409991226      4.675537370497
   20      4.612493578580      4.691889722260      4.695268901501
   20     -0.037882078758     -0.014673232263      4.698761590603
   12     -2.372461690205      2.306455032456     -0.002113687491
   12     -0.035188371401      4.528213037003     -0.136028762171
   20     -4.630752897467      0.050673574646      0.007040548801
   12      0.085430316056     -2.312477985515     -2.330690558237
   12      2.372499664271      0.017690255408     -2.382467506926
   20     -2.377231915774     -4.699734779537     -2.308375499440
   20      2.379800168329     -2.379919537396     -0.039151374068
   12      4.627047207708      0.043308455124      0.028658254171
   20      0.056409135902     -4.686896723958      0.008400911959
   20     -2.295873764292     -2.384982637979     -4.698032004241
   20      0.052204881779     -0.022934617866     -4.670531785024
   12     -4.614275795315     -4.695430309211     -4.571999777899
    8      0.104482964541     -0.077680748587     -2.348678684308
    8      2.350902945870      2.356760926251     -2.453212791089
    8     -2.327449943518     -2.348717271775     -2.306569192117
    8      2.462602815994     -0.015538400197     -0.040134664951
    8      4.655822220998      2.283033647703     -0.029225884439
    8      0.005240465796     -2.343611747300     -0.009761706989
    8      4.648227419182     -0.020680658629      2.314727193493
    8      7.061685491734      2.326941933750      2.345857205265
    8      2.372186238319     -2.443777743561      2.425018019646
    8     -0.093488815693      2.422605957358     -0.045467723474
    8      2.215394890598      4.714932277696     -0.150705240012
    8     -2.323706942858      0.111294373437      0.085035248544
    8      2.313232411243      2.355669199926      2.373888150614
    8      4.635033959444      4.757003226591      2.333988676637
    8     -0.057396974238      0.011450395960      2.343342717967
    8      4.584634653297      2.339655841363      4.704052751829
    8      7.071454343295      4.675359232893      4.741854678473
    8      2.315260046552      0.007678039742      4.698547343156
    8      0.001448292795      4.668964384824      2.337645491419
    8      2.486243392968      7.155636618798      2.476252094694
    8     -2.480385886494      2.188041746200      2.209640695030
    8      2.183989447124      4.672386946919      4.678094176426
    8      4.475851193931      7.012322747085      4.657921615625
    8      0.087278774097      2.428331764018      4.699312860337
    8      4.750037239877      4.644469740757      6.971650896210
    8      6.912125776410      6.944661928663      6.974145824659
    8      2.430272013508      2.326865141713      7.008149527336
    0    0
