   3   1   1 E -1.6031104223164E+04 DE-1.2E-09( 10)
  0.879305958246E-02  0.699592748399E+01  0.700168039962E+01
  0.700677500408E+01 -0.205446049892E-02  0.701277395937E+01
  0.700472054357E+01  0.700472054357E+01  0.120245061612E-18
    2
  0.100000000000E+01  0.000000000000E+00  0.000000000000E+00
  0.000000000000E+00  0.100000000000E+01  0.000000000000E+00
  0.000000000000E+00  0.000000000000E+00  0.100000000000E+01
  0.000000000000E+00  0.000000000000E+00  0.000000000000E+00
  0.000000000000E+00 -0.100000000000E+01  0.000000000000E+00
 -0.100000000000E+01  0.000000000000E+00  0.000000000000E+00
  0.000000000000E+00  0.000000000000E+00  0.100000000000E+01
  0.000000000000E+00  0.000000000000E+00  0.000000000000E+00
   54
   20      0.021042720500     -0.021042720500     -0.010113896497
   20      2.340560886426      2.316576591948     -0.066173183888
   20     -2.316576591948     -2.340560886426     -0.066173183888
   20      2.362292003874     -0.078710789671      2.347964799130
   20      4.673295557752      2.331424985822      2.326866455146
   20      0.078710789671     -2.362292003874      2.347964799130
   20     -2.341843152335     -0.042787158566     -2.334929015628
   20      0.042787158566      2.341843152335     -2.334929015628
   12     -4.676311267135     -2.328409276439     -2.379204317980
   20     -0.086543816320      2.344603712434      2.374358683378
   20      2.321956394569      4.682764149005      2.364184095546
   20     -2.344603712434      0.086543816320      2.374358683378
   20      2.275922138050      2.342589426427      4.704796927702
   20      4.662131117147      4.728798405524      4.704796927702
   12      0.049285357528     -0.049285357528      4.661563884930
   12     -2.407002213638      2.407002213638      0.032312884035
   20     -0.024380403405      4.662621416494     -0.002642744641
   20     -4.662621416494      0.024380403405     -0.002642744641
   12      0.025959904546     -2.312963031408     -2.355883753447
   12      2.312963031408     -0.025959904546     -2.355883753447
   12     -2.335502504404     -4.669218039170     -2.326376811661
   12      2.352142991149     -2.352142991149     -0.044836681240
   20      4.625686680549     -0.027003642004     -0.031823824271
   20      0.027003642004     -4.625686680549     -0.031823824271
   12     -2.430037292674     -2.412601498331     -4.625131778366
   20      0.003791496159     -0.003791496159     -4.635625285492
   12     -4.592119045243     -4.574683250900     -4.625131778366
    8      0.086198236050     -0.086198236050     -2.327222639788
    8      2.429859680750      2.350997628243     -2.427231874648
    8     -2.350997628244     -2.429859680751     -2.427231874648
    8      2.340306513325     -0.096074143322     -0.094631611322
    8      4.682706156725      2.322014386850     -0.068690320020
    8      0.096074143322     -2.340306513325     -0.094631611322
    8      4.665990657167     -0.068361821010      2.338782506844
    8      7.073082364588      2.338729886410      2.338782506844
    8      2.420625786836     -2.420625786836      2.403256103513
    8     -0.068881330011      2.332992304818     -0.003968516706
    8      2.332423803187      4.672296740386     -0.088014384030
    8     -2.332992304818      0.068881330011     -0.003968516706
    8      2.309930343634      2.321907336166      2.328403827276
    8      4.682813207409      4.694790199941      2.328403827276
    8      0.010355578576     -0.010355578576      2.439069451863
    8      4.665379887994      2.339340655580      4.717752741754
    8      7.090611743281      4.731238782184      4.673885570772
    8      2.273481761392     -0.085891199705      4.673885570772
    8     -0.047862397313      4.663916102321      2.440994233699
    8      2.340804441251      7.052582940885      2.440994233699
    8     -2.435632445601      2.435632445600      2.307945279764
    8      2.278408144035      4.726312399537      4.736148489430
    8      4.660084417359      7.103004831518      4.666637162540
    8     -0.098284287946      2.344636126213      4.666637162540
    8      4.588211479091      4.568732942992      7.071626254445
    8      7.004622726055      7.004818361094      6.945962240472
    8      2.435987600580      2.416509064482      7.071626254445
    0    0
