   3   1   1 E -1.6031034968734E+04 DE-5.9E-10(  2)
  0.563879131187E-02  0.702913184511E+01  0.702878125662E+01
  0.703092446856E+01 -0.224701730366E-02  0.702905015159E+01
  0.703451584550E+01  0.702685087506E+01  0.472119641414E-03
    1
  0.100000000000E+01  0.000000000000E+00  0.000000000000E+00
  0.000000000000E+00  0.100000000000E+01  0.000000000000E+00
  0.000000000000E+00  0.000000000000E+00  0.100000000000E+01
  0.000000000000E+00  0.000000000000E+00  0.000000000000E+00
   54
   20      0.000000000000      0.000000000000      0.000000000000
   20      2.344838615167      2.342283625020      0.000157373214
   20     -2.344838615167     -2.342283625020     -0.000157373214
   20      2.343641489521     -0.000749005768      2.343016717198
   20      4.688480104688      2.341534619253      2.343174090412
   20     -0.001197125646     -2.343032630788      2.342859343984
   20     -2.343641489521      0.000749005768     -2.343016717198
   20      0.001197125646      2.343032630788     -2.342859343984
   12     -4.688480104688     -2.341534619253     -2.343174090412
   20      0.001879597104      2.343043948369      2.342927085541
   20      2.346718212271      4.685327573389      2.343084458755
   20     -2.342959018063      0.000760323348      2.342769712327
   20      2.345521086625      2.342294942601      4.685943802739
   20      4.690359701792      4.684578567621      4.686101175952
   12      0.000682471458      0.000011317580      4.685786429525
   12     -2.341761892417      2.343792954137     -0.000089631657
   20      0.003076722750      4.686076579157      0.000067741557
   12     -4.686600507585      0.001509329116     -0.000247004871
   12     -0.001879597104     -2.343043948369     -2.342927085541
   12      2.342959018063     -0.000760323348     -2.342769712327
   20     -2.346718212271     -4.685327573389     -2.343084458755
   20      2.341761892417     -2.343792954137      0.000089631657
   20      4.686600507585     -0.001509329116      0.000247004871
   12     -0.003076722750     -4.686076579157     -0.000067741557
   12     -2.345521086625     -2.342294942601     -4.685943802739
   12     -0.000682471458     -0.000011317580     -4.685786429525
   20     -4.690359701792     -4.684578567621     -4.686101175952
    8     -0.000341235729     -0.000005658790     -2.342893214762
    8      2.344497379437      2.342277966228     -2.342735841549
    8     -2.345179850896     -2.342289283811     -2.343050587976
    8      2.343300253792     -0.000754664558      0.000123502435
    8      4.688138868959      2.341528960461      0.000280875649
    8     -0.001538361375     -2.343038289579     -0.000033870778
    8      4.686941743312     -0.001503670326      2.343140219632
    8      7.031780358478      2.340779954693      2.343297592845
    8      2.342103128145     -2.343787295346      2.342982846418
    8      0.001538361375      2.343038289579      0.000033870778
    8      2.346376976542      4.685321914598      0.000191243992
    8     -2.343300253792      0.000754664558     -0.000123502435
    8      2.345179850896      2.342289283811      2.343050587976
    8      4.690018466063      4.684572908830      2.343207961190
    8      0.000341235729      0.000005658790      2.342893214762
    8      4.688821340415      2.341540278043      4.686067305172
    8      7.033659955582      4.683823903063      4.686224678385
    8      2.343982725248     -0.000743346978      4.685909931958
    8      0.003417958479      4.686082237948      2.342960956320
    8      2.348256573647      7.028365862969      2.343118329534
    8     -2.341420656688      2.343798612928      2.342803583106
    8      2.347059448000      4.685333232180      4.685977673518
    8      4.691898063168      7.027616857201      4.686135046732
    8      0.002220832833      2.343049607159      4.685820300303
    8      4.690700937518      4.684584226412      7.028994390712
    8      7.035539552686      7.026867851433      7.029151763926
    8      2.345862322351      2.342300601391      7.028837017498
    0    0
