   3   1   1 E -1.6031070209728E+04 DE-2.6E-09( 11)
  0.291077639172E-02  0.702335570225E+01  0.694246876906E+01
  0.700199203487E+01 -0.106451729698E-01  0.696300235632E+01
  0.698014865023E+01  0.702832761380E+01  0.463555661419E-02
    1
  0.100000000000E+01  0.000000000000E+00  0.000000000000E+00
  0.000000000000E+00  0.100000000000E+01  0.000000000000E+00
  0.000000000000E+00  0.000000000000E+00  0.100000000000E+01
  0.000000000000E+00  0.000000000000E+00  0.000000000000E+00
   54
   20      0.031479943058     -0.002695168455     -0.058183537581
   20      2.335815878940      2.337312379359     -0.060166224930
   20     -2.348576087004     -2.352937051980     -0.043384913410
   20      2.295503663639     -0.015040692959      2.373818366045
   20      4.651072718858      2.356497096406      2.368828977725
   20      0.027044813648     -2.349896086583      2.368555986646
   20     -2.385644027418      0.015302285677     -2.305244640250
   12      0.073048421262      2.357795266925     -2.365141609160
   12     -4.698385608945     -2.356696114356     -2.289934712178
   20      0.011794944067      2.318850916659      2.348720833360
   20      2.358837366471      4.702592514090      2.359705975420
   20     -2.340448570802     -0.004899692932      2.354104892019
   12      2.326114000028      2.382674160823      4.755965053671
   12      4.530872974930      4.647632836145      4.664851788614
   12      0.061647477716      0.054949155686      4.685330919733
   20     -2.363723072424      2.354465025163     -0.068634813721
   20      0.017532690392      4.691255144115     -0.073180941947
   12     -4.688690282978     -0.102527616779     -0.108891274232
   20      0.058975216794     -2.355362501126     -2.303307498631
   12      2.354346047513      0.003022693427     -2.263205469695
   12     -2.395760578349     -4.710076854574     -2.305614515189
   12      2.276873212985     -2.090663267680     -0.088588196035
   20      4.649342664040     -0.018297773505     -0.053059118696
   20      0.069124850519     -4.711023678799     -0.043096899750
   20     -2.371806256586     -2.363414611649     -4.610799870284
   20      0.030212742560      0.009854779281     -4.613520358052
   20     -4.649507392862     -4.701801811916     -4.617396064223
    8      0.049778360768      0.055200577217     -2.329812777366
    8      2.337046821058      2.327827866771     -2.331083299736
    8     -2.388211001082     -2.405362021214     -2.306336946161
    8      2.341973561748     -0.053720255411     -0.081072480032
    8      4.661047683190      2.326949159771     -0.063489574968
    8      0.060283218502     -2.351247487024     -0.050615178378
    8      4.638305896030     -0.010218331288      2.360510043571
    8      7.016508874467      2.333886422158      2.379979764968
    8      2.333956354664     -2.357473062126      2.367393982157
    8      0.018136169317      2.345256282128     -0.065703207572
    8      2.326863378955      4.715167575135     -0.061299443863
    8     -2.366904269989      0.002202999649     -0.039386500684
    8      2.334815164757      2.342017924495      2.380469187401
    8      4.642060358397      4.682206413097      2.363783094834
    8      0.019596118238     -0.005479731347      2.358627705683
    8      4.634019236349      2.411414387479      4.658912719652
    8      7.023416471080      4.674828940052      4.633584654471
    8      2.187106506981     -0.008076852937      4.793520489202
    8      0.020275003254      4.681925743702      2.338821121196
    8      2.333431087537      7.011570491046      2.325833276976
    8     -2.347406096343      2.333346751902      2.342903059869
    8      2.436519422874      4.758668338384      4.718874629187
    8      4.638402134896      7.024996078086      4.647844204013
    8      0.051260121585      2.251183459780      4.637647936767
    8      4.588547197063      4.675667165843      6.864976898636
    8      7.066270291815      7.009801780095      6.882510485018
    8      2.358535760551      2.315259697943      6.859554088835
    0    0
