   3   1   1 E -1.6031033211716E+04 DE 1.5E-09(  2)
  0.821175769460E-02  0.702883403411E+01  0.702889354211E+01
  0.703241875826E+01 -0.208614664134E-02  0.703047115146E+01
  0.703491634056E+01  0.702784643035E+01  0.101013306154E-02
    1
  0.100000000000E+01  0.000000000000E+00  0.000000000000E+00
  0.000000000000E+00  0.100000000000E+01  0.000000000000E+00
  0.000000000000E+00  0.000000000000E+00  0.100000000000E+01
  0.000000000000E+00  0.000000000000E+00  0.000000000000E+00
   54
   20      0.000000000000      0.000000000000      0.000000000000
   20      2.344972113521      2.342615476782      0.000336711021
   20     -2.344972113521     -2.342615476782     -0.000336711021
   20      2.344139586087     -0.000695382214      2.343490383819
   20      4.689111699607      2.341920094568      2.343827094839
   20     -0.000832527434     -2.343310858996      2.343153672798
   20     -2.344139586087      0.000695382214     -2.343490383819
   20      0.000832527434      2.343310858996     -2.343153672798
   20     -4.689111699607     -2.341920094568     -2.343827094839
   20      0.002737252565      2.342944678035      2.342964514038
   20      2.347709366085      4.685560154817      2.343301225059
   12     -2.342234860956      0.000329201253      2.342627803018
   20      2.346876838652      2.342249295821      4.686454897857
   20      4.691848952172      4.684864772603      4.686791608878
   12      0.001904725131     -0.000366180961      4.686118186837
   12     -2.341402333522      2.343640060249     -0.000525869780
   12      0.003569779999      4.686255537031     -0.000189158760
   12     -4.686374447043      0.001024583467     -0.000862580801
   20     -0.002737252565     -2.342944678035     -2.342964514038
   20      2.342234860956     -0.000329201253     -2.342627803018
   12     -2.347709366085     -4.685560154817     -2.343301225059
   12      2.341402333522     -2.343640060249      0.000525869780
   20      4.686374447043     -0.001024583467      0.000862580801
   20     -0.003569779999     -4.686255537031      0.000189158760
   12     -2.346876838652     -2.342249295821     -4.686454897857
   12     -0.001904725131      0.000366180961     -4.686118186837
   20     -4.691848952172     -4.684864772603     -4.686791608878
    8     -0.000952362566      0.000183090480     -2.343059093418
    8      2.344019750955      2.342798567262     -2.342722382398
    8     -2.345924476086     -2.342432386302     -2.343395804439
    8      2.343187223521     -0.000512291733      0.000431290400
    8      4.688159337041      2.342103185048      0.000768001421
    8     -0.001784889999     -2.343127768515      0.000094579380
    8      4.687326809609     -0.001207673947      2.343921674220
    8      7.032298923128      2.341407802834      2.344258385240
    8      2.342354696090     -2.343823150729      2.343584963201
    8      0.001784889999      2.343127768515     -0.000094579380
    8      2.346757003522      4.685743245299      0.000242131641
    8     -2.343187223521      0.000512291733     -0.000431290400
    8      2.345924476086      2.342432386302      2.343395804439
    8      4.690896589608      4.685047863085      2.343732515459
    8      0.000952362566     -0.000183090480      2.343059093418
    8      4.690064062172      2.341737004088      4.686886188257
    8      7.035036175692      4.684352480870      4.687222899277
    8      2.345091948653     -0.000878472694      4.686549477238
    8      0.004522142564      4.686072446550      2.342869934658
    8      2.349494256089      7.028687923337      2.343206645680
    8     -2.340449970956      2.343456969767      2.342533223638
    8      2.348661728651      4.685377064338      4.686360318478
    8      4.693633842174      7.027992541123      4.686697029500
    8      0.003689615130      2.342761587554      4.686023607456
    8      4.692801314736      4.684681682124      7.029850702295
    8      7.037773428257      7.027297158909      7.030187413316
    8      2.347829201216      2.342066205342      7.029513991275
    0    0
