   3   1   1 E -1.6031092559285E+04 DE-7.1E-10( 10)
 -0.324425688200E-01  0.702714404541E+01  0.698519441378E+01
  0.700440179571E+01 -0.136013993100E-01  0.697463166638E+01
  0.701638694035E+01  0.703271792915E+01 -0.291262433567E-01
    1
  0.100000000000E+01  0.000000000000E+00  0.000000000000E+00
  0.000000000000E+00  0.100000000000E+01  0.000000000000E+00
  0.000000000000E+00  0.000000000000E+00  0.100000000000E+01
  0.000000000000E+00  0.000000000000E+00  0.000000000000E+00
   54
   20      0.036691865285     -0.024403861680     -0.085008511699
   20      2.311085812621      2.365756680772     -0.085936034097
   20     -2.362897624554     -2.340634388824     -0.017013982587
   20      2.316009591083     -0.048174232501      2.331191797986
   20      4.685177554218      2.355008815066      2.353975033968
   20      0.049114838251     -2.363593860641      2.387410861916
   20     -2.325718375971      0.007328325740     -2.300483312734
   12      0.018661637674      2.343905930750     -2.377316029502
   12     -4.753209954085     -2.312341885633     -2.294052705535
   20     -0.024206239936      2.360155375528      2.336375457658
   12      2.287968839751      4.704749487525      2.398386859350
   20     -2.376373014747      0.012256053206      2.361323302198
   20      2.315773299457      2.393078956479      4.679147736385
   20      4.661256626736      4.684143058086      4.664025152584
   12      0.053636830458     -0.012678856836      4.699460991203
   12     -2.399477679696      2.425555004375     -0.026323120855
   20      0.025128748451      4.678429077229     -0.026120724946
   20     -4.677677447585      0.022823640388      0.032788326662
   12      0.127953198005     -2.351373502527     -2.383647860843
   12      2.249720412768     -0.180817792275     -2.396517772397
   20     -2.383395527144     -4.676906097413     -2.357035136091
   12      2.381065275609     -2.386007287018     -0.036629565125
   20      4.664984328703     -0.029149540275     -0.029593273172
   20      0.062227867649     -4.667821782471     -0.001742291861
   20     -2.358067485462     -2.386506264313     -4.639117309817
   20      0.075602457722     -0.014758523189     -4.588871794794
   12     -4.651136436740     -4.561291612800     -4.585740040497
    8      0.088062458068     -0.059495575219     -2.337322155359
    8      2.202963262346      2.413024879983     -2.475516035263
    8     -2.354477610499     -2.342796755722     -2.321110786000
    8      2.356311626548     -0.083043881307     -0.120181177359
    8      4.668136667519      2.349750151941     -0.043658950773
    8      0.075147234814     -2.354872022638     -0.055370960739
    8      4.670853974363     -0.022455836113      2.338045135308
    8      7.130804918824      2.336501819907      2.411978208973
    8      2.329612020293     -2.450276080269      2.360197001244
    8     -0.076592741439      2.346475378528     -0.128887028086
    8      2.334068116321      4.695766199171     -0.038624620289
    8     -2.337275162536      0.045684310809     -0.001851276776
    8      2.328098323472      2.395052919487      2.326054429468
    8      4.606100733576      4.684125988467      2.332382828938
    8      0.010312322274     -0.004996686312      2.361490261988
    8      4.731747787378      2.352745209362      4.712605181085
    8      7.127529205421      4.716775939755      4.645480397731
    8      2.256229746863     -0.048334298135      4.683487386445
    8      0.059439122128      4.678248276851      2.411962271336
    8      2.328278296679      6.986043625710      2.437966202170
    8     -2.442593204757      2.352041221522      2.274304161811
    8      2.235052060353      4.763967610138      4.648266662449
    8      4.652615636206      7.026053395231      4.652278287244
    8     -0.019784590099      2.346015022885      4.661175479460
    8      4.576056676158      4.587900190871      6.959579851146
    8      7.007345919976      7.022269307927      6.926209223651
    8      2.393615553818      2.479271359071      7.054273232446
    0    0
