   3   1   1 E -1.6031097849329E+04 DE-5.0E-10( 11)
  0.131987936997E-01  0.698564485623E+01  0.701841817035E+01
  0.702020208515E+01  0.281853631294E-02  0.702077120731E+01
  0.702908153348E+01  0.698991302259E+01  0.894307278666E-03
    1
  0.100000000000E+01  0.000000000000E+00  0.000000000000E+00
  0.000000000000E+00  0.100000000000E+01  0.000000000000E+00
  0.000000000000E+00  0.000000000000E+00  0.100000000000E+01
  0.000000000000E+00  0.000000000000E+00  0.000000000000E+00
   54
   20      0.010019477848     -0.031799298436      0.010343481574
   20      2.361136928732      2.328238054767     -0.018812670046
   20     -2.337525850450     -2.334247043098      0.013718016771
   20      2.375278122638     -0.074435688757      2.359442867837
   20      4.716670345539      2.277949515354      2.305502495156
   20      0.062979048792     -2.385342537378      2.324235873356
   20     -2.361354874490     -0.022694237496     -2.373203260478
   20      0.034828284640      2.329947619420     -2.355576788751
   12     -4.652484486368     -2.403563150042     -2.367493000240
   20     -0.024477136622      2.329381400302      2.358242457314
   20      2.349311880420      4.695712374278      2.352698637728
   12     -2.315589229961     -0.007506991385      2.323553761036
   12      2.294948962547      2.385660289268      4.671214701138
   20      4.662856827366      4.679541033616      4.672763832339
   20      0.006992258791      0.018593279628      4.719034258056
   20     -2.416471217245      2.370634884798      0.042727703214
   20     -0.040711331099      4.724395738890      0.035110858656
   20     -4.698184540294      0.072334712551      0.015659802384
   20      0.003977912633     -2.341963070525     -2.353767963996
   20      2.365802957803      0.006591549703     -2.354385412934
   20     -2.353933203534     -4.660095295960     -2.361051775528
   12      2.347686539579     -2.394627210050      0.002395368961
   12      4.693916716962     -0.039918864791      0.112813703416
   12      0.062935705021     -4.757543103262      0.053359532081
   12     -2.426071769863     -2.278734404763     -4.679165028111
   12     -0.079402348591      0.019250689884     -4.815437499493
   12     -4.675009026419     -4.554898127705     -4.700826898495
    8      0.004468665356     -0.005019707977     -2.380634396570
    8      2.347965280824      2.417346641306     -2.400290256813
    8     -2.411420461504     -2.345932492082     -2.363300644660
    8      2.421788362469     -0.077457974497      0.007732647343
    8      4.750805474760      2.254832481397      0.002181089427
    8      0.060904964103     -2.406905711735     -0.003856336267
    8      4.731877586736     -0.094430987625      2.245211152984
    8      7.133547672111      2.217455445323      2.253617053563
    8      2.431790441293     -2.439204762592      2.359716473195
    8     -0.008099008385      2.342904889529      0.022210897603
    8      2.339888262142      4.685426188432     -0.000693389566
    8     -2.353057126036      0.015314502199      0.026518953260
    8      2.347614175834      2.313755324902      2.357116164832
    8      4.705965391564      4.703993864939      2.337806967994
    8     -0.034597941442     -0.026876874674      2.334192412993
    8      4.617979503022      2.332541357034      4.644140761124
    8      7.085770742567      4.666146629985      4.690225730749
    8      2.337448382059     -0.002565168966      4.687354896134
    8     -0.070463751037      4.738719341474      2.334059777963
    8      2.378721395538      7.096747194179      2.339434188099
    8     -2.417149375308      2.338696026764      2.337255924660
    8      2.351874473305      4.586592360051      4.715821599131
    8      4.689801753213      6.992118723008      4.664500709221
    8      0.090936089132      2.332266207495      4.686229697881
    8      4.569687225510      4.767691327519      7.127994294055
    8      6.962582687278      7.102557433533      7.124389071054
    8      2.246413036011      2.445119490332      7.038344089899
    0    0
