   3   1   1 E -1.6031100333840E+04 DE 3.6E-10( 10)
  0.503687857974E-02  0.702825488379E+01  0.701299426387E+01
  0.698554819787E+01  0.226977959446E-02  0.700699422200E+01
  0.699075970485E+01  0.702354769597E+01  0.168966437900E-02
    1
  0.100000000000E+01  0.000000000000E+00  0.000000000000E+00
  0.000000000000E+00  0.100000000000E+01  0.000000000000E+00
  0.000000000000E+00  0.000000000000E+00  0.100000000000E+01
  0.000000000000E+00  0.000000000000E+00  0.000000000000E+00
   54
   20      0.009310230976      0.019808950800     -0.017475082090
   20      2.350812121337      2.334033861656     -0.049168328817
   20     -2.341518544740     -2.354707483253     -0.025703546421
   20      2.377528084806     -0.023691025920      2.361631646120
   20      4.662119677367      2.306708481138      2.343817579867
   20      0.015686287404     -2.338223978025      2.359514920806
   20     -2.343914137095     -0.006013594439     -2.345325953886
   20      0.007780806295      2.347166697732     -2.351063001511
   12     -4.589686789500     -2.364027044163     -2.358752730337
   20     -0.036229675452      2.374671030953      2.343787240788
   20      2.326942330085      4.702764865761      2.411685641185
   20     -2.357966696318      0.036513845303      2.397899670285
   12      2.399786129202      2.391595879282      4.704202565267
   12      4.584380842516      4.633633958124      4.702975089860
   20     -0.032904554817      0.000659527546      4.690423922404
   12     -2.342126779744      2.379510484579     -0.088395930040
   20     -0.064648257374      4.702109483428      0.000251306179
   20     -4.677751077721      0.015110174873     -0.017901637128
   20      0.015058817386     -2.340881219329     -2.364978377586
   12      2.366781743994     -0.006228177476     -2.322714053645
   12     -2.395361546391     -4.645224623681     -2.334152028680
   20      2.421797641446     -2.345389189791     -0.052349384049
   12      4.667535641360      0.016087622046     -0.019919846526
   20     -0.000342791576     -4.715366305448     -0.002061046310
   12     -2.316226677017     -2.375652768654     -4.652896575854
   12     -0.058075040566     -0.030574889142     -4.682155328678
   20     -4.615817702803     -4.681946049272     -4.637023565227
    8      0.082147621011      0.004037856560     -2.395464382374
    8      2.426816489603      2.379136689645     -2.337144628437
    8     -2.436825884120     -2.422341660184     -2.410534119331
    8      2.412647374061      0.010205066104     -0.082662158600
    8      4.657584305487      2.272677719654     -0.092099527014
    8      0.004049652766     -2.336628280362     -0.009586577122
    8      4.752821042122     -0.105455751432      2.258776979781
    8      6.986711514221      2.265871786836      2.335699861387
    8      2.402361410627     -2.344258845857      2.354404593304
    8     -0.082265093345      2.340067511467      0.013038500407
    8      2.341625404246      4.687234961292     -0.036545226089
    8     -2.330050354487      0.065320328985      0.004230497375
    8      2.341361941011      2.338092864513      2.412425081833
    8      4.672108201109      4.683574168588      2.427534947454
    8     -0.000321967744      0.006576415099      2.350945707886
    8      4.567836195947      2.417818288045      4.748791080685
    8      6.991756713813      4.680568156745      4.671431657598
    8      2.332288894374     -0.010703191208      4.673936996505
    8     -0.097748227436      4.785509372050      2.346828725776
    8      2.247015002848      7.028526237452      2.436912550838
    8     -2.324570140433      2.451321370113      2.383477300349
    8      2.439585169389      4.643965434040      4.674952464651
    8      4.534240492887      7.036393844253      4.769042921832
    8      0.003003563658      2.354376283504      4.682779896367
    8      4.662450005679      4.621364316640      6.929851348551
    8      6.874696689884      7.024145457242      7.066387138066
    8      2.421775415635      2.333480702694      6.925986878433
    0    0
