   3   1   1 E -1.6031088392577E+04 DE-1.0E-09( 11)
  0.118660334230E-01  0.691548902522E+01  0.702611990374E+01
  0.704298879699E+01 -0.259126633355E-01  0.706837389113E+01
  0.702985687296E+01  0.695284124936E+01 -0.194295305807E-01
    1
  0.100000000000E+01  0.000000000000E+00  0.000000000000E+00
  0.000000000000E+00  0.100000000000E+01  0.000000000000E+00
  0.000000000000E+00  0.000000000000E+00  0.100000000000E+01
  0.000000000000E+00  0.000000000000E+00  0.000000000000E+00
   54
   20      0.018689563278     -0.012660607883     -0.014444801789
   20      2.387414617239      2.310740416057     -0.029376516011
   20     -2.334662740616     -2.369844681232     -0.024842655035
   20      2.355331089140     -0.048478950264      2.355058637050
   20      4.729041231161      2.277108493598      2.338364740014
   20      0.026777112733     -2.331819978731      2.367786398893
   20     -2.354494726620     -0.003848150543     -2.333681273046
   20      0.007522107989      2.367824430950     -2.360544589483
   12     -4.600763141906     -2.350188513591     -2.310083828357
   20     -0.032348279546      2.292014112001      2.350563831693
   20      2.358011879609      4.645726236688      2.360768177670
   20     -2.312279040671      0.010717977768      2.380398952846
   20      2.344979766060      2.310544183868      4.753677838033
   12      4.616544180749      4.623627262129      4.768847276064
   12     -0.067863217296     -0.025872838018      4.686188387851
   12     -2.392443457609      2.427343560277     -0.088403124540
   20     -0.054560823869      4.701253744212     -0.029719847945
   20     -4.728230970935      0.046930078739     -0.022550943436
   20     -0.005539595172     -2.341754848063     -2.299632011418
   20      2.408182934848      0.016844750633     -2.320945354484
   12     -2.370974261568     -4.790391004555     -2.262342784909
   12      2.396930958483     -2.380838594080     -0.040677992982
   12      4.725288299123      0.065148266721     -0.089479438757
   12     -0.091124622546     -4.735067957405     -0.006860553819
   20     -2.374301999137     -2.305629131283     -4.737421406565
   12     -0.070957257301      0.074721594495     -4.671478890291
   20     -4.680403015545     -4.578100810323     -4.702797741621
    8     -0.003948221950      0.013954608516     -2.366921006019
    8      2.423812177738      2.409481218104     -2.346999322191
    8     -2.400211768122     -2.390158648525     -2.356348078867
    8      2.421240647805     -0.063429281024     -0.025656452955
    8      4.758857905778      2.188346871188     -0.069892300623
    8      0.059570829933     -2.396611316447     -0.000541990828
    8      4.744919719690     -0.018693446411      2.319758384963
    8      7.036368747584      2.252559328688      2.311087987560
    8      2.353119597051     -2.327908384580      2.358577922268
    8     -0.036434854203      2.340806535928     -0.032474180833
    8      2.341667068990      4.645706526873     -0.036489985021
    8     -2.342597699090      0.032279963857     -0.005504659329
    8      2.351363913701      2.293739377915      2.349413955825
    8      4.702484075639      4.619542395752      2.368843308970
    8      0.005203064875     -0.016676305408      2.375262941712
    8      4.697829197938      2.368618375103      4.746422105540
    8      7.042558567580      4.732818822084      4.708231745762
    8      2.280784650279     -0.083528140752      4.732643281085
    8     -0.015869255055      4.668151542009      2.341731039288
    8      2.321030090637      6.964287514053      2.320788304892
    8     -2.335543828584      2.311247456987      2.326328114566
    8      2.432804198237      4.619951940754      4.744477702066
    8      4.837222714120      6.964669584474      4.808790601883
    8     -0.092416074389      2.189487757257      4.764838848353
    8      4.597984589593      4.596171406930      6.900433853301
    8      6.921209888131      7.095052952122      7.026460441143
    8      2.374426131202      2.384961553028      7.058156141144
    0    0
