   3   1   1 E -1.6031098709772E+04 DE 2.1E-09(  8)
  0.204426147389E-01  0.699667523263E+01  0.700005899557E+01
  0.700931675083E+01 -0.922067488713E-03  0.701242983740E+01
  0.701410327135E+01  0.700834766766E+01  0.400026083065E-03
    1
  0.100000000000E+01  0.000000000000E+00  0.000000000000E+00
  0.000000000000E+00  0.100000000000E+01  0.000000000000E+00
  0.000000000000E+00  0.000000000000E+00  0.100000000000E+01
  0.000000000000E+00  0.000000000000E+00  0.000000000000E+00
   54
   20      0.031232042376     -0.022790862988     -0.004331429741
   20      2.345441339963      2.305818934471     -0.042250626996
   20     -2.344165983353     -2.348791586873     -0.004300318739
   20      2.374569374467     -0.033000925986      2.299951310419
   20      4.707693985909      2.281790460871      2.297923750686
   20      0.016658681211     -2.351590695717      2.334556266503
   20     -2.338693926221     -0.010006184458     -2.359296472937
   20      0.021735638178      2.327944880700     -2.330881619106
   20     -4.691633264559     -2.304372345089     -2.329335375099
   20     -0.027612872077      2.353546989263      2.312349850843
   20      2.300124317803      4.713680904132      2.322376931222
   20     -2.361871751546      0.003332464867      2.370709977075
   20      2.313286362875      2.319676891054      4.728042994521
   20      4.680354175382      4.723798477669      4.707267817173
   12      0.070560096263      0.011086821019      4.764429257145
   20     -2.368894590049      2.394696390967      0.010785837876
   12      0.041735904096      4.755531388165      0.072565876280
   12     -4.794456698403     -0.007502739170      0.012752662435
   20      0.004527599599     -2.324482605773     -2.361266543908
   12      2.314566282664     -0.010438254390     -2.242645122966
   20     -2.319545713086     -4.707483557090     -2.296555622257
   12      2.314124349683     -2.266017484363      0.010725545175
   12      4.692641569345     -0.030502379117      0.016064035701
   12      0.024390977299     -4.758885273829     -0.008737697767
   12     -2.320643252752     -2.248620367227     -4.757442244959
   12      0.021570726797      0.033704056415     -4.724094290157
   20     -4.697625318691     -4.684782634298     -4.723158536174
    8      0.055488225763     -0.000344744260     -2.384109303746
    8      2.339558365667      2.254084717638     -2.338048461056
    8     -2.344281657218     -2.335001130277     -2.384647948422
    8      2.416814128734     -0.100071066177     -0.072045310578
    8      4.756481899122      2.240712939753      0.001500140662
    8      0.065780662655     -2.400573505732     -0.000395965116
    8      4.778762891314     -0.088390316223      2.250518489498
    8      7.001768392198      2.247968923704      2.248513272743
    8      2.431778040972     -2.328996323291      2.272479348738
    8      0.009368062872      2.384229080163     -0.011443440565
    8      2.246494968774      4.742322051961     -0.005589653268
    8     -2.394485636997     -0.000874045241      0.012722845049
    8      2.340720184098      2.325408465498      2.321568971371
    8      4.670370749626      4.665696420359      2.336902696453
    8      0.022255422394     -0.003562948599      2.385666055412
    8      4.682108990237      2.337037665723      4.704226932784
    8      7.012370632346      4.766936669911      4.730971151466
    8      2.261936215525      0.002759420983      4.745199068780
    8     -0.066020179752      4.760282748162      2.236152809570
    8      2.243806206972      6.991247941269      2.318492004501
    8     -2.336124102627      2.387144213900      2.307928636280
    8      2.344534592020      4.750944429145      4.737602017999
    8      4.652402078738      6.999698698907      4.716888219973
    8      0.007308349691      2.226411612083      4.753211311482
    8      4.699242554501      4.786403456986      7.087039680736
    8      7.051849084311      6.959320080664      7.011950730897
    8      2.237022691015      2.332317527394      6.998539351857
    0    0
