   3   1   1 E -1.6031090772188E+04 DE 4.0E-09(  9)
  0.369890651793E-01  0.696783019299E+01  0.700828938903E+01
  0.705068745612E+01 -0.825913196762E-02  0.704481543897E+01
  0.705696889926E+01  0.700513119697E+01 -0.862278106728E-02
    1
  0.100000000000E+01  0.000000000000E+00  0.000000000000E+00
  0.000000000000E+00  0.100000000000E+01  0.000000000000E+00
  0.000000000000E+00  0.000000000000E+00  0.100000000000E+01
  0.000000000000E+00  0.000000000000E+00  0.000000000000E+00
   54
   20      0.024167778397     -0.057057885780     -0.024700291821
   20      2.395975829039      2.335010365193     -0.034475508158
   20     -2.339112851077     -2.382630348446     -0.067363532344
   20      2.393798815114     -0.070843640635      2.360642036984
   20      4.719655975120      2.309943963309      2.325764562490
   20      0.030048234862     -2.360362943719      2.343035319449
   20     -2.372182657861     -0.077858560093     -2.380199896858
   20      0.000300424573      2.379960244961     -2.348722555133
   12     -4.692303185039     -2.358505735510     -2.350769100453
   20     -0.022410672471      2.366372479552      2.379876279204
   20      2.356181179619      4.677648602013      2.324551235361
   20     -2.346871762843     -0.006414906126      2.371978914592
   20      2.323288518969      2.347470812121      4.744050041799
   12      4.672639130925      4.690166255078      4.717970596529
   20     -0.009815917577      0.003623795324      4.766642445262
   20     -2.402016749460      2.377980281228     -0.024898330065
   20     -0.026061314783      4.724903523902     -0.016269985051
   12     -4.669770692740     -0.011709759955     -0.044742720996
   12     -0.039272058204     -2.373958972780     -2.273576531413
   20      2.387896143599     -0.021077526062     -2.286467170795
   12     -2.406488353521     -4.637825882323     -2.312403960251
   12      2.484685646722     -2.360715687605     -0.041875341101
   12      4.622443033132     -0.003683686255     -0.048171909349
   12      0.007245546268     -4.675002519700     -0.039345887122
   12     -2.297813280737     -2.280237618893     -4.654326503088
   20     -0.024853086562      0.012690096850     -4.716455001066
   20     -4.695638701736     -4.609036967309     -4.695778942205
    8      0.000161446132     -0.065615652314     -2.350367733779
    8      2.428769590830      2.437329132016     -2.343983821448
    8     -2.353491088347     -2.436109217331     -2.437972075289
    8      2.421539529146     -0.088309401218      0.013320340441
    8      4.753829322007      2.245555663508     -0.097304167292
    8      0.066794569776     -2.432190627376     -0.080807832736
    8      4.686832929604     -0.083963364880      2.280551969581
    8      7.046945856089      2.345180179412      2.304738081622
    8      2.428703986269     -2.339344677265      2.373943854355
    8     -0.010233962624      2.352948156968     -0.023658950478
    8      2.356731829191      4.737622545230     -0.078402951367
    8     -2.386789559276     -0.026813297747     -0.021881760797
    8      2.355532105730      2.329953069816      2.347966189167
    8      4.704977111622      4.656887285175      2.347318191800
    8      0.004028526926     -0.019126393305      2.360982157391
    8      4.693721625842      2.383121914432      4.712658024827
    8      7.024570892540      4.676076726185      4.703912247999
    8      2.356322775769     -0.090432745276      4.762292886334
    8     -0.071961313167      4.658434586663      2.354547316484
    8      2.383935494235      6.983799640692      2.293666848399
    8     -2.324809117379      2.417383859509      2.400707546322
    8      2.405674145758      4.643254012038      4.772924787340
    8      4.729555245078      6.955555955311      4.784841269645
    8     -0.094471026477      2.452575430042      4.779301165938
    8      4.605133498982      4.782788447415      7.024784447172
    8      7.086838681630      7.087552884455      7.014149621679
    8      2.278346324871      2.338198270460      7.027973293506
    0    0
