   3   1   1 E -1.6031079760349E+04 DE-8.3E-09(  9)
  0.529400501777E-01  0.692893571285E+01  0.701674218121E+01
  0.696965867745E+01  0.997151301553E-02  0.706505780337E+01
  0.695042669537E+01  0.696599429619E+01  0.200994462813E-01
    1
  0.100000000000E+01  0.000000000000E+00  0.000000000000E+00
  0.000000000000E+00  0.100000000000E+01  0.000000000000E+00
  0.000000000000E+00  0.000000000000E+00  0.100000000000E+01
  0.000000000000E+00  0.000000000000E+00  0.000000000000E+00
   54
   20      0.036572535426     -0.025938718546     -0.020202754732
   20      2.384125043775      2.286322752184     -0.046635663383
   20     -2.302638238207     -2.364251857115     -0.035694197946
   20      2.340912375823     -0.048292893969      2.347695355040
   20      4.681622239595      2.288089092158      2.366912075057
   20      0.050347481971     -2.330982776063      2.347770354989
   20     -2.342816005830     -0.023456475310     -2.327231018357
   20      0.043831938850      2.304567740580     -2.352536911469
   12     -4.609890656188     -2.366643732380     -2.368983512950
   20     -0.014160192397      2.280777755336      2.333109827808
   20      2.303451969999      4.655986524560      2.361310110047
   20     -2.299159080039      0.018566711466      2.347854296304
   20      2.296677588230      2.302598977677      4.748229328187
   20      4.636132948149      4.695285019258      4.760249500161
   12      0.047534122062      0.004093591842      4.704203503796
   12     -2.346610535712      2.311803163519     -0.013005396767
   20     -0.025733187777      4.684284414552     -0.022882059832
   20     -4.690511378952      0.016275430457     -0.037284400106
   20     -0.037351397914     -2.344489161210     -2.308429837399
   12      2.356121540015      0.020285437015     -2.325393895680
   12     -2.199546262235     -4.576358708357     -2.268161557683
   12      2.341566444714     -2.306141521510     -0.011419446330
   12      4.678218641526      0.122791716258     -0.030280630903
   12     -0.114849220338     -4.649494041394     -0.031167465451
   20     -2.365866291961     -2.330038294280     -4.721121172238
   12     -0.063787007057      0.088691979583     -4.650374615740
   20     -4.660834129107     -4.636239716455     -4.703337194073
    8      0.008642635538     -0.010378483635     -2.356003878536
    8      2.414751894506      2.304560162390     -2.360153596506
    8     -2.388815089928     -2.389562120200     -2.350321500421
    8      2.421944871608     -0.071296568394     -0.074488076142
    8      4.754006150907      2.271358380586     -0.027092378103
    8      0.062004265064     -2.385552667094     -0.012279171354
    8      4.667090481565      0.002095895190      2.349265245546
    8      6.958471742125      2.274379305884      2.344172127120
    8      2.331340221054     -2.328057996584      2.350504684463
    8     -0.009126221957      2.302864188544     -0.039005249173
    8      2.308068784817      4.644961246837     -0.039505882156
    8     -2.321273385624      0.013103485047     -0.013103018650
    8      2.330202474664      2.292627705039      2.354126097043
    8      4.656302118392      4.647956342712      2.362717162249
    8      0.032514881499     -0.018432584174      2.359146281606
    8      4.651859152425      2.321913143025      4.749650304322
    8      7.031166349588      4.723608581167      4.719980724662
    8      2.255085925151     -0.052900768242      4.720364934722
    8     -0.007211695597      4.663040220418      2.335852404565
    8      2.277345811977      6.951839741627      2.363078036112
    8     -2.312389685731      2.284919779357      2.305610660555
    8      2.310840019235      4.684696356023      4.755439119908
    8      4.671602306452      7.074025432776      4.798572226735
    8     -0.070269439217      2.180067588760      4.734520580619
    8      4.583868825085      4.642774361790      7.042531508297
    8      6.819483506591      7.090646375362      6.999816142333
    8      2.317746216891      2.378707335181      7.041959328681
    0    0
