   3   1   1 E -1.6031069865291E+04 DE-2.2E-10( 11)
  0.253053404256E-01  0.687819196902E+01  0.697653173203E+01
  0.697181290394E+01 -0.834915312015E-02  0.701512423703E+01
  0.698792713140E+01  0.694057253025E+01 -0.329453066342E-01
    1
  0.100000000000E+01  0.000000000000E+00  0.000000000000E+00
  0.000000000000E+00  0.100000000000E+01  0.000000000000E+00
  0.000000000000E+00  0.000000000000E+00  0.100000000000E+01
  0.000000000000E+00  0.000000000000E+00  0.000000000000E+00
   54
   20      0.021643520972     -0.018154391375     -0.014651820771
   20      2.364797834798      2.275436034763     -0.042241924911
   20     -2.320331936622     -2.347101470685     -0.013057656938
   20      2.336071321992     -0.033672766333      2.334288165625
   20      4.680729881076      2.278714262888      2.331216654828
   20      0.024058279299     -2.322056502735      2.350084635098
   20     -2.325919520472     -0.006794711357     -2.325520107909
   20      0.038792441717      2.310607487344     -2.347160046082
   12     -4.579216896493     -2.340188807757     -2.326682625022
   20     -0.001633202213      2.287401555464      2.321814013172
   20      2.328268790229      4.635827996655      2.322707169378
   20     -2.308715254831      0.020557209639      2.346342337406
   20      2.319199868419      2.299050058166      4.696778767664
   20      4.659062264570      4.664724881363      4.690797940905
   12      0.050276206165      0.009467913554      4.698055723131
   12     -2.285292505691      2.341825865862      0.013005560374
   20     -0.002508561113      4.661237729864     -0.031990499068
   20     -4.676742884161      0.020585214584     -0.013283026629
   20     -0.012694559233     -2.303709447359     -2.310480252041
   12      2.246434574231     -0.047827116405     -2.355802407810
   12     -2.405355334764     -4.786657740441     -2.278016363923
   12      2.280845564959     -2.274538530585     -0.006694332075
   12      4.661961557516      0.093030372784     -0.025273696683
   12     -0.112981120239     -4.730185330846      0.014783646484
   20     -2.344087744553     -2.291802530693     -4.683673867469
   12     -0.024290594224      0.059642035494     -4.653517236912
   20     -4.656791033684     -4.598477323283     -4.654166379803
    8      0.012298032999     -0.001668393748     -2.342859900347
    8      2.392938136850      2.302522826128     -2.359074110162
    8     -2.358436435058     -2.347826587594     -2.336512274695
    8      2.360894523531     -0.067159536042     -0.056669354261
    8      4.697556428569      2.219115289050     -0.040691638909
    8      0.033139204885     -2.353226664311     -0.001561039370
    8      4.666129039955     -0.001368243407      2.330312916681
    8      6.980034716187      2.270601031864      2.315945025502
    8      2.327001727854     -2.313410018065      2.345121503076
    8      0.003002333721      2.305876571681     -0.031488042827
    8      2.329531264508      4.627982029100     -0.048823688710
    8     -2.320571037059      0.011009612540     -0.005362593979
    8      2.337183637945      2.287887003563      2.329856197241
    8      4.672790660765      4.628220878423      2.319599267023
    8      0.023091184692     -0.010120172075      2.347519328692
    8      4.669102865500      2.314750500037      4.695695674289
    8      7.025828968977      4.674619974180      4.665178358556
    8      2.289072846761     -0.033227458323      4.683394645567
    8      0.003933653883      4.635785652818      2.311959014860
    8      2.320809076963      6.940821328850      2.313096235914
    8     -2.316980876014      2.287144106730      2.310198804783
    8      2.328661389457      4.651495406950      4.694205747172
    8      4.696331067765      7.041498272071      4.711012184018
    8     -0.033751041344      2.222381646545      4.687345534050
    8      4.618559050350      4.622729954647      6.985109787767
    8      6.897454614436      7.034212223153      6.946988022966
    8      2.321518196224      2.339279874348      7.007040005994
    0    0
