   3   1   1 E -1.6031034513600E+04 DE-3.5E-11(  2)
  0.453120623045E-02  0.703369822483E+01  0.702636648197E+01
  0.703303621611E+01 -0.309255495359E-02  0.702695649967E+01
  0.703462649774E+01  0.703071010925E+01  0.710524211586E-03
    1
  0.100000000000E+01  0.000000000000E+00  0.000000000000E+00
  0.000000000000E+00  0.100000000000E+01  0.000000000000E+00
  0.000000000000E+00  0.000000000000E+00  0.100000000000E+01
  0.000000000000E+00  0.000000000000E+00  0.000000000000E+00
   54
   20      0.000000000000      0.000000000000      0.000000000000
   20      2.344875499248      2.343570036416      0.000236841404
   20     -2.344875499248     -2.343570036416     -0.000236841404
   20      2.344345405370     -0.001030851651      2.342318833222
   20      4.689220904618      2.342539184764      2.342555674626
   20     -0.000530093878     -2.344600888067      2.342081991818
   20     -2.344345405370      0.001030851651     -2.342318833222
   12      0.000530093878      2.344600888067     -2.342081991818
   12     -4.689220904618     -2.342539184764     -2.342555674626
   20      0.001510402077      2.344566074943      2.342122160658
   12      2.346385901325      4.688136111359      2.342359002062
   20     -2.343365097171      0.000996038527      2.341885319254
   12      2.345855807447      2.343535223292      4.684440993880
   20      4.690731306695      4.687105259707      4.684677835284
   12      0.000980308199     -0.000034813124      4.684204152476
   20     -2.342835003293      2.345596926594     -0.000196672564
   20      0.002040495955      4.689166963010      0.000040168840
   20     -4.687710502541      0.002026890179     -0.000433513968
   12     -0.001510402077     -2.344566074943     -2.342122160658
   12      2.343365097171     -0.000996038527     -2.341885319254
   20     -2.346385901325     -4.688136111359     -2.342359002062
   12      2.342835003293     -2.345596926594      0.000196672564
   20      4.687710502541     -0.002026890179      0.000433513968
   20     -0.002040495955     -4.689166963010     -0.000040168840
   12     -2.345855807447     -2.343535223292     -4.684440993880
   20     -0.000980308199      0.000034813124     -4.684204152476
   20     -4.690731306695     -4.687105259707     -4.684677835284
    8     -0.000490154099      0.000017406562     -2.342102076238
    8      2.344385345148      2.343587442977     -2.341865234834
    8     -2.345365653348     -2.343552629854     -2.342338917642
    8      2.343855251271     -0.001013445089      0.000216756984
    8      4.688730750518      2.342556591325      0.000453598388
    8     -0.001020247977     -2.344583481505     -0.000020084420
    8      4.688200656642     -0.002044296740      2.342535590207
    8      7.033076155887      2.341525739673      2.342772431609
    8      2.343325157395     -2.345614333156      2.342298748804
    8      0.001020247977      2.344583481505      0.000020084420
    8      2.345895747226      4.688153517921      0.000256925824
    8     -2.343855251271      0.001013445089     -0.000216756984
    8      2.345365653348      2.343552629854      2.342338917642
    8      4.690241152596      4.687122666269      2.342575759046
    8      0.000490154099     -0.000017406562      2.342102076238
    8      4.689711058718      2.342521778203      4.684657750864
    8      7.034586557963      4.686091814617      4.684894592266
    8      2.344835559470     -0.001048258213      4.684420909461
    8      0.002530650054      4.689149556447      2.342142245077
    8      2.347406149303      7.032719592866      2.342379086482
    8     -2.342344849194      2.345579520030      2.341905403672
    8      2.346876055424      4.688118704797      4.684461078300
    8      4.691751554673      7.031688741214      4.684697919705
    8      0.002000556176      2.344548668380      4.684224236895
    8      4.691221460794      4.687087853147      7.026779911522
    8      7.036096960040      7.030657889563      7.027016752926
    8      2.346345961547      2.343517816730      7.026543070118
    0    0
