   3   1   1 E -1.6031083642285E+04 DE 6.3E-09(  9)
  0.364868805523E-01  0.694393469758E+01  0.691800268701E+01
  0.700654515400E+01 -0.343163293939E-01  0.698068331649E+01
  0.700666260520E+01  0.700154266985E+01 -0.285448498602E-01
    1
  0.100000000000E+01  0.000000000000E+00  0.000000000000E+00
  0.000000000000E+00  0.100000000000E+01  0.000000000000E+00
  0.000000000000E+00  0.000000000000E+00  0.100000000000E+01
  0.000000000000E+00  0.000000000000E+00  0.000000000000E+00
   54
   20     -0.004763308304      0.017811546131     -0.014108174997
   20      2.353536241462      2.307155315327     -0.042483914063
   20     -2.336385012525     -2.336336705137      0.009922823689
   20      2.383583533924     -0.035155940756      2.335520780609
   20      4.712917669645      2.248244119619      2.278015745195
   20      0.008618717264     -2.358129249415      2.323812791371
   20     -2.324199768409      0.000901143928     -2.329630152571
   20      0.012890085815      2.329055941944     -2.336011162216
   12     -4.632710200168     -2.332882068953     -2.386126700247
   20     -0.025330345268      2.316314990408      2.313314186891
   20      2.340674967482      4.682813066743      2.344784546814
   12     -2.355835951723     -0.036212169057      2.322331397139
   12      2.356469700534      2.249861905038      4.745831819704
   20      4.633182462504      4.656742930568      4.636711882475
   20     -0.015130759211     -0.000759518030      4.668265605091
   12     -2.327435288883      2.343641637259      0.065357148995
   20     -0.048306186238      4.712986302868      0.022196202272
   20     -4.650456392177      0.047053334242      0.016278762250
   20     -0.005335835785     -2.304772663458     -2.342175431715
   12      2.361068266260     -0.016168474273     -2.268769692743
   20     -2.386747933102     -4.683261673629     -2.326543414235
   20      2.350055612801     -2.336801106255     -0.027885774847
   12      4.662795846030      0.075570947680      0.066748607911
   12     -0.054148281758     -4.738508088873     -0.082779619609
   12     -2.335090534330     -2.165880093321     -4.702506990597
   12     -0.075538493624     -0.017853005328     -4.727316860396
   20     -4.675453300330     -4.649316106555     -4.621885127744
    8      0.089032412105      0.024366570794     -2.368593459105
    8      2.321476688724      2.339806251008     -2.349866340074
    8     -2.375155609416     -2.326285438556     -2.321376609222
    8      2.400653918746      0.014570693997     -0.052216492720
    8      4.733613069359      2.238787009006     -0.036999974225
    8      0.002384451813     -2.379663918238     -0.000543154645
    8      4.790408837507     -0.141942748948      2.232299223696
    8      7.011975032724      2.220151795587      2.253250422386
    8      2.382635045965     -2.326009021322      2.338239160165
    8     -0.055113817650      2.337131452668     -0.012319881898
    8      2.327492918373      4.687441084123     -0.049102630508
    8     -2.320702765318      0.082030191368      0.073971350203
    8      2.341912878092      2.297826300922      2.347278009173
    8      4.668774835478      4.687543272787      2.313700751640
    8     -0.039496130405     -0.013353393224      2.329271061001
    8      4.624199203722      2.276587857978      4.680560290285
    8      7.048123214249      4.662731115759      4.640710010787
    8      2.348877708634     -0.023613908453      4.663506692353
    8     -0.075244366113      4.739210178682      2.302043111511
    8      2.405935752507      6.990965048068      2.371359082003
    8     -2.325883254473      2.290669980665      2.199952522245
    8      2.345936982168      4.634650041885      4.602966040171
    8      4.626027374241      6.960677944319      4.598862761213
    8      0.090290058363      2.304873794927      4.718177826415
    8      4.677963425287      4.662284980899      7.032179412441
    8      6.889844737063      7.107454537543      7.063058804986
    8      2.364737765249      2.275216678230      6.904397916622
    0    0
