   3   1   1 E -1.6031090235692E+04 DE 6.2E-10( 11)
  0.302857786082E-01  0.697113236767E+01  0.698505344766E+01
  0.702392158457E+01 -0.212370554415E-02  0.700937045207E+01
  0.703581908706E+01  0.700119722254E+01 -0.750492413997E-02
    1
  0.100000000000E+01  0.000000000000E+00  0.000000000000E+00
  0.000000000000E+00  0.100000000000E+01  0.000000000000E+00
  0.000000000000E+00  0.000000000000E+00  0.100000000000E+01
  0.000000000000E+00  0.000000000000E+00  0.000000000000E+00
   54
   20     -0.016220104341     -0.014882247145     -0.034455681258
   20      2.370290161196      2.325401241134     -0.037184029447
   20     -2.346922010704     -2.373821588120     -0.066441058975
   20      2.370642910099     -0.056273303077      2.346100501851
   20      4.710911988058      2.294612397248      2.316460447958
   20      0.002841411925     -2.376040718571      2.357238117803
   20     -2.310662493316     -0.064545584254     -2.388960138989
   20      0.014084079602      2.337683858501     -2.369036830823
   12     -4.662853567987     -2.421647703016     -2.440727844601
   20     -0.063293701835      2.379339513699      2.381245532066
   20      2.330274899767      4.686761411639      2.337472075326
   20     -2.363462802008      0.035373667585      2.369710500525
   20      2.380225427003      2.348368742971      4.688217466860
   12      4.691363270434      4.614710119580      4.730791549448
   20     -0.038972508964     -0.025975098962      4.696201740036
   12     -2.340482382805      2.382143612698     -0.003402988982
   20     -0.050936212174      4.669646429253      0.002260990914
   20     -4.682567917109      0.006961366794     -0.005819207175
   12     -0.028748969781     -2.261007127336     -2.298323533128
   20      2.359149848523      0.019964651812     -2.353775517025
   12     -2.371867992968     -4.537700083927     -2.291484900656
   20      2.396727194730     -2.349063992880      0.020534251211
   12      4.722489272323      0.005272805981      0.016053093405
   20     -0.022592867673     -4.677625999573      0.007624903461
   12     -2.363429987144     -2.324055014727     -4.590838690996
   12     -0.018722831383      0.062870444049     -4.665048934444
   12     -4.632766287548     -4.581844071381     -4.630241762756
    8      0.012221110276     -0.074736581474     -2.422376292979
    8      2.421199547954      2.429848854431     -2.401771406949
    8     -2.308094572681     -2.478446631162     -2.474069712358
    8      2.389596779718     -0.010764321785     -0.007842869511
    8      4.689582664639      2.268669909623     -0.069508214578
    8      0.009784920394     -2.356605396904     -0.021618201846
    8      4.769551669196     -0.089394529427      2.282525535084
    8      7.080889956939      2.283679909643      2.335685216345
    8      2.425262645703     -2.410417344807      2.434105736499
    8     -0.059417406238      2.332621523949     -0.008831119177
    8      2.329417681810      4.661986756766     -0.060454763270
    8     -2.337364191736      0.020716918789     -0.029742438001
    8      2.355069053503      2.330355085786      2.343196976382
    8      4.678385694431      4.655569751466      2.343076977697
    8     -0.019268640645     -0.005438442701      2.366167099211
    8      4.708224168175      2.370382902317      4.698740121953
    8      7.010982372078      4.633912991961      4.664497116910
    8      2.348625115430     -0.068938101202      4.667682280487
    8     -0.106148573113      4.756181282893      2.396006608448
    8      2.312511884394      7.054868796031      2.329750950022
    8     -2.458324460760      2.462346197254      2.359288280703
    8      2.388788541202      4.654864253857      4.661883551812
    8      4.695318366338      6.998310480132      4.724912310052
    8     -0.065910805624      2.401624166108      4.679304673434
    8      4.710847935539      4.633667455279      6.989161793352
    8      6.959899114317      6.984159155193      7.028824260371
    8      2.428990628908      2.322273708996      7.038370868423
    0    0
