   3   1   1 E -1.6031102331086E+04 DE 9.0E-10( 10)
  0.765145115456E-02  0.701657434367E+01  0.700777323423E+01
  0.701346092968E+01  0.598030262028E-02  0.700270548855E+01
  0.701541443604E+01  0.700699535219E+01  0.103764877921E-01
    1
  0.100000000000E+01  0.000000000000E+00  0.000000000000E+00
  0.000000000000E+00  0.100000000000E+01  0.000000000000E+00
  0.000000000000E+00  0.000000000000E+00  0.100000000000E+01
  0.000000000000E+00  0.000000000000E+00  0.000000000000E+00
   54
   20      0.005558080207     -0.011053571776     -0.001027438264
   20      2.351915021504      2.322799141396     -0.041053231142
   20     -2.331941601068     -2.337915215281     -0.029310154776
   20      2.356316780697     -0.000879249491      2.378677503217
   20      4.681413311751      2.349075709569      2.362445752733
   20     -0.023778551592     -2.325670523180      2.325150032403
   20     -2.349942644789     -0.010832613252     -2.318888484152
   20      0.007655709534      2.361820299023     -2.328034961076
   12     -4.682802868052     -2.317492085829     -2.362397781775
   20     -0.015595988339      2.342080071455      2.361014431302
   20      2.349520042301      4.690759476746      2.397961584550
   12     -2.417380850044     -0.014825821031      2.331399165766
   12      2.311068940648      2.432831090020      4.748625151027
   12      4.611724092391      4.710875094569      4.721251370067
   20     -0.031315991725      0.023615381591      4.681858481811
   12     -2.308727115394      2.234610288432     -0.044717970208
   20     -0.044381028739      4.689236016475     -0.031891108718
   20     -4.662733749834      0.038580979251     -0.021147243499
   12      0.083497924919     -2.391315987016     -2.298588911633
   12      2.410268118709     -0.089532797423     -2.346571749059
   20     -2.343534638909     -4.701841201244     -2.324846668558
   20      2.361052844608     -2.353970088722     -0.079192011490
   12      4.646438052085     -0.011446741537      0.011589289659
   12     -0.024140668125     -4.660106458275     -0.076385110106
   20     -2.348573223314     -2.352795257223     -4.703025455241
   20      0.020559015882     -0.009707498521     -4.656545704415
   20     -4.663582473774     -4.690813107892     -4.683017897474
    8      0.094734174851     -0.099818540925     -2.317453368271
    8      2.339340230261      2.360050505167     -2.339212615452
    8     -2.370043852210     -2.350190734250     -2.360025024522
    8      2.449785488303      0.005609194031     -0.063537023055
    8      4.769184330940      2.250938898137      0.000289280720
    8     -0.005926738882     -2.419916120136     -0.115466872328
    8      4.699982553429      0.001461415173      2.314120258993
    8      7.012961572376      2.344972604340      2.282988679578
    8      2.318045960649     -2.335612063902      2.371326768798
    8     -0.063111375270      2.334384983391      0.011126998075
    8      2.331839550570      4.677260706748     -0.067635106729
    8     -2.337454482854      0.075685926924      0.066970306443
    8      2.341701834619      2.340298283249      2.419432128201
    8      4.671429695979      4.767243580370      2.405458736621
    8     -0.060361630875      0.008772035104      2.368766009155
    8      4.570311929754      2.437077888843      4.796657234160
    8      7.033116875751      4.687769650380      4.669152816503
    8      2.332266571104     -0.029922799532      4.667490923090
    8      0.016184290365      4.671322642022      2.395348855585
    8      2.454651395151      7.010787310579      2.438613023917
    8     -2.332172887573      2.236714583046      2.251336717713
    8      2.329476599547      4.683788700834      4.670116693048
    8      4.570710048319      6.911653398685      4.687267789779
    8      0.104030720001      2.466975189953      4.767285173508
    8      4.681818670567      4.711720790971      6.896599759024
    8      6.924440364003      7.121214240581      7.002702442370
    8      2.338872245525      2.346647392515      6.900796981700
    0    0
