   3   1   1 E -1.6031093737979E+04 DE-5.4E-10( 11)
  0.138725442143E-01  0.702459368682E+01  0.699772332547E+01
  0.704515211140E+01 -0.712492341217E-02  0.701080471142E+01
  0.704476919610E+01  0.703127273565E+01 -0.847362763776E-03
    1
  0.100000000000E+01  0.000000000000E+00  0.000000000000E+00
  0.000000000000E+00  0.100000000000E+01  0.000000000000E+00
  0.000000000000E+00  0.000000000000E+00  0.100000000000E+01
  0.000000000000E+00  0.000000000000E+00  0.000000000000E+00
   54
   20      0.032997490296     -0.042495018259     -0.051163797437
   20      2.391771133059      2.327395907092     -0.058323128583
   20     -2.320613538394     -2.390370511229     -0.047225632069
   20      2.353402052220     -0.031560605431      2.324668358246
   20      4.721535515181      2.334019641668      2.337327312354
   20      0.027466782380     -2.363790287671      2.333735718685
   20     -2.360383410292     -0.025533846221     -2.309416542441
   20      0.025873821733      2.361730163992     -2.321290988394
   12     -4.707321953452     -2.300211169439     -2.320908189922
   20     -0.033517615658      2.351778047463      2.352215424471
   20      2.361443042163      4.698447380603      2.383899623151
   20     -2.358261050798      0.003043434169      2.371845478406
   20      2.350045919514      2.406500237463      4.729431197492
   12      4.653403101802      4.659351485163      4.757434943561
   20     -0.062848901430      0.014760104491      4.713196819888
   12     -2.322314675181      2.355936938710     -0.076598612101
   20     -0.036364417228      4.692902151128     -0.023291221474
   20     -4.704866995178      0.031326632807     -0.015187180853
   12      0.043987204708     -2.452877546388     -2.306583467005
   12      2.384509235466     -0.058661858122     -2.303852264069
   12     -2.321464202757     -4.586060914395     -2.314065124712
   12      2.330149328237     -2.332769907567     -0.095974469215
   12      4.674182270601      0.075495929914     -0.097715792875
   12     -0.079397516526     -4.662743813225     -0.080313688194
   20     -2.382823883290     -2.363480502027     -4.705650463485
   20     -0.005939496636      0.001863182576     -4.658936558521
   20     -4.678914202143     -4.653959043544     -4.668421841866
    8      0.062412742584     -0.079826733103     -2.319691893224
    8      2.450126518147      2.403318861244     -2.321000795092
    8     -2.387128834600     -2.428757304685     -2.341399449325
    8      2.435422789661     -0.084561824569     -0.086767376175
    8      4.783043198900      2.277536247425     -0.086537305603
    8      0.089438556764     -2.450800304088     -0.073478365824
    8      4.696726699253     -0.005556529133      2.319380901907
    8      7.038850089189      2.347475109419      2.300560379953
    8      2.354137369409     -2.340888624321      2.335716558435
    8     -0.042226323979      2.338344541190     -0.021579729310
    8      2.356873581662      4.694245311310     -0.033717447980
    8     -2.342651352090      0.029970325083     -0.012863261968
    8      2.355253096011      2.346599446529      2.355113491873
    8      4.701541151143      4.673054091600      2.372575437409
    8     -0.010085978043     -0.006599901748      2.345702395390
    8      4.709289007161      2.407551779651      4.751605523185
    8      7.041719461808      4.698140762608      4.685182530164
    8      2.326319433821     -0.039246141673      4.692007965464
    8      0.001965677743      4.679626233292      2.387676498999
    8      2.365156574400      7.030337403856      2.383131350522
    8     -2.345499302920      2.337886665797      2.334826689941
    8      2.390868065322      4.766491223252      4.771337993721
    8      4.588753738100      6.981980879981      4.801313904701
    8     -0.089920373098      2.448447059820      4.774251919065
    8      4.604285151998      4.618548171899      6.869491047866
    8      6.961931375666      7.094060131350      7.006126171256
    8      2.394735180305      2.431923650050      6.996761985142
    0    0
