   3   1   1 E -1.6031074241019E+04 DE 3.2E-10( 11)
  0.608708791834E-01  0.695880811947E+01  0.696666637743E+01
  0.702859587646E+01 -0.639359847013E-02  0.702510835986E+01
  0.702740698145E+01  0.701037259368E+01  0.991021173395E-03
    1
  0.100000000000E+01  0.000000000000E+00  0.000000000000E+00
  0.000000000000E+00  0.100000000000E+01  0.000000000000E+00
  0.000000000000E+00  0.000000000000E+00  0.100000000000E+01
  0.000000000000E+00  0.000000000000E+00  0.000000000000E+00
   54
   20      0.025907694760     -0.012516373336     -0.004531107747
   20      2.351316407238      2.317265312876     -0.014698890365
   20     -2.342141000753     -2.340678908551      0.000513351928
   20      2.364579653943     -0.033640165205      2.321703271537
   20      4.697217368699      2.317930516596      2.322585800387
   20      0.030524847597     -2.351399864185      2.324003804083
   20     -2.355484248853     -0.006870454592     -2.333763096306
   20      0.020410209570      2.340222766807     -2.335894880204
   20     -4.687953376069     -2.338478662626     -2.335608508080
   20      0.007389432270      2.327662498587      2.323843837634
   20      2.351551761497      4.679251825809      2.321896084690
   20     -2.343621377039      0.001027582314      2.335810810881
   20      2.331172450610      2.315460243292      4.708140850767
   20      4.689234855449      4.698692282877      4.692197346911
   12      0.060092169548     -0.093790815490      4.647470057108
   20     -2.357860603223      2.358286785802      0.027403322343
   12      0.025395229731      4.752780661479      0.014888023704
   12     -4.775936696902     -0.036569180501     -0.001551987854
   20     -0.012070923220     -2.319971450364     -2.307353365782
   12      2.343497610522      0.008984033585     -2.321977993791
   20     -2.363976072537     -4.675669487942     -2.309612125667
   12      2.358021019618     -2.278834585765      0.007646286056
   12      4.645088988937     -0.051781000010     -0.056324811701
   12      0.038520606055     -4.670266792790     -0.018404176722
   12     -2.331779302330     -2.253706420667     -4.663607785577
   20     -0.011135833923      0.010901533183     -4.711494269167
   12     -4.706928260019     -4.671676310064     -4.705800886946
    8      0.005716201745      0.003724956480     -2.337546261413
    8      2.336974502261      2.317490123172     -2.354319691350
    8     -2.348041459025     -2.332626516730     -2.326188529774
    8      2.383544292867     -0.040267408122     -0.038485966137
    8      4.709145306769      2.302295435143      0.001103114697
    8      0.029404100020     -2.360689678740     -0.002187253529
    8      4.677329925266     -0.038077012018      2.303329412475
    8      7.059398914850      2.331125867823      2.310700726522
    8      2.384878469433     -2.365309686219      2.310403903456
    8      0.010303682086      2.350871830400     -0.002272585707
    8      2.320410284863      4.692736388763     -0.003227228674
    8     -2.355246402223      0.000928392553      0.015987946431
    8      2.349226495865      2.318672570303      2.325197392875
    8      4.691947688954      4.672393326558      2.329993046742
    8      0.025619608772     -0.016954262783      2.343138039600
    8      4.686463877012      2.335139024600      4.703779023700
    8      7.046680907983      4.704884160607      4.697301632075
    8      2.310288657806     -0.025663122203      4.699606272782
    8      0.017445707179      4.655043759362      2.293752234528
    8      2.360668114575      7.035266962249      2.303896713233
    8     -2.357036580910      2.345982892545      2.338118700849
    8      2.355525035649      4.688671256424      4.698565654071
    8      4.682547723050      6.991693911405      4.684414345512
    8      0.028515911186      2.275649233188      4.690560560804
    8      4.695005983792      4.730606311852      7.053571371554
    8      7.090957275338      6.939454707671      6.904138536784
    8      2.277224980612      2.326883020669      7.096635838843
    0    0
