   3   1   1 E -1.6031095383184E+04 DE-3.1E-10( 11)
  0.250000162935E-01  0.699295844664E+01  0.699449835128E+01
  0.701325752050E+01 -0.425082183978E-02  0.701524660717E+01
  0.702059109896E+01  0.701574473443E+01 -0.585628034794E-02
    1
  0.100000000000E+01  0.000000000000E+00  0.000000000000E+00
  0.000000000000E+00  0.100000000000E+01  0.000000000000E+00
  0.000000000000E+00  0.000000000000E+00  0.100000000000E+01
  0.000000000000E+00  0.000000000000E+00  0.000000000000E+00
   54
   20     -0.013198960975     -0.001979559700     -0.021035220087
   20      2.341749541650      2.382691094996     -0.066432689781
   20     -2.338986165152     -2.380280583835     -0.058297810189
   20      2.334685567135     -0.018633940067      2.364776390358
   20      4.727222415985      2.330504173200      2.346751375117
   20      0.019660043801     -2.388540032039      2.358167582049
   20     -2.325038482350     -0.019899201810     -2.340126458776
   20      0.023489902471      2.376610371279     -2.345149256188
   12     -4.709288170124     -2.376870766976     -2.384492148487
   20     -0.044937284098      2.388792990486      2.344706031177
   20      2.290872671290      4.705103141813      2.334299390054
   20     -2.360214208634      0.024697615909      2.364287281788
   20      2.310326006246      2.377641888410      4.698649914952
   12      4.698045697146      4.594787012380      4.699409357011
   20     -0.022980968674     -0.006317271945      4.740183378764
   12     -2.348038140914      2.385275282295     -0.066849617482
   12     -0.016401859579      4.649568235193     -0.117801845261
   20     -4.713229430872      0.018805347821      0.024016918186
   12     -0.015857223755     -2.356274422863     -2.294992731500
   20      2.352755202576      0.014446981583     -2.352731894048
   12     -2.339562716847     -4.564073516573     -2.302350444286
   20      2.357027383462     -2.398255908482      0.029573178200
   20      4.732451351167     -0.010355329229     -0.033215717371
   12     -0.006163419312     -4.670464590165      0.108938756976
   20     -2.320887105734     -2.378079425360     -4.646705941186
   12      0.039485386303      0.025871244962     -4.688419526645
   12     -4.704189103648     -4.685752037561     -4.726230787025
    8     -0.001927558655     -0.067143728736     -2.406552383637
    8      2.450327899758      2.444043021460     -2.410603556242
    8     -2.325037826699     -2.442496348670     -2.340290047973
    8      2.345095829665     -0.004270311257     -0.006339708247
    8      4.779144750595      2.340652050842     -0.050870025934
    8     -0.005035800031     -2.423132816684     -0.069684032288
    8      4.737502924817     -0.009157194713      2.348509428118
    8      7.115793838944      2.245262255443      2.261046602616
    8      2.339094067733     -2.425267348075      2.448639876899
    8     -0.072030972383      2.417976121901     -0.025015766740
    8      2.244873578206      4.678924839636     -0.095644162987
    8     -2.331576935618      0.047025382126     -0.013074295923
    8      2.328786473885      2.356059661223      2.344255556982
    8      4.677364265593      4.663502474204      2.358024920376
    8     -0.015940152398     -0.001998230828      2.352525767296
    8      4.701774832532      2.424164257536      4.740801150046
    8      7.032521250629      4.669803621303      4.744892414688
    8      2.329861370554     -0.048642610802      4.701409203734
    8     -0.003005635630      4.744862197580      2.329551276428
    8      2.279796121614      7.071243016326      2.321001593610
    8     -2.412805810759      2.324313409047      2.301568521667
    8      2.354425588805      4.669216761311      4.675102796954
    8      4.701010158877      7.004402707037      4.693205719656
    8     -0.107069499803      2.433406653491      4.752667051750
    8      4.807740025763      4.557296954477      6.947106547089
    8      7.038393813577      7.001375323248      7.064446201865
    8      2.326944332760      2.329594704366      7.081890935315
    0    0
