   3   1   1 E -1.6031101712326E+04 DE 3.3E-10( 11)
  0.168641736673E-01  0.703059681756E+01  0.702164059687E+01
  0.698224657865E+01 -0.154938002453E-03  0.703224980648E+01
  0.696871081562E+01  0.702202517040E+01  0.191284847186E-01
    1
  0.100000000000E+01  0.000000000000E+00  0.000000000000E+00
  0.000000000000E+00  0.100000000000E+01  0.000000000000E+00
  0.000000000000E+00  0.000000000000E+00  0.100000000000E+01
  0.000000000000E+00  0.000000000000E+00  0.000000000000E+00
   54
   20     -0.002817434140     -0.022904812888      0.007190894642
   20      2.356394776077      2.340543485692     -0.041875926548
   20     -2.305248051771     -2.338925838849     -0.017028017353
   20      2.329610216374     -0.031507144909      2.376592318814
   20      4.667917766092      2.343283311066      2.351118986743
   20      0.053664649594     -2.348137155206      2.344321086368
   20     -2.362954921708     -0.020728051382     -2.370164458139
   20      0.030932624399      2.341932156740     -2.334560192259
   12     -4.562778435823     -2.343440525717     -2.343724061472
   20     -0.033367054024      2.339457192947      2.341177750930
   20      2.341288953977      4.717903728018      2.366117458836
   12     -2.424216236402     -0.004350050866      2.375641336775
   12      2.298554351729      2.331164942627      4.778365279070
   20      4.606723175179      4.701757696331      4.704103446396
   20      0.012268954405      0.044864382467      4.681056654338
   20     -2.398098796415      2.336574928099      0.039599311760
   20      0.018068160397      4.708530449723      0.005012581348
   12     -4.589256901489      0.008062268845     -0.108456768080
   20      0.008600650189     -2.390063971951     -2.340560503489
   12      2.339611356987      0.009320198326     -2.319755667163
   12     -2.399613416459     -4.601220149689     -2.429007261308
   12      2.264455248142     -2.359474530683     -0.070287824438
   20      4.639220287529     -0.000417460117     -0.003542940951
   12      0.022774733092     -4.700238427811      0.002314836107
   12     -2.424922779742     -2.345462508944     -4.642459525842
   20      0.042841292115      0.005601270113     -4.681976990050
   20     -4.631636502492     -4.687255597246     -4.703883252006
    8      0.089906662319     -0.003119937209     -2.336914831470
    8      2.391992223620      2.334544275978     -2.333765138171
    8     -2.437762694212     -2.430896949533     -2.415835923876
    8      2.314218903349     -0.072380673294     -0.080055648032
    8      4.741959338119      2.342382899722     -0.059001964025
    8      0.123306754906     -2.408156039634      0.009414722617
    8      4.662656963271     -0.068212047548      2.343530609374
    8      6.983828855092      2.338182718787      2.312210312961
    8      2.434772840904     -2.339904410007      2.369805695357
    8     -0.008524362669      2.341444648838      0.006040995631
    8      2.324389599993      4.754697259583     -0.078773476792
    8     -2.430159657019      0.004316061697      0.010580905130
    8      2.330361838086      2.343983300064      2.384375282026
    8      4.669624811132      4.756345539928      2.358676262818
    8     -0.072582030761     -0.001796242508      2.342004574541
    8      4.577458310434      2.339562920640      4.706674119139
    8      7.057047512383      4.685641374831      4.700971562656
    8      2.322599971687      0.001634756791      4.763408646554
    8     -0.053603602468      4.689589826222      2.339819361788
    8      2.443529540811      7.020517006333      2.352354396583
    8     -2.311347367446      2.336772067813      2.434339893973
    8      2.336518179639      4.673798095328      4.772546780823
    8      4.539541295858      7.115641564279      4.602876190728
    8      0.064526993817      2.338123838149      4.768793292930
    8      4.558966053495      4.675749421472      7.100355191982
    8      7.078409723339      7.107514766047      7.040660202808
    8      2.225543732230      2.325255897294      6.948164425254
    0    0
