   3   1   1 E -1.6031102403954E+04 DE-5.3E-10( 11)
 -0.910903188857E-02  0.700536920802E+01  0.701449238504E+01
  0.699030163500E+01  0.112504049439E-01  0.699988015296E+01
  0.699088416936E+01  0.699866062154E+01  0.330754878855E-02
    1
  0.100000000000E+01  0.000000000000E+00  0.000000000000E+00
  0.000000000000E+00  0.100000000000E+01  0.000000000000E+00
  0.000000000000E+00  0.000000000000E+00  0.100000000000E+01
  0.000000000000E+00  0.000000000000E+00  0.000000000000E+00
   54
   20     -0.016057210931     -0.018742481041     -0.045926066759
   20      2.335490866695      2.354591792845     -0.013877735484
   20     -2.313216471076     -2.330914283397     -0.039068560880
   20      2.312055248744     -0.053399932445      2.352290474574
   20      4.704093763755      2.308629013419      2.318303573842
   20      0.061667171444     -2.361757190761      2.316975922506
   20     -2.353184003744     -0.022062063862     -2.328174662924
   20      0.015240043047      2.338332101121     -2.370975337896
   12     -4.699827426565     -2.303902353292     -2.289744034042
   20     -0.031298473317      2.332313749432      2.390254391856
   20      2.290018659333      4.714647447216      2.336519933590
   20     -2.366195371090      0.044291146272      2.289594762383
   20      2.290915150955      2.312812973720      4.764696275738
   20      4.647244822591      4.668145116474      4.689587770058
   12      0.074440388806     -0.048263911426      4.715939659598
   12     -2.432257848639      2.334814375621      0.014059329005
   20      0.007014012650      4.709741836284      0.002433238506
   12     -4.705191380410      0.049546866334      0.035398362476
   12      0.073628856900     -2.249532882591     -2.291048982801
   20      2.292932133891     -0.011281180072     -2.367765146722
   20     -2.295630477260     -4.651018294153     -2.341762733296
   12      2.283182178760     -2.429363941968     -0.037697777335
   20      4.704758324251     -0.009616601931     -0.005555835438
   12      0.081630736667     -4.707994959634      0.007886273186
   20     -2.351119658518     -2.365377807227     -4.688976285004
   12      0.039092443501      0.072418008914     -4.688548120484
   12     -4.624075839240     -4.596031741917     -4.713997459604
    8     -0.008673967031     -0.077302531450     -2.421078754536
    8      2.330434574143      2.419429891771     -2.410992221301
    8     -2.328243881196     -2.329175605880     -2.338916075659
    8      2.325341023119     -0.056285070970     -0.004466070630
    8      4.725767145353      2.329802785956      0.005500284555
    8      0.119847807490     -2.422536413001     -0.095274009627
    8      4.717228772757     -0.001401821690      2.331084930520
    8      7.084560383604      2.256177573628      2.231939705235
    8      2.327077963980     -2.418988288265      2.329258826366
    8     -0.047541905485      2.340016148380      0.003334024760
    8      2.327596060846      4.744584885002     -0.068631320061
    8     -2.425075347446      0.088752032415     -0.015710666554
    8      2.318070452258      2.327462197548      2.360409832851
    8      4.660814938400      4.668768472715      2.305595030131
    8     -0.004757540384     -0.003050613581      2.353635935157
    8      4.658712851576      2.336285323506      4.735549111157
    8      7.064016963671      4.760566300114      4.678992302107
    8      2.202564305396     -0.110909880737      4.781183264177
    8      0.001705467981      4.742415551533      2.426951367629
    8      2.215592525798      7.093658637143      2.241409581083
    8     -2.420308596968      2.324095449990      2.307548579004
    8      2.235272979285      4.658075119143      4.748150144370
    8      4.716357308811      6.995479900202      4.682778829057
    8      0.014691341485      2.304483269946      4.785879032072
    8      4.588196797682      4.581606137915      6.997809587866
    8      7.089046950765      7.112350828642      7.020640448065
    8      2.360699459032      2.323375973349      7.096157464097
    0    0
