   3   1   1 E -1.6031032386990E+04 DE 1.4E-09(  2)
  0.587234792078E-02  0.702730193887E+01  0.702555091739E+01
  0.702929906374E+01 -0.441453591926E-02  0.702836057493E+01
  0.703478440291E+01  0.702907780215E+01 -0.300535980096E-02
    1
  0.100000000000E+01  0.000000000000E+00  0.000000000000E+00
  0.000000000000E+00  0.100000000000E+01  0.000000000000E+00
  0.000000000000E+00  0.000000000000E+00  0.100000000000E+01
  0.000000000000E+00  0.000000000000E+00  0.000000000000E+00
   54
   20      0.000000000000      0.000000000000      0.000000000000
   20      2.344928134305      2.343025934050     -0.001001786600
   20     -2.344928134305     -2.343025934050      0.001001786600
   20      2.343099687912     -0.001471511973      2.342786858309
   20      4.688027822217      2.341554422077      2.341785071709
   20     -0.001828446393     -2.344497446023      2.343788644909
   20     -2.343099687912      0.001471511973     -2.342786858309
   20      0.001828446393      2.344497446023     -2.343788644909
   20     -4.688027822217     -2.341554422077     -2.341785071709
   20      0.001957449307      2.342433979625      2.341850305797
   20      2.346885583612      4.685459913675      2.340848519197
   20     -2.342970684998     -0.000591954425      2.342852092397
   20      2.345057137219      2.340962467652      4.684637164106
   12      4.689985271523      4.683988401702      4.683635377506
   12      0.000129002914     -0.002063466399      4.685638950706
   12     -2.341142238605      2.343905491598     -0.000936552512
   20      0.003785895700      4.686931425648     -0.001938339112
   12     -4.686070372910      0.000879557548      0.000065234088
   12     -0.001957449307     -2.342433979625     -2.341850305797
   20      2.342970684998      0.000591954425     -2.342852092397
   20     -2.346885583612     -4.685459913675     -2.340848519197
   12      2.341142238605     -2.343905491598      0.000936552512
   20      4.686070372910     -0.000879557548     -0.000065234088
   12     -0.003785895700     -4.686931425648      0.001938339112
   20     -2.345057137219     -2.340962467652     -4.684637164106
   12     -0.000129002914      0.002063466399     -4.685638950706
   12     -4.689985271523     -4.683988401702     -4.683635377506
    8     -0.000064501457      0.001031733199     -2.342819475353
    8      2.344863632847      2.344057667248     -2.343821261954
    8     -2.344992635762     -2.341994200851     -2.341817688753
    8      2.343035186455     -0.000439778774     -0.000032617044
    8      4.687963320759      2.342586155276     -0.001034403644
    8     -0.001892947850     -2.343465712824      0.000969169556
    8      4.686134874368     -0.001911290747      2.342754241266
    8      7.031063008672      2.341114643303      2.341752454666
    8      2.341206740064     -2.344937224797      2.343756027867
    8      0.001892947850      2.343465712824     -0.000969169556
    8      2.346821082153      4.686491646872     -0.001970956157
    8     -2.343035186455      0.000439778774      0.000032617044
    8      2.344992635762      2.341994200851      2.341817688753
    8      4.689920770065      4.685020134900      2.340815902153
    8      0.000064501457     -0.001031733199      2.342819475353
    8      4.688092323676      2.340522688878      4.684604547064
    8      7.033020457978      4.683548622927      4.683602760463
    8      2.343164189372     -0.002503245172      4.685606333665
    8      0.003850397157      4.685899692448      2.340881136240
    8      2.348778531459      7.028925626497      2.339879349640
    8     -2.341077737148      2.342873758397      2.341882922839
    8      2.346950085069      4.684428180475      4.683667994549
    8      4.691878219371      7.027454114523      4.682666207949
    8      0.002021950764      2.341402246424      4.684669781149
    8      4.690049772982      4.682956668501      7.026454852860
    8      7.034977907285      7.025982602550      7.025453066260
    8      2.345121638679      2.339930734450      7.027456639460
    0    0
