   3   1   1 E -1.6031088824568E+04 DE-2.6E-09(  9)
  0.247359418027E-01  0.694970594459E+01  0.701915344917E+01
  0.697437612369E+01  0.120775892335E-01  0.702430338812E+01
  0.699097080807E+01  0.696554415930E+01  0.150483168045E-02
    1
  0.100000000000E+01  0.000000000000E+00  0.000000000000E+00
  0.000000000000E+00  0.100000000000E+01  0.000000000000E+00
  0.000000000000E+00  0.000000000000E+00  0.100000000000E+01
  0.000000000000E+00  0.000000000000E+00  0.000000000000E+00
   54
   20     -0.022010331579     -0.018690079762     -0.016288024869
   20      2.348030000455      2.354663757384     -0.044775217520
   20     -2.352254801892     -2.305621593104     -0.023887772304
   20      2.332884324956     -0.043773389157      2.326502993015
   20      4.655574320744      2.312780223219      2.323028825890
   20      0.021062962069     -2.303642413507      2.344724773336
   20     -2.356103895357     -0.058136089242     -2.301940029968
   20      0.015521413499      2.347188872730     -2.289122714918
   12     -4.683431168865     -2.321374639890     -2.308248692749
   20     -0.052586941933      2.328511990186      2.324250517506
   20      2.317121876489      4.682574460560      2.312119432488
   12     -2.332653034815      0.080034445878      2.339229135985
   20      2.332560797911      2.329223102444      4.749078345003
   20      4.662792717382      4.683741329673      4.750303955715
   20     -0.026369193510     -0.017192488738      4.735466805852
   12     -2.399265921181      2.410714254289     -0.053310113800
   12      0.025793139893      4.720219848811     -0.060055100060
   12     -4.589086744752     -0.086771117049     -0.050806626082
   12      0.040509260718     -2.380669118684     -2.295680590261
   20      2.364982037869      0.001126486023     -2.306207466150
   12     -2.338987229535     -4.603569630154     -2.311212507339
   12      2.322811859589     -2.277146959855     -0.008388512186
   12      4.621492714080     -0.015855529933     -0.022767897038
   20     -0.007588708224     -4.646606744647     -0.032698265944
   20     -2.332222214320     -2.367793079416     -4.708433230694
   20      0.001766939821     -0.049549965580     -4.714701163044
   20     -4.590582008230     -4.651410556586     -4.712828747969
    8     -0.000133334343     -0.060723294194     -2.328958842924
    8      2.422082202808      2.386274432257     -2.339463211312
    8     -2.331554629193     -2.436165004979     -2.334384804342
    8      2.397179698496     -0.061477469859     -0.001891103099
    8      4.652282228868      2.294626548946     -0.062181225238
    8      0.055879648849     -2.326120120313     -0.024189898676
    8      4.635860457278     -0.029283095402      2.304231417935
    8      6.994585265652      2.323413666189      2.329598298026
    8      2.341180716016     -2.328862686926      2.320177420011
    8     -0.063937915961      2.379363215859     -0.008255932780
    8      2.261458530072      4.742475533700     -0.087813152238
    8     -2.417334419855      0.052030420930      0.052619181192
    8      2.331556304891      2.330745894687      2.332833973146
    8      4.656903670904      4.707252365454      2.341732415224
    8     -0.054649985720     -0.010441432736      2.334326059283
    8      4.653762143168      2.324566435681      4.755069366035
    8      7.062875360309      4.664128716949      4.775292750262
    8      2.311563097906     -0.092331416559      4.758703124990
    8      0.004510053098      4.633966237528      2.314421777625
    8      2.421440572439      6.941245310958      2.291943156952
    8     -2.323628929954      2.209142756200      2.288640282014
    8      2.300262792542      4.662745765713      4.739247704759
    8      4.668148106132      7.060338738090      4.745517869734
    8     -0.066297442018      2.375520059420      4.702557345996
    8      4.650432623543      4.658649549230      7.027920375285
    8      6.976294309097      6.855586034437      7.017058885549
    8      2.434889634729      2.313332081916      7.014222165012
    0    0
