   3   1   1 E -1.6031075338622E+04 DE-2.1E-09( 11)
 -0.258184816672E-01  0.704539499959E+01  0.697368326357E+01
  0.694692446379E+01  0.541658083820E-02  0.694988139561E+01
  0.697485912909E+01  0.705442858616E+01 -0.269811113087E-01
    1
  0.100000000000E+01  0.000000000000E+00  0.000000000000E+00
  0.000000000000E+00  0.100000000000E+01  0.000000000000E+00
  0.000000000000E+00  0.000000000000E+00  0.100000000000E+01
  0.000000000000E+00  0.000000000000E+00  0.000000000000E+00
   54
   20      0.004389568064     -0.024923064897     -0.046568712118
   20      2.269148081186      2.371331309125     -0.077383163300
   20     -2.336667251072     -2.354234302218     -0.031329345743
   20      2.295837719925     -0.046303230479      2.363687382683
   20      4.694288904585      2.350808984828      2.342307756567
   20      0.024553431692     -2.352469490656      2.408258978555
   20     -2.280532481952     -0.056858933986     -2.328380427044
   12      0.140792204788      2.303823331565     -2.265068580781
   12     -4.664532649162     -2.250071223481     -2.436568140056
   20     -0.081375416892      2.368803581908      2.363841420320
   20      2.266092144009      4.737172445363      2.363526064586
   12     -2.360251608051     -0.035959989278      2.367898521200
   20      2.248668310163      2.351395933586      4.680750849004
   20      4.720690889249      4.741006973743      4.658682195824
   12      0.035637039103      0.000964092125      4.748697662387
   20     -2.289151991036      2.371417296847      0.021118799077
   12      0.019895107648      4.654076162589     -0.161301554329
   20     -4.695546693967     -0.026393845380     -0.018061650595
   12      0.028414131405     -2.342079571219     -2.163273857597
   12      2.234862316921     -0.065043272723     -2.368931399926
   20     -2.328251428400     -4.686488351076     -2.388089388934
   20      2.317239333928     -2.352760926709     -0.048857963355
   20      4.698042456697     -0.019272416562     -0.035289377464
   12     -0.014846865836     -4.635515889511     -0.142029401033
   12     -2.271508630333     -2.291376766184     -4.602214523457
   20      0.029279703109     -0.027151921749     -4.617306152730
   20     -4.648190257484     -4.689754677604     -4.585255968611
    8      0.096718929650     -0.048546285609     -2.333300768495
    8      2.193920053489      2.376963800127     -2.364086168399
    8     -2.291242024293     -2.335400056343     -2.358639153031
    8      2.312417385883     -0.014041504040     -0.068526083795
    8      4.715051864724      2.358895794055     -0.057287039769
    8     -0.016368130214     -2.432659211470     -0.087562131066
    8      4.667321526612     -0.075554864370      2.325887442999
    8      6.974675764471      2.354307340982      2.350906553426
    8      2.377700508727     -2.339853117799      2.361728205650
    8     -0.006206075270      2.417305144101     -0.099938338352
    8      2.184603841402      4.701027703052     -0.118254090471
    8     -2.308394776990     -0.025173088486      0.032411830796
    8      2.285169964715      2.359758259757      2.363476790809
    8      4.663930655084      4.761652669889      2.351847140324
    8     -0.097892863318     -0.021245831784      2.388150074516
    8      4.713474204729      2.350877914319      4.650636565446
    8      7.167723383442      4.753878641065      4.820312112080
    8      2.223476670187     -0.083703104259      4.656190743191
    8     -0.124937616408      4.703535348093      2.341354915744
    8      2.410695571140      7.032056466223      2.358662468682
    8     -2.341319643965      2.366552873270      2.343169691922
    8      2.218458347346      4.783955497546      4.645701246342
    8      4.611758041562      7.040068908046      4.528324351603
    8     -0.062688675802      2.376169774072      4.751863843738
    8      4.729598682740      4.718145242959      6.958135207035
    8      6.942795971503      7.038367659932      6.844246657376
    8      2.234425371031      2.362096538354      6.946353873992
    0    0
