   3   1   1 E -1.6031088096241E+04 DE-2.9E-07(  7)
 -0.705345151536E-02  0.701859398932E+01  0.708303395553E+01
  0.702888349432E+01  0.700986281971E-03  0.708196629582E+01
  0.701559064158E+01  0.701181867932E+01  0.667866027557E-02
    1
  0.100000000000E+01  0.000000000000E+00  0.000000000000E+00
  0.000000000000E+00  0.100000000000E+01  0.000000000000E+00
  0.000000000000E+00  0.000000000000E+00  0.100000000000E+01
  0.000000000000E+00  0.000000000000E+00  0.000000000000E+00
   54
   20     -0.007180312947      0.023456053868     -0.016907853778
   20      2.372524829628      2.345275530711     -0.064806055260
   20     -2.350916729067     -2.340929634477     -0.053663458165
   20      2.352825107356     -0.051304390375      2.376219732226
   20      4.712412602203      2.351180833549      2.380297526691
   20      0.031222200359     -2.329930888173      2.393281312699
   20     -2.387552668331     -0.021717042559     -2.369024193231
   20      0.023695132221      2.376256887002     -2.353377383167
   12     -4.731287065983     -2.289700571329     -2.380983918073
   20     -0.060903242781      2.348838536950      2.390639518850
   20      2.347340565326      4.723897681218      2.385178802069
   20     -2.371895895739      0.040096919429      2.388015847816
   20      2.331825289142      2.293530674159      4.779471283928
   12      4.626388175060      4.680714138036      4.773102904041
   12      0.048028724266      0.082820098767      4.843166005190
   12     -2.297054596534      2.360885910031     -0.077284077284
   20     -0.030423277209      4.734555771328     -0.035683309483
   12     -4.796049557693      0.011020031456     -0.172142538522
   20     -0.020778469103     -2.376549988589     -2.319638100332
   12      2.366640742152     -0.036766238847     -2.351390328694
   12     -2.369424262912     -4.677842799904     -2.372475492692
   20      2.403980568630     -2.386047602198     -0.007699350567
   20      4.733763484372     -0.024304059620     -0.044029582778
   12     -0.048394417503     -4.797080541658     -0.063421241653
   12     -2.371020299224     -2.325455439003     -4.613578921857
   20      0.029401474980      0.007098524232     -4.720733462649
   20     -4.633321034365     -4.693477180506     -4.710259165251
    8      0.056118137425     -0.005741516531     -2.344518697050
    8      2.474637174718      2.328255624351     -2.341808335876
    8     -2.439037697985     -2.439935579140     -2.448278995013
    8      2.375154115627     -0.018033170321     -0.034332944113
    8      4.776156075801      2.325548137514     -0.076648070318
    8      0.015063241903     -2.402610270208     -0.003015918651
    8      4.702220127080     -0.056855198667      2.350237512871
    8      7.030172937643      2.332593342628      2.337542322424
    8      2.456765059331     -2.354662317855      2.443124900704
    8     -0.053043187261      2.364150318381     -0.027368080261
    8      2.332802156389      4.774537540692     -0.089821646049
    8     -2.436993171278      0.091925712437     -0.022393223336
    8      2.344092364467      2.337964954572      2.381577548418
    8      4.689661083943      4.689722614000      2.415161134124
    8     -0.005035621460      0.012293775925      2.390524878857
    8      4.695494623935      2.405084518588      4.791806887433
    8      7.005742450852      4.801253708668      4.715971733876
    8      2.239782646510     -0.101016394819      4.759218522237
    8     -0.075108308726      4.689860745385      2.384651261957
    8      2.336532464330      7.015918366771      2.385937033505
    8     -2.349151355224      2.436870832418      2.370795901912
    8      2.423776371560      4.729641432627      4.747853066368
    8      4.630839577305      6.972976854329      4.737260830407
    8     -0.135235862958      2.219627152214      4.792729600946
    8      4.684447101614      4.601988651279      7.071589573383
    8      7.128519281154      7.138462095825      7.022236730876
    8      2.360174226740      2.221668302582      7.080247072653
    0    0
