   3   1   1 E -1.6031064870851E+04 DE 3.2E-10( 11)
  0.461500577687E-01  0.695257636129E+01  0.698552543571E+01
  0.693662825941E+01  0.226531838162E-01  0.700261410474E+01
  0.698010770313E+01  0.700684285262E+01 -0.144695648822E-01
    1
  0.100000000000E+01  0.000000000000E+00  0.000000000000E+00
  0.000000000000E+00  0.100000000000E+01  0.000000000000E+00
  0.000000000000E+00  0.000000000000E+00  0.100000000000E+01
  0.000000000000E+00  0.000000000000E+00  0.000000000000E+00
   54
   20      0.027300308811     -0.022068449944     -0.028378638848
   20      2.330534252774      2.354312347227     -0.012018152470
   20     -2.296636796438     -2.361393402321     -0.014405897813
   20      2.322752246413     -0.031093968432      2.338779389534
   20      4.658590062010      2.339836750104      2.315526013496
   20      0.037497195946     -2.350771129504      2.345201292939
   20     -2.318633078027     -0.039658048579     -2.359942149947
   12      0.017149941594      2.338910427284     -2.362891415292
   12     -4.757461301834     -2.409196515530     -2.347381776489
   20      0.015364944994      2.353645267175      2.360554337592
   12      2.329197171677      4.711500483054      2.334411865260
   20     -2.302697220543     -0.027513545540      2.346253259928
   20      2.285059606362      2.359288548375      4.666463056638
   20      4.649609514645      4.681719127970      4.663205603281
   12      0.025724507605     -0.004562628588      4.654500149880
   20     -2.313314480244      2.351752246760      0.000965061213
   20      0.006636084385      4.683030431788     -0.042452693857
   20     -4.672848110877     -0.021995647433     -0.020402236177
   12      0.055517575399     -2.345819498657     -2.309441434300
   20      2.285227789808      0.002463147666     -2.299220364578
   20     -2.322796410853     -4.645835827872     -2.295932957796
   12      2.290332166940     -2.354531251141     -0.039330918713
   12      4.581313966307     -0.042775970172     -0.012910458211
   12      0.208894410812     -4.689257132227     -0.023248957557
   12     -2.398837459760     -2.347484663071     -4.652375639602
   20     -0.028680167041      0.006769242935     -4.661640493633
   20     -4.676191311571     -4.627752513078     -4.651810602435
    8      0.003704011389     -0.009672383686     -2.331552849577
    8      2.292771023918      2.393332963438     -2.331614392946
    8     -2.298269874919     -2.355802353427     -2.331087786472
    8      2.344509662546     -0.029905276105      0.002116435001
    8      4.690269780825      2.310334916479     -0.008348109575
    8      0.101461057650     -2.387115329300     -0.049218256079
    8      4.608124086506     -0.026345868603      2.313254528133
    8      6.957021866602      2.359204806463      2.339642977162
    8      2.369133375282     -2.336251771124      2.333872800762
    8      0.017139190410      2.347693859733     -0.016578070668
    8      2.323647827978      4.668732065333     -0.027058514402
    8     -2.313879503848     -0.023636191248     -0.016915096097
    8      2.321427792511      2.366260341730      2.337201962693
    8      4.647480799550      4.662709514489      2.326546564374
    8      0.020235047195     -0.018688491720      2.353779576086
    8      4.656874471120      2.352741753154      4.667539358826
    8      7.020282827556      4.678384531880      4.661961801191
    8      2.239435493511     -0.034354166641      4.659842443816
    8      0.030288786250      4.667161621623      2.364615398247
    8      2.334309525075      6.946979031359      2.324675208900
    8     -2.299321406482      2.353275733976      2.343403719298
    8      2.279683455836      4.665236185805      4.680400321163
    8      4.715480004569      6.976675258271      4.705183817968
    8      0.013423923170      2.339884235374      4.726789792617
    8      4.577170174783      4.745534137375      7.028057339858
    8      6.881231861021      7.060824540297      6.941532044241
    8      2.260746422101      2.384614296595      6.991396633457
    0    0
