   3   1   1 E -1.6031054614831E+04 DE 5.0E-08(  8)
  0.105310047438E-01  0.701161287681E+01  0.700888531512E+01
  0.701867291712E+01  0.343964522660E-03  0.701260017251E+01
  0.702184431191E+01  0.701195690422E+01  0.369746785473E-02
    1
  0.100000000000E+01  0.000000000000E+00  0.000000000000E+00
  0.000000000000E+00  0.100000000000E+01  0.000000000000E+00
  0.000000000000E+00  0.000000000000E+00  0.100000000000E+01
  0.000000000000E+00  0.000000000000E+00  0.000000000000E+00
   54
   20     -0.003439962606      0.002402423865     -0.011688550730
   20      2.337549364053      2.352551582271     -0.011033337372
   20     -2.342935096018     -2.338365229852     -0.011883918597
   20      2.336125423526     -0.010113019557      2.346933775869
   20      4.687937911159      2.336834685791      2.347496644740
   20      0.000551296190     -2.335949252909      2.350829903815
   20     -2.335214596660     -0.022306222174     -2.347946440344
   12     -0.002110565831      2.346104026387     -2.325018330621
   12     -4.655771441079     -2.338980169922     -2.321159913825
   20     -0.013575092008      2.353369784436      2.354878463067
   20      2.333481162585      4.692522111963      2.346451327988
   20     -2.339263274869      0.006235658696      2.348482508017
   20      2.331767568677      2.334996828306      4.680218442058
   12      4.709838103962      4.675228021009      4.692452690381
   12     -0.003738984009     -0.010673794842      4.701726346532
   20     -2.337209751374      2.344974082456     -0.010086941231
   20      0.001595989617      4.695114907549     -0.011664678764
   12     -4.753713154504     -0.074055744359      0.004976049068
   12     -0.031642119850     -2.341160067348     -2.373571081346
   20      2.333826367333      0.007508670589     -2.338792901347
   12     -2.316074479448     -4.630498418304     -2.366794166429
   20      2.339166684976     -2.334359245652     -0.005479154519
   20      4.690451108123      0.000505973271     -0.006803467331
   20     -0.005579799574     -4.678301047239     -0.011522480838
   12     -2.251646607952     -2.412116314880     -4.662056337236
   12      0.006652954672     -0.036180361851     -4.687839854550
   20     -4.684794147578     -4.667547787997     -4.665508927866
    8      0.000240496807     -0.007314040733     -2.356333619035
    8      2.337050078684      2.362706939022     -2.337768757755
    8     -2.320493063765     -2.380433308251     -2.352467277206
    8      2.338328588892      0.003270854446     -0.005832439243
    8      4.684293143387      2.344413305186     -0.011861220447
    8     -0.006644972996     -2.337985437672     -0.011746085357
    8      4.694560902607     -0.020746143502      2.338125769966
    8      7.019782115271      2.330332817422      2.354684943190
    8      2.351717305571     -2.336680887512      2.348112823837
    8     -0.003247077202      2.349503222268     -0.011829745934
    8      2.339511515691      4.699469287616     -0.014397104737
    8     -2.345154068186     -0.002013187557     -0.007601729696
    8      2.334479632081      2.343618514963      2.346671081272
    8      4.685105856989      4.680117882738      2.354003462579
    8     -0.004738931217      0.000667709719      2.352712054321
    8      4.691286319964      2.342583721138      4.674292016835
    8      7.023521410075      4.682912217801      4.676129134857
    8      2.309917947891     -0.037312283559      4.682263029558
    8     -0.024642511138      4.716141340990      2.356897329526
    8      2.329485075037      7.021843275978      2.346035520265
    8     -2.341209377957      2.358307334042      2.354024605994
    8      2.343180536497      4.681732966718      4.675492063837
    8      4.705939897366      7.020768173874      4.673143389581
    8     -0.022266078021      2.342599181278      4.679269821865
    8      4.686804593722      4.683895101426      6.999857194731
    8      7.048479826162      7.016987438497      7.002640560753
    8      2.342193028282      2.330483778938      7.003210807513
    0    0
