   3   1   1 E -1.6031056078854E+04 DE-2.5E-10( 11)
 -0.133293312052E-01  0.700888439320E+01  0.700888439320E+01
  0.700541606094E+01 -0.152534742358E-02  0.699710514123E+01
  0.700541606094E+01  0.699710514123E+01 -0.152534742358E-02
    2
  0.100000000000E+01  0.000000000000E+00  0.000000000000E+00
  0.000000000000E+00  0.100000000000E+01  0.000000000000E+00
  0.000000000000E+00  0.000000000000E+00  0.100000000000E+01
  0.000000000000E+00  0.000000000000E+00  0.000000000000E+00
  0.100000000000E+01  0.000000000000E+00  0.000000000000E+00
  0.000000000000E+00  0.000000000000E+00  0.100000000000E+01
  0.000000000000E+00  0.100000000000E+01  0.000000000000E+00
  0.000000000000E+00  0.000000000000E+00  0.000000000000E+00
   54
   20     -0.007454453544     -0.000960186335     -0.000960186335
   20      2.331764905744      2.336808224451     -0.010395499463
   20     -2.334317870572     -2.324325492848      0.002132809060
   20      2.331764905744     -0.010395499463      2.336808224451
   20      4.676456715764      2.338146916855      2.338146916855
   12      0.025595550875     -2.333992392238      2.374208980459
   20     -2.334317870572      0.002132809060     -2.324325492848
   12      0.025595550875      2.374208980459     -2.333992392238
   12     -4.689518388195     -2.382464093049     -2.382464093049
   20     -0.014133000024      2.332192560723      2.332192560723
   20      2.329556891225      4.680261737537      2.328000911911
   12     -2.332240785496      0.051682056596      2.240239240665
   20      2.329556891225      2.328000911911      4.680261737537
   20      4.666360683767      4.669036080099      4.669036080099
   20     -0.007308718968     -0.005300981838      4.667321633784
   12     -2.332240785496      2.240239240665      0.051682056596
   20     -0.007308718968      4.667321633784     -0.005300981838
   12     -4.649281652292      0.016888777237      0.016888777237
   12     -0.004224687151     -2.343299907232     -2.343299907232
   20      2.339822478405      0.005612657284     -2.344024275970
   20     -2.333218130522     -4.668198461798     -2.340531436684
   20      2.339822478405     -2.344024275970      0.005612657284
   12      4.665633355868     -0.000114196775     -0.000114196775
   20      0.009842567809     -4.667972193709      0.007695349489
   20     -2.333218130522     -2.340531436684     -4.668198461798
   20      0.009842567809      0.007695349489     -4.667972193709
   12     -4.642427921621     -4.634643167228     -4.634643167228
    8      0.001849823279      0.002909333596     -2.334547435304
    8      2.323741632452      2.349584055402     -2.356555487604
    8     -2.336280276301     -2.334957801204     -2.334957801204
    8      2.338089306906     -0.004671606858     -0.004671606858
    8      4.673320929280      2.329193993343     -0.003223360913
    8      0.001849823279     -2.334547435304      0.002909333596
    8      4.673320929280     -0.003223360913      2.329193993343
    8      7.022928552746      2.351061991485      2.351061991485
    8      2.323741632452     -2.356555487604      2.349584055402
    8     -0.018127018799      2.333694274973     -0.014565355694
    8      2.331536767320      4.680657445028     -0.011423913464
    8     -2.348802347089      0.014637547772      0.014637547772
    8      2.333458410185      2.334692459042      2.334692459042
    8      4.678739700552      4.680497991278      2.339369912400
    8     -0.018127018799     -0.014565355694      2.333694274973
    8      4.678739700552      2.339369912400      4.680497991278
    8      6.997115934399      4.647207457872      4.647207457872
    8      2.331536767320     -0.011423913464      4.680657445028
    8     -0.006711211825      4.674081633738      2.339345956735
    8      2.335979653252      7.032484546404      2.311052026057
    8     -2.359126618912      2.322087596305      2.322087596305
    8      2.323306561637      4.669872189086      4.669872189086
    8      4.658895763809      7.004418504124      4.664268890809
    8     -0.006711211825      2.339345956735      4.674081633738
    8      4.658895763809      4.664268890809      7.004418504124
    8      6.999216526275      7.004910346128      7.004910346128
    8      2.335979653252      2.311052026057      7.032484546404
    0    0
