   3   1   1 E -1.6031096484695E+04 DE-1.2E-09( 10)
 -0.660234865884E-02  0.701833048351E+01  0.704511914117E+01
  0.700257871339E+01  0.174728422506E-01  0.702785649073E+01
  0.700345740774E+01  0.700688610422E+01  0.120442351783E-01
    1
  0.100000000000E+01  0.000000000000E+00  0.000000000000E+00
  0.000000000000E+00  0.100000000000E+01  0.000000000000E+00
  0.000000000000E+00  0.000000000000E+00  0.100000000000E+01
  0.000000000000E+00  0.000000000000E+00  0.000000000000E+00
   54
   20      0.015924229333      0.046332796502     -0.034807260711
   20      2.337393583103      2.341833254079     -0.040360071056
   20     -2.348212813730     -2.355501958028     -0.006062485415
   20      2.374209137180     -0.044963258296      2.385391906133
   20      4.672830789539      2.329088393650      2.312310457986
   20      0.048110063180     -2.357089070341      2.392493653815
   20     -2.333503919794     -0.017283380951     -2.367864320050
   12      0.048950188039      2.291764458743     -2.261561167046
   12     -4.755262599703     -2.322643254620     -2.374829670709
   20     -0.025964024799      2.381114576802      2.371808939070
   12      2.396694389759      4.728051864225      2.386188543303
   20     -2.368223009688      0.011180252733      2.384996993936
   20      2.302110154078      2.340064867921      4.687131613747
   20      4.716202354009      4.705351032310      4.750076032446
   12     -0.031549463946      0.061917193662      4.692974106907
   12     -2.214431345948      2.312476158884      0.014034591085
   20     -0.026916350946      4.686786867154     -0.013297642869
   20     -4.706527124860     -0.000994802164     -0.012604434047
   20      0.046384035134     -2.335638626779     -2.338845815429
   12      2.342962744176     -0.030656253709     -2.352044853251
   20     -2.399851859506     -4.701514492816     -2.341073427605
   20      2.386650451532     -2.354598177715     -0.027476940099
   12      4.680719710336      0.081529550723     -0.069239280872
   12     -0.151360660791     -4.731779316615     -0.087965210769
   12     -2.306160053109     -2.385394257436     -4.740443134491
   20     -0.008608292540     -0.017060777452     -4.700293618917
   20     -4.702167464912     -4.674403119152     -4.691889042415
    8      0.100760494840      0.091381439096     -2.377854940235
    8      2.170333788150      2.330451936749     -2.346548660571
    8     -2.355541519375     -2.357524514540     -2.361925157190
    8      2.429878791558     -0.008774416357     -0.048546805819
    8      4.751983293099      2.246390692646     -0.017416805739
    8      0.009927617571     -2.398138983244     -0.027422856975
    8      4.675886788832     -0.084617748807      2.273357983241
    8      6.983992726925      2.329891135409      2.339672825161
    8      2.429788617294     -2.339677497305      2.425055668446
    8     -0.044940347775      2.348084746123      0.002334470468
    8      2.335317865010      4.680587344301      0.000030831558
    8     -2.336844484621      0.077934602576      0.003409578912
    8      2.328011171781      2.403393717917      2.339723811983
    8      4.633852716654      4.674521437387      2.375200063607
    8     -0.019136067725      0.014224528279      2.402390291250
    8      4.786564227554      2.342436787807      4.759762415409
    8      7.149446204309      4.703263819642      4.713245345659
    8      2.250269926685     -0.089118951800      4.723044804860
    8     -0.000643580734      4.686843051689      2.344950519400
    8      2.319104876737      6.884810979849      2.429182780593
    8     -2.370149867660      2.449620176272      2.275442649319
    8      2.375634829699      4.762813379082      4.636681457711
    8      4.579497688100      7.016703063640      4.784734129896
    8     -0.037615428945      2.241401425513      4.760676688170
    8      4.672787354337      4.696123158672      7.145030726691
    8      6.848585587288      7.163983285186      6.875210815784
    8      2.340295861367      2.337123317819      7.036418307609
    0    0
