   3   1   1 E -1.6031069640067E+04 DE 6.6E-10( 11)
  0.319281936136E-01  0.694394370008E+01  0.692848635918E+01
  0.698759017721E+01 -0.164648072196E-01  0.698300590376E+01
  0.697960875971E+01  0.699748095516E+01 -0.154706432653E-01
    1
  0.100000000000E+01  0.000000000000E+00  0.000000000000E+00
  0.000000000000E+00  0.100000000000E+01  0.000000000000E+00
  0.000000000000E+00  0.000000000000E+00  0.100000000000E+01
  0.000000000000E+00  0.000000000000E+00  0.000000000000E+00
   54
   20     -0.010207749285     -0.009598136743     -0.013896354087
   20      2.330287782070      2.349496404093     -0.029445633282
   20     -2.312262946271     -2.365395830115     -0.040652724016
   20      2.320691192312     -0.024637547757      2.347455936425
   20      4.680324095924      2.324924155448      2.329063455579
   20      0.002786752963     -2.335112156181      2.363283855756
   20     -2.326098530563     -0.020572858516     -2.327084726245
   20     -0.015447494979      2.374556055294     -2.304806366104
   12     -4.750308593374     -2.328798189301     -2.375921690245
   20     -0.020022274524      2.339993432980      2.319745779149
   20      2.310201993253      4.656261918086      2.307137664177
   20     -2.297937195012     -0.014060963921      2.327958172557
   20      2.312374560292      2.325928034442      4.668884521467
   12      4.720118450656      4.630837072356      4.726566731696
   12     -0.041951286860     -0.045025859029      4.702194316500
   12     -2.286605839399      2.369275524648     -0.074277269350
   12     -0.019242482457      4.617205021083     -0.110781661199
   20     -4.680685656031     -0.019495284770     -0.036390419450
   12     -0.069366263747     -2.232112291581     -2.266970025134
   20      2.322085370454      0.002593060973     -2.317953785614
   12     -2.260738788204     -4.558363321115     -2.288212996926
   20      2.320883671346     -2.359825178783     -0.007756625856
   20      4.716658414683     -0.017724131146     -0.033061618598
   12     -0.071827565072     -4.519672809857      0.077174997382
   20     -2.297496341133     -2.341018153362     -4.646546404968
   12      0.021630251363     -0.079151770120     -4.653895341443
   20     -4.661059847982     -4.638332068994     -4.627573315274
    8     -0.000817764748     -0.027038948433     -2.341824985618
    8      2.366117160378      2.384307149997     -2.328186837927
    8     -2.298349407878     -2.387248608002     -2.340404719559
    8      2.335267605743     -0.010326432978     -0.010474776403
    8      4.714111689263      2.319903003799     -0.048329940092
    8     -0.003226018647     -2.379804010064     -0.037973168390
    8      4.696875269996     -0.019361466989      2.342533179852
    8      6.976848991269      2.308213518677      2.321055693183
    8      2.336706971390     -2.346003707877      2.368593605594
    8     -0.043074795927      2.366270386663     -0.011493645584
    8      2.275301364886      4.653349932127     -0.073440723936
    8     -2.322875599196     -0.002491943575     -0.023300516749
    8      2.316416913336      2.331645986759      2.328005801996
    8      4.678029680095      4.647525914438      2.336836912945
    8     -0.008319800010     -0.016968615791      2.357660691431
    8      4.658677250276      2.356165902878      4.689913180558
    8      6.983980869815      4.753705162720      4.755426066771
    8      2.276152845628     -0.056191518594      4.650843419667
    8     -0.012428761652      4.679040685587      2.298075766025
    8      2.309123038284      6.970540469666      2.290629206850
    8     -2.287939320149      2.325314494895      2.299578470770
    8      2.325744917134      4.626236760377      4.633546192870
    8      4.750290036183      6.954527235477      4.606895258014
    8     -0.078434796739      2.359794394425      4.718035868299
    8      4.760110773261      4.544559716417      6.868957007300
    8      7.003219150337      6.952708820072      6.920333721342
    8      2.351780144662      2.291770905301      6.946368086451
    0    0
