   3   1   1 E -1.6031087831375E+04 DE 6.8E-09(  9)
 -0.224530690028E-01  0.697850508761E+01  0.703899669576E+01
  0.698299033531E+01 -0.159998485069E-01  0.703883099348E+01
  0.699018824640E+01  0.699130207589E+01 -0.283336278080E-01
    1
  0.100000000000E+01  0.000000000000E+00  0.000000000000E+00
  0.000000000000E+00  0.100000000000E+01  0.000000000000E+00
  0.000000000000E+00  0.000000000000E+00  0.100000000000E+01
  0.000000000000E+00  0.000000000000E+00  0.000000000000E+00
   54
   20      0.011253741225     -0.026647450337     -0.031519179205
   20      2.330052139843      2.384576854175     -0.030250762385
   20     -2.360836065463     -2.346931380933     -0.018207610727
   20      2.338258997804     -0.051153184850      2.379605998810
   20      4.688656792099      2.348891341009      2.396305313024
   20      0.016736022288     -2.384918832658      2.391662103836
   20     -2.297475020481     -0.032043368524     -2.346552131634
   12     -0.013754811775      2.405495355837     -2.389065714158
   12     -4.676658710701     -2.494284272882     -2.325663011085
   20     -0.000549030192      2.399343140681      2.420268245368
   12      2.274025437911      4.787839175251      2.335607688936
   20     -2.404837585823     -0.037384249218      2.391476838735
   20      2.319182458228      2.396970678953      4.716389001516
   12      4.623739851776      4.677311675308      4.687658562407
   20     -0.012545132241     -0.051213137358      4.719119364534
   20     -2.354332455854      2.370284980239     -0.062139337387
   20      0.047399516403      4.672488031395     -0.043503326010
   12     -4.704536684678     -0.066332923655     -0.012095910077
   12      0.090528493488     -2.282655044139     -2.373378522869
   20      2.291517119312     -0.036628696601     -2.370619883300
   12     -2.298859681027     -4.546958171802     -2.321133434802
   12      2.326462010519     -2.322112073155     -0.012562755196
   20      4.675366080287     -0.029087787844     -0.036490578381
   20      0.031411564186     -4.649484703085     -0.023130518414
   20     -2.299811981784     -2.332330530690     -4.647189335626
   12      0.057415205634     -0.015836762763     -4.621259542326
   20     -4.676901288924     -4.667313616267     -4.679831248636
    8      0.011421565586     -0.034202694278     -2.423652813986
    8      2.321716540267      2.438255077256     -2.384229264702
    8     -2.336027370655     -2.456394860820     -2.343445160038
    8      2.330297832901     -0.072303003221     -0.011457698546
    8      4.664504923620      2.342462813883     -0.070239290326
    8      0.104679674411     -2.332690730914     -0.032428357778
    8      4.729389269420     -0.027478461492      2.375781960908
    8      7.008210590706      2.236154114077      2.421029445375
    8      2.335245647000     -2.357597295470      2.384174881715
    8      0.007055842881      2.364059930121     -0.036236639496
    8      2.321883824678      4.734317542351     -0.048336827849
    8     -2.415845589280     -0.015598185397     -0.036557196379
    8      2.329079331558      2.409993171496      2.375460165623
    8      4.562178850758      4.660120827742      2.384277517950
    8     -0.006881921976     -0.026657556631      2.406950376419
    8      4.739571654190      2.434246234371      4.696910285538
    8      7.001399012258      4.498222476527      4.673340009895
    8      2.328323115894     -0.090742222503      4.754730603454
    8      0.146007527029      4.822820397010      2.425024948317
    8      2.164251709190      6.818724323170      2.204359254784
    8     -2.353412915870      2.339507948536      2.390949763674
    8      2.291527923375      4.669495985389      4.678347593246
    8      4.615254873041      6.936630658727      4.676304694514
    8     -0.102079082623      2.441166762133      4.702471273835
    8      4.550117186876      4.656823438867      6.959838966574
    8      7.097728790597      6.962085830099      6.986418067561
    8      2.311759019307      2.370825350357      7.019436401193
    0    0
