   3   1   1 E -1.6031097207484E+04 DE-5.9E-10(  9)
  0.127956521743E-01  0.701014011393E+01  0.701377050100E+01
  0.701752440989E+01 -0.357820988379E-02  0.702189071684E+01
  0.701471331811E+01  0.701050112965E+01  0.464200164917E-02
    1
  0.100000000000E+01  0.000000000000E+00  0.000000000000E+00
  0.000000000000E+00  0.100000000000E+01  0.000000000000E+00
  0.000000000000E+00  0.000000000000E+00  0.100000000000E+01
  0.000000000000E+00  0.000000000000E+00  0.000000000000E+00
   54
   20      0.047792033217     -0.035877419554     -0.026920984003
   20      2.355638020059      2.313451940190     -0.037166921413
   20     -2.337312248293     -2.332822762202     -0.022162575893
   20      2.370517794634     -0.018562384219      2.378085078123
   20      4.674667308798      2.318348562035      2.340467875111
   20      0.033007384213     -2.353228007889      2.366159863909
   20     -2.340367241139     -0.018610730043     -2.333142452044
   20      0.016663938939      2.321775572287     -2.374078657719
   12     -4.670438117018     -2.293448106820     -2.306491345258
   20      0.022836772851      2.367420088144      2.378824061132
   20      2.322240800454      4.707960035706      2.410200532931
   20     -2.390809242832     -0.015660167833      2.352095893068
   12      2.340152300071      2.385518066751      4.752043291136
   12      4.580357356409      4.700328932424      4.717291901104
   20      0.024134727657     -0.020499186815      4.722657785388
   20     -2.391341882880      2.373675183357     -0.045614097713
   20     -0.000376103788      4.729312199874     -0.015510931122
   12     -4.685555957741     -0.016929194098     -0.061424260462
   12      0.095230516656     -2.313663061319     -2.360140535049
   12      2.318649948874     -0.108301814663     -2.317418262413
   20     -2.372392159070     -4.687828531313     -2.321486183572
   12      2.246482137075     -2.186422148675     -0.093313102369
   12      4.592316654277     -0.040364579774     -0.034308326969
   20      0.038146096948     -4.696138511801     -0.039100088513
   20     -2.336738183758     -2.304359967415     -4.689608343561
   12      0.041287434802     -0.024918665036     -4.713660590196
   20     -4.701883612510     -4.700784796941     -4.696473009758
    8      0.112887896117     -0.112365022728     -2.407593784690
    8      2.333388793830      2.331168441712     -2.339399744514
    8     -2.348184910656     -2.347355995015     -2.327210570654
    8      2.419219456987     -0.086051563847     -0.070973655347
    8      4.668458106723      2.255075273677     -0.013928404635
    8      0.105645445323     -2.336196304834     -0.032212599185
    8      4.756820687783     -0.002164043909      2.337393755212
    8      7.016169425264      2.264756121461      2.333873662458
    8      2.352124946169     -2.338970012351      2.361469452131
    8      0.002968399403      2.341423393017     -0.021481296746
    8      2.339567587100      4.744076397481     -0.059931886467
    8     -2.390976353539     -0.001760411636     -0.015466706915
    8      2.336872070796      2.339966538344      2.394021853193
    8      4.675976465979      4.677013251627      2.401558224740
    8      0.012741720067     -0.003676292000      2.356169754760
    8      4.587021558525      2.415121696542      4.675422008776
    8      7.044463109077      4.665876716068      4.700995926119
    8      2.347110075876     -0.043485614918      4.781925219745
    8      0.010278457776      4.763379491566      2.425815206664
    8      2.243748772964      7.008868610443      2.319827320757
    8     -2.342434678815      2.340261669555      2.338322334143
    8      2.304107364158      4.722016898628      4.802495831763
    8      4.580846361243      6.910822652629      4.745521150059
    8      0.108806160126      2.411855312110      4.677666508459
    8      4.574234289676      4.795492119312      6.901583014681
    8      7.097884832675      7.003532307640      7.093079615028
    8      2.359997693256      2.308731476698      6.892616684297
    0    0
