   3   1   1 E -1.6031094814907E+04 DE-9.2E-10( 11)
  0.212897948634E-01  0.699444644937E+01  0.702118761571E+01
  0.698816304757E+01 -0.119160519550E-02  0.703740867771E+01
  0.699237894343E+01  0.700946067420E+01  0.141804357153E-03
    1
  0.100000000000E+01  0.000000000000E+00  0.000000000000E+00
  0.000000000000E+00  0.100000000000E+01  0.000000000000E+00
  0.000000000000E+00  0.000000000000E+00  0.100000000000E+01
  0.000000000000E+00  0.000000000000E+00  0.000000000000E+00
   54
   20      0.038458624166      0.000366713412     -0.037671665769
   20      2.355510606608      2.325325934554     -0.062768911711
   20     -2.344580568211     -2.391117707943     -0.011200224274
   20      2.342365657231     -0.036904954952      2.334228358402
   20      4.680906651803      2.333470078423      2.334553929516
   20      0.026956740877     -2.383268160867      2.361682525464
   20     -2.324492842211      0.012497633869     -2.305272223465
   12      0.034002471678      2.322598044733     -2.297754591972
   12     -4.669860815827     -2.395022449698     -2.340428293500
   20     -0.000979058736      2.351671189628      2.326936351313
   12      2.323328541216      4.716994201025      2.352948353273
   20     -2.365606814150      0.005099732148      2.351633127076
   20      2.343164256666      2.384701672314      4.719822890990
   20      4.629526570976      4.692235720089      4.743795700188
   20     -0.039630298238      0.022417850852      4.718325769322
   12     -2.297786318398      2.336085240364     -0.025826002205
   20     -0.010959566436      4.655763265370     -0.048054627644
   20     -4.669179821260      0.006543479271     -0.001442217355
   20      0.016945190484     -2.346333911027     -2.306239972642
   12      2.297832404961     -0.016389258321     -2.399997696126
   12     -2.382732684801     -4.707570410306     -2.336498934863
   12      2.491408003019     -2.319149689641      0.009276827455
   12      4.671723261250      0.091007745123     -0.052409659966
   12     -0.103226634046     -4.685172049295     -0.080868457251
   20     -2.374599000472     -2.346447966554     -4.701708605585
   20      0.006696578842      0.026256394269     -4.666876105581
   20     -4.672745709321     -4.650621749178     -4.664996023021
    8      0.096361666956      0.082436885843     -2.330822864830
    8      2.339158638199      2.365708203847     -2.344660933261
    8     -2.419129818072     -2.414246950063     -2.310922025251
    8      2.446789183035     -0.098037730002     -0.100138335422
    8      4.754419737286      2.233884046610     -0.087862857023
    8      0.064036213526     -2.419806683327      0.027552371230
    8      4.654511989301      0.001966849773      2.334018772452
    8      6.988242178429      2.335378536419      2.373484946682
    8      2.325683315396     -2.341869578864      2.353803406391
    8     -0.061153858917      2.332496650905     -0.091625660136
    8      2.328102908986      4.659050658867     -0.034977936089
    8     -2.329154681095      0.036482090182     -0.017363655457
    8      2.343188914068      2.381161891424      2.341988785231
    8      4.580607190877      4.662001177471      2.354246875126
    8     -0.000587234243     -0.003220906147      2.346351022763
    8      4.738255788436      2.350541806392      4.740894748472
    8      7.050452179637      4.613816762934      4.711828859054
    8      2.317155194360     -0.040569039169      4.710484862891
    8      0.066578389167      4.665842595320      2.347727461928
    8      2.337239073451      6.904671813268      2.393078689233
    8     -2.322280561515      2.329487436113      2.329932607696
    8      2.340357204440      4.743370768792      4.696029500728
    8      4.547816332984      7.128717218604      4.742529333298
    8     -0.045493603628      2.329854932082      4.752588454510
    8      4.571739663101      4.665436218706      7.026692060739
    8      6.912667252645      7.089017138872      7.050173789193
    8      2.380234351922      2.413610450155      7.036099539786
    0    0
