   3   1   1 E -1.6031065887268E+04 DE 1.1E-09( 11)
  0.476605066645E-01  0.695828040029E+01  0.697062263264E+01
  0.701190313241E+01  0.195488165900E-01  0.699103685103E+01
  0.702658015049E+01  0.698726580955E+01  0.112028868952E-01
    1
  0.100000000000E+01  0.000000000000E+00  0.000000000000E+00
  0.000000000000E+00  0.100000000000E+01  0.000000000000E+00
  0.000000000000E+00  0.000000000000E+00  0.100000000000E+01
  0.000000000000E+00  0.000000000000E+00  0.000000000000E+00
   54
   20      0.021032963747     -0.035922967061     -0.041891932213
   20      2.366143040041      2.337284397919     -0.028767603082
   20     -2.330727518442     -2.367384119655     -0.054054022791
   20      2.344035904160     -0.023259010922      2.333937874294
   20      4.685854672191      2.332697702629      2.319470815507
   20      0.014073082952     -2.343466061392      2.328142218250
   20     -2.345529647469     -0.038624192000     -2.321534772704
   20      0.004571886582      2.358571029768     -2.314293354674
   12     -4.775555731177     -2.305581480131     -2.328606433541
   20     -0.009437153452      2.351386028753      2.321371118145
   20      2.348150089880      4.660908071411      2.318399344561
   20     -2.337561186503     -0.018691648270      2.320942224914
   20      2.313535051451      2.357503931477      4.695968570664
   12      4.894507568222      4.745995249967      4.693174254900
   20     -0.014222052191     -0.015870902427      4.729804579513
   20     -2.341684027425      2.362751985555     -0.042423335548
   12      0.081267119080      4.721422689242     -0.103220305508
   12     -4.744129848195     -0.078702901782     -0.068171629585
   12     -0.054660389682     -2.413207650430     -2.275453235028
   20      2.350498519481     -0.016314647014     -2.295719627567
   12     -2.338414684425     -4.557987768178     -2.265145593334
   12      2.330563775575     -2.318651202496      0.012385907928
   12      4.655690515745      0.007409942298      0.055107113443
   12     -0.076271355006     -4.660333117822      0.052856678217
   20     -2.351839646147     -2.321221137009     -4.662270420675
   20     -0.008522991442     -0.018806297341     -4.672750618679
   20     -4.697797677466     -4.634148071450     -4.675614377848
    8      0.008482980252     -0.040504956689     -2.325492061557
    8      2.381827171707      2.370738019611     -2.327025525265
    8     -2.349714292045     -2.396211627913     -2.341873092083
    8      2.384823071897     -0.047408707693     -0.007264595969
    8      4.746061917403      2.279095037019     -0.070495128529
    8      0.067875739448     -2.412409330731     -0.067961598569
    8      4.664521382951     -0.003998384705      2.312394038101
    8      7.011174564289      2.350908292862      2.311475006908
    8      2.328839959860     -2.318372931421      2.324677825848
    8      0.010995989550      2.361668715067     -0.015522462076
    8      2.307512549888      4.696984165380     -0.058260334401
    8     -2.356402102596     -0.024759486276     -0.048395519751
    8      2.339633472368      2.337082844708      2.324049575351
    8      4.695493084156      4.648938181577      2.338172282775
    8      0.002349158485     -0.017571006685      2.328083156291
    8      4.664285397354      2.374977812703      4.670395367378
    8      7.044265867598      4.670567139351      4.737610799611
    8      2.327314241772     -0.041479669125      4.725893685713
    8      0.022196932929      4.642520978903      2.315084748171
    8      2.359598081920      6.953483326147      2.298556171039
    8     -2.322441806909      2.338958717556      2.314613018101
    8      2.368380795900      4.652094990712      4.706154179163
    8      4.694097914540      6.946075043517      4.722071412342
    8     -0.064767065846      2.387773213828      4.733595437706
    8      4.748185433580      4.756519441445      6.955135535791
    8      7.027527064553      6.942413271439      7.012557310440
    8      2.291959267946      2.367086674705      6.978007997435
    0    0
