   3   1   1 E -1.6031079126059E+04 DE 5.3E-11( 11)
  0.287244732170E-01  0.694415960759E+01  0.695075751691E+01
  0.701064089146E+01 -0.177634923487E-01  0.699000580770E+01
  0.702441787184E+01  0.699052713352E+01 -0.246093569160E-01
    1
  0.100000000000E+01  0.000000000000E+00  0.000000000000E+00
  0.000000000000E+00  0.100000000000E+01  0.000000000000E+00
  0.000000000000E+00  0.000000000000E+00  0.100000000000E+01
  0.000000000000E+00  0.000000000000E+00  0.000000000000E+00
   54
   20      0.011940107282     -0.028470051573     -0.047358472765
   20      2.332069438143      2.348984620633     -0.045382767305
   20     -2.318159801572     -2.342436482768     -0.024252889555
   20      2.324844496105     -0.044157832000      2.344792842106
   20      4.713511505806      2.321275204734      2.319729632295
   20      0.044336239457     -2.369097310501      2.319722076379
   20     -2.327839988007     -0.006670720947     -2.315684445591
   20      0.019060860780      2.361073136468     -2.368291024231
   12     -4.724950736077     -2.372963689170     -2.349812329198
   20     -0.006920555695      2.330502360068      2.354341767418
   20      2.318225864310      4.683063884505      2.328617602288
   20     -2.325586658176     -0.004341472660      2.331209099633
   20      2.312935493922      2.363212561680      4.722604974598
   12      4.682316071021      4.703420973084      4.754102538368
   12      0.021064365251     -0.098060553947      4.570605671621
   12     -2.251658817522      2.327187257599     -0.016020378457
   20     -0.018865091280      4.691220261145     -0.053279729529
   20     -4.721724058630      0.054099488662      0.010557120243
   12      0.024749654224     -2.319291554912     -2.288996404684
   20      2.310339471983     -0.002182582782     -2.342123111702
   20     -2.331366115932     -4.637674481383     -2.311530477910
   12      2.321657078367     -2.434387873514     -0.061185405081
   20      4.675739090105     -0.013043191941     -0.054942067581
   12     -0.051638623887     -4.726383967393      0.011477347642
   20     -2.389251864170     -2.332193481568     -4.662281565288
   12      0.024405112209     -0.001368153742     -4.650951626328
   12     -4.646290061083     -4.633525498929     -4.512542398721
    8     -0.008735238862     -0.036218295782     -2.383123722512
    8      2.341391568485      2.394796612557     -2.399635382738
    8     -2.354783286048     -2.327845183757     -2.334785668218
    8      2.332124563984     -0.045188410153     -0.038003763113
    8      4.725293455459      2.332029394146     -0.023874196614
    8      0.080363870801     -2.430661149563     -0.074037106530
    8      4.698772908260     -0.019847473117      2.338711824525
    8      7.096349410032      2.252090147528      2.276742468738
    8      2.312938537174     -2.395281965516      2.347766823108
    8     -0.028248421237      2.344287699651     -0.036443868199
    8      2.340086551656      4.686206958870     -0.042431419824
    8     -2.328328858273      0.033026002207     -0.012876391948
    8      2.332158431332      2.338306776725      2.344306528090
    8      4.693929532471      4.651740063361      2.320041797454
    8      0.015856068053     -0.023184940332      2.349718633217
    8      4.683093775071      2.382649343708      4.708135198962
    8      7.042277055600      4.727860039633      4.619767980015
    8      2.274568562669     -0.037473127274      4.695356049694
    8     -0.019965653978      4.704605483030      2.353444220335
    8      2.288342665170      7.032212281984      2.321868821969
    8     -2.345676327940      2.302097628973      2.311317448933
    8      2.368273994496      4.658936896873      4.740628516568
    8      4.747715317554      6.908190699972      4.607585715684
    8      0.005800520478      2.315221831906      4.733253440595
    8      4.628562089290      4.559831156420      6.879610914570
    8      7.008896538632      7.052453711251      6.939942744135
    8      2.333024457101      2.447521587225      7.116579669083
    0    0
