   3   1   1 E -1.6031083039074E+04 DE-1.2E-09( 10)
  0.161831442807E-01  0.695613350417E+01  0.699294389121E+01
  0.701910996212E+01 -0.146387762742E-01  0.701622198999E+01
  0.701711866405E+01  0.697163324096E+01 -0.673982476610E-02
    1
  0.100000000000E+01  0.000000000000E+00  0.000000000000E+00
  0.000000000000E+00  0.100000000000E+01  0.000000000000E+00
  0.000000000000E+00  0.000000000000E+00  0.100000000000E+01
  0.000000000000E+00  0.000000000000E+00  0.000000000000E+00
   54
   20      0.021921094616     -0.026646328905     -0.041041641199
   20      2.362675063629      2.324350836429     -0.066037255279
   20     -2.352072700261     -2.322349607227     -0.063284628654
   20      2.371870245785     -0.057341453668      2.377540803563
   20      4.682601722831      2.344408763144      2.365036608082
   20      0.045427266237     -2.319121909136      2.366475232804
   20     -2.342755888335     -0.049175015039     -2.319024310779
   20      0.019529796352      2.344320816823     -2.326630473958
   12     -4.667106945346     -2.289648521403     -2.281924159238
   20     -0.048790695319      2.379194905719      2.363673559512
   20      2.331340656259      4.697366043010      2.347849879664
   20     -2.380333636406      0.031123347954      2.351774320884
   20      2.364522012788      2.384356023775      4.754729392734
   12      4.595896467174      4.689352572803      4.733726482564
   20     -0.010579214455     -0.026018777442      4.699371043961
   12     -2.387728142088      2.400697327103     -0.074512653473
   20     -0.043158827711      4.633434532423     -0.041842171388
   12     -4.615365234868     -0.041402400849     -0.097048081829
   12      0.005925972169     -2.400657675705     -2.382585586854
   12      2.363764682815      0.002315096551     -2.255277631066
   12     -2.341161777807     -4.682001535508     -2.334476444605
   12      2.430003370514     -2.315830827096     -0.098951697674
   20      4.629027739576     -0.073335719621     -0.044162037090
   20      0.022304938964     -4.617736256470     -0.031825160509
   12     -2.425461373868     -2.404578068757     -4.547758167933
   20      0.018051911752     -0.036719477846     -4.649543017818
   20     -4.603281602147     -4.597599080462     -4.658207628961
    8      0.071582908746     -0.105265119064     -2.325823369802
    8      2.426850033487      2.355783805889     -2.339660422433
    8     -2.382510253003     -2.451360726754     -2.445789083256
    8      2.340937264417     -0.104533512874     -0.084922859460
    8      4.672638749030      2.325455636341     -0.070431636388
    8      0.078541763538     -2.315001746788     -0.043909113974
    8      4.674273008081     -0.087320498437      2.359425110056
    8      7.038951826288      2.331557336577      2.349241379601
    8      2.468698091391     -2.318062729148      2.391307215331
    8     -0.043907247532      2.332010435690     -0.037098387402
    8      2.332697460849      4.729369858178     -0.090916818700
    8     -2.408948510085      0.048984579044     -0.033648652602
    8      2.347155676773      2.348703064166      2.353946590595
    8      4.676023531745      4.671032436943      2.372831221847
    8      0.002273707548     -0.005241094561      2.361799976883
    8      4.690639129570      2.397161867225      4.767770311821
    8      7.026068079773      4.638650001716      4.683848013663
    8      2.351388669895     -0.074350874622      4.757612422503
    8     -0.076355757926      4.644756833866      2.362679932435
    8      2.365573041526      6.972504223610      2.335284188771
    8     -2.323355775030      2.445763485930      2.357658660764
    8      2.317791734562      4.765617495716      4.759917897299
    8      4.603071846202      6.912641947815      4.680574564970
    8     -0.069490697573      2.413649552657      4.693900438736
    8      4.517349012371      4.464263803090      6.901163582217
    8      7.055654669439      6.930778078701      6.959175565367
    8      2.435194100092      2.370770108365      6.988935949668
    0    0
