   3   1   1 E -1.6031101771167E+04 DE-3.5E-09(  9)
  0.106960027045E-01  0.699006972878E+01  0.700132084848E+01
  0.702392160460E+01 -0.417528451020E-02  0.700820494276E+01
  0.702382478859E+01  0.699225243875E+01  0.117856602765E-02
    1
  0.100000000000E+01  0.000000000000E+00  0.000000000000E+00
  0.000000000000E+00  0.100000000000E+01  0.000000000000E+00
  0.000000000000E+00  0.000000000000E+00  0.100000000000E+01
  0.000000000000E+00  0.000000000000E+00  0.000000000000E+00
   54
   20      0.002924589963     -0.008133851261     -0.075875039631
   20      2.341489140344      2.341218664224     -0.033548699283
   20     -2.355081783455     -2.300029544895     -0.026988155746
   20      2.347906074940     -0.013703670171      2.359323731037
   20      4.710725131975      2.298829080410      2.353088257973
   20      0.023014835680     -2.337032595862      2.337904836001
   20     -2.346727322784      0.001128938594     -2.336298855032
   12      0.075876384436      2.368952281134     -2.385374543225
   12     -4.713658295859     -2.372103877514     -2.308805779906
   20     -0.013254719718      2.345178772461      2.378395793549
   20      2.344769421204      4.714857571740      2.334774315157
   12     -2.339420207157      0.007739778277      2.300464289252
   12      2.293747381963      2.402189892968      4.756805919416
   20      4.669541960113      4.666794831308      4.679869133721
   20      0.019523179960      0.005242263350      4.702933864648
   20     -2.388178336029      2.325517743315      0.013161570217
   20      0.007233771924      4.705201115569      0.008714306231
   12     -4.677314628728     -0.006398434412     -0.026568340893
   12      0.072593825290     -2.371339221661     -2.354344204553
   20      2.322531625778     -0.021556336527     -2.293279388434
   20     -2.350230319170     -4.669046577174     -2.332229950092
   12      2.348232368846     -2.300689591230     -0.071317027445
   12      4.622766455334     -0.030654254473      0.048438123234
   20      0.029644716160     -4.684362958481      0.003425152320
   20     -2.354840072957     -2.292754553744     -4.674287372162
   12      0.003167144864     -0.105209387293     -4.653662760187
   20     -4.698150742728     -4.689269185551     -4.700559208822
    8      0.008979004910     -0.027389146723     -2.426899638211
    8      2.249290980181      2.413522697889     -2.361466912433
    8     -2.375452542642     -2.341800092805     -2.344296764208
    8      2.427350522471     -0.084278387970      0.008017520927
    8      4.678150250569      2.252684055955     -0.002453203518
    8      0.091181725812     -2.326876213731     -0.070568130743
    8      4.724950757214      0.000773697137      2.267906055174
    8      7.019030424278      2.224204480477      2.425398382965
    8      2.330202189892     -2.334987674688      2.320342045313
    8     -0.003680288704      2.340896975031     -0.063002298392
    8      2.345199629113      4.742917219893     -0.072211052066
    8     -2.408077821592      0.005590014088      0.037421981431
    8      2.346956303538      2.344164702418      2.394127098861
    8      4.692836850282      4.761243890768      2.332172960363
    8     -0.077276144011      0.006650216852      2.339838900002
    8      4.675794144751      2.342608399155      4.673188562696
    8      7.125042987580      4.572523219254      4.674764798334
    8      2.326210802623     -0.020815573925      4.763136017276
    8      0.014247752007      4.773192901412      2.415434064209
    8      2.372037522289      6.993962345386      2.325375765393
    8     -2.343253483692      2.242757209670      2.334585749013
    8      2.263575754591      4.557855690351      4.744369828178
    8      4.694598027022      6.992256856436      4.679008762004
    8      0.098134419549      2.424188543772      4.680098748422
    8      4.576589006186      4.777607323977      6.979409671896
    8      7.064957093054      6.990778176734      7.093779951047
    8      2.346583334059      2.296862553678      6.896530776423
    0    0
