   3   1   1 E -1.6031077972679E+04 DE-4.8E-10( 11)
  0.375970955979E-01  0.700351569441E+01  0.707048087695E+01
  0.704790156781E+01 -0.608969614524E-04  0.710044953615E+01
  0.704088950758E+01  0.702135924082E+01  0.123787877094E-01
    1
  0.100000000000E+01  0.000000000000E+00  0.000000000000E+00
  0.000000000000E+00  0.100000000000E+01  0.000000000000E+00
  0.000000000000E+00  0.000000000000E+00  0.100000000000E+01
  0.000000000000E+00  0.000000000000E+00  0.000000000000E+00
   54
   20      0.048661651473     -0.019340764993     -0.072472139426
   20      2.322165555798      2.373093458389     -0.091252046952
   20     -2.357102046658     -2.334031677440     -0.054286212468
   20      2.331788476901     -0.041959436456      2.391803534156
   20      4.710701160014      2.345713350390      2.394339202433
   20      0.047101647456     -2.335647065955      2.424484219703
   20     -2.343043946733     -0.047414395173     -2.354779278083
   12      0.023003552805      2.378799951754     -2.363036460775
   12     -4.762326460447     -2.347587012152     -2.312042749843
   20     -0.008519170010      2.361770277679      2.377396180984
   20      2.316595360849      4.732788802496      2.370137566335
   20     -2.351916157265      0.028184131249      2.394198351410
   20      2.310741123864      2.340339216050      4.791520876237
   20      4.727709593753      4.727227490436      4.783285065291
   12     -0.036144373588     -0.087709087640      4.805899398647
   20     -2.343929208748      2.360067684494     -0.019400249557
   12      0.179200151333      4.680218455797     -0.077353139592
   12     -4.641014839566     -0.193504213511     -0.114702338289
   12     -0.022006632134     -2.338797159721     -2.353458564137
   12      2.286658985420      0.028012455888     -2.356967393018
   12     -2.313021875905     -4.705331671894     -2.413360974227
   12      2.192277486173     -2.217030226328     -0.108423948393
   20      4.701893813728     -0.015084163129     -0.031226213905
   20      0.001867937134     -4.690688167962     -0.058779317543
   20     -2.355627970437     -2.368326905161     -4.699760668238
   20      0.036877237116     -0.027061482589     -4.698622325116
   20     -4.715717190857     -4.671499005658     -4.687514683515
    8      0.104246372910     -0.027975935122     -2.362750292986
    8      2.282845930115      2.368975608653     -2.342738701341
    8     -2.348952071357     -2.442826459621     -2.349319476243
    8      2.342761183439     -0.078354908447     -0.085870119773
    8      4.682699355439      2.348864394356     -0.071171796790
    8      0.086277860950     -2.349096730714     -0.041395948770
    8      4.698095740170     -0.023607066813      2.389463692548
    8      7.047390849049      2.344860574918      2.427333121911
    8      2.335331323232     -2.341276970130      2.402427061029
    8      0.016146417511      2.415667799025     -0.103566701839
    8      2.239112549428      4.801791444902     -0.098062435564
    8     -2.370367822092     -0.010877621697     -0.032009120016
    8      2.335828091401      2.352493925270      2.381232923693
    8      4.703293905844      4.704592016476      2.400529760742
    8      0.025155707269     -0.004613297729      2.424955328603
    8      4.737645388583      2.348809250222      4.757029070511
    8      7.191847806697      4.707086196379      4.877707046566
    8      2.284166025094     -0.131584614914      4.792254032678
    8      0.039244304180      4.675144595419      2.374765752604
    8      2.352803344084      7.021494381407      2.389600763226
    8     -2.324184526372      2.337532749394      2.401036683194
    8      2.236693956981      4.788898021985      4.788469302795
    8      4.719432256338      7.107934110496      4.745645968314
    8     -0.068708967764      2.345278767322      4.729011563769
    8      4.722877927560      4.685669678801      7.078284522029
    8      7.159187121620      6.910453871569      7.010614979659
    8      2.351002877665      2.341126551940      7.075788730963
    0    0
