   3   1   1 E -1.6031059161074E+04 DE 6.2E-08(  8)
  0.127550137843E-01  0.702180274034E+01  0.700624713989E+01
  0.701905233499E+01  0.226633029840E-02  0.700949951386E+01
  0.702317530128E+01  0.702378490011E+01  0.378259101359E-02
    1
  0.100000000000E+01  0.000000000000E+00  0.000000000000E+00
  0.000000000000E+00  0.100000000000E+01  0.000000000000E+00
  0.000000000000E+00  0.000000000000E+00  0.100000000000E+01
  0.000000000000E+00  0.000000000000E+00  0.000000000000E+00
   54
   20      0.013632430889     -0.004513875942     -0.022510134361
   20      2.335624765067      2.349375576910     -0.028257170931
   20     -2.342963852603     -2.339555709675     -0.018859109371
   20      2.332778459122     -0.007799031099      2.340053270519
   20      4.683598300842      2.343814267083      2.341883435638
   20      0.013650178852     -2.339659664870      2.347292854969
   20     -2.341521204600     -0.012597003958     -2.334928411920
   12      0.025744387778      2.353371727404     -2.312123291010
   12     -4.724562652356     -2.334432246082     -2.304091941088
   20      0.000654009051      2.347622388860      2.335157678175
   20      2.333329916894      4.697635485609      2.334697723835
   20     -2.336989764735      0.005954701168      2.342097154120
   20      2.326494861085      2.342550195690      4.684017964470
   20      4.691780727678      4.693549248757      4.689063036689
   12      0.067689907743     -0.045228214039      4.667892653745
   20     -2.336626865784      2.345017868300     -0.007125428704
   12      0.039089863398      4.701562587898     -0.033161865346
   12     -4.745728285987     -0.090187082882     -0.006378300743
   12      0.011728352240     -2.344283865419     -2.315802080753
   12      2.309957227383     -0.005568516461     -2.308248232680
   12     -2.334009864244     -4.678952627834     -2.324510322027
   12      2.272262192240     -2.278256614090      0.000668015429
   20      4.684983109253     -0.003420515096     -0.011322517383
   20      0.001100521491     -4.684700391487     -0.016424234517
   20     -2.342015830072     -2.346271278169     -4.667490036393
   20      0.012516373395     -0.006118039336     -4.665938105129
   20     -4.684699261622     -4.680862159853     -4.664046295227
    8      0.022186020844     -0.005697718887     -2.340456494129
    8      2.337863266298      2.345537795895     -2.343574481506
    8     -2.342952856079     -2.361721986742     -2.338111040447
    8      2.343073789224     -0.012881585579     -0.024957275304
    8      4.681120723940      2.343162804492     -0.020189661268
    8      0.016079169140     -2.345114948583     -0.017346698986
    8      4.679625884320     -0.005115090611      2.340392814669
    8      7.029044447879      2.343431322098      2.350219598094
    8      2.334435969953     -2.341474502684      2.342771243357
    8      0.002454391037      2.356557607212     -0.027853642795
    8      2.319832656815      4.708146154899     -0.031729432920
    8     -2.343852469712     -0.002195577406     -0.011725654369
    8      2.334720479906      2.346393454192      2.337409921660
    8      4.685620292520      4.689692901679      2.343896667374
    8      0.006364523120      0.000412210501      2.344137423865
    8      4.685236760298      2.343239156543      4.680666633371
    8      7.061693896569      4.683291443300      4.716456137516
    8      2.307716288100     -0.032340227275      4.681670867769
    8      0.014618547860      4.686954466023      2.337767618104
    8      2.347468788363      7.026386893610      2.345637096664
    8     -2.331321369606      2.343485242302      2.344105951832
    8      2.314786030251      4.714151258940      4.685735366070
    8      4.694761382250      7.042029632607      4.678365888421
    8     -0.014078153306      2.342029333499      4.670855523684
    8      4.688087728201      4.685538867880      7.003512874362
    8      7.064376696322      7.000246139670      6.995401800657
    8      2.340961038369      2.343150609395      7.003216245709
    0    0
