   3   1   1 E -1.6031090324804E+04 DE-5.2E-10( 11)
  0.463454145355E-01  0.698164713222E+01  0.700783907190E+01
  0.700472184619E+01 -0.859767866243E-02  0.705335076854E+01
  0.697966145284E+01  0.699806276955E+01  0.211824366504E-01
    1
  0.100000000000E+01  0.000000000000E+00  0.000000000000E+00
  0.000000000000E+00  0.100000000000E+01  0.000000000000E+00
  0.000000000000E+00  0.000000000000E+00  0.100000000000E+01
  0.000000000000E+00  0.000000000000E+00  0.000000000000E+00
   54
   20      0.035101362256     -0.026586729207     -0.041167761242
   20      2.385249961805      2.329031921843     -0.036632572490
   20     -2.315859206327     -2.388032767225     -0.052828092279
   20      2.341588809289     -0.026413382381      2.373510061772
   20      4.700311578788      2.323763344231      2.369206074260
   20      0.029460210390     -2.371425184877      2.359968918571
   20     -2.329867784448     -0.042182328083     -2.346316144879
   20      0.069551142671      2.362942355871     -2.321945551888
   12     -4.674547178902     -2.380149540040     -2.384490805364
   20     -0.019628479139      2.364396589446      2.355423141993
   20      2.325545465027      4.679501397103      2.357237218213
   20     -2.367773355107      0.002830022438      2.364467465955
   20      2.315704851145      2.368478374872      4.702739378025
   12      4.662890292788      4.719708619360      4.765132862488
   20     -0.069940978409     -0.009582679122      4.739894911501
   20     -2.305050732054      2.373705961205     -0.041184120012
   12     -0.026846157924      4.675782038214     -0.076917582785
   20     -4.717503280536     -0.000187674598     -0.054152617485
   12     -0.018821035795     -2.372711329151     -2.299030993103
   12      2.388663686845     -0.043257865978     -2.337594456218
   12     -2.380791097898     -4.611611102758     -2.327905118008
   20      2.339600029766     -2.324345938199     -0.011276013249
   12      4.635950084945     -0.032379006791     -0.046869183026
   12     -0.010161564208     -4.600402216925     -0.014479038320
   20     -2.347712157523     -2.349389041166     -4.677911410257
   20     -0.004304430752     -0.006173145822     -4.685171176169
   12     -4.664456665953     -4.542075289072     -4.657606879054
    8      0.072602475239     -0.062346463018     -2.353943346613
    8      2.437076728797      2.383445051986     -2.396669277047
    8     -2.339458854540     -2.437094693380     -2.349692672711
    8      2.415537677018     -0.008104245945     -0.033079667254
    8      4.762596319453      2.245487159935     -0.047869943444
    8      0.010258379411     -2.401086712923     -0.063541935737
    8      4.666971642145     -0.018137730169      2.374335750925
    8      7.060534818009      2.333187777441      2.346481606967
    8      2.343705452853     -2.404325897642      2.406865976761
    8      0.037033417554      2.373908048047     -0.014889102596
    8      2.283922436382      4.643286908962     -0.027925443116
    8     -2.338741111725     -0.013345334315     -0.042128909925
    8      2.341194981043      2.336369800381      2.361264543942
    8      4.662034418945      4.655464496675      2.376416830640
    8     -0.009717028766     -0.009081339316      2.355840767353
    8      4.694842200222      2.376458413671      4.708574085919
    8      7.005676936869      4.656418422311      4.774865425833
    8      2.302301232645     -0.050296716999      4.707163340609
    8      0.010057474259      4.652224578936      2.339269379262
    8      2.338617707447      7.040603711484      2.371600707980
    8     -2.382899495460      2.341795971635      2.355479168327
    8      2.347506042153      4.741595044037      4.687742865901
    8      4.536633767970      6.950019186713      4.775328448533
    8     -0.064152749867      2.420258423445      4.752468877583
    8      4.767105587405      4.738872720157      6.959749035548
    8      6.899395633244      6.963981683030      7.053009982886
    8      2.301289751611      2.347211335632      7.019858233419
    0    0
