   3   1   1 E -1.6031094563191E+04 DE-2.1E-08(  7)
 -0.104377544319E-01  0.700622525310E+01  0.699633673581E+01
  0.701041305810E+01 -0.446527415199E-02  0.699692028474E+01
  0.700426176923E+01  0.700721383878E+01 -0.486116722718E-02
    1
  0.100000000000E+01  0.000000000000E+00  0.000000000000E+00
  0.000000000000E+00  0.100000000000E+01  0.000000000000E+00
  0.000000000000E+00  0.000000000000E+00  0.100000000000E+01
  0.000000000000E+00  0.000000000000E+00  0.000000000000E+00
   54
   20     -0.026052556009     -0.024357069463     -0.045571931968
   20      2.357100227599      2.363089864094     -0.070746104762
   20     -2.389824293563     -2.322667461713     -0.032532965579
   20      2.351322345241      0.001827385606      2.380792916734
   20      4.668961109797      2.299399002729      2.300214072934
   20     -0.000035616813     -2.316988281964      2.356245930772
   20     -2.367765604431     -0.051205649546     -2.327462039754
   20      0.017109985596      2.347917228817     -2.331411103294
   12     -4.760751590016     -2.339504211573     -2.336140325613
   20     -0.006503349102      2.360078416594      2.398735683861
   20      2.287096651740      4.729435946408      2.305357669670
   12     -2.307275715951      0.053699789350      2.350108065415
   12      2.379011540126      2.345310919235      4.728035663589
   20      4.681333832081      4.714293148582      4.687501884609
   20     -0.001132384631      0.013677010144      4.748401077836
   20     -2.358493598313      2.319525043785      0.024576358903
   12      0.111259699147      4.794820242996     -0.001100409268
   12     -4.684745892883     -0.021133022726     -0.031842594676
   12     -0.016862497500     -2.359841030769     -2.358732981370
   20      2.369204041077      0.000855707704     -2.350604233520
   12     -2.341691669056     -4.649394079605     -2.294392797029
   20      2.340876817085     -2.352313586547     -0.055568417559
   12      4.598709513301      0.007608408556     -0.049743489662
   20      0.012642516569     -4.731537977562     -0.000617487125
   20     -2.280985250564     -2.325148103773     -4.649666721026
   12      0.025708948098     -0.080836965980     -4.730742109366
   20     -4.634217196444     -4.725476120368     -4.643059410040
    8      0.002073093678     -0.100140650513     -2.426152863609
    8      2.427325021376      2.407760011432     -2.335196491245
    8     -2.342798518088     -2.471398967855     -2.332071464004
    8      2.410200165800     -0.004522693034     -0.057776405724
    8      4.666039879298      2.233438189959     -0.106471502139
    8     -0.034751044572     -2.342393046624     -0.092902625307
    8      4.775549701070     -0.004839204277      2.330438699018
    8      7.008481732662      2.250647684984      2.328215772235
    8      2.358806577663     -2.335789693277      2.405931643458
    8      0.000559082077      2.392166551198      0.003304373350
    8      2.181304012770      4.810115422522     -0.094518203379
    8     -2.454867550058     -0.015606785921     -0.011064511441
    8      2.346741334476      2.343591977180      2.402704667312
    8      4.662595503293      4.754152301021      2.320919189931
    8     -0.081215069174      0.004077423099      2.370647933832
    8      4.594096572162      2.331804164974      4.664190047279
    8      7.122437898279      4.680837086278      4.767299984183
    8      2.326556787673     -0.005442660517      4.783826530107
    8      0.004915320169      4.769336118115      2.332175845878
    8      2.306250461842      7.010253633904      2.226024360954
    8     -2.327281857183      2.229340158166      2.440000869791
    8      2.253315088801      4.616557609222      4.626162486960
    8      4.676117511097      7.116751658888      4.702685659926
    8      0.020470051249      2.432191286060      4.696020671168
    8      4.724212834808      4.760160539216      7.002559862989
    8      7.030785252188      6.890848173151      7.081117001803
    8      2.337146972503      2.235351339433      6.949675603955
    0    0
