   3   1   1 E -1.6031092611615E+04 DE-1.0E-09( 10)
 -0.597298947479E-02  0.704874197780E+01  0.704474523969E+01
  0.702835158159E+01  0.828789442206E-02  0.703684660156E+01
  0.701832353034E+01  0.703719830109E+01  0.118703276588E-01
    1
  0.100000000000E+01  0.000000000000E+00  0.000000000000E+00
  0.000000000000E+00  0.100000000000E+01  0.000000000000E+00
  0.000000000000E+00  0.000000000000E+00  0.100000000000E+01
  0.000000000000E+00  0.000000000000E+00  0.000000000000E+00
   54
   20     -0.037829903483      0.001630700193     -0.057606927378
   20      2.299507375811      2.392568806615     -0.052913569001
   20     -2.341081356639     -2.370757564891     -0.039031884879
   20      2.295630489671      0.003850867587      2.395706575610
   20      4.695424948887      2.347931142712      2.362897895435
   20      0.000741643426     -2.341678375828      2.384521764633
   20     -2.356059322969     -0.022546420538     -2.351623243105
   12      0.010998956454      2.386563965078     -2.297210261080
   12     -4.783574591423     -2.420567350800     -2.303932304709
   20     -0.031732549824      2.343528369934      2.419405254327
   20      2.315971902097      4.691829253159      2.396674783313
   12     -2.294695432235      0.044042501279      2.425289991901
   12      2.206389213069      2.394525029194      4.721940151016
   20      4.743576133302      4.713122262659      4.675826192451
   12     -0.002889226991      0.069175884680      4.718808093892
   20     -2.340874146579      2.333303940644      0.011323676764
   12      0.105836651755      4.704792821431     -0.150953962109
   20     -4.738600238619     -0.005511098420     -0.057962007194
   12      0.046877912047     -2.505924333043     -2.323401831280
   20      2.367578409720      0.036243071507     -2.359899417886
   12     -2.220947132912     -4.709680192767     -2.340266111856
   20      2.319877087454     -2.384622350588     -0.044402182861
   20      4.760656305587      0.025524402016     -0.054847575056
   12     -0.010766618626     -4.632569544888     -0.047573072990
   20     -2.324346714788     -2.396196041776     -4.652044395965
   20      0.004606522226     -0.012217059124     -4.677889872942
   20     -4.691371135406     -4.698338535783     -4.655609576162
    8      0.004058326905      0.004306388101     -2.343412885268
    8      2.280399924860      2.455662486587     -2.339720096406
    8     -2.317101091601     -2.490104873409     -2.333093680493
    8      2.340676366964      0.011849181264     -0.033547454768
    8      4.761815366167      2.347905714755     -0.084254104798
    8      0.002166033203     -2.429593996094     -0.076644774013
    8      4.695169325888     -0.003153860625      2.374863578483
    8      7.017881266237      2.356920380183      2.371656556964
    8      2.323243035100     -2.359749524115      2.386935404910
    8     -0.020768768606      2.425215799321     -0.051057676616
    8      2.231783080044      4.692923931399     -0.036876087431
    8     -2.344758844558     -0.001729571299      0.014970685171
    8      2.301052497364      2.351267915285      2.397233444642
    8      4.689145318607      4.753587243621      2.368736928674
    8     -0.093858165203      0.016869777838      2.406603793993
    8      4.718533951584      2.356438194600      4.722293042343
    8      7.159486852801      4.668304668181      4.785671418973
    8      2.203194982568      0.013815785117      4.683094833936
    8     -0.006980649103      4.668584868342      2.394882638111
    8      2.400041675065      7.048834809252      2.381010896279
    8     -2.327803727413      2.263427175234      2.445137130267
    8      2.269171060410      4.616885330301      4.703894791674
    8      4.843115813365      7.182815396942      4.613195663291
    8      0.034978803632      2.393247613657      4.724680657134
    8      4.766999357296      4.695588530364      7.028002133700
    8      7.018068133393      7.047974516386      6.936810253281
    8      2.234544445088      2.347908748454      6.934286485169
    0    0
