   3   1   1 E -1.6031100628842E+04 DE 5.5E-09(  8)
 -0.718235950548E-02  0.699217355593E+01  0.702329554244E+01
  0.699820851892E+01 -0.132173225006E-01  0.702914406398E+01
  0.698499119642E+01  0.698499119642E+01  0.783940015056E-18
    2
  0.100000000000E+01  0.000000000000E+00  0.000000000000E+00
  0.000000000000E+00  0.100000000000E+01  0.000000000000E+00
  0.000000000000E+00  0.000000000000E+00  0.100000000000E+01
  0.000000000000E+00  0.000000000000E+00  0.000000000000E+00
  0.000000000000E+00 -0.100000000000E+01  0.000000000000E+00
 -0.100000000000E+01  0.000000000000E+00  0.000000000000E+00
  0.000000000000E+00  0.000000000000E+00  0.100000000000E+01
  0.000000000000E+00  0.000000000000E+00  0.000000000000E+00
   54
   20      0.016688453189     -0.016688453189     -0.027210520482
   20      2.326262374711      2.345333304074     -0.059016897141
   20     -2.345333304074     -2.326262374711     -0.059016897141
   20      2.363783873740     -0.066907835401      2.340902904742
   20      4.696312070107      2.288679126314      2.340913791458
   20      0.066907835401     -2.363783873740      2.340902904742
   20     -2.317658842007     -0.048059014254     -2.369803068142
   20      0.048059014254      2.317658842007     -2.369803068142
   12     -4.693026878535     -2.291964317886     -2.312543545115
   20     -0.035026829193      2.412962774248      2.340689695174
   20      2.277535780623      4.707455415798      2.346333327336
   20     -2.412962774248      0.035026829193      2.340689695174
   20      2.318489398615      2.341337542239      4.745524321505
   20      4.643653654182      4.666501797806      4.745524321505
   20      0.020535944609     -0.020535944609      4.710029792265
   20     -2.381496239699      2.381496239699      0.039200812479
   12      0.045565858021      4.715561066890      0.008731639385
   12     -4.715561066890     -0.045565858021      0.008731639385
   12      0.055342955157     -2.281967796481     -2.340108769248
   12      2.281967796481     -0.055342955157     -2.340108769248
   20     -2.366399504132     -4.618591692290     -2.408668246832
   12      2.306156609029     -2.306156609029     -0.063721989799
   20      4.677935025979     -0.060303912557      0.029155586706
   20      0.060303912557     -4.677935025979      0.029155586706
   12     -2.353567400767     -2.326294613499     -4.700970228935
   12      0.064092232335     -0.064092232335     -4.695275065293
   12     -4.658696582922     -4.631423795654     -4.700970228935
    8      0.120268791841     -0.120268791841     -2.412621112398
    8      2.324282370404      2.345629974606     -2.389241173914
    8     -2.345629974606     -2.324282370405     -2.389241173914
    8      2.327084784056     -0.090767666361     -0.061318968527
    8      4.668828399308      2.316162797112     -0.008857769882
    8      0.090767666361     -2.327084784056     -0.061318968527
    8      4.746513320793     -0.097694066058      2.343341059530
    8      7.082685262479      2.238477875628      2.343341059530
    8      2.413780848283     -2.413780848282      2.388848773095
    8     -0.002254175417      2.419112105578     -0.000621314263
    8      2.234006059587      4.750985136836     -0.056739781996
    8     -2.419112105578      0.002254175417     -0.000621314263
    8      2.334524339379      2.334712986795      2.343617726633
    8      4.650278209627      4.650466857043      2.343617726633
    8     -0.006304244103      0.006304244103      2.334883232902
    8      4.666936215484      2.318054980938      4.678719303437
    8      7.070765818804      4.655027329708      4.731113291012
    8      2.329963866713     -0.085774622382      4.731113291012
    8     -0.081219925434      4.757502622846      2.346514944651
    8      2.227488573576      7.066211121857      2.346514944651
    8     -2.424468755264      2.424468755264      2.331604738504
    8      2.257157221329      4.727833975093      4.759932023862
    8      4.574992914653      6.980262249756      4.680646470550
    8      0.004728946666      2.409998281768      4.680646470550
    8      4.637578934261      4.662018464163      7.109676673131
    8      7.095598639289      6.874383753554      7.093482679648
    8      2.322972732260      2.347412262161      7.109676673131
    0    0
