   3   1   1 E -1.6031095864674E+04 DE 5.5E-10( 11)
 -0.179033878669E-01  0.701321271011E+01  0.702748026017E+01
  0.699293718177E+01  0.237214047255E-02  0.700709563663E+01
  0.699530932224E+01  0.699530932224E+01  0.740628381881E-18
    2
  0.100000000000E+01  0.000000000000E+00  0.000000000000E+00
  0.000000000000E+00  0.100000000000E+01  0.000000000000E+00
  0.000000000000E+00  0.000000000000E+00  0.100000000000E+01
  0.000000000000E+00  0.000000000000E+00  0.000000000000E+00
  0.000000000000E+00 -0.100000000000E+01  0.000000000000E+00
 -0.100000000000E+01  0.000000000000E+00  0.000000000000E+00
  0.000000000000E+00  0.000000000000E+00  0.100000000000E+01
  0.000000000000E+00  0.000000000000E+00  0.000000000000E+00
   54
   20      0.033726664592     -0.033726664592     -0.035468965202
   20      2.319489564857      2.359499134745     -0.067604049509
   20     -2.359499134745     -2.319489564857     -0.067604049509
   20      2.357985419395     -0.068029707092      2.341500104718
   20      4.686863396089      2.308445926149      2.334886855569
   20      0.068029707092     -2.357985419395      2.341500104718
   20     -2.316593066073     -0.064766060188     -2.364899315765
   20      0.064766060188      2.316593066073     -2.364899315765
   12     -4.668574468875     -2.326734853362     -2.279797554173
   20     -0.029441687593      2.415747026467      2.332073437883
   20      2.254830587638      4.740478734600      2.327740585202
   20     -2.415747026467      0.029441687593      2.332073437883
   20      2.310786424718      2.359401534001      4.733096349665
   20      4.635907788237      4.684522897520      4.733096349665
   20      0.027589586213     -0.027589586213      4.716770907837
   20     -2.377381491090      2.377381491090      0.048943893434
   12      0.046928426779      4.709446626690      0.039211714292
   12     -4.709446626690     -0.046928426779      0.039211714292
   12      0.056207661063     -2.271125519827     -2.365044994333
   12      2.271125519827     -0.056207661063     -2.365044994333
   20     -2.365707387577     -4.629601934661     -2.417028982681
   12      2.309390195056     -2.309390195056     -0.053923115984
   20      4.677120091266     -0.068092698358      0.028741389767
   20      0.068092698358     -4.677120091266      0.028741389767
   12     -2.328749674639     -2.330731287027     -4.677617037715
   12      0.068276548879     -0.068276548879     -4.666575621262
   12     -4.664578035211     -4.666559647599     -4.677617037715
    8      0.132403689216     -0.132403689216     -2.415828028852
    8      2.328783555670      2.353096556346     -2.390920148330
    8     -2.353096556346     -2.328783555670     -2.390920148330
    8      2.326400106297     -0.080750965638     -0.060934904859
    8      4.665056831112      2.330252491125     -0.019940906144
    8      0.080750965638     -2.326400106297     -0.060934904859
    8      4.730243163085     -0.091524112703      2.339088058918
    8      7.086833434940      2.265066159152      2.339088058918
    8      2.419399002787     -2.419399002786      2.405768110732
    8      0.007140942738      2.403602888191     -0.009168975941
    8      2.212678243016      4.782631079222     -0.074152192675
    8     -2.403602888191     -0.007140942738     -0.009168975941
    8      2.323140097106      2.354547947714      2.334622487349
    8      4.640761374524      4.672169225132      2.334622487349
    8      0.004885930757     -0.004885930757      2.339997992438
    8      4.660027951163      2.335281371076      4.668488904478
    8      7.067752122472      4.660555233102      4.730041349442
    8      2.334754089136     -0.072442800234      4.730041349442
    8     -0.106371670138      4.797406632138      2.324154493119
    8      2.197902690100      7.101680992376      2.324154493119
    8     -2.415383615632      2.415383615632      2.335573582939
    8      2.256299736076      4.739009586162      4.736120110514
    8      4.587147431040      6.989496428713      4.678535884521
    8      0.005812893525      2.408161891198      4.678535884521
    8      4.642870187979      4.665237931758      7.110211160224
    8      7.082485182774      6.908133461702      7.093841952542
    8      2.330071390480      2.352439134259      7.110211160224
    0    0
