   3   1   1 E -1.6031102880756E+04 DE 6.5E-10( 11)
  0.527748644646E-02  0.701166981838E+01  0.704358413212E+01
  0.697829632463E+01  0.699358938962E-02  0.703580102017E+01
  0.698950453545E+01  0.700974963711E+01  0.898103282183E-03
    1
  0.100000000000E+01  0.000000000000E+00  0.000000000000E+00
  0.000000000000E+00  0.100000000000E+01  0.000000000000E+00
  0.000000000000E+00  0.000000000000E+00  0.100000000000E+01
  0.000000000000E+00  0.000000000000E+00  0.000000000000E+00
   54
   20     -0.024775275451     -0.026763068849      0.010146769448
   20      2.333146751053      2.351490410689      0.013652278545
   20     -2.310643324647     -2.347669329624     -0.018811666216
   20      2.363551865783     -0.008646306985      2.341358947932
   20      4.657188053816      2.357451285757      2.323441496554
   12      0.052142259651     -2.413712722966      2.308122917488
   12     -2.273560134256      0.045642563469     -2.247888735754
   20     -0.027539729464      2.344028779460     -2.343009260905
   20     -4.634660226370     -2.332998717351     -2.360444430013
   20     -0.017858294583      2.387351524035      2.358830347489
   12      2.208370475438      4.726860016743      2.339985634841
   20     -2.330274078502     -0.013936417087      2.353257150513
   20      2.306557973655      2.350300108634      4.686344872826
   20      4.657554073035      4.676003610517      4.722983193606
   20     -0.026982709283      0.005109310765      4.723030276465
   12     -2.282731007714      2.270158373737     -0.094662603624
   12     -0.006054710120      4.579945678272     -0.005699968944
   20     -4.681843168349     -0.004665027131      0.011654226057
   12     -0.053057548159     -2.321682183311     -2.350290900264
   20      2.330293937694     -0.021360281537     -2.352238395793
   12     -2.256193389907     -4.712787820101     -2.263608668875
   20      2.335171700841     -2.361570866848     -0.003724772344
   12      4.690391619239      0.073726526283     -0.066364603020
   12     -0.031411130675     -4.558514246247      0.020940334663
   20     -2.268201371857     -2.337085351415     -4.693010209320
   20     -0.028850943079     -0.033597987594     -4.726691943662
   20     -4.641730096629     -4.673877394431     -4.711485097700
    8     -0.121574955882     -0.085304685339     -2.338500496597
    8      2.401897771809      2.332531451587     -2.347014721968
    8     -2.217097331171     -2.330393473440     -2.339895486712
    8      2.406562542732      0.002512521677      0.008396489272
    8      4.746613887145      2.276591981521     -0.071942129642
    8     -0.002133963466     -2.422261000538      0.029282734020
    8      4.649194219316      0.015177082556      2.307741402720
    8      6.980201926945      2.446467097998      2.254463994104
    8      2.263184054959     -2.334710733280      2.327871646003
    8     -0.101611472266      2.415872319627     -0.011528753784
    8      2.249432632714      4.663669718551      0.048538511840
    8     -2.334489030051      0.077311297436     -0.085219165776
    8      2.318294478647      2.427241147972      2.348012376215
    8      4.667548137649      4.679814396860      2.339242417749
    8      0.008924613517     -0.061405117519      2.344433888273
    8      4.653800991848      2.254022756353      4.754968081435
    8      6.994679543658      4.671684227137      4.697962552650
    8      2.395504573972      0.005652321146      4.694449117451
    8      0.121754847124      4.667287436461      2.381010946172
    8      2.321968346610      6.913703672094      2.351320811605
    8     -2.323722185209      2.323552682954      2.335974413458
    8      2.236823186884      4.686959739794      4.684865400418
    8      4.669463023525      7.105866403299      4.779812116513
    8     -0.119824144961      2.438280352574      4.789622147372
    8      4.782995769542      4.621111359082      7.038476996891
    8      6.869079526080      7.012626019764      7.027927491796
    8      2.323379996567      2.324797258770      7.035184678584
    0    0
