   3   1   1 E -1.6031083308737E+04 DE 4.1E-09(  9)
  0.260384432639E-01  0.699675784591E+01  0.700304679822E+01
  0.700747363214E+01  0.510873596064E-02  0.701691337124E+01
  0.702386322158E+01  0.702140341525E+01 -0.554980469881E-02
    1
  0.100000000000E+01  0.000000000000E+00  0.000000000000E+00
  0.000000000000E+00  0.100000000000E+01  0.000000000000E+00
  0.000000000000E+00  0.000000000000E+00  0.100000000000E+01
  0.000000000000E+00  0.000000000000E+00  0.000000000000E+00
   54
   20      0.052613111751     -0.010626514961     -0.031886831556
   20      2.374922991190      2.314902738620     -0.084730278327
   20     -2.344814413911     -2.393240203215     -0.048411051937
   20      2.366912942268     -0.028329423199      2.349315662603
   20      4.699237243563      2.315027171776      2.345479305227
   20      0.042386179777     -2.391315638006      2.355388978426
   20     -2.370529384164      0.013214895226     -2.309773691784
   12      0.045594448456      2.324392919568     -2.331531106843
   12     -4.670715048669     -2.361749525566     -2.293211582480
   20      0.029766573424      2.330890284652      2.363876640579
   20      2.365238097209      4.692496118329      2.370017010968
   20     -2.378525036287      0.010239716177      2.355571625177
   12      2.294036324156      2.302540098962      4.816663930498
   20      4.632288442560      4.686040068054      4.750912767400
   20      0.034586621106      0.034740126382      4.743627045317
   20     -2.397738147849      2.335072530754     -0.023489113676
   20      0.037050690408      4.710796106573     -0.034166569688
   12     -4.675569816424     -0.005689810222     -0.117112036433
   20      0.034577366828     -2.368938943073     -2.296061420486
   12      2.285300821712      0.075740187279     -2.273912077316
   12     -2.411474637316     -4.640118934334     -2.304372902382
   12      2.335003190884     -2.312666667123     -0.093766707035
   12      4.591316812191      0.055280503919     -0.036851469268
   12      0.178907761897     -4.749591178693     -0.110264127954
   20     -2.391081374956     -2.329928760844     -4.677501290312
   20      0.016523808340      0.065400960594     -4.680871456526
   20     -4.721201392893     -4.677640751683     -4.676437800200
    8      0.085779932757      0.088687286515     -2.320071763970
    8      2.322126162709      2.345108695764     -2.358457474351
    8     -2.433849990711     -2.420072637698     -2.342046897645
    8      2.420216880383     -0.066713934744     -0.104230873448
    8      4.748792401341      2.236067529248     -0.118585434226
    8      0.085950553635     -2.434545438889     -0.034391563582
    8      4.640200955453      0.015498145755      2.310825638984
    8      7.021385084011      2.344670990688      2.345045272147
    8      2.330079143493     -2.351503582908      2.344391183297
    8      0.023628300137      2.336952983767     -0.029940411748
    8      2.360057286426      4.726236595077     -0.069669636284
    8     -2.411694257553     -0.014757356808     -0.030103363553
    8      2.350779090121      2.323902797069      2.361892133869
    8      4.684112520718      4.667860847042      2.346041286387
    8      0.018727187199     -0.013847642642      2.350703292174
    8      4.643517883200      2.344264634555      4.697095911367
    8      7.100799661943      4.612366213997      4.713081725864
    8      2.344696968289      0.018328194036      4.788067979130
    8      0.029189861563      4.680711455794      2.339872174264
    8      2.350462539858      7.021514180479      2.337395379050
    8     -2.342950402796      2.323866609735      2.387363610739
    8      2.360860625965      4.679192794766      4.802896469244
    8      4.579978182857      7.144100560552      4.772991071303
    8      0.060612108813      2.309787913777      4.723440207627
    8      4.577493933170      4.745577439998      7.006684250962
    8      7.067655624250      7.133989473898      6.977071511395
    8      2.184966423965      2.310532162291      6.840983510433
    0    0
