   3   1   1 E -1.6031032644046E+04 DE-4.4E-10(  2)
  0.344492917865E-02  0.702641548210E+01  0.702712261168E+01
  0.703247809608E+01 -0.524358043539E-02  0.702872756685E+01
  0.703596306612E+01  0.702496542218E+01 -0.197530075758E-02
    1
  0.100000000000E+01  0.000000000000E+00  0.000000000000E+00
  0.000000000000E+00  0.100000000000E+01  0.000000000000E+00
  0.000000000000E+00  0.000000000000E+00  0.100000000000E+01
  0.000000000000E+00  0.000000000000E+00  0.000000000000E+00
   54
   20      0.000000000000      0.000000000000      0.000000000000
   20      2.345321022039      2.341655140725     -0.000658433586
   20     -2.345321022039     -2.341655140725      0.000658433586
   20      2.344159365359     -0.001747860145      2.342909188949
   20      4.689480387397      2.339907280580      2.342250755363
   20     -0.001161656680     -2.343403000870      2.343567622535
   20     -2.344159365359      0.001747860145     -2.342909188949
   20      0.001161656680      2.343403000870     -2.343567622535
   12     -4.689480387397     -2.339907280580     -2.342250755363
   20      0.001148309726      2.342138494034      2.342374203893
   20      2.346469331765      4.683793634759      2.341715770307
   20     -2.344172712312      0.000483353309      2.343032637479
   20      2.345307675085      2.340390633889      4.685283392842
   12      4.690628697124      4.682045774614      4.684624959256
   20     -0.000013346954     -0.001264506836      4.685941826428
   12     -2.343011055633      2.343886354179     -0.000534985056
   12      0.002309966406      4.685541494904     -0.001193418642
   20     -4.688332077671      0.002231213454      0.000123448530
   12     -0.001148309726     -2.342138494034     -2.342374203893
   12      2.344172712312     -0.000483353309     -2.343032637479
   20     -2.346469331765     -4.683793634759     -2.341715770307
   12      2.343011055633     -2.343886354179      0.000534985056
   12      4.688332077671     -0.002231213454     -0.000123448530
   20     -0.002309966406     -4.685541494904      0.001193418642
   20     -2.345307675085     -2.340390633889     -4.685283392842
   20      0.000013346954      0.001264506836     -4.685941826428
   12     -4.690628697124     -4.682045774614     -4.684624959256
    8      0.000006673477      0.000632253418     -2.342970913214
    8      2.345327695517      2.342287394146     -2.343629346800
    8     -2.345314348562     -2.341022887307     -2.342312479628
    8      2.344166038836     -0.001115606727     -0.000061724265
    8      4.689487060877      2.340539534001     -0.000720157851
    8     -0.001154983203     -2.342770747452      0.000596709321
    8      4.688325404196     -0.002863466872      2.342847464686
    8      7.033646426237      2.338791673855      2.342189031099
    8      2.343004382157     -2.344518607597      2.343505898271
    8      0.001154983203      2.342770747452     -0.000596709321
    8      2.346476005243      4.684425888179     -0.001255142907
    8     -2.344166038836      0.001115606727      0.000061724265
    8      2.345314348562      2.341022887307      2.342312479628
    8      4.690635370602      4.682678028034      2.341654046042
    8     -0.000006673477     -0.000632253418      2.342970913214
    8      4.689473713923      2.339275027162      4.685221668579
    8      7.034794735963      4.680930167889      4.684563234993
    8      2.344152691884     -0.002380113563      4.685880102165
    8      0.002303292929      4.684909241486      2.341777494572
    8      2.347624314969      7.026564382213      2.341119060986
    8     -2.343017729109      2.343254100761      2.342435928158
    8      2.346462658288      4.683161381341      4.684686683521
    8      4.691783680328      7.024816522067      4.684028249935
    8      0.001141636249      2.341506240615      4.685345117106
    8      4.690622023649      4.681413521196      7.027595872472
    8      7.035943045689      7.023068661922      7.026937438886
    8      2.345301001611      2.339758380471      7.028254306058
    0    0
