   3   1   1 E -1.6031092488189E+04 DE-3.2E-10( 11)
  0.158510302449E-01  0.698670694129E+01  0.701875130999E+01
  0.701612642128E+01  0.205989306962E-02  0.702492006189E+01
  0.703317592297E+01  0.700438364643E+01 -0.891791584889E-02
    1
  0.100000000000E+01  0.000000000000E+00  0.000000000000E+00
  0.000000000000E+00  0.100000000000E+01  0.000000000000E+00
  0.000000000000E+00  0.000000000000E+00  0.100000000000E+01
  0.000000000000E+00  0.000000000000E+00  0.000000000000E+00
   54
   20      0.021200524908     -0.054724623878     -0.044333370679
   20      2.363304275827      2.372435823392     -0.060970340110
   20     -2.312268101843     -2.373670435951     -0.057423259865
   20      2.349854673395     -0.069490619816      2.320135325660
   20      4.700645843237      2.317701346218      2.339023999489
   20      0.019222603291     -2.372072533043      2.318817306224
   20     -2.343374847717     -0.090790741550     -2.356640809219
   20     -0.003108012894      2.352701373181     -2.393696957726
   12     -4.634727634165     -2.348843395081     -2.266097650445
   20     -0.050398753547      2.395736161103      2.384989898084
   20      2.306852425293      4.716433532799      2.346663768169
   20     -2.352793137346     -0.004408174477      2.368716172699
   20      2.302531100032      2.362334824082      4.740987395758
   12      4.623976499417      4.662802063988      4.638763130627
   20      0.017840223042     -0.006090342780      4.746594104769
   20     -2.411390731662      2.372485424573     -0.033643796586
   20     -0.012177868457      4.729344248214     -0.018209558039
   12     -4.653588980667     -0.052083922086      0.020345271419
   12     -0.035413109985     -2.373680658244     -2.345857913588
   20      2.356602047325     -0.036259172704     -2.321265969146
   12     -2.235272843008     -4.549613293071     -2.383125748347
   12      2.365451097491     -2.334392646136     -0.006199262065
   20      4.719348364814     -0.016531808074      0.014306263751
   12     -0.020862750622     -4.661930461816     -0.054837949728
   12     -2.326397380963     -2.343691868061     -4.625973748364
   12      0.033081551971     -0.002942684997     -4.652491568949
   20     -4.689891050217     -4.634998797810     -4.692338862311
    8      0.017116968803     -0.088469323794     -2.391047734643
    8      2.417771126542      2.440404310661     -2.358270738963
    8     -2.265987826866     -2.459010653808     -2.383554490065
    8      2.347103788692     -0.061377330950     -0.023519160961
    8      4.746267344871      2.323454357245     -0.080117129079
    8      0.037497266174     -2.443551769423     -0.037462819353
    8      4.726554136538     -0.098293526326      2.379980119621
    8      7.015669517140      2.276921148579      2.287240432294
    8      2.417957088864     -2.345964499461      2.279685674330
    8     -0.002647805038      2.367832199173     -0.031450581472
    8      2.350582142187      4.773245357687     -0.081538654586
    8     -2.400859913880     -0.024099763059     -0.022743685054
    8      2.317890192501      2.353413799187      2.339520073242
    8      4.691160530538      4.661129572068      2.349034481494
    8     -0.000032903130     -0.014291039374      2.342810509016
    8      4.647783338565      2.384840663583      4.664607743931
    8      7.028387141867      4.677344320736      4.674564885877
    8      2.341528582654     -0.092951924022      4.762213718256
    8     -0.124634501773      4.795689194676      2.429217107279
    8      2.315573555852      6.999781464113      2.342243035842
    8     -2.340807136204      2.427959547932      2.417121129310
    8      2.318150414828      4.646849951265      4.730530743360
    8      4.714666967728      6.968404508417      4.696335055926
    8     -0.106169538253      2.443775878293      4.791962466498
    8      4.575445149696      4.668721445081      6.991302567513
    8      7.185584745217      7.098974247848      7.148927705161
    8      2.223393784188      2.332686409235      7.012562225891
    0    0
