   3   1   1 E -1.6031058367573E+04 DE 4.5E-08(  8)
  0.685464139676E-02  0.699967035297E+01  0.702400060945E+01
  0.702560524450E+01  0.437680376229E-02  0.701885603597E+01
  0.702759979369E+01  0.699084024974E+01  0.828667569882E-02
    1
  0.100000000000E+01  0.000000000000E+00  0.000000000000E+00
  0.000000000000E+00  0.100000000000E+01  0.000000000000E+00
  0.000000000000E+00  0.000000000000E+00  0.100000000000E+01
  0.000000000000E+00  0.000000000000E+00  0.000000000000E+00
   54
   20      0.002298542376     -0.008756437765     -0.006680105621
   20      2.342583870710      2.334076432819     -0.006221772597
   20     -2.346590323279     -2.325042480916     -0.002178453789
   20      2.343662707845     -0.004632414807      2.344518993031
   20      4.678594490377      2.334223713099      2.350027043291
   20     -0.000151264595     -2.325840476001      2.346632619006
   20     -2.342917227277     -0.006051687842     -2.338833133875
   20     -0.001466205206      2.335815356935     -2.337542653016
   12     -4.703792806785     -2.349842205902     -2.323982745616
   20      0.001850621030      2.343601260039      2.342243902321
   20      2.341550450758      4.665022606821      2.356746480464
   12     -2.325880876714     -0.015581642665      2.339321383790
   12      2.338123245833      2.382134315662      4.679034926269
   12      4.644745804265      4.704133912835      4.698614735847
   20     -0.008142475680     -0.009537077913      4.688829966269
   20     -2.347932834437      2.351264632757     -0.014489882600
   12     -0.004972634577      4.709486176963     -0.018852844947
   20     -4.693006662099     -0.002314615312     -0.000339660955
   12      0.038056612763     -2.365876494684     -2.351804919961
   20      2.344333239974     -0.029072179703     -2.329959915735
   20     -2.343403594040     -4.667860034210     -2.344549076940
   12      2.337008588096     -2.367484161280     -0.052942126634
   12      4.796982142509      0.023477937851     -0.011180166040
   20     -0.006801785205     -4.664362348215      0.003180052183
   20     -2.337306993814     -2.317239768865     -4.690582199162
   12     -0.037479285671     -0.042870968164     -4.687748708220
   20     -4.687631516213     -4.666163486359     -4.683237827030
    8      0.003561500459     -0.023296965642     -2.346811227907
    8      2.346336478995      2.334278587390     -2.340015354932
    8     -2.344247040044     -2.328780366586     -2.344102478953
    8      2.356935167664     -0.024888848394     -0.003500588587
    8      4.680970622836      2.320755821632      0.005916893935
    8      0.008976652467     -2.330749134721     -0.000121584095
    8      4.697198285240      0.005480545079      2.341134207190
    8      7.019276546511      2.320736626458      2.348079375229
    8      2.342487491766     -2.324194407641      2.340317778813
    8      0.001637181988      2.348681087000     -0.012337905789
    8      2.326811836751      4.667992156186     -0.009170155821
    8     -2.341973537864      0.000392903237      0.005313635435
    8      2.341459341118      2.334747183970      2.351891246987
    8      4.682960527189      4.679759186736      2.362255547034
    8     -0.009788427542     -0.001053548287      2.342891527710
    8      4.663152318678      2.354082597521      4.682304139905
    8      7.034385571902      4.661040721768      4.704991829924
    8      2.335473991243      0.002915421307      4.687736804008
    8      0.006919223740      4.689267180487      2.342626907175
    8      2.342426025091      6.984240249445      2.352634334493
    8     -2.335928177537      2.332240980419      2.334631059011
    8      2.352342759945      4.616872252053      4.720688544507
    8      4.689450708560      6.959006982008      4.689887000529
    8      0.011461329739      2.348486961388      4.687494463586
    8      4.697948476598      4.713021611060      6.988361486445
    8      7.003920494624      6.965686114275      7.037595731589
    8      2.333799377096      2.355563565760      7.011427817876
    0    0
