   3   1   1 E -1.6031074574420E+04 DE 7.3E-10( 11)
  0.139036504325E-01  0.698884947099E+01  0.700539368960E+01
  0.697614993828E+01  0.356588166482E-01  0.697656372053E+01
  0.701393022914E+01  0.699112033674E+01  0.452088660684E-02
    1
  0.100000000000E+01  0.000000000000E+00  0.000000000000E+00
  0.000000000000E+00  0.100000000000E+01  0.000000000000E+00
  0.000000000000E+00  0.000000000000E+00  0.100000000000E+01
  0.000000000000E+00  0.000000000000E+00  0.000000000000E+00
   54
   20      0.004926986897     -0.018647137399     -0.029699699771
   20      2.330860851689      2.344099517134     -0.041205352306
   20     -2.354392431601     -2.324612661415     -0.040850875455
   20      2.341586271016     -0.033059870172      2.372193958065
   20      4.675144942231      2.356050546692      2.340792497298
   20      0.015280531171     -2.359914050577      2.338336080282
   20     -2.327053692780     -0.038871837144     -2.307071879735
   20      0.036481433556      2.334969357250     -2.327029530542
   12     -4.601979806557     -2.306733453541     -2.350945428579
   20     -0.049282166360      2.370176204225      2.338272473690
   20      2.331512280242      4.704688009660      2.342071182865
   20     -2.403702103967      0.025237739144      2.308487906327
   20      2.332550635405      2.351335823374      4.721497672161
   12      4.563986158480      4.634963090327      4.652128304563
   20     -0.018516963037     -0.003388663366      4.686375049972
   12     -2.377262772968      2.361186027339      0.019593344607
   20      0.004582883294      4.649336980956     -0.020767407340
   12     -4.484508019182     -0.055017591630      0.077827149567
   12     -0.077236865004     -2.266480685338     -2.318687729351
   12      2.318717406988      0.003349075327     -2.348028868057
   20     -2.398685286934     -4.618252258096     -2.373900601834
   20      2.351085484346     -2.388154124703      0.014466547485
   20      4.653727376187     -0.018431428416     -0.029621328124
   12      0.026702537911     -4.606744085639     -0.036592342123
   12     -2.321990037293     -2.337536531058     -4.718847500149
   20      0.052619639839     -0.006811478296     -4.654416005504
   12     -4.583487873063     -4.664849753246     -4.630711178146
    8      0.080889186113     -0.058875596352     -2.329212378716
    8      2.334894125893      2.354324575942     -2.403082751524
    8     -2.353585046140     -2.319096182543     -2.339337389138
    8      2.334428191764     -0.024871294904     -0.014172106407
    8      4.679587249618      2.339724406223     -0.023964859566
    8      0.003649773143     -2.402438597021     -0.034439176926
    8      4.666981425094     -0.033700282180      2.338678348747
    8      7.051047815365      2.353243752908      2.298454310382
    8      2.424494465804     -2.432238855462      2.396679675163
    8     -0.027444491157      2.336615179134     -0.029113343296
    8      2.331966018538      4.723234805111     -0.067649729896
    8     -2.383866718344      0.028669989501     -0.012805391953
    8      2.327108861144      2.351337519565      2.356012996311
    8      4.665702802349      4.672546500805      2.358002086074
    8     -0.014506973048     -0.004535528887      2.343072222540
    8      4.669513655617      2.404203366189      4.716180601811
    8      7.001471553746      4.669964463102      4.655582539250
    8      2.316972650301     -0.045820081156      4.719573153285
    8     -0.035697610702      4.680401157018      2.339236609536
    8      2.350013849131      7.042425553065      2.329815889910
    8     -2.444683664088      2.421723803628      2.286866398743
    8      2.339867085201      4.701791685800      4.697107775826
    8      4.595781743145      6.960015629227      4.648955451678
    8     -0.026558960908      2.394825780362      4.716440554935
    8      4.666320120593      4.578165656456      6.980791292444
    8      7.044739571457      7.042325431813      6.979837256574
    8      2.377173100179      2.248479210971      7.047975859643
    0    0
