   3   1   1 E -1.6031099904366E+04 DE 1.1E-08(  8)
  0.174081930884E-01  0.698044362916E+01  0.699966563748E+01
  0.701009358655E+01 -0.589107406797E-02  0.701504203530E+01
  0.701881633892E+01  0.699878991443E+01 -0.843162529099E-02
    1
  0.100000000000E+01  0.000000000000E+00  0.000000000000E+00
  0.000000000000E+00  0.100000000000E+01  0.000000000000E+00
  0.000000000000E+00  0.000000000000E+00  0.100000000000E+01
  0.000000000000E+00  0.000000000000E+00  0.000000000000E+00
   54
   20      0.024485511883     -0.015688955584      0.000498222837
   20      2.359282782401      2.335054833833     -0.027576689645
   20     -2.362664743385     -2.335984792323     -0.014587368899
   20      2.345460062361     -0.067305627378      2.312800613999
   20      4.676263174901      2.315804304102      2.320382862493
   20      0.019997761972     -2.344314665240      2.358886845631
   20     -2.364121638949     -0.016011502261     -2.349032980907
   20      0.010952934829      2.386860971049     -2.339402170670
   20     -4.688174310144     -2.340396013205     -2.347066167678
   20     -0.055856318984      2.339198686695      2.341404315511
   20      2.348639771691      4.690530828851      2.319747686492
   20     -2.345093185061      0.032628228146      2.395980736377
   20      2.348626624414      2.316874787905      4.744814750950
   12      4.755197165422      4.695389462315      4.735105283783
   12     -0.047684886662     -0.070795065077      4.769785443649
   20     -2.371223121394      2.430343651283      0.039324379270
   12     -0.009704874031      4.737919210961     -0.053342323600
   12     -4.689370780847     -0.065987085349     -0.007545025987
   20     -0.020035020051     -2.361013682708     -2.326524780046
   20      2.437192483661      0.006599712227     -2.310834866925
   12     -2.352490962797     -4.609563984072     -2.343562169763
   12      2.384215660704     -2.297092295875      0.044970389047
   12      4.632203641837     -0.076713677618     -0.050950213191
   20      0.002171047657     -4.746750424037     -0.026063116558
   12     -2.487039198258     -2.317689307326     -4.706146875266
   20     -0.010141580217     -0.014953320742     -4.765588289970
   12     -4.657130769761     -4.596340451750     -4.727934923821
    8      0.005637890028      0.002965133609     -2.343879873083
    8      2.430223963280      2.348676170938     -2.394460037528
    8     -2.344054859536     -2.405234492935     -2.409245871208
    8      2.433724428616     -0.093541779107     -0.010818027859
    8      4.668403780171      2.257646037604     -0.082802306787
    8      0.050441442076     -2.353438043931      0.008442787162
    8      4.667240316328     -0.095502263246      2.257280475951
    8      7.074572446449      2.318022989282      2.317452996277
    8      2.423961352030     -2.440898122472      2.252889251602
    8     -0.011725106379      2.419023777027     -0.002503177741
    8      2.273150988955      4.758466432979     -0.008285494360
    8     -2.404356313776      0.019034802166     -0.000696776108
    8      2.343313726387      2.322616607038      2.335324574575
    8      4.695117468781      4.678130180988      2.378711417374
    8      0.002181557993     -0.017125781426      2.388940967927
    8      4.680735340908      2.411559627530      4.699348521124
    8      6.917109121689      4.748989591891      4.748278192293
    8      2.274417288494     -0.026225782982      4.744053628328
    8     -0.045108213833      4.658446864129      2.297923287131
    8      2.364803454618      7.088936551543      2.252986312680
    8     -2.459255830203      2.461488071865      2.461914836000
    8      2.424872130366      4.657180431531      4.705434546897
    8      4.837746421636      6.971563135349      4.807957095717
    8     -0.082479039639      2.218566387432      4.665188005071
    8      4.656081244113      4.799552463903      6.979825879490
    8      7.095494279823      6.814369514722      6.879107942715
    8      2.352225020971      2.346168780613      7.112329492949
    0    0
