   3   1   1 E -1.6031056183290E+04 DE 5.5E-10( 11)
  0.210504097571E-01  0.699253360005E+01  0.699882185557E+01
  0.702307512552E+01 -0.756875895924E-02  0.701945705369E+01
  0.703094545506E+01  0.701535947382E+01 -0.921059592991E-02
    1
  0.100000000000E+01  0.000000000000E+00  0.000000000000E+00
  0.000000000000E+00  0.100000000000E+01  0.000000000000E+00
  0.000000000000E+00  0.000000000000E+00  0.100000000000E+01
  0.000000000000E+00  0.000000000000E+00  0.000000000000E+00
   54
   20      0.002340786141     -0.001060178782      0.001368309401
   20      2.347892236889      2.337786362598     -0.007187613924
   20     -2.346133231300     -2.340592273719     -0.000646855737
   20      2.349414692189     -0.015625486914      2.334935512441
   20      4.687170621285      2.330399983347      2.331407300931
   20      0.001460425363     -2.343853856553      2.342511121087
   20     -2.345606837012     -0.000995427989     -2.340762668165
   20      0.001817199373      2.350150280572     -2.340683948449
   20     -4.684160776865     -2.337031546804     -2.337946584109
   20     -0.000002870044      2.337214614508      2.337649171123
   20      2.353603676889      4.672632982446      2.329863131642
   20     -2.336778620331      0.002672124169      2.350433167005
   20      2.347796430532      2.328838853294      4.678792228440
   12      4.704333352719      4.684802050988      4.697249075676
   12     -0.010124776857     -0.012905299338      4.708833930970
   20     -2.348604638682      2.360839042976      0.005577042310
   12     -0.031214931148      4.746987511379     -0.008880265921
   12     -4.714196599920     -0.004508526986      0.005971301361
   20     -0.007247988465     -2.338222590067     -2.332678291298
   20      2.354744163906      0.004806259545     -2.328012090460
   12     -2.350365997261     -4.697207890956     -2.358722722263
   12      2.394616949822     -2.356374946172     -0.000778503199
   12      4.687608423770     -0.059509334691     -0.030354617196
   20     -0.007423164109     -4.692146325097     -0.002876920755
   12     -2.423626783934     -2.303239032958     -4.670901420228
   20     -0.001775367200     -0.004928562955     -4.688931217372
   12     -4.649586893164     -4.664373628986     -4.683644763046
    8     -0.001316034667      0.002213065784     -2.336831155972
    8      2.356999473333      2.344255561847     -2.343660634698
    8     -2.344969976208     -2.345930182109     -2.342936627404
    8      2.355361038424     -0.012358977667     -0.000674566736
    8      4.683334216791      2.322840674761     -0.017734489055
    8      0.002229787667     -2.344408768336      0.003416177969
    8      4.683338114353     -0.023468068782      2.324869306841
    8      7.030767423678      2.329669557826      2.331528281782
    8      2.359819076303     -2.360565405740      2.332689829779
    8      0.001294924252      2.353736526887     -0.000127106480
    8      2.341398335539      4.685698385971     -0.007611150759
    8     -2.349446071142      0.004440443595      0.002024190931
    8      2.349024220630      2.332044018436      2.332284942415
    8      4.691896790120      4.675555019162      2.337518404516
    8      0.003640147457     -0.004977933124      2.346309795517
    8      4.682581503818      2.343394956055      4.678050727762
    8      7.013807118783      4.694791474097      4.674956759167
    8      2.333457324545     -0.010650075637      4.682407301843
    8      0.006414616922      4.663176508188      2.325343158712
    8      2.361209494564      7.014447099272      2.324008536176
    8     -2.354344301885      2.362177690485      2.359397476252
    8      2.363757573090      4.661238924039      4.673844353929
    8      4.726233240802      7.005876315041      4.695470673431
    8      0.002141217561      2.312929703335      4.666385637265
    8      4.666247193890      4.724795625088      7.016600821089
    8      7.054107618516      6.955662158155      6.971079073777
    8      2.342885906800      2.330319963591      7.020614881696
    0    0
