   3   1   1 E -1.6031092421628E+04 DE-3.4E-10( 11)
  0.145848832376E-01  0.701327085940E+01  0.700173252209E+01
  0.701820856088E+01 -0.167176264102E-02  0.700902610323E+01
  0.701316647017E+01  0.701185125165E+01  0.773103011697E-02
    1
  0.100000000000E+01  0.000000000000E+00  0.000000000000E+00
  0.000000000000E+00  0.100000000000E+01  0.000000000000E+00
  0.000000000000E+00  0.000000000000E+00  0.100000000000E+01
  0.000000000000E+00  0.000000000000E+00  0.000000000000E+00
   54
   20      0.014322016374     -0.027685706057     -0.045647231320
   20      2.322779096162      2.356467357177     -0.038086861506
   20     -2.341500953700     -2.348677576079     -0.062729445738
   20      2.327267982730     -0.066547071040      2.358183251733
   20      4.716627880665      2.309148580867      2.345972878821
   20      0.037194419098     -2.329625415264      2.371680396201
   20     -2.314501123040     -0.075121847833     -2.377859404416
   12     -0.012888412521      2.321445518247     -2.347588531001
   12     -4.719322100173     -2.375730644981     -2.324972585070
   20     -0.069980467602      2.364405608156      2.406660147775
   20      2.310181844904      4.722523861154      2.356127325320
   12     -2.278059085136      0.002684968682      2.359641722754
   20      2.292789846871      2.351113011649      4.696092344375
   20      4.710683493685      4.709446995842      4.632713887861
   12     -0.015662786601      0.011625683237      4.631081820721
   20     -2.339175413161      2.349355754228      0.027540225378
   20     -0.017571039428      4.711299549017     -0.024899433452
   20     -4.688255313147     -0.011268220305     -0.002302461925
   12     -0.014701370531     -2.336698449676     -2.359866994195
   20      2.315262785209      0.018372341774     -2.346208486113
   12     -2.223334016293     -4.544165145173     -2.367889545023
   12      2.364328329633     -2.350391151655     -0.034843987715
   20      4.701848530949     -0.013682144072      0.004789184174
   20      0.003857181613     -4.679600015349     -0.038866843773
   12     -2.324148973324     -2.332844996751     -4.548234407276
   12     -0.044706629824     -0.062169591966     -4.569226977263
   20     -4.660369474237     -4.646375606502     -4.630785259321
    8     -0.009089084155     -0.044564381745     -2.445103835787
    8      2.302035510978      2.443790000881     -2.325478795361
    8     -2.343607450922     -2.479357091998     -2.471185378747
    8      2.338763689283     -0.064020649028     -0.015878697065
    8      4.672360480082      2.335680053792     -0.065403239963
    8      0.048676103722     -2.336470531707     -0.077613574776
    8      4.753224207115     -0.101658955851      2.352429652791
    8      7.019333681665      2.279488091464      2.411544858656
    8      2.427834982874     -2.336482591723      2.377455577718
    8     -0.019733683030      2.347425195036     -0.051848765524
    8      2.306643093632      4.683656959882     -0.060307396737
    8     -2.315456879043     -0.022685660237      0.019684849146
    8      2.318053473478      2.336996752201      2.348807878910
    8      4.692977763394      4.730759371060      2.340918947675
    8     -0.077465568081     -0.004920627643      2.383950327478
    8      4.749825608167      2.325600699321      4.683740635070
    8      7.112024026128      4.688533049304      4.666984200178
    8      2.249444294282     -0.089561217518      4.674627170102
    8     -0.100063404419      4.775787697156      2.425295877080
    8      2.337471135934      7.026499213059      2.367261710977
    8     -2.319752824684      2.352365638684      2.421529744426
    8      2.312121380565      4.688743321678      4.714958772379
    8      4.800235700861      7.103854985854      4.595636924361
    8     -0.098651727304      2.342123597823      4.676029177014
    8      4.623526395214      4.683212418045      7.040755342064
    8      7.022545253621      7.009791559043      7.013218966687
    8      2.350577205743      2.403634023682      7.010717790714
    0    0
