   3   1   1 E -1.6031105118439E+04 DE 3.3E-09(  9)
 -0.128837470113E-01  0.700965506847E+01  0.700965506847E+01
  0.697750206230E+01  0.391753207712E-02  0.699272378002E+01
  0.697750206230E+01  0.699272378002E+01  0.391753207712E-02
    2
  0.100000000000E+01  0.000000000000E+00  0.000000000000E+00
  0.000000000000E+00  0.100000000000E+01  0.000000000000E+00
  0.000000000000E+00  0.000000000000E+00  0.100000000000E+01
  0.000000000000E+00  0.000000000000E+00  0.000000000000E+00
  0.100000000000E+01  0.000000000000E+00  0.000000000000E+00
  0.000000000000E+00  0.000000000000E+00  0.100000000000E+01
  0.000000000000E+00  0.100000000000E+01  0.000000000000E+00
  0.000000000000E+00  0.000000000000E+00  0.000000000000E+00
   54
   20      0.007785752242      0.002679972227      0.002679972227
   20      2.323994740908      2.338143304799     -0.020591239297
   20     -2.329496739009     -2.356591415433     -0.019119102254
   20      2.323994740908     -0.020591239297      2.338143304799
   20      4.686655694499      2.302330541814      2.302330541814
   20      0.007078367403     -2.340696869017      2.355818374544
   20     -2.329496739009     -0.019119102254     -2.356591415433
   20      0.007078367403      2.355818374544     -2.340696869017
   20     -4.665295406714     -2.307660449485     -2.307660449485
   20     -0.021224360186      2.371887886931      2.371887886931
   20      2.279607216357      4.710980950711      2.310341416243
   20     -2.335889463848      0.006902126178      2.383115209265
   20      2.279607216357      2.310341416243      4.710980950711
   12      4.718091559948      4.706464358586      4.706464358586
   12     -0.112042928077     -0.002308875852      4.774466078062
   20     -2.335889463848      2.383115209265      0.006902126178
   12     -0.112042928077      4.774466078062     -0.002308875852
   12     -4.761528316947     -0.008950134639     -0.008950134639
   20     -0.022449164234     -2.352381087464     -2.352381087464
   20      2.395452966389     -0.003293011717     -2.349460660296
   12     -2.283504795619     -4.642881579868     -2.253847306261
   20      2.395452966389     -2.349460660296     -0.003293011717
   12      4.773077396927     -0.057073472258     -0.057073472258
   12     -0.035478097987     -4.789048978610     -0.035281348935
   12     -2.283504795619     -2.253847306261     -4.642881579868
   12     -0.035478097987     -0.035281348935     -4.789048978610
   20     -4.636888785297     -4.691471901260     -4.691471901260
    8      0.014549620412      0.005606854749     -2.394420908812
    8      2.412822931101      2.331386956884     -2.328890213375
    8     -2.320956011604     -2.403839922485     -2.403839922485
    8      2.359173457216     -0.010796308800     -0.010796308800
    8      4.753760214147      2.232447632804     -0.086353304991
    8      0.014549620412     -2.394420908812      0.005606854749
    8      4.753760214147     -0.086353304991      2.232447632804
    8      6.974046698899      2.240727547848      2.240727547848
    8      2.412822931101     -2.328890213375      2.331386956884
    8     -0.021467121868      2.393764851603      0.000602362910
    8      2.269517688349      4.762066812903      0.009676089145
    8     -2.342466872029      0.014197051972      0.014197051972
    8      2.323672494007      2.335104717844      2.335104717844
    8      4.642636770221      4.661126732544      2.389340401243
    8     -0.021467121868      0.000602362910      2.393764851603
    8      4.642636770221      2.389340401243      4.661126732544
    8      6.873287300952      4.765438073022      4.765438073022
    8      2.269517688349      0.009676089145      4.762066812903
    8     -0.105791569745      4.785634271802      2.245107733505
    8      2.252992852040      7.001372979689      2.249358051565
    8     -2.312890713891      2.424208179117      2.424208179117
    8      2.390313542481      4.673595635611      4.673595635611
    8      4.757294775262      6.971022992393      4.770617600587
    8     -0.105791569745      2.245107733505      4.785634271802
    8      4.757294775262      4.770617600587      6.971022992393
    8      6.945062580028      6.957758054553      6.957758054553
    8      2.252992852040      2.249358051565      7.001372979689
    0    0
