   3   1   1 E -1.6031095351758E+04 DE 4.3E-10( 11)
  0.250022498254E-01  0.699418365717E+01  0.701612581060E+01
  0.698840554797E+01  0.534335559772E-02  0.702753271797E+01
  0.699103094526E+01  0.700288394130E+01  0.834905232305E-02
    1
  0.100000000000E+01  0.000000000000E+00  0.000000000000E+00
  0.000000000000E+00  0.100000000000E+01  0.000000000000E+00
  0.000000000000E+00  0.000000000000E+00  0.100000000000E+01
  0.000000000000E+00  0.000000000000E+00  0.000000000000E+00
   54
   20      0.013297076728      0.006191338107     -0.005624946882
   20      2.354374064339      2.330507346841     -0.046045070654
   20     -2.334924306487     -2.362630406404     -0.033787116317
   20      2.350447866771     -0.040342100210      2.390655398634
   20      4.714477369227      2.311626912983      2.345998127651
   20      0.066862988360     -2.358152157439      2.351825390406
   20     -2.321726153326     -0.029987558485     -2.351893108192
   20      0.076101657929      2.317075021141     -2.360709686667
   12     -4.587659493829     -2.364919029029     -2.367458886375
   20     -0.073803611421      2.350191552978      2.352877949830
   20      2.282031675028      4.711120923103      2.360891419348
   20     -2.351685342386      0.075206173796      2.352429950111
   20      2.312562519940      2.314747591694      4.690620959647
   20      4.688982325899      4.704460377579      4.693284205268
   12      0.043643564036      0.001995862164      4.683260809744
   12     -2.330445362204      2.392410106302      0.010944386292
   20      0.002442434572      4.705734542573     -0.014569010060
   20     -4.690109790455      0.044922758250     -0.016338621321
   20     -0.063363503019     -2.349487298737     -2.332762433946
   12      2.237843675829      0.011567829610     -2.308629638401
   12     -2.392578679334     -4.700967002415     -2.413989004803
   20      2.352415477555     -2.376749189824      0.026639878614
   20      4.701082367842      0.023518179372     -0.000443054840
   12     -0.066146602500     -4.741319204106     -0.000670379272
   12     -2.425680505318     -2.402660673982     -4.637814745140
   12     -0.028571475435      0.015677357600     -4.673272521778
   12     -4.669396824035     -4.663624446564     -4.698822302666
    8      0.078178822923     -0.019260916864     -2.343550784550
    8      2.469889269696      2.298938354974     -2.443772166318
    8     -2.442537527617     -2.416656577923     -2.386712078647
    8      2.360969742041     -0.007559341275     -0.009371526597
    8      4.733754986452      2.330469983346     -0.034164688300
    8     -0.002349604348     -2.393425426737     -0.002072081068
    8      4.731989833956     -0.062889293759      2.372005701690
    8      7.080900643659      2.251089278551      2.314615377830
    8      2.426268384807     -2.419577493226      2.407384496724
    8     -0.029505359106      2.345794884761     -0.011751412707
    8      2.329349844314      4.682731153675     -0.026939951083
    8     -2.337324273603      0.046437825749     -0.011636759055
    8      2.330095290720      2.333488205958      2.376388211628
    8      4.672532985958      4.682024375425      2.353198319193
    8     -0.003260791730      0.011954104280      2.352356245517
    8      4.691125618859      2.333432738160      4.706193878393
    8      7.092986665824      4.740989493369      4.650994393317
    8      2.274978621414     -0.047189324953      4.671732972574
    8     -0.081561107934      4.733239306234      2.356170166026
    8      2.254173104011      7.111096819786      2.417125626025
    8     -2.467635437547      2.458160646195      2.308480668055
    8      2.328441450792      4.701360982034      4.708538549877
    8      4.681693889272      7.110802405704      4.678969538599
    8     -0.089697120137      2.248486775946      4.698172544430
    8      4.704547407769      4.603494782113      7.049931092913
    8      7.009228888979      7.106874027363      7.013610081665
    8      2.362266700053      2.320426717506      7.071539749653
    0    0
