   3   1   1 E -1.6031103287506E+04 DE 6.2E-09(  9)
  0.124159518357E-01  0.698452653651E+01  0.699554818486E+01
  0.703365068224E+01 -0.109610984756E-01  0.701032044267E+01
  0.703207282348E+01  0.699295071753E+01 -0.415570991960E-02
    1
  0.100000000000E+01  0.000000000000E+00  0.000000000000E+00
  0.000000000000E+00  0.100000000000E+01  0.000000000000E+00
  0.000000000000E+00  0.000000000000E+00  0.100000000000E+01
  0.000000000000E+00  0.000000000000E+00  0.000000000000E+00
   54
   20     -0.008659394785     -0.033207652870      0.004543640479
   20      2.354079623116      2.355291698154     -0.004391046083
   20     -2.358895065701     -2.336548659794      0.003521171478
   20      2.357276015364     -0.011653050744      2.349356291382
   20      4.723140147998      2.310073221992      2.333020975398
   20      0.005558158915     -2.370133549000      2.312577910358
   20     -2.357401300866      0.015807069430     -2.320894734674
   20      0.009216714841      2.333006208742     -2.334926489086
   20     -4.690240041369     -2.340534442234     -2.342335764442
   20     -0.011057536369      2.344875846148      2.306376641330
   20      2.338243790770      4.742450431662      2.327020235562
   12     -2.371055314616      0.068396365534      2.307637395103
   12      2.379575679294      2.330267708429      4.762005845327
   20      4.682508101688      4.677042229358      4.663473577616
   20     -0.001167884378      0.050559406012      4.741982627965
   20     -2.447574099516      2.356656448183      0.026284888762
   12      0.099674345723      4.736938778513      0.045628317929
   12     -4.748387728118      0.063465182997      0.063988433955
   20      0.021170266735     -2.388625860643     -2.321362661941
   20      2.348998110416      0.002759911287     -2.353770446969
   12     -2.381160821462     -4.721589278716     -2.369327635990
   12      2.294504623763     -2.428497433610     -0.017117595100
   20      4.743551117076     -0.010657126528     -0.011027459993
   12      0.042012104280     -4.697043770745     -0.002250973062
   20     -2.344754219169     -2.355872379298     -4.700575337043
   12      0.009303232478      0.024336750046     -4.759275304042
   12     -4.728104752960     -4.756845669251     -4.694806883020
    8     -0.007751919260     -0.011200252629     -2.394016367539
    8      2.420222767421      2.327248212034     -2.423349975469
    8     -2.343151914280     -2.424332355750     -2.342579762716
    8      2.338403114334     -0.073950422077     -0.015251110936
    8      4.765599556050      2.322250783762     -0.076816175991
    8      0.104919451606     -2.437551911067      0.017265869799
    8      4.757749261538     -0.002980132069      2.339362791861
    8      7.122333413248      2.193593571879      2.247493326544
    8      2.331454933084     -2.443426419409      2.252167989461
    8     -0.013267228891      2.409430121959      0.013289099211
    8      2.237803251270      4.758704314070     -0.019557044683
    8     -2.404255735576      0.011974403974      0.085945671815
    8      2.349343442175      2.345305552520      2.338531733813
    8      4.686379351058      4.749956157154      2.326063338154
    8     -0.066909808802      0.006271233718      2.353821883716
    8      4.588374325047      2.329660488995      4.690104163686
    8      7.038613842090      4.669790902939      4.730286686272
    8      2.353919391152      0.124208023542      4.777166993118
    8      0.019851329936      4.763549129209      2.253882713912
    8      2.354979196526      7.113707874082      2.235351520161
    8     -2.434938782178      2.210706498832      2.434252110621
    8      2.353414682652      4.540750493696      4.724030977760
    8      4.685366240456      7.099386510755      4.618699334944
    8      0.053121897641      2.327064352094      4.715370125888
    8      4.678740669602      4.655297409241      7.003858527391
    8      7.150988322996      6.952430960157      7.113384301701
    8      2.269970634963      2.370758815344      6.993593785581
    0    0
