   3   1   1 E -1.6031048836811E+04 DE 5.6E-08(  8)
  0.119495259693E-01  0.702250412516E+01  0.701736257389E+01
  0.701192015829E+01  0.807716581317E-02  0.701397249983E+01
  0.702843191553E+01  0.702887975918E+01 -0.155196337945E-02
    1
  0.100000000000E+01  0.000000000000E+00  0.000000000000E+00
  0.000000000000E+00  0.100000000000E+01  0.000000000000E+00
  0.000000000000E+00  0.000000000000E+00  0.100000000000E+01
  0.000000000000E+00  0.000000000000E+00  0.000000000000E+00
   54
   20      0.009697110857     -0.006660889697     -0.011878022080
   20      2.348072127950      2.342968645022     -0.012438713300
   20     -2.336194220275     -2.345867358511     -0.005945355785
   20      2.336717834317     -0.001626397875      2.340604348798
   20      4.683038924293      2.346890644985      2.340591217835
   20      0.005998757488     -2.346376854022      2.336604790714
   20     -2.341917233802     -0.002027181695     -2.340596305133
   20      0.012484573724      2.345177887130     -2.344739009112
   12     -4.689144531719     -2.362757651766     -2.339547579923
   20      0.013578569210      2.340364787536      2.343609982501
   20      2.347628883106      4.679739949583      2.347727776665
   20     -2.337313122808     -0.002821885681      2.346502638235
   12      2.256989971613      2.422939434876      4.690489722390
   12      4.642024902415      4.706547282420      4.669108904301
   12      0.003099162870      0.014571212365      4.671631529205
   20     -2.348008320023      2.352459549203     -0.005822548799
   20      0.010400960878      4.688142831136     -0.008299917470
   20     -4.688842477306      0.009711068251     -0.001511911177
   12      0.026121031238     -2.350524596910     -2.318999174481
   12      2.336477673866     -0.022332581068     -2.323677617315
   20     -2.335413012465     -4.685379419870     -2.336898698530
   12      2.272785577102     -2.451786676542      0.011706209481
   20      4.676726686145      0.001392413156     -0.009141425984
   12      0.086246216654     -4.662994082173      0.003240086835
   20     -2.343784163334     -2.345984621189     -4.674010289072
   20      0.008220002356      0.000446410411     -4.672274332101
   12     -4.703476009021     -4.663109263416     -4.664713241997
    8      0.012835465106     -0.008819807409     -2.343397736948
    8      2.351658151045      2.345176647994     -2.351662076505
    8     -2.338771501305     -2.345204659011     -2.338730392036
    8      2.343468698087     -0.007733105533     -0.015166758553
    8      4.693142354589      2.342898102082     -0.005693312614
    8      0.016642625405     -2.359240612748     -0.014891920786
    8      4.674501892289      0.003914317337      2.339163202251
    8      7.032042918920      2.346467289594      2.334928971978
    8      2.335453630387     -2.350615123391      2.336336716465
    8      0.008024804811      2.344155900117     -0.009748280915
    8      2.347893696470      4.689170777482     -0.008911794119
    8     -2.341350031185      0.001516078910     -0.006010614766
    8      2.345693503049      2.341856414918      2.343577697410
    8      4.689353930471      4.683357140600      2.342388395094
    8      0.008416653651     -0.003307707793      2.343182310029
    8      4.666485108072      2.360116821751      4.670593471844
    8      7.028320455257      4.701766360383      4.667174958277
    8      2.318695648911      0.008612271125      4.674278491028
    8      0.014451351940      4.679930197640      2.344754153720
    8      2.348768893074      7.030922051573      2.352017362073
    8     -2.336990136980      2.341814084953      2.343453478200
    8      2.330195816794      4.641329391477      4.705291986986
    8      4.695188298950      7.015244968916      4.675184087099
    8      0.045688139258      2.344477619203      4.687690393992
    8      4.670034123534      4.694259694378      7.006189028701
    8      7.025178547833      7.039788245717      7.007040147604
    8      2.298118285320      2.384618709719      7.023668966326
    0    0
