   3   1   1 E -1.6031087633852E+04 DE 9.1E-10( 10)
  0.491810892155E-01  0.698428111878E+01  0.698428111878E+01
  0.702622844820E+01  0.746174203948E-02  0.702609159487E+01
  0.702622844820E+01  0.702609159487E+01  0.746174203948E-02
    2
  0.100000000000E+01  0.000000000000E+00  0.000000000000E+00
  0.000000000000E+00  0.100000000000E+01  0.000000000000E+00
  0.000000000000E+00  0.000000000000E+00  0.100000000000E+01
  0.000000000000E+00  0.000000000000E+00  0.000000000000E+00
  0.100000000000E+01  0.000000000000E+00  0.000000000000E+00
  0.000000000000E+00  0.000000000000E+00  0.100000000000E+01
  0.000000000000E+00  0.100000000000E+01  0.000000000000E+00
  0.000000000000E+00  0.000000000000E+00  0.000000000000E+00
   54
   20      0.064033555507     -0.076815021478     -0.076815021478
   20      2.371179432191      2.326848887679     -0.039955317266
   20     -2.312831947112     -2.359546816720     -0.050448509931
   20      2.371179432191     -0.039955317266      2.326848887679
   20      4.722467949402      2.327713869824      2.327713869824
   20      0.031251353140     -2.372969755395      2.331839429701
   20     -2.312831947112     -0.050448509931     -2.359546816720
   20      0.031251353140      2.331839429701     -2.372969755395
   12     -4.668275983848     -2.288214328981     -2.288214328981
   20      0.011816496742      2.351729571241      2.351729571241
   20      2.330858064577      4.741266718918      2.367934076448
   20     -2.386953554075     -0.047926152484      2.351514014556
   20      2.330858064577      2.367934076448      4.741266718918
   12      4.641835021593      4.739569128936      4.739569128936
   20      0.016576313633     -0.018694494555      4.765595087225
   20     -2.386953554075      2.351514014556     -0.047926152484
   20      0.016576313633      4.765595087225     -0.018694494555
   12     -4.681207062555     -0.028455581305     -0.028455581305
   12      0.116887026663     -2.337250322605     -2.337250322605
   12      2.234422753450     -0.158336788310     -2.292044125155
   20     -2.378115926036     -4.681843888563     -2.279568467338
   12      2.234422753450     -2.292044125155     -0.158336788310
   12      4.617714165422      0.010939843513      0.010939843513
   12      0.006540550530     -4.683648126652      0.059754842908
   20     -2.378115926036     -2.279568467338     -4.681843888563
   12      0.006540550530      0.059754842908     -4.683648126652
   20     -4.781346385358     -4.704032715608     -4.704032715608
    8      0.129576621355     -0.102696041523     -2.422268433711
    8      2.320820790815      2.345822194406     -2.324337807517
    8     -2.366245320902     -2.348622028601     -2.348622028601
    8      2.485675904338     -0.108838031319     -0.108838031319
    8      4.739668730841      2.260656563283      0.000585332576
    8      0.129576621355     -2.422268433711     -0.102696041523
    8      4.739668730841      0.000585332576      2.260656563283
    8      7.004294712338      2.302237702108      2.302237702108
    8      2.320820790815     -2.324337807517      2.345822194406
    8      0.019531261985      2.338055831842     -0.028986389880
    8      2.352997957648      4.774772710839     -0.058102632565
    8     -2.367287171823     -0.045719045379     -0.045719045379
    8      2.345914922784      2.340026198934      2.340026198934
    8      4.698993079843      4.689060573178      2.382605209522
    8      0.019531261985     -0.028986389880      2.338055831842
    8      4.698993079843      2.382605209522      4.689060573178
    8      7.050829309771      4.707682132301      4.707682132301
    8      2.352997957648     -0.058102632565      4.774772710839
    8      0.022015116524      4.776191244803      2.396979178757
    8      2.280629853800      6.990184853447      2.356562922022
    8     -2.350378679263      2.320132793370      2.320132793370
    8      2.325269471685      4.731286593195      4.731286593195
    8      4.607551836557      6.897095811549      4.792083871546
    8      0.022015116524      2.396979178757      4.776191244803
    8      4.607551836557      4.792083871546      6.897095811549
    8      7.115948423498      7.162848684798      7.162848684798
    8      2.280629853800      2.356562922022      6.990184853447
    0    0
