   3   1   1 E -1.6031042893530E+04 DE 1.6E-10( 11)
 -0.129327801449E-02  0.701514925013E+01  0.702890327177E+01
  0.702511808081E+01  0.774593189177E-03  0.703125393932E+01
  0.700376093914E+01  0.700510334127E+01  0.123355110040E-01
    1
  0.100000000000E+01  0.000000000000E+00  0.000000000000E+00
  0.000000000000E+00  0.100000000000E+01  0.000000000000E+00
  0.000000000000E+00  0.000000000000E+00  0.100000000000E+01
  0.000000000000E+00  0.000000000000E+00  0.000000000000E+00
   54
   20     -0.002394030678     -0.004145122358     -0.001678059825
   20      2.334087930603      2.331977024981      0.003267619302
   20     -2.332511299434     -2.333910633380     -0.005307351655
   20      2.337451460842     -0.006623410985      2.348311478952
   20      4.676556912718      2.327929638727      2.349278294770
   20      0.008395392952     -2.333633238425      2.343061699506
   20     -2.342023504947     -0.008286620942     -2.344392618688
   20     -0.006512745065      2.330664941684     -2.340812762937
   12     -4.673975231821     -2.325188126782     -2.356360509136
   20     -0.003864109767      2.345114091474      2.346754192806
   20      2.331032019260      4.670959845078      2.347908796439
   12     -2.322547881989      0.025310691257      2.339081912613
   12      2.327342245634      2.339552246373      4.700527007081
   20      4.670320865940      4.661656998011      4.689883255432
   12     -0.006704497224     -0.004407181709      4.682674479199
   12     -2.336376645232      2.527181013512      0.000543310919
   20     -0.011298629407      4.672191260283      0.001732923951
   20     -4.672721244707      0.007484499083     -0.008697754680
   12      0.005007635895     -2.306334633392     -2.340447420895
   20      2.332643196586     -0.015964025765     -2.339769780610
   20     -2.328624710632     -4.673668760083     -2.349338565388
   12      2.314592127463     -2.446921258888     -0.006639131851
   20      4.675539995212     -0.014301785531      0.007339994247
   20      0.016826181965     -4.670767622913     -0.005129111678
   12     -2.313588811601     -2.331998778489     -4.690671376067
   12     -0.018499693257     -0.052361975988     -4.681590291236
   20     -4.667774940496     -4.664561519905     -4.691342712297
    8     -0.005826983767     -0.016794546994     -2.343359379471
    8      2.334078682534      2.334567397812     -2.337008268552
    8     -2.331969526175     -2.337210655324     -2.346553680120
    8      2.335026970559     -0.014249709893      0.003581527544
    8      4.675992101566      2.329454687454      0.006634986979
    8      0.008442331553     -2.334173750037     -0.004093631116
    8      4.682503272435     -0.014574724351      2.348359805772
    8      7.019088880173      2.329363859641      2.350924277467
    8      2.353043685379     -2.331736025446      2.349663970611
    8     -0.007176473799      2.335404683751      0.001302755522
    8      2.331282108275      4.674512839555      0.001855310730
    8     -2.334699545756      0.006986734401     -0.003059076358
    8      2.333786831141      2.333675570142      2.348069582641
    8      4.672006131318      4.670149699550      2.350830249947
    8     -0.005395685013     -0.001293179923      2.344630080706
    8      4.674755334604      2.326930740602      4.691702897067
    8      7.016609461731      4.675132543082      4.692863997990
    8      2.337634805599     -0.000904508823      4.686527996711
    8     -0.008427822627      4.686882503265      2.348313446891
    8      2.334916965264      7.008986733152      2.348359611413
    8     -2.336622435408      2.371874843716      2.339094707082
    8      2.322775050808      4.643191841537      4.685710333212
    8      4.674226869830      7.001025759277      4.688835053798
    8      0.012514623102      2.346500119759      4.682415249808
    8      4.667661911800      4.656530513923      7.038427068835
    8      7.015948858173      7.008759368959      7.033991411422
    8      2.361581446603      2.358681436944      7.020009444605
    0    0
