   3   1   1 E -1.6031092070036E+04 DE-7.5E-10( 10)
  0.222461020404E-02  0.699099087782E+01  0.699617056975E+01
  0.697041778380E+01 -0.959651161035E-02  0.700206828331E+01
  0.697816371608E+01  0.699737393182E+01 -0.102173715057E-01
    1
  0.100000000000E+01  0.000000000000E+00  0.000000000000E+00
  0.000000000000E+00  0.100000000000E+01  0.000000000000E+00
  0.000000000000E+00  0.000000000000E+00  0.100000000000E+01
  0.000000000000E+00  0.000000000000E+00  0.000000000000E+00
   54
   20      0.009243654311     -0.031548519271     -0.062690231235
   20      2.358803006643      2.335144698080     -0.050895249862
   20     -2.312659748688     -2.347124690713     -0.011928606837
   20      2.337772105964     -0.007960544321      2.368813782981
   20      4.649759628119      2.348568500227      2.354923576186
   20     -0.019224446041     -2.325752278393      2.367921634663
   20     -2.362670521589     -0.029414471271     -2.342881477096
   20      0.031404758057      2.378779639850     -2.281106298965
   12     -4.693951065291     -2.322638645637     -2.288705657571
   20      0.001980046782      2.359199449681      2.341837336774
   20      2.318510379059      4.681398298183      2.411470153500
   12     -2.419929864122     -0.046221361448      2.369712148825
   12      2.250434703946      2.398247204329      4.705928783573
   12      4.601742462921      4.727576032104      4.736646987853
   20     -0.068217816468     -0.019528063670      4.729858352585
   20     -2.341728341823      2.380284044502     -0.060626781791
   12      0.020505314456      4.679663460962     -0.107198116360
   20     -4.702081580416     -0.014521178753     -0.045254457944
   12      0.030478143310     -2.376477398864     -2.284627471720
   12      2.391278457288     -0.088133819679     -2.299181838215
   20     -2.302001019213     -4.710255686505     -2.321603763467
   20      2.338831107327     -2.325800666930     -0.112526440504
   12      4.791828560243      0.042281982703      0.025604716182
   12     -0.000674696746     -4.629337775891     -0.051828400867
   20     -2.276583870491     -2.318064292700     -4.672327803155
   20      0.005330781951     -0.037254626074     -4.674844244428
   20     -4.652062568421     -4.679313874613     -4.654775728176
    8      0.078796970936     -0.092735973726     -2.355134281526
    8      2.351531848508      2.340851995195     -2.335504201726
    8     -2.311393900284     -2.360107554582     -2.321343198061
    8      2.445896137591     -0.013106305482     -0.109257050932
    8      4.758348304670      2.244192515302      0.005334111539
    8      0.006706501098     -2.416930529238     -0.108430311220
    8      4.633959065940     -0.015387303493      2.286198110159
    8      6.971015398569      2.337620921218      2.304590588690
    8      2.323977131513     -2.336972612202      2.359202609275
    8      0.012430235594      2.400594278334     -0.017179008084
    8      2.238016375581      4.668263138123     -0.093302577030
    8     -2.357912148358     -0.011095028310     -0.027529652929
    8      2.319510087345      2.346011401366      2.387503112768
    8      4.647898685716      4.773645659534      2.428605569399
    8     -0.062404622317     -0.011271245639      2.342500453400
    8      4.554562047017      2.424490610669      4.672543835179
    8      7.007094943711      4.674813613944      4.780194895810
    8      2.282366585946     -0.039071696600      4.675455152030
    8      0.019451640085      4.659981781633      2.354559887438
    8      2.414651152007      6.980920390606      2.407890963019
    8     -2.320010360642      2.272353346190      2.315128699507
    8      2.322429870833      4.671464359382      4.682809142385
    8      4.521014519813      6.851535832257      4.711509897911
    8      0.102799188069      2.441584691724      4.782913219447
    8      4.812069970900      4.804732814253      6.860832613962
    8      6.828378290307      6.948521384009      7.007487584286
    8      2.191326004172      2.337761440792      6.858801597402
    0    0
