   3   1   1 E -1.6031081004491E+04 DE-2.4E-09( 11)
  0.241516505149E-01  0.694865584802E+01  0.695112307869E+01
  0.698013437697E+01 -0.259158560689E-01  0.699242560745E+01
  0.698521291696E+01  0.699011176033E+01 -0.255578223353E-01
    1
  0.100000000000E+01  0.000000000000E+00  0.000000000000E+00
  0.000000000000E+00  0.100000000000E+01  0.000000000000E+00
  0.000000000000E+00  0.000000000000E+00  0.100000000000E+01
  0.000000000000E+00  0.000000000000E+00  0.000000000000E+00
   54
   20     -0.032836278018     -0.007976858673      0.003446429731
   20      2.316234996312      2.336178905950     -0.004482003688
   20     -2.324212241059     -2.288975885548      0.024286936479
   20      2.301489511291     -0.040077887818      2.315015239255
   20      4.666160908261      2.306301663246      2.302454333561
   20      0.032737798382     -2.320880101097      2.347138430417
   20     -2.330771104089      0.009778559265     -2.296889203004
   20      0.004696881745      2.360161595689     -2.308509376521
   20     -4.689539833165     -2.296809916096     -2.296827976907
   20     -0.043023938464      2.305906506581      2.315721880735
   20      2.334832115775      4.703773184292      2.282309170196
   12     -2.578372976910      0.063394319546      2.254501575018
   20      2.328754417060      2.303973576033      4.719629125834
   20      4.700546522967      4.684569044657      4.688504252075
   12     -0.017465983384     -0.156910962183      4.740454462934
   12     -2.324801553272      2.310270349402      0.078291546116
   12      0.070300569009      4.730076817251     -0.102969177056
   12     -4.558265713957      0.042138269110     -0.014670122248
   12      0.020546170388     -2.266665885288     -2.255295882148
   20      2.350485352335      0.011522615934     -2.312789517697
   20     -2.325761043097     -4.683472705791     -2.341046055330
   12      2.321523213216     -2.270718633454      0.023867042224
   12      4.587345724316     -0.051256876203     -0.013878285376
   20      0.064890377908     -4.713000581703      0.004321050722
   20     -2.356226296092     -2.333652262305     -4.713144029217
   20      0.013392844593     -0.008854424408     -4.723054792068
   12     -4.593489674933     -4.691163681761     -4.735575869049
    8      0.001455007557     -0.032619140155     -2.329175762399
    8      2.326548492523      2.337290015706     -2.358354169821
    8     -2.297551250837     -2.319595341500     -2.303491221740
    8      2.379009684178     -0.063314904592     -0.001226620467
    8      4.672371141165      2.286482325465     -0.026287073630
    8      0.074977505004     -2.318961224777     -0.017479367250
    8      4.647985700387     -0.028510055991      2.289814335099
    8      7.054071531661      2.299535453974      2.306195702013
    8      2.313761518800     -2.382346499473      2.290029306822
    8     -0.080780474719      2.373407589728      0.002562201363
    8      2.270740503450      4.749009801213     -0.014004191898
    8     -2.432154486055      0.089585913262      0.089869181735
    8      2.327957866715      2.321432149182      2.325994336572
    8      4.678638561468      4.720066676993      2.311604746570
    8     -0.078624276607     -0.040719850410      2.357984329321
    8      4.662813972691      2.314661066264      4.714638792679
    8      7.003986744223      4.726961291335      4.698861230792
    8      2.273533720695     -0.012757978777      4.750055645234
    8      0.006589825015      4.650029226176      2.268431017946
    8      2.433953713918      7.068161094459      2.216924179540
    8     -2.439777425771      2.195956421746      2.181581051278
    8      2.301259404318      4.656257501233      4.718799162769
    8      4.755604201161      6.976977563789      4.655843112068
    8      0.022341165914      2.293187763623      4.652264905628
    8      4.663925842027      4.653342174599      6.963707135897
    8      6.951815495863      6.781323501840      6.784379213269
    8      2.519120798136      2.275361605745      7.120628522726
    0    0
