   3   1   1 E -1.6031101521219E+04 DE 4.0E-10( 11)
 -0.245836009095E-02  0.699613751098E+01  0.704575693005E+01
  0.698106076950E+01  0.121372455901E-01  0.703697651846E+01
  0.697323234384E+01  0.698719132737E+01  0.117524154986E-01
    1
  0.100000000000E+01  0.000000000000E+00  0.000000000000E+00
  0.000000000000E+00  0.100000000000E+01  0.000000000000E+00
  0.000000000000E+00  0.000000000000E+00  0.100000000000E+01
  0.000000000000E+00  0.000000000000E+00  0.000000000000E+00
   54
   20      0.015046744222     -0.021343047072     -0.041952995912
   20      2.348809876834      2.330966043585     -0.016898568865
   20     -2.330732250482     -2.298661490015     -0.023386130157
   20      2.334740795120     -0.036270347212      2.371145296216
   20      4.670503755013      2.291186277646      2.331914387506
   20      0.046745189589     -2.337806661967      2.337153201413
   20     -2.344003363174     -0.017559119029     -2.325700308653
   20      0.014516550933      2.314922339117     -2.382063003670
   12     -4.696190387191     -2.398938383861     -2.380320320974
   20     -0.027225878371      2.334804754330      2.363576127498
   20      2.308568213723      4.711968584233      2.382919442876
   12     -2.296189514442      0.197411517858      2.223510972967
   12      2.367871547007      2.363104552943      4.675027694003
   20      4.609970811830      4.665262618669      4.734310661155
   20     -0.014661564777      0.014409658541      4.691441485490
   12     -2.412940673658      2.257579698015     -0.004301323240
   20     -0.050508613356      4.680372145530      0.027618271050
   20     -4.652581196429      0.074647540120      0.002036391339
   12      0.058294860971     -2.329129717795     -2.330546149496
   20      2.335341359971     -0.024904820919     -2.347361987180
   20     -2.333109962377     -4.657599506873     -2.353731646105
   12      2.363021625325     -2.484876636445     -0.020634665434
   12      4.667742312991     -0.016980665704      0.064236394962
   20      0.076175501022     -4.653605556187      0.009129239111
   20     -2.354147311854     -2.357971383201     -4.721431132026
   12     -0.008768815665      0.007181008446     -4.630103090840
   12     -4.647614932647     -4.664274561910     -4.634650162085
    8      0.002305625546     -0.099459827817     -2.427161261962
    8      2.332669670333      2.416682777828     -2.422715074810
    8     -2.355336778357     -2.343882896843     -2.380271452339
    8      2.421388165910     -0.074229204429      0.009578224782
    8      4.665515801410      2.261612415687      0.009696149386
    8      0.050781010941     -2.329035270365     -0.076008090952
    8      4.714283663627     -0.003144320281      2.344213880000
    8      7.084680678849      2.224725149635      2.348250964180
    8      2.327093466835     -2.450044299744      2.366214570932
    8     -0.048355861297      2.319660667770     -0.016467132602
    8      2.306553014121      4.680904536522     -0.041056754522
    8     -2.326120746996      0.095006469802      0.075895221416
    8      2.339874122840      2.336737522486      2.408206445439
    8      4.650644840611      4.736024562698      2.350369059304
    8     -0.070892478349      0.001128484771      2.325225676573
    8      4.547006590746      2.335203458797      4.734265124153
    8      7.052559131605      4.663967584351      4.713837382340
    8      2.309435803335      0.009206969090      4.702665156709
    8     -0.003626188815      4.758091395835      2.431079851434
    8      2.319731869429      7.125177321639      2.345375243146
    8     -2.427183004249      2.221809025175      2.260651417690
    8      2.232644919004      4.573940079766      4.785132226566
    8      4.643899540264      6.996719398180      4.725306725496
    8      0.090702153957      2.426644317133      4.700893893452
    8      4.552782640407      4.668463799897      7.055490021416
    8      6.878017244452      7.002570820229      7.091190099048
    8      2.443526813344      2.481221599047      7.004390740789
    0    0
