   3   1   1 E -1.6031024709288E+04 DE-1.7E-10(  2)
  0.154258113636E-01  0.702252281934E+01  0.702252281934E+01
  0.703794863071E+01  0.117725361583E-18  0.703794863071E+01
  0.703794863071E+01  0.703794863071E+01  0.117725317542E-18
    6
  0.100000000000E+01  0.000000000000E+00  0.000000000000E+00
  0.000000000000E+00  0.100000000000E+01  0.000000000000E+00
  0.000000000000E+00  0.000000000000E+00  0.100000000000E+01
  0.000000000000E+00  0.000000000000E+00  0.000000000000E+00
  0.000000000000E+00  0.000000000000E+00 -0.100000000000E+01
 -0.100000000000E+01  0.000000000000E+00  0.000000000000E+00
  0.000000000000E+00  0.100000000000E+01  0.000000000000E+00
  0.000000000000E+00  0.000000000000E+00  0.000000000000E+00
  0.000000000000E+00 -0.100000000000E+01  0.000000000000E+00
  0.000000000000E+00  0.000000000000E+00  0.100000000000E+01
 -0.100000000000E+01  0.000000000000E+00  0.000000000000E+00
  0.000000000000E+00  0.000000000000E+00  0.000000000000E+00
  0.000000000000E+00 -0.100000000000E+01  0.000000000000E+00
 -0.100000000000E+01  0.000000000000E+00  0.000000000000E+00
  0.000000000000E+00  0.000000000000E+00  0.100000000000E+01
  0.000000000000E+00  0.000000000000E+00  0.000000000000E+00
  0.100000000000E+01  0.000000000000E+00  0.000000000000E+00
  0.000000000000E+00  0.000000000000E+00  0.100000000000E+01
  0.000000000000E+00  0.100000000000E+01  0.000000000000E+00
  0.000000000000E+00  0.000000000000E+00  0.000000000000E+00
  0.000000000000E+00  0.000000000000E+00 -0.100000000000E+01
  0.000000000000E+00  0.100000000000E+01  0.000000000000E+00
 -0.100000000000E+01  0.000000000000E+00  0.000000000000E+00
  0.000000000000E+00  0.000000000000E+00  0.000000000000E+00
   54
   20      0.000000000000      0.000000000000      0.000000000000
   20      2.345982876902      2.345982876902      0.000000000000
   20     -2.345982876902     -2.345982876902     -0.000000000000
   20      2.345982876902      0.000000000000      2.345982876902
   20      4.691965753807      2.345982876903      2.345982876903
   20      0.000000000000     -2.345982876902      2.345982876902
   20     -2.345982876902     -0.000000000000     -2.345982876902
   20     -0.000000000000      2.345982876902     -2.345982876902
   20     -4.691965753807     -2.345982876903     -2.345982876903
   20      0.005141937121      2.340840939781      2.340840939781
   20      2.351124814025      4.686823816685      2.340840939781
   20     -2.340840939781     -0.005141937121      2.340840939781
   20      2.351124814025      2.340840939781      4.686823816685
   20      4.697107690929      4.686823816685      4.686823816685
   20      0.005141937121     -0.005141937121      4.686823816684
   20     -2.340840939781      2.340840939781     -0.005141937121
   20      0.005141937121      4.686823816684     -0.005141937121
   20     -4.686823816684     -0.005141937121     -0.005141937121
   12     -0.005141937121     -2.340840939781     -2.340840939781
   12      2.340840939781      0.005141937121     -2.340840939781
   12     -2.351124814025     -4.686823816685     -2.340840939781
   12      2.340840939781     -2.340840939781      0.005141937121
   12      4.686823816684      0.005141937121      0.005141937121
   12     -0.005141937121     -4.686823816684      0.005141937121
   12     -2.351124814025     -2.340840939781     -4.686823816685
   12     -0.005141937121      0.005141937121     -4.686823816684
   12     -4.697107690929     -4.686823816685     -4.686823816685
    8     -0.002570968561      0.002570968561     -2.343411908342
    8      2.343411908343      2.348553845464     -2.343411908342
    8     -2.348553845463     -2.343411908342     -2.343411908342
    8      2.343411908342      0.002570968561      0.002570968561
    8      4.689394785246      2.348553845465      0.002570968561
    8     -0.002570968561     -2.343411908342      0.002570968561
    8      4.689394785246      0.002570968561      2.348553845465
    8      7.035377662149      2.348553845465      2.348553845465
    8      2.343411908343     -2.343411908342      2.348553845464
    8      0.002570968561      2.343411908342     -0.002570968561
    8      2.348553845464      4.689394785245     -0.002570968561
    8     -2.343411908342     -0.002570968561     -0.002570968561
    8      2.348553845463      2.343411908342      2.343411908342
    8      4.694536722367      4.689394785246      2.343411908342
    8      0.002570968561     -0.002570968561      2.343411908342
    8      4.694536722367      2.343411908342      4.689394785246
    8      7.040519599271      4.689394785245      4.689394785245
    8      2.348553845464     -0.002570968561      4.689394785245
    8      0.007712905682      4.684252848121      2.338269971219
    8      2.353695782586      7.030235725025      2.338269971219
    8     -2.338269971221      2.338269971219      2.338269971219
    8      2.353695782586      4.684252848122      4.684252848122
    8      4.699678659488      7.030235725025      4.684252848121
    8      0.007712905682      2.338269971219      4.684252848121
    8      4.699678659488      4.684252848121      7.030235725025
    8      7.045661536392      7.030235725025      7.030235725025
    8      2.353695782586      2.338269971219      7.030235725025
    0    0
