   3   1   1 E -1.6031105730857E+04 DE 4.1E-10( 11)
 -0.124495796412E-02  0.701568100478E+01  0.704396849584E+01
  0.698629071169E+01  0.192939626904E-02  0.704692413323E+01
  0.697491247653E+01  0.701294376205E+01  0.747025396255E-02
    1
  0.100000000000E+01  0.000000000000E+00  0.000000000000E+00
  0.000000000000E+00  0.100000000000E+01  0.000000000000E+00
  0.000000000000E+00  0.000000000000E+00  0.100000000000E+01
  0.000000000000E+00  0.000000000000E+00  0.000000000000E+00
   54
   20     -0.024943000197     -0.014595578322     -0.001697653626
   20      2.327520105606      2.370444760478      0.010667302123
   20     -2.287731396824     -2.332988831009     -0.027489322358
   20      2.360693002032     -0.017788165192      2.347830749758
   20      4.664581211314      2.347497619873      2.352843555850
   12      0.063875317181     -2.436138799086      2.324479193126
   12     -2.328043373085      0.028811430210     -2.284929269556
   20     -0.009952458404      2.353820126359     -2.346550141505
   20     -4.641216580380     -2.350868497089     -2.372546768318
   20     -0.054805435164      2.400412662888      2.342387224037
   12      2.241627438846      4.644783859944      2.351536265820
   20     -2.354954069168      0.012784178211      2.346750857520
   20      2.343884108729      2.356703850752      4.707196481627
   20      4.684180923311      4.678039546559      4.755268127928
   20     -0.033499456906     -0.014710203946      4.714998699132
   12     -2.323302396510      2.267074475593     -0.031176918987
   12     -0.050640662974      4.712439350945     -0.012898023691
   20     -4.652527415457     -0.015684146135      0.039455496542
   12     -0.022556992199     -2.351605075992     -2.403279722055
   20      2.330554772092     -0.004344427168     -2.408187642890
   12     -2.372659921169     -4.703569662852     -2.300349314539
   20      2.358931271568     -2.357713998382      0.002102354437
   12      4.652454253540      0.053232388879     -0.029838349663
   20      0.001298632784     -4.659182159415      0.002984038369
   20     -2.290407645572     -2.354026672118     -4.680427874732
   20     -0.017932819248     -0.039040649404     -4.700800665837
   12     -4.609163287106     -4.626671492428     -4.697078684928
    8     -0.096436508174     -0.069330425073     -2.350570219882
    8      2.448118580281      2.338595215769     -2.381878489099
    8     -2.218623705410     -2.336139475542     -2.351152590788
    8      2.424348548432     -0.004239388830      0.006346850339
    8      4.655259000001      2.270741235597     -0.079577266058
    8      0.025160103309     -2.332422008165      0.000628870777
    8      4.652382821157      0.000511361378      2.334561463762
    8      7.069979111192      2.442597639979      2.353988419910
    8      2.241654418136     -2.434408498140      2.341854214137
    8     -0.124961625305      2.437539262835     -0.003959588950
    8      2.238939998452      4.680647279945      0.028832243422
    8     -2.320582376549      0.086855376157     -0.091814779006
    8      2.318477812046      2.426227188282      2.353884743735
    8      4.670597052008      4.671134500562      2.353515309172
    8     -0.005946199546     -0.048810472558      2.353999293335
    8      4.658249498507      2.251531075780      4.751463843344
    8      6.985937464772      4.675933879612      4.700865015743
    8      2.416469362450     -0.002095731812      4.710854424715
    8      0.084344765581      4.676054721877      2.407495925642
    8      2.309095756744      6.974715870811      2.345928841610
    8     -2.476591830725      2.341084450521      2.355212237097
    8      2.244988750919      4.676081006319      4.609459656045
    8      4.641752689636      7.104536032364      4.759101819503
    8     -0.092003110037      2.426838620389      4.701372746892
    8      4.803436482858      4.669815770760      7.053753736451
    8      6.871065117929      6.924671751457      7.056774049203
    8      2.439435930835      2.341711601502      7.120442208995
    0    0
