   3   1   1 E -1.6031090453886E+04 DE 5.2E-10( 11)
 -0.187976488329E-01  0.703486911693E+01  0.700768913554E+01
  0.701437982423E+01  0.925554883972E-02  0.698548165153E+01
  0.702184575041E+01  0.702681765697E+01 -0.500543096050E-02
    1
  0.100000000000E+01  0.000000000000E+00  0.000000000000E+00
  0.000000000000E+00  0.100000000000E+01  0.000000000000E+00
  0.000000000000E+00  0.000000000000E+00  0.100000000000E+01
  0.000000000000E+00  0.000000000000E+00  0.000000000000E+00
   54
   20      0.041322728816     -0.002278508280     -0.038675953499
   20      2.353094286581      2.323428887835     -0.098427455421
   20     -2.366964114910     -2.354215614738     -0.031633098344
   20      2.336809991256     -0.014242965810      2.374579660283
   20      4.677270811076      2.338056702616      2.345006321375
   20      0.037065203050     -2.336858710884      2.390410262525
   20     -2.383080178434      0.014871045122     -2.312841636001
   12      0.055500083592      2.311327511526     -2.366680906998
   12     -4.726435468449     -2.308363586271     -2.320642128270
   20      0.007640919188      2.328914515539      2.374481673418
   20      2.335817165893      4.708802406067      2.359953610738
   20     -2.362528694399      0.024178137487      2.369485884645
   12      2.339385478622      2.300843996776      4.759853598910
   20      4.659194024846      4.731834290360      4.713950425734
   12      0.110840341164      0.072385274965      4.751910892338
   20     -2.381526197950      2.357388337173     -0.010092676796
   20      0.017072582434      4.728715742915     -0.078048691242
   12     -4.727769678653     -0.012923604534     -0.103054829843
   20      0.043107393160     -2.371965511295     -2.330637910210
   12      2.375179307174      0.021273891584     -2.286910652315
   12     -2.352317141550     -4.753610436965     -2.295727069365
   12      2.412272808478     -2.326793868017     -0.070718288845
   12      4.504663921221     -0.047832475431     -0.086153928725
   20      0.027169067442     -4.721108850638     -0.059128317245
   20     -2.373668795505     -2.347712577889     -4.672569869231
   20      0.020610192322      0.015049653775     -4.666338191343
   20     -4.672477112733     -4.691025832732     -4.635147812048
    8      0.089857187828      0.073033013498     -2.322520341393
    8      2.321427896119      2.308120111945     -2.339594446820
    8     -2.431439286946     -2.416213998775     -2.334057671242
    8      2.426389161377     -0.095069576273     -0.103790908847
    8      4.675398061947      2.254378932538     -0.107329853740
    8      0.085883861176     -2.350498007585     -0.001719017712
    8      4.657139135818      0.013320038579      2.328547507672
    8      7.031261093904      2.342984092119      2.394073613941
    8      2.341759267878     -2.333646351514      2.363035629562
    8      0.004254255088      2.344036404641     -0.073893831325
    8      2.335868728337      4.759106051863     -0.080005561727
    8     -2.407313831881      0.000003593804     -0.028552471802
    8      2.347953266475      2.335003536309      2.369955227798
    8      4.673886646094      4.696588390176      2.356046352608
    8      0.019661145728      0.006044885432      2.381834390044
    8      4.645247857909      2.361624519072      4.656917693697
    8      7.131383600635      4.702781587636      4.663095566564
    8      2.243854161412      0.024486941488      4.786398281568
    8     -0.011431569529      4.693140171616      2.354165222594
    8      2.327605060750      7.032481222806      2.350793400689
    8     -2.341656520482      2.342302156362      2.397174375316
    8      2.341674240674      4.698146286381      4.759675027989
    8      4.604652670203      7.136379728131      4.755110639413
    8      0.024983669067      2.247367894276      4.679999607161
    8      4.574720610237      4.781802263537      6.974421614100
    8      7.029540311893      7.037560003287      6.899733463299
    8      2.328616060702      2.335838710745      6.891027678847
    0    0
