   3   1   1 E -1.6031102258298E+04 DE 4.9E-10( 11)
  0.121540658440E-01  0.700723765838E+01  0.701222956196E+01
  0.700940257321E+01 -0.424901935235E-02  0.701993568115E+01
  0.700346875586E+01  0.700401495848E+01  0.718584809339E-02
    1
  0.100000000000E+01  0.000000000000E+00  0.000000000000E+00
  0.000000000000E+00  0.100000000000E+01  0.000000000000E+00
  0.000000000000E+00  0.000000000000E+00  0.100000000000E+01
  0.000000000000E+00  0.000000000000E+00  0.000000000000E+00
   54
   20      0.031122318557     -0.019268035764     -0.043597013364
   20      2.339491105901      2.316672979349     -0.041688562986
   20     -2.329679102713     -2.332428269201     -0.035873196930
   20      2.373465196207     -0.041730837633      2.330737740026
   20      4.697909013356      2.313369022869      2.342667103068
   20      0.038091315726     -2.369812161116      2.343890363550
   20     -2.305395437186     -0.011661324672     -2.341274503543
   20      0.034018613165      2.330510786579     -2.365862299316
   12     -4.700911062221     -2.332346788261     -2.357479967266
   20     -0.011682372483      2.363250601722      2.370623878118
   20      2.308560436004      4.719600672512      2.396590062548
   20     -2.383407915874      0.016098269996      2.369691414334
   20      2.366563904731      2.405260864988      4.718089182068
   12      4.624247541877      4.672998999833      4.758953676062
   20     -0.018977418672     -0.039298027109      4.700923336921
   12     -2.422913542980      2.355901322523     -0.010396382029
   20     -0.063207825256      4.681252595713     -0.009194437082
   20     -4.680359428338      0.037496231166      0.021474742161
   12      0.061019153810     -2.264224147537     -2.349249344797
   12      2.280860622081     -0.131910042828     -2.323823256767
   20     -2.402346739257     -4.673813763563     -2.344550461774
   12      2.479317571365     -2.373947601542     -0.088866329258
   12      4.657978571153     -0.023179328006     -0.038503339813
   20      0.026253224416     -4.668909943722      0.017739943635
   20     -2.365529980045     -2.337843120911     -4.712136373887
   12      0.045086213882      0.076379698542     -4.653669306258
   12     -4.692666031958     -4.642455581497     -4.687382463739
    8      0.094781186528     -0.091250429700     -2.412788984686
    8      2.323499919397      2.352512778360     -2.408612895728
    8     -2.350860560059     -2.333808588953     -2.360799995524
    8      2.445671346126     -0.091381466297     -0.091283990276
    8      4.665297272383      2.280319517846     -0.004904074948
    8      0.095537994584     -2.326914738448     -0.051273534474
    8      4.744118500177     -0.008144103823      2.283227515082
    8      7.093111811156      2.247538676267      2.339070366650
    8      2.332489322451     -2.424631967057      2.356393116280
    8     -0.048384098995      2.329054333559     -0.007843564781
    8      2.313014317437      4.681699365820     -0.037824333308
    8     -2.334392360776      0.051220554274     -0.009402313970
    8      2.335910959793      2.344139223590      2.350131778888
    8      4.670627567019      4.669908767532      2.391408567066
    8      0.012914682349     -0.004842809973      2.357422741923
    8      4.688581439294      2.414977868411      4.744054925271
    8      7.024363572686      4.663242839321      4.690348148615
    8      2.350023981612     -0.043897298153      4.693999964845
    8     -0.021568385627      4.753122668786      2.375391587172
    8      2.232742703610      7.073430538806      2.428562684939
    8     -2.432685484388      2.336671429642      2.274352583146
    8      2.344381223023      4.751512769597      4.764368994658
    8      4.578747105601      6.888925269520      4.778417642033
    8      0.005995198899      2.403953425128      4.690452878100
    8      4.564662942283      4.658486969070      6.893152349122
    8      6.927692840027      6.997758497236      7.072207349054
    8      2.469431335298      2.431949025994      7.111016201577
    0    0
