   3   1   1 E -1.6031092699503E+04 DE-6.3E-10( 10)
  0.107585440686E-01  0.703011448890E+01  0.700590159236E+01
  0.703053231109E+01  0.387379354105E-02  0.700573997480E+01
  0.703572617755E+01  0.702804206980E+01  0.568172314165E-02
    1
  0.100000000000E+01  0.000000000000E+00  0.000000000000E+00
  0.000000000000E+00  0.100000000000E+01  0.000000000000E+00
  0.000000000000E+00  0.000000000000E+00  0.100000000000E+01
  0.000000000000E+00  0.000000000000E+00  0.000000000000E+00
   54
   20      0.017592644326     -0.034280603475     -0.055304388744
   20      2.364342658603      2.335187042135     -0.055663406228
   20     -2.330370583223     -2.346316720755     -0.003924620984
   20      2.302754260544     -0.014691030851      2.349759547633
   20      4.673173395402      2.363696978510      2.378777064177
   20     -0.001734738824     -2.302250342596      2.375482976638
   20     -2.383162285099     -0.025395430764     -2.347084989524
   20      0.024201714058      2.367789423952     -2.349870248683
   12     -4.681803820445     -2.327607443165     -2.317914399986
   20     -0.015817028872      2.329210930262      2.420191134123
   20      2.354722200904      4.700257564339      2.418641834696
   12     -2.324754682751     -0.014741388067      2.499926018471
   12      2.351581937554      2.445749990383      4.671715032541
   12      4.593009691862      4.726119056732      4.658180236761
   12      0.043019635304     -0.026857098014      4.662249743861
   20     -2.362626398498      2.355092615264     -0.008877765503
   20     -0.008327830532      4.701336977778     -0.053541712889
   20     -4.688804362897      0.014034934334     -0.041407673719
   12      0.075618111984     -2.362628618467     -2.311055607967
   12      2.403429958308     -0.062723433209     -2.334366446921
   12     -2.393323938478     -4.667622707101     -2.299022435058
   12      2.333629483732     -2.409502817798     -0.133086384864
   20      4.681274439249     -0.011833673819     -0.090025448075
   20      0.016246505437     -4.661777214456     -0.057204941792
   20     -2.361640978687     -2.374517661308     -4.636499889254
   20      0.017855716828     -0.019632571153     -4.649302235080
   20     -4.665134753828     -4.682593802110     -4.625533908967
    8      0.064374057995     -0.090852685915     -2.353465085726
    8      2.435022078997      2.363378202592     -2.337017419685
    8     -2.369156062580     -2.427494207233     -2.331895377364
    8      2.344787241364     -0.075974756476     -0.138813076006
    8      4.689735624012      2.340351386431     -0.081587757677
    8      0.081973188898     -2.336681285408     -0.055823617650
    8      4.669757545435     -0.002349045917      2.320872315043
    8      7.029339827256      2.350798352062      2.347337495695
    8      2.348201795384     -2.339063116162      2.386327394323
    8      0.003729306967      2.341288115911     -0.054425132467
    8      2.344356826898      4.682248643995     -0.045771334836
    8     -2.345754962273     -0.005427874568     -0.006400059493
    8      2.348888751946      2.345308902522      2.438764040857
    8      4.689050164123      4.764471237075      2.436778014658
    8     -0.074609206983      0.014002705942      2.412104276786
    8      4.603605677113      2.421295887294      4.667548697419
    8      7.059114749217      4.786712728097      4.674800694691
    8      2.241578695799     -0.033009200086      4.661532361348
    8      0.014375495059      4.678731868426      2.412403347485
    8      2.430038162116      7.032256157218      2.402749890606
    8     -2.334605928602      2.267591450999      2.440433678790
    8      2.332396587785      4.659877347240      4.751956848351
    8      4.665423018642      7.000037924894      4.605705465124
    8      0.047565130669      2.385739390396      4.673242689621
    8      4.597531826105      4.688875413210      6.906883905804
    8      7.037957645113      7.036438915313      6.953251438076
    8      2.356948458771      2.437081170633      6.925224027901
    0    0
