   3   1   1 E -1.6031094325426E+04 DE 5.4E-09(  9)
  0.111961133165E-01  0.698993586075E+01  0.702098829700E+01
  0.701846245360E+01 -0.258260498966E-02  0.702658735087E+01
  0.703974089912E+01  0.701042083055E+01 -0.170769585982E-01
    1
  0.100000000000E+01  0.000000000000E+00  0.000000000000E+00
  0.000000000000E+00  0.100000000000E+01  0.000000000000E+00
  0.000000000000E+00  0.000000000000E+00  0.100000000000E+01
  0.000000000000E+00  0.000000000000E+00  0.000000000000E+00
   54
   20      0.036459435915     -0.040854423601     -0.022099022625
   20      2.364693623880      2.342759430872     -0.014454280927
   20     -2.341399153118     -2.352959154426     -0.041339343645
   20      2.396811994412     -0.063599587523      2.347696867887
   20      4.725528403225      2.312203017354      2.311174277800
   20      0.030656114743     -2.357553687183      2.346078311974
   20     -2.320165786325     -0.050736292522     -2.378065264780
   20      0.015536870024      2.369535206010     -2.341548988727
   12     -4.685683686906     -2.340602750326     -2.321388138756
   20     -0.013195631455      2.395029294163      2.357159738260
   20      2.284186984718      4.695093751400      2.325694032073
   20     -2.338799682016     -0.018886714378      2.366682140403
   20      2.330456121740      2.393780362842      4.718754903318
   12      4.679567930616      4.708503912136      4.740524275138
   20     -0.008195245702     -0.037438510933      4.770652350638
   20     -2.334806426247      2.424167151284     -0.003130920369
   12     -0.024421794322      4.705646457811     -0.013134764357
   20     -4.742274625386     -0.004029355979      0.004987508678
   12      0.029552872176     -2.350752147215     -2.338423028709
   20      2.346769476844     -0.049551921139     -2.321781328297
   20     -2.328100946906     -4.644513226020     -2.331474775485
   12      2.343633559524     -2.342674860083     -0.083965443404
   12      4.742006203061     -0.080726292254      0.038793660139
   12     -0.039071297341     -4.612959425578     -0.022768381022
   12     -2.300584233044     -2.304951366436     -4.667033447853
   12     -0.173052355096     -0.069453410111     -4.797797960509
   20     -4.703795432389     -4.621181133191     -4.694831410108
    8      0.001229605958     -0.085314875084     -2.404220568456
    8      2.359124501340      2.402835709685     -2.346963537496
    8     -2.362240671885     -2.334670398426     -2.400809192102
    8      2.417532246838     -0.094461564991      0.007580386509
    8      4.771916181022      2.285801990374     -0.011220971666
    8      0.061453857243     -2.407537200763     -0.066171008970
    8      4.798883418785     -0.103277628164      2.313674907668
    8      7.027867413547      2.277726175616      2.263126311364
    8      2.449172949456     -2.331448393339      2.394759999995
    8      0.008639297074      2.397068146102      0.002386070779
    8      2.244876646836      4.678253559381     -0.106707203608
    8     -2.340023460491     -0.003051778728     -0.005550841909
    8      2.346392467283      2.345724593700      2.340183362478
    8      4.686369061251      4.674026631302      2.337953796326
    8      0.013713025271     -0.019628995837      2.355447606872
    8      4.690774695517      2.405844343922      4.686351670222
    8      7.024252822643      4.679195414321      4.754639125814
    8      2.335181265521     -0.061171868854      4.711054185085
    8     -0.132094119760      4.739699282668      2.302679227768
    8      2.297661247354      7.000627900207      2.321058083293
    8     -2.329790451448      2.409168237649      2.337441586731
    8      2.307875021592      4.669671486543      4.719237694632
    8      4.711729141051      6.888027229502      4.754697739255
    8      0.008363010532      2.425104634615      4.777109102643
    8      4.723379117766      4.728392704046      7.009784686298
    8      6.956877431907      6.963794751971      7.129079323700
    8      2.260868580301      2.456288975998      7.025680991777
    0    0
