   3   1   1 E -1.6031096077650E+04 DE-7.5E-10( 10)
 -0.149258319925E-01  0.702231510657E+01  0.705548534589E+01
  0.699969762862E+01  0.686369451614E-03  0.704746779412E+01
  0.700065461730E+01  0.702130692660E+01 -0.630059383314E-02
    1
  0.100000000000E+01  0.000000000000E+00  0.000000000000E+00
  0.000000000000E+00  0.100000000000E+01  0.000000000000E+00
  0.000000000000E+00  0.000000000000E+00  0.100000000000E+01
  0.000000000000E+00  0.000000000000E+00  0.000000000000E+00
   54
   20      0.001188124361      0.010176958218     -0.020279921586
   20      2.348149668646      2.368752226583     -0.046938168569
   20     -2.337316916702     -2.368414756556     -0.048307096636
   20      2.325190076049     -0.031000543596      2.392608176112
   20      4.660263701140      2.344218304116      2.366194689786
   20      0.023546389592     -2.347994348515      2.413477189178
   20     -2.347528602932     -0.033624951232     -2.316767077660
   20      0.006938272442      2.427082458152     -2.329648124669
   12     -4.724630951124     -2.343804004668     -2.325522359621
   20     -0.080898974826      2.378239779321      2.363547482104
   20      2.307177275727      4.694375863184      2.358675919726
   20     -2.328406411795      0.032172974633      2.378056562312
   20      2.286432844408      2.353379571834      4.720055288514
   12      4.728192294098      4.690039194021      4.767996013778
   12     -0.084994808448     -0.111648713111      4.834612155570
   12     -2.316225466830      2.374765026627     -0.027706199290
   12     -0.076433309997      4.748393562786     -0.101239336541
   20     -4.725303254502     -0.019694736516     -0.018900013346
   12     -0.005760487161     -2.374222170271     -2.351679730824
   20      2.417604581580      0.019153587408     -2.376461924941
   12     -2.330794095179     -4.677067364912     -2.345284169189
   20      2.398749367091     -2.361654843700      0.010481499896
   12      4.698207513618     -0.037582429233     -0.178610070581
   20     -0.017780062438     -4.715532096143     -0.042155898083
   20     -2.303124213379     -2.396410042853     -4.711949761110
   20      0.002512113954     -0.017592041665     -4.710232138982
   12     -4.573508742032     -4.625242097850     -4.650103955834
    8      0.023075834540     -0.034122084943     -2.346909017554
    8      2.452113151320      2.477089412652     -2.425628702795
    8     -2.291687334756     -2.454601318514     -2.351183729933
    8      2.419251834354     -0.006398638894     -0.009590386136
    8      4.668810989813      2.278847376386     -0.087805738661
    8      0.011520735522     -2.357600321629     -0.027229545737
    8      4.660814763696     -0.018096467017      2.347314088300
    8      7.050907449256      2.348119773703      2.364873487439
    8      2.357148689349     -2.442627461029      2.431165399891
    8     -0.093926019289      2.436863377318     -0.030382119663
    8      2.249206598836      4.681715286347     -0.088130906305
    8     -2.346935032546      0.044215212731     -0.014177621470
    8      2.307264277128      2.350456282598      2.356866928009
    8      4.679773383184      4.681952373285      2.389106866844
    8     -0.005163397891      0.000669180297      2.393242170050
    8      4.649276289473      2.431289372925      4.775792746947
    8      7.010086521743      4.806134634978      4.791213121098
    8      2.231611502251     -0.089234970219      4.717271589390
    8     -0.020224373030      4.687893899147      2.361297416491
    8      2.332621263000      7.082584295157      2.348258394192
    8     -2.440962946271      2.342344607691      2.337094129708
    8      2.354287703397      4.688222431921      4.725428451078
    8      4.778771235640      7.001205437741      4.767101522048
    8     -0.146839978291      2.389719060738      4.706948757766
    8      4.793153710595      4.651194634739      6.912864040200
    8      6.871856767474      6.912409980612      6.987315195730
    8      2.427159318819      2.329878076998      7.098900891338
    0    0
