   3   1   1 E -1.6031091658985E+04 DE-7.9E-10( 11)
  0.185748745591E-01  0.702223575078E+01  0.701613318405E+01
  0.702671051970E+01 -0.703499247030E-02  0.703454897721E+01
  0.700996343272E+01  0.701862494927E+01  0.152152354738E-01
    1
  0.100000000000E+01  0.000000000000E+00  0.000000000000E+00
  0.000000000000E+00  0.100000000000E+01  0.000000000000E+00
  0.000000000000E+00  0.000000000000E+00  0.100000000000E+01
  0.000000000000E+00  0.000000000000E+00  0.000000000000E+00
   54
   20      0.024738932325     -0.023522890698     -0.015031587113
   20      2.366513275178      2.346939858349     -0.059179947342
   20     -2.340899000631     -2.364419798526     -0.026473122904
   20      2.335312861546     -0.030578693076      2.363434321930
   20      4.683217223736      2.354813560723      2.378891418059
   20      0.048695334486     -2.384328607580      2.348678929857
   20     -2.390900511885     -0.003505869232     -2.327662459479
   20      0.028248265155      2.366351406646     -2.365615442147
   12     -4.631032226257     -2.346850300729     -2.360143000466
   20     -0.000437813417      2.344743480587      2.357883223361
   20      2.365754952384      4.713165554024      2.398545531394
   20     -2.384868415467      0.031116545059      2.385890019251
   12      2.340458035470      2.350408544074      4.745017689199
   12      4.606257156968      4.620536303666      4.752302583981
   20      0.019800207131      0.022758590812      4.718980075107
   20     -2.434492493021      2.359514884386     -0.023966102676
   20      0.011768346758      4.712129516831     -0.042792203213
   12     -4.712275647585      0.063408005637     -0.094401054827
   20      0.048198129851     -2.379876295474     -2.295491278930
   12      2.407030454881      0.011846588586     -2.298512216663
   12     -2.425230772130     -4.710007716723     -2.420345550544
   12      2.340387488297     -2.391034260552     -0.076136633869
   20      4.657513962390      0.002502325311     -0.053216854622
   12      0.095461323476     -4.680959317775     -0.027365170737
   20     -2.403901499053     -2.379474233868     -4.661617310831
   20      0.039450602188      0.042425172471     -4.687371774653
   12     -4.670843836524     -4.683611586731     -4.636746779231
    8      0.057922970803      0.000273611973     -2.328003773120
    8      2.413659479637      2.346143305840     -2.445559876085
    8     -2.413499551444     -2.422079733603     -2.327690357558
    8      2.334605062045     -0.049192025208     -0.091523770927
    8      4.730416739090      2.344262713434     -0.049858715396
    8      0.073009784522     -2.412405826102     -0.007757547550
    8      4.656565939296     -0.007851444982      2.350472126268
    8      7.085499369324      2.338289878103      2.329329964745
    8      2.348184077300     -2.455478422762      2.378008973815
    8      0.004647579307      2.352334130241     -0.022332610073
    8      2.346418100505      4.746915217775     -0.060920258465
    8     -2.411946234812      0.003434407538     -0.012748316992
    8      2.346293383541      2.346814661326      2.383642800280
    8      4.675780646809      4.686327849525      2.407354135624
    8      0.017148266391     -0.002819292228      2.358006424076
    8      4.599914961718      2.397744981782      4.706978871853
    8      7.041937594616      4.670522765490      4.705239761053
    8      2.345525001860     -0.000688837105      4.770869664535
    8      0.027398852988      4.682490559768      2.357713893765
    8      2.342534177541      7.133542390674      2.384347721958
    8     -2.436947141782      2.349474268826      2.370255250173
    8      2.474218263448      4.662128729987      4.804058249335
    8      4.617694199174      7.036694274806      4.699541571106
    8      0.038581824296      2.348754723689      4.753154310896
    8      4.582270114310      4.672591740814      6.959582742273
    8      7.089828188703      7.093077324976      7.011089504192
    8      2.237033735975      2.326422963329      6.935732243613
    0    0
