   3   1   1 E -1.6031101351796E+04 DE 2.3E-09(  9)
  0.264523873788E-02  0.699899405671E+01  0.700905225505E+01
  0.702737304456E+01 -0.912474766802E-02  0.701191435522E+01
  0.702628935697E+01  0.699552115880E+01 -0.233939027430E-02
    1
  0.100000000000E+01  0.000000000000E+00  0.000000000000E+00
  0.000000000000E+00  0.100000000000E+01  0.000000000000E+00
  0.000000000000E+00  0.000000000000E+00  0.100000000000E+01
  0.000000000000E+00  0.000000000000E+00  0.000000000000E+00
   54
   20      0.000544883735     -0.040979557673     -0.031749383709
   20      2.382154196161      2.328047038238     -0.025345246057
   20     -2.333709667307     -2.377176878285     -0.055004685965
   20      2.362990685332     -0.049012522537      2.334831978387
   20      4.716461620003      2.300812654065      2.316440502388
   20      0.026716532062     -2.361557143607      2.331506903850
   20     -2.325536586507     -0.033534590590     -2.336528383317
   20     -0.003095176171      2.345925923239     -2.348258643325
   12     -4.646617155048     -2.349669751988     -2.303635714537
   20     -0.029244806324      2.351883195565      2.359374715767
   20      2.312632324428      4.689497744928      2.360000465179
   20     -2.336400682449      0.014945949188      2.371271581827
   20      2.337952180117      2.374795949708      4.735609613569
   12      4.648943760174      4.680890152788      4.737391266135
   20     -0.037928931119      0.008262139217      4.726303667614
   12     -2.361267737174      2.378018597125     -0.034362202330
   20     -0.060533966831      4.703375395569     -0.011932834390
   20     -4.702495361082      0.038375331811      0.002604901414
   12      0.006457347645     -2.379214721697     -2.302606641322
   20      2.372714988951     -0.033600188053     -2.311948195480
   12     -2.302354202215     -4.596305360424     -2.280675003668
   12      2.385799232966     -2.392143120977     -0.069020034254
   12      4.693281173003      0.128103498733     -0.016516902828
   12     -0.094009628049     -4.653627449129     -0.016958605810
   20     -2.355193043528     -2.342442044922     -4.691332963811
   12     -0.044756134601      0.047221987572     -4.700630382186
   20     -4.679820329492     -4.642397701024     -4.693467584357
    8     -0.006906472468     -0.103704068048     -2.404748857546
    8      2.426282840046      2.426433321897     -2.326299732362
    8     -2.391861048986     -2.429023620960     -2.338199879363
    8      2.433556886062     -0.087752710566      0.017347916626
    8      4.759343648002      2.243688211502     -0.095350605770
    8      0.091859320581     -2.432138890799     -0.089659083076
    8      4.775431408361     -0.010093646295      2.261545520575
    8      7.015766061807      2.239959087732      2.250389827652
    8      2.348670922435     -2.333411076497      2.343147503922
    8     -0.042251293837      2.328469050011     -0.007906584968
    8      2.320670759575      4.671248709507     -0.069584666733
    8     -2.336353914915      0.032810926004     -0.010924384317
    8      2.346405197213      2.329773692003      2.346859083894
    8      4.673478825146      4.648522907304      2.363543242514
    8      0.000051639624     -0.010624785864      2.345427557436
    8      4.688646175557      2.390509415843      4.732887077670
    8      7.010368385308      4.658132784592      4.679914018990
    8      2.339062732747     -0.062478084882      4.692281669261
    8     -0.005762404047      4.738457486509      2.407218004873
    8      2.302293477552      6.998662845561      2.356699647849
    8     -2.332642286151      2.331755368371      2.336187508331
    8      2.375396884365      4.654093849370      4.751908007357
    8      4.688424723795      7.005388584177      4.768416048461
    8     -0.097686467020      2.429699654667      4.759718583425
    8      4.592901559849      4.624300989041      6.877392102572
    8      6.936757456370      7.089398519418      7.089043884431
    8      2.407793847563      2.423684058833      7.001206889513
    0    0
