   3   1   1 E -1.6031097595860E+04 DE-2.4E-11(  8)
 -0.864110141942E-02  0.702075632467E+01  0.701796478718E+01
  0.700939619732E+01 -0.149207352773E-02  0.700357989337E+01
  0.701855778385E+01  0.700878794102E+01 -0.381245264457E-02
    1
  0.100000000000E+01  0.000000000000E+00  0.000000000000E+00
  0.000000000000E+00  0.100000000000E+01  0.000000000000E+00
  0.000000000000E+00  0.000000000000E+00  0.100000000000E+01
  0.000000000000E+00  0.000000000000E+00  0.000000000000E+00
   54
   20      0.019036020292     -0.037401896560     -0.035725899891
   20      2.370410498723      2.338801248324     -0.034608707050
   20     -2.321078178134     -2.375940527284     -0.039527466309
   20      2.334570411684     -0.043574688804      2.345342213518
   20      4.679750547267      2.331067454864      2.319477800647
   20      0.014577974346     -2.340010538379      2.353402236490
   20     -2.355508719934     -0.034350923542     -2.338903726665
   20      0.016419843094      2.400957156661     -2.294856831131
   12     -4.653147917012     -2.339257806649     -2.280450815949
   20     -0.027414303215      2.361070068156      2.376642879210
   20      2.312841116691      4.681127950693      2.350787988062
   20     -2.323251164167      0.011093809156      2.400715204985
   20      2.268421924759      2.373786229116      4.722708969499
   12      4.745064136561      4.723764492107      4.732099690916
   12     -0.081950363981     -0.106046445748      4.724655866390
   20     -2.343436689653      2.414245480534     -0.009820003944
   12     -0.002958177242      4.728362072944     -0.072970523738
   20     -4.764874837889     -0.003789255936     -0.040997098983
   12      0.003307039170     -2.366361668935     -2.287948029833
   20      2.405558366635     -0.039126193199     -2.311245024491
   12     -2.243646254574     -4.613219385544     -2.276376325467
   12      2.287102532577     -2.345597022540     -0.095925046514
   12      4.786519452277     -0.104158590230     -0.078350245193
   12     -0.044507061945     -4.623179242338     -0.081548494385
   20     -2.344726578437     -2.332748965694     -4.694370103914
   20     -0.013396068115     -0.012453497659     -4.708207998716
   20     -4.666999857812     -4.628031833236     -4.663227564317
    8      0.004548737864     -0.054763582423     -2.344397807699
    8      2.434690143905      2.431552834342     -2.312479604284
    8     -2.336297160110     -2.419536842960     -2.322575201669
    8      2.416308472854     -0.099558999149     -0.008364821586
    8      4.782205894395      2.244995299310     -0.099857840155
    8      0.090466187258     -2.413848815726     -0.092436025368
    8      4.680367414185     -0.003408514914      2.312801280306
    8      7.006959120286      2.345738567811      2.290540847842
    8      2.330418943986     -2.337720985185      2.344369836961
    8      0.006931719899      2.403374753853      0.009825890527
    8      2.271565935694      4.680481241734     -0.032055822150
    8     -2.357356263398     -0.001261472505     -0.019947851821
    8      2.328361797704      2.336293857457      2.348336857120
    8      4.682536801763      4.674862344093      2.359132901011
    8      0.004040807376     -0.010469778438      2.403599287420
    8      4.669384363749      2.409295279451      4.686189721299
    8      6.984036337956      4.749770052708      4.768319126456
    8      2.233866217097     -0.095010405102      4.682461510176
    8     -0.006481276878      4.686967495251      2.339755123439
    8      2.335134821290      7.024403037024      2.346094522880
    8     -2.331627391366      2.360715055090      2.388839958644
    8      2.285375303647      4.676361054741      4.723647697403
    8      4.803050534361      6.938912524084      4.765073407661
    8     -0.124063827804      2.398927304923      4.788372898202
    8      4.692598021416      4.781248387237      6.873445418411
    8      6.904362432345      6.964087248662      6.897263874990
    8      2.238840177427      2.434800443078      7.003066896325
    0    0
