   3   1   1 E -1.6031092599866E+04 DE 1.0E-09( 11)
  0.135627528641E-01  0.698093479729E+01  0.700963690243E+01
  0.700552079761E+01 -0.243353689568E-02  0.701821598764E+01
  0.701113539897E+01  0.698814141017E+01 -0.960385592959E-03
    1
  0.100000000000E+01  0.000000000000E+00  0.000000000000E+00
  0.000000000000E+00  0.100000000000E+01  0.000000000000E+00
  0.000000000000E+00  0.000000000000E+00  0.100000000000E+01
  0.000000000000E+00  0.000000000000E+00  0.000000000000E+00
   54
   20      0.016786571799     -0.030865351116     -0.020308201093
   20      2.354020967709      2.318903931443     -0.017380609026
   20     -2.309234040736     -2.355201305589     -0.024788398764
   20      2.359738144326     -0.067125848272      2.346579343923
   20      4.696989798935      2.319331963349      2.336891178973
   20      0.050926967851     -2.333918044210      2.342204191206
   20     -2.351983378886     -0.038324840707     -2.371706743835
   20     -0.009643646867      2.379777573614     -2.327615886910
   12     -4.671824539458     -2.255946239423     -2.318294185616
   20     -0.017888457217      2.344370341922      2.394657165594
   20      2.322795930631      4.663096073165      2.345538786687
   20     -2.306281434687      0.002039492472      2.355701906384
   20      2.321512958383      2.360198469960      4.708542885491
   12      4.669035385684      4.714189879199      4.713135339220
   12      0.006845102879     -0.105248548079      4.705778406214
   12     -2.337315795804      2.409389378119     -0.022962877624
   20     -0.088496076273      4.681940256931     -0.047376567067
   20     -4.706154712905      0.039454141898     -0.038350085172
   12     -0.043413886357     -2.317513723531     -2.269075354765
   20      2.364276726458     -0.049454777469     -2.304596934298
   20     -2.299964238849     -4.652963220152     -2.297965108585
   12      2.325063352002     -2.363108804552     -0.045209980326
   12      4.697723727422     -0.032445320212      0.076831206741
   12     -0.054620640881     -4.601906234250     -0.024265193453
   12     -2.421268340987     -2.385614672047     -4.707605688965
   20     -0.039945393202     -0.004750572896     -4.689174832899
   20     -4.651451565747     -4.593585194947     -4.692787049294
    8     -0.005484344350     -0.071456791056     -2.340239679766
    8      2.345050880022      2.407099244553     -2.305096919279
    8     -2.308736621748     -2.343701941467     -2.335333458589
    8      2.429590175892     -0.094155655734     -0.007845332690
    8      4.756261588066      2.255548626950      0.007634254762
    8      0.094673019293     -2.433493806011     -0.120951197192
    8      4.670415922116     -0.098067097249      2.256434855988
    8      7.012562162625      2.338720015835      2.292274749186
    8      2.455165543226     -2.332322804870      2.333179571695
    8     -0.070479929204      2.334894000660      0.003790815180
    8      2.324253149148      4.664228389319     -0.028189234247
    8     -2.332138061730      0.047048033714     -0.009872542676
    8      2.339385841024      2.321859320332      2.346097884191
    8      4.682466652449      4.656762502678      2.346346032715
    8      0.010141471436     -0.010212012034      2.368624236406
    8      4.681760615212      2.418799928876      4.733488548807
    8      7.017111295193      4.756636454809      4.669104643322
    8      2.255120455409     -0.113783559522      4.711513008923
    8     -0.104651880899      4.659823416895      2.359932907957
    8      2.348136188713      6.995224301944      2.343779591181
    8     -2.317439594067      2.413269922109      2.270836434763
    8      2.349486396717      4.659770747198      4.706788529664
    8      4.784196528609      6.877164365827      4.746706365885
    8      0.003524564549      2.362839039528      4.774784243414
    8      4.562435609495      4.628596868106      6.955451795682
    8      6.910715074557      7.067739190787      6.919308620704
    8      2.366233085516      2.436342510760      7.016070831446
    0    0
