   3   1   1 E -1.6031089816913E+04 DE-2.1E-08(  8)
  0.591259515823E-01  0.697588668597E+01  0.703100732311E+01
  0.698810964885E+01  0.513251616746E-01  0.703131165998E+01
  0.704070136442E+01  0.702175254687E+01  0.540813823777E-02
    1
  0.100000000000E+01  0.000000000000E+00  0.000000000000E+00
  0.000000000000E+00  0.100000000000E+01  0.000000000000E+00
  0.000000000000E+00  0.000000000000E+00  0.100000000000E+01
  0.000000000000E+00  0.000000000000E+00  0.000000000000E+00
   54
   20     -0.016959995096      0.001539566922     -0.028743047169
   20      2.342712270922      2.349903308286      0.001190908574
   20     -2.342497851130     -2.343604225888     -0.021822052126
   20      2.330768698115      0.009236216888      2.354063019249
   20      4.689007874443      2.368674364187      2.335948136731
   20     -0.021533835565     -2.337769550712      2.346475139594
   20     -2.343841939279     -0.001862531208     -2.316147213168
   20     -0.019495454968      2.378353743436     -2.305933490023
   20     -4.721237730813     -2.327771112117     -2.321165845902
   20     -0.001859387829      2.346812282661      2.355130949982
   20      2.337602817976      4.701617689836      2.329146851249
   20     -2.340821102834      0.000372723848      2.331593186546
   20      2.329633758231      2.344400222696      4.761044064836
   12      4.817190913636      4.772141414093      4.750126158897
   12     -0.041445336212     -0.077395443765      4.760169735452
   12     -2.297186602824      2.304188356812      0.024186276624
   12     -0.031456656458      4.680902490565     -0.067776081040
   12     -4.693144628326      0.070451921185      0.025602495945
   12     -0.020244689339     -2.345976655223     -2.317527055049
   20      2.346536472825     -0.009033888633     -2.332200693516
   20     -2.323225082586     -4.707060738434     -2.330774411024
   20      2.349852648921     -2.378970720513     -0.012731878740
   12      4.762107830237     -0.014802049135     -0.122133405895
   12     -0.098578358970     -4.693422160983     -0.034985535414
   20     -2.308554261843     -2.367332430605     -4.725427126074
   20      0.004784917278      0.011918022469     -4.737178024499
   12     -4.692042829321     -4.757192171528     -4.747268656946
    8     -0.001556450762     -0.024565239492     -2.345257444235
    8      2.341728307775      2.336386623667     -2.359706843904
    8     -2.297943649774     -2.352659856633     -2.324488070010
    8      2.381251255182     -0.005972212687     -0.006775705026
    8      4.753431990669      2.294866348252      0.005244012672
    8     -0.005733277910     -2.406944793577     -0.063254255636
    8      4.671046780981      0.034707019157      2.321303476846
    8      7.035681565356      2.382600089273      2.305456941602
    8      2.319574166097     -2.363579929060      2.341633201100
    8     -0.059866963406      2.400029637952      0.006677400119
    8      2.284877235127      4.740748516231     -0.005859419860
    8     -2.392579737250      0.047743653659     -0.022744753112
    8      2.332357932746      2.355379974808      2.341657982876
    8      4.711668834625      4.698830907753      2.361643026370
    8     -0.012164473342     -0.008102183918      2.350809257977
    8      4.658582589240      2.439573889150      4.779654889737
    8      6.911672563587      4.817755363603      4.775572384613
    8      2.256971204427      0.034373101393      4.756435460136
    8      0.026311164629      4.663246246601      2.324613935954
    8      2.373992155632      7.065527027997      2.315745814025
    8     -2.340556178710      2.306704384277      2.284848046199
    8      2.367509157971      4.646363074911      4.729923613771
    8      4.804918370537      6.912268334622      4.743160219293
    8      0.025392752099      2.327554304715      4.802107332543
    8      4.877877845220      4.670338818032      6.897719991880
    8      6.974185552808      7.057434460397      6.878008120745
    8      2.401013189102      2.171413569082      7.157781022192
    0    0
