   3   1   1 E -1.6031084924853E+04 DE-5.0E-09(  9)
  0.515645265165E-01  0.696696151214E+01  0.703406721402E+01
  0.702577712368E+01 -0.120428930314E-01  0.708867862041E+01
  0.702395187927E+01  0.701466065662E+01 -0.464916235938E-02
    1
  0.100000000000E+01  0.000000000000E+00  0.000000000000E+00
  0.000000000000E+00  0.100000000000E+01  0.000000000000E+00
  0.000000000000E+00  0.000000000000E+00  0.100000000000E+01
  0.000000000000E+00  0.000000000000E+00  0.000000000000E+00
   54
   20      0.011887396169      0.004562421049     -0.013718912358
   20      2.354149250887      2.321181819429     -0.058301060886
   20     -2.353193894311     -2.350910437774     -0.021383751630
   20      2.324797625504     -0.030931973443      2.350757778426
   20      4.709842205858      2.341226100739      2.349514701194
   20      0.043206067158     -2.362872246582      2.344802940280
   20     -2.384163030734      0.033442492702     -2.321002308333
   20      0.046176406391      2.352906236417     -2.341433512537
   20     -4.708744106780     -2.358630375535     -2.350543861582
   20     -0.050674877950      2.326465081926      2.349273174893
   20      2.325445898153      4.723910543798      2.336860252345
   20     -2.378262818821      0.074947160788      2.361195116850
   20      2.293901931572      2.329164087263      4.805498658801
   20      4.699280739112      4.698521523337      4.772100593493
   12      0.123957714108      0.053945713866      4.783027271285
   12     -2.430159318234      2.422466932902     -0.035425644540
   12      0.054604925432      4.627377560869     -0.087228775521
   12     -4.658375686332     -0.099901456416     -0.008116234533
   20     -0.010342915555     -2.348260867687     -2.308778731641
   12      2.350105788804      0.017098040854     -2.288001843119
   12     -2.272202152323     -4.825365960270     -2.236765831937
   12      2.299089194642     -2.395820944204      0.083575317524
   20      4.716304684786     -0.000381471705     -0.043693472340
   12     -0.002233818997     -4.677271866544      0.037635228096
   20     -2.401975557836     -2.392613851442     -4.761466989556
   20      0.055588222313      0.041516009655     -4.775950203326
   12     -4.551765623767     -4.688452055892     -4.759579766922
    8      0.036536843197      0.015107907874     -2.361950129100
    8      2.461291819734      2.220868370818     -2.436292752844
    8     -2.368896452668     -2.397492785244     -2.353939269969
    8      2.345399520144     -0.062960110371     -0.067732525302
    8      4.767513114376      2.318715914334     -0.044052141925
    8      0.085469336367     -2.414487600221     -0.004271304779
    8      4.681814262434     -0.007004758316      2.342457029980
    8      7.097645955225      2.336351494109      2.295856091646
    8      2.317706410255     -2.425498723501      2.298406176817
    8     -0.065257901987      2.407632173042     -0.021932066456
    8      2.251419338165      4.728331268793     -0.011851456975
    8     -2.440280478827      0.097988664641     -0.011662234069
    8      2.331064517163      2.334608778245      2.362237245921
    8      4.679127037483      4.692586477618      2.352647094939
    8      0.022005046869      0.014555798839      2.395894197912
    8      4.662557431705      2.353478073118      4.788868325081
    8      7.045248598951      4.730272057508      4.779696275354
    8      2.243787205380      0.003625654012      4.807721137353
    8      0.008594165338      4.650442400496      2.258716771524
    8      2.360691432799      7.125024120833      2.329474883127
    8     -2.454756929117      2.325379054014      2.274119070935
    8      2.346037184882      4.734740405577      4.807470964339
    8      4.699256314017      7.124420433537      4.704345502339
    8     -0.118457944702      2.205105752301      4.816141160848
    8      4.717118347256      4.533091644261      7.054941438063
    8      7.243016397874      6.971126983620      6.906311247422
    8      2.293926061023      2.409779072759      7.106964159690
    0    0
