   3   1   1 E -1.6031098288416E+04 DE-1.4E-10( 11)
  0.134458707909E-01  0.702692133514E+01  0.702891115760E+01
  0.694688225102E+01  0.122371826830E-01  0.702477711176E+01
  0.697445590476E+01  0.704245595875E+01 -0.744755363794E-02
    1
  0.100000000000E+01  0.000000000000E+00  0.000000000000E+00
  0.000000000000E+00  0.100000000000E+01  0.000000000000E+00
  0.000000000000E+00  0.000000000000E+00  0.100000000000E+01
  0.000000000000E+00  0.000000000000E+00  0.000000000000E+00
   54
   20     -0.040133049460      0.021813004459     -0.047760468361
   20      2.336939307874      2.379057532355      0.012327804119
   20     -2.333952732171     -2.356166063117      0.002904366016
   20      2.340796340341     -0.014281051502      2.366265838810
   20      4.691124000359      2.346220852942      2.306177294542
   20     -0.010834846701     -2.379177692419      2.314646434453
   20     -2.280880677630     -0.009549252455     -2.304399087092
   12      0.023094786815      2.411249363111     -2.346742602040
   12     -4.697889892790     -2.408865454760     -2.461268239872
   20     -0.012443784553      2.355739015790      2.385257814497
   12      2.346747671915      4.713177045771      2.352394470641
   12     -2.463600911770      0.016861831045      2.256008627099
   20      2.314573844657      2.385131504218      4.676994851815
   20      4.641768742947      4.695111124121      4.677095744657
   20     -0.046733249858      0.010746022124      4.705486436088
   12     -2.315772073760      2.285009336239      0.077806174176
   20      0.011902295989      4.664537998291     -0.032159369387
   20     -4.633445533068      0.010243640383      0.012865888233
   12      0.069778649577     -2.385197139002     -2.330757242216
   20      2.312466748237      0.015906026434     -2.386261951801
   20     -2.358739840468     -4.691016059209     -2.354049649238
   20      2.312138155878     -2.382579488869      0.023545217118
   12      4.653969951673      0.061547179674      0.025580566963
   12      0.014212934799     -4.679481560223     -0.026394283431
   20     -2.319522170975     -2.386087008909     -4.688742040781
   20      0.056090560733      0.021879027330     -4.685904354339
   12     -4.717302987639     -4.687000346231     -4.622595312809
    8      0.023424210417      0.008468656170     -2.333938025488
    8      2.230290674805      2.453850430928     -2.414006090016
    8     -2.315176217010     -2.364548457419     -2.330199214967
    8      2.389354771349      0.013258472600      0.004383478531
    8      4.729472173524      2.288753937796      0.006890463868
    8     -0.019186077018     -2.415722980807     -0.047356253428
    8      4.665555443145     -0.002229209524      2.319789800239
    8      7.103846730433      2.354980099700      2.338999091417
    8      2.294972183804     -2.412125158009      2.382152006085
    8     -0.040456868094      2.346017377277     -0.052521710288
    8      2.325816461850      4.694512045625      0.011617165673
    8     -2.331839921685      0.064166613653      0.041852376814
    8      2.338388116748      2.402609929722      2.360476173492
    8      4.569704252673      4.740816093926      2.323328440470
    8     -0.072981001666      0.007439019996      2.362790307217
    8      4.751234350823      2.357533403275      4.735523463931
    8      7.044388719267      4.624238217050      4.656246148490
    8      2.306254121336     -0.052378608891      4.694681432611
    8      0.106374916678      4.673237618564      2.395523531672
    8      2.461271687016      7.030150393321      2.332621371913
    8     -2.444743153031      2.227016953842      2.242506165600
    8      2.250551267262      4.690498350017      4.674390901829
    8      4.640025653822      7.048841547466      4.690541331803
    8     -0.010627525617      2.440907532300      4.769880061996
    8      4.649871841600      4.668290018807      7.029427765552
    8      6.869477090108      7.125558403767      7.042662015213
    8      2.296911976071      2.338295055849      7.061498092666
    0    0
