   3   1   1 E -1.6031047003716E+04 DE 3.1E-10( 11)
  0.122882374711E-01  0.700662858424E+01  0.700548872630E+01
  0.702628103304E+01  0.421077321363E-02  0.700645455271E+01
  0.703352971315E+01  0.700776045097E+01  0.397316119571E-02
    1
  0.100000000000E+01  0.000000000000E+00  0.000000000000E+00
  0.000000000000E+00  0.100000000000E+01  0.000000000000E+00
  0.000000000000E+00  0.000000000000E+00  0.100000000000E+01
  0.000000000000E+00  0.000000000000E+00  0.000000000000E+00
   54
   20      0.004220212793     -0.008415737540     -0.003016086321
   20      2.345704532554      2.338332341814     -0.000844678319
   20     -2.342696140264     -2.340534530818     -0.002925262902
   20      2.338831661404     -0.005988335232      2.336158735127
   20      4.687118611112      2.337052912167      2.335865759147
   20      0.001953987526     -2.331850383336      2.334016802976
   20     -2.348197510791     -0.008471004326     -2.331158522886
   20      0.005029337401      2.346710336737     -2.330758343888
   12     -4.707788029018     -2.320807182991     -2.319072254812
   20      0.003043601748      2.337404842133      2.337800147623
   20      2.345216192321      4.673724927984      2.335395213907
   20     -2.337710111259     -0.006096989294      2.337115448278
   20      2.333887804022      2.336225644544      4.679715581881
   12      4.699493511024      4.687599393128      4.698573670222
   12      0.001634421782     -0.025549478950      4.701373651256
   20     -2.343346163954      2.342884006940     -0.006584520723
   12      0.060710489473      4.808910315853     -0.008493422831
   12     -4.767656448758     -0.052661636948      0.008558520187
   12      0.039970744631     -2.395055586993     -2.336456357246
   20      2.344753243302     -0.009618528444     -2.325110520472
   20     -2.343023525220     -4.675633707093     -2.327199907164
   12      2.338645720426     -2.331947123349     -0.020538629307
   12      4.688303280998     -0.013458985001     -0.022404991728
   12      0.004655477609     -4.672952099383     -0.024282749677
   20     -2.347773306535     -2.332353812360     -4.673433083844
   20     -0.001107943051     -0.004587041171     -4.678649405889
   20     -4.692434457560     -4.669907644285     -4.674553937495
    8     -0.000213423408     -0.008522178523     -2.331957285811
    8      2.347136145318      2.340877295370     -2.329490296400
    8     -2.343762753900     -2.339756047543     -2.328892920009
    8      2.348377616956     -0.011326404583      0.002481042711
    8      4.691945956656      2.328087649672      0.003913175787
    8      0.012805088214     -2.359734898033     -0.003095200774
    8      4.681084153985     -0.002599216207      2.330000910837
    8      7.030842899129      2.340306087774      2.332094134814
    8      2.335399188550     -2.330225387857      2.333884017715
    8      0.003564542187      2.344042590682     -0.001708304519
    8      2.340322356030      4.684018281073     -0.010180747253
    8     -2.343385627912     -0.004866515266     -0.000814252010
    8      2.341447885808      2.336704996014      2.335687720992
    8      4.692173250703      4.673187910612      2.341578789937
    8      0.002361121294     -0.006201335763      2.339056180610
    8      4.681815522584      2.345702560726      4.674295885469
    8      7.041920993629      4.721548864958      4.671074773319
    8      2.316224064035     -0.021062644486      4.678441070306
    8      0.006033033555      4.672342124417      2.331550422838
    8      2.353057568603      7.003399379952      2.335733851378
    8     -2.336881021016      2.336638735212      2.334275954269
    8      2.345201695131      4.668445287146      4.680006166950
    8      4.708996519332      6.988727056752      4.684801550042
    8      0.001542480457      2.336071462509      4.686654743977
    8      4.681785143000      4.697714266404      6.993915439865
    8      7.040656305923      7.007829086063      6.962675746408
    8      2.332555527889      2.339395217047      7.006550554363
    0    0
