   3   1   1 E -1.6031094566142E+04 DE-1.2E-09( 10)
  0.281369909873E-01  0.698975808949E+01  0.701220305848E+01
  0.698619041680E+01 -0.728282705577E-03  0.703321724267E+01
  0.699818526027E+01  0.701675844092E+01 -0.638392780218E-02
    1
  0.100000000000E+01  0.000000000000E+00  0.000000000000E+00
  0.000000000000E+00  0.100000000000E+01  0.000000000000E+00
  0.000000000000E+00  0.000000000000E+00  0.100000000000E+01
  0.000000000000E+00  0.000000000000E+00  0.000000000000E+00
   54
   20      0.020424313155     -0.011091062444     -0.001749528495
   20      2.369303790586      2.360883697947     -0.029643721181
   20     -2.317841949140     -2.379830723467     -0.045070882881
   20      2.376651472711     -0.070680060342      2.362007801779
   20      4.748113196877      2.326128059733      2.351340803638
   20      0.087933716554     -2.402783135602      2.332926803755
   20     -2.319930972786     -0.024855341847     -2.351426908674
   20      0.029138052031      2.359069102529     -2.378611305184
   12     -4.568392804834     -2.409791179416     -2.397697473342
   20     -0.075071219184      2.356591967642      2.350374494702
   20      2.337623618236      4.696061975046      2.341374094984
   20     -2.342212604828      0.037694548485      2.356063957992
   20      2.358103021960      2.373603117562      4.750359203565
   12      4.596268945926      4.615662471721      4.733080060410
   20     -0.010967546403     -0.012573316154      4.708371614553
   12     -2.349561234796      2.402522722683     -0.049591185801
   20     -0.048166183380      4.671533718763      0.024543161857
   20     -4.676267404903      0.054974898154      0.016488912919
   20     -0.044208646361     -2.347180001187     -2.322011003336
   20      2.353556509955      0.024024193114     -2.363279260279
   12     -2.373373524577     -4.586372777643     -2.458535317681
   12      2.379933515821     -2.439962358306      0.024371132147
   20      4.664690296079     -0.031031909577     -0.003381361341
   12     -0.092796557463     -4.674719250044      0.028156781501
   12     -2.433045171546     -2.403527046977     -4.637884390482
   12     -0.025429606738      0.039585700608     -4.706460352230
   12     -4.752450580355     -4.587619998516     -4.796370501865
    8      0.023049761546      0.001624688414     -2.359763807656
    8      2.471934672497      2.472636753598     -2.414676486054
    8     -2.431079320771     -2.425522843503     -2.378747881816
    8      2.353616971099     -0.055248885847      0.003874296910
    8      4.749862762216      2.329930022817     -0.055829056607
    8      0.069327152117     -2.421442241520     -0.019337523405
    8      4.719103762546     -0.089765438765      2.375441635876
    8      7.099113722634      2.236398278201      2.275228992151
    8      2.463015358758     -2.455904874495      2.417152604799
    8     -0.052100463650      2.348560721754      0.023197299597
    8      2.323652942608      4.687433918690     -0.044100004410
    8     -2.328001267969      0.056774723767     -0.002229991947
    8      2.348734439242      2.341630387442      2.354258381451
    8      4.692100082883      4.669615543809      2.353606986710
    8      0.005463444549     -0.013593197387      2.341939781539
    8      4.677259027082      2.398614495780      4.740052767021
    8      7.008531892390      4.660839057440      4.681071102137
    8      2.347276827432     -0.042729614796      4.700267222284
    8     -0.093553629296      4.738136426964      2.339610240346
    8      2.276427478426      7.090532721754      2.343933067173
    8     -2.465105494755      2.458937023245      2.330824846294
    8      2.436953012687      4.673443153642      4.778096472007
    8      4.675889272193      6.999690542866      4.665844753522
    8     -0.099922232990      2.328108325113      4.725984071992
    8      4.524140898738      4.545294315945      6.956429307018
    8      6.976629962534      7.086239438565      7.048288068864
    8      2.391961528939      2.469495658666      7.157500903216
    0    0
