   3   1   1 E -1.6031091025321E+04 DE 6.6E-09(  8)
  0.108632975840E-01  0.703052571505E+01  0.700321641643E+01
  0.703004352814E+01  0.643971566082E-02  0.699991285492E+01
  0.703588296064E+01  0.702702835837E+01  0.684087289031E-02
    1
  0.100000000000E+01  0.000000000000E+00  0.000000000000E+00
  0.000000000000E+00  0.100000000000E+01  0.000000000000E+00
  0.000000000000E+00  0.000000000000E+00  0.100000000000E+01
  0.000000000000E+00  0.000000000000E+00  0.000000000000E+00
   54
   20      0.009577894676     -0.017419161203     -0.045584462204
   20      2.370636009083      2.339520482789     -0.050237283295
   20     -2.327776926447     -2.358115246353     -0.019532254928
   20      2.328892655260     -0.002094558765      2.409996156667
   20      4.686595150076      2.359823678811      2.338697146033
   20      0.006974364774     -2.333221731299      2.375760764796
   20     -2.384388527071     -0.028668062206     -2.332723225690
   20      0.022585268805      2.367902887094     -2.351096115002
   12     -4.693743672658     -2.337874029761     -2.303936255615
   20     -0.005493400204      2.346189743394      2.429992501928
   20      2.343649724585      4.704540338141      2.377564649882
   20     -2.362929637129      0.006790262269      2.394189090669
   12      2.290341673519      2.377764945087      4.691388339799
   12      4.624668336095      4.716608979070      4.649798235689
   12      0.079274157063      0.009351345887      4.686586280721
   20     -2.377491918666      2.349604823577     -0.052577747765
   20      0.014789828832      4.735068401959     -0.053987938506
   12     -4.773628277706      0.057008461844     -0.112650922268
   12      0.053987074622     -2.387255636175     -2.301908931322
   12      2.370283876161     -0.070341011813     -2.313890934595
   12     -2.397359441656     -4.647870135160     -2.315818323567
   20      2.340378201538     -2.363991514942     -0.051331449569
   20      4.723504625701      0.012481380191     -0.056641283753
   12     -0.029611938004     -4.762590281450     -0.082256008160
   20     -2.334472423615     -2.371117735842     -4.616683575417
   20      0.036401138830     -0.007145243041     -4.661671603857
   20     -4.686214839168     -4.709822931613     -4.654474063849
    8      0.084189514456     -0.086805715311     -2.329222088237
    8      2.432363972781      2.338104355861     -2.326657825421
    8     -2.348571140481     -2.439462524380     -2.322044127379
    8      2.342928556214     -0.003304825150     -0.050828166973
    8      4.759884927391      2.332899940830     -0.088576001112
    8      0.011512232008     -2.413230688056     -0.041379744999
    8      4.691295939916     -0.001150560849      2.345391987863
    8      7.028941914899      2.348780926625      2.300047852787
    8      2.353514993263     -2.340512675669      2.405922149175
    8      0.003257619101      2.346677419968     -0.049830040986
    8      2.348103428140      4.760005359750     -0.109046521290
    8     -2.420220530587      0.008426692226     -0.036314750547
    8      2.347933437003      2.339902419722      2.414246709377
    8      4.704074943463      4.688325953453      2.435273886671
    8     -0.005604492446      0.012581381881      2.402855851508
    8      4.601308707592      2.434429420528      4.656509411403
    8      7.069087165645      4.788517501775      4.678722141230
    8      2.265187252473      0.003311474866      4.748768914280
    8      0.004742347391      4.680462414836      2.385701409235
    8      2.359504468403      7.022467039304      2.366600848706
    8     -2.336570756667      2.340625289050      2.390393108594
    8      2.343104372424      4.704584197052      4.675787234459
    8      4.653249336735      6.989876510820      4.686503156641
    8      0.023028167439      2.364103526103      4.773323316553
    8      4.688934458716      4.693029136838      6.931043539913
    8      7.141419505864      7.123949552898      6.942100884943
    8      2.269524720189      2.266250075420      6.882601725897
    0    0
