   3   1   1 E -1.6031096621225E+04 DE-1.9E-08(  7)
  0.164030136234E-01  0.700798579033E+01  0.701573866986E+01
  0.698953336837E+01  0.224783910913E-01  0.700331069769E+01
  0.702394284760E+01  0.702221074586E+01 -0.448345858268E-02
    1
  0.100000000000E+01  0.000000000000E+00  0.000000000000E+00
  0.000000000000E+00  0.100000000000E+01  0.000000000000E+00
  0.000000000000E+00  0.000000000000E+00  0.100000000000E+01
  0.000000000000E+00  0.000000000000E+00  0.000000000000E+00
   54
   20     -0.029194460591     -0.000032827823     -0.031410550297
   20      2.353886625650      2.370230296803     -0.059818019208
   20     -2.371354768847     -2.345822476653     -0.051123719493
   20      2.356670411571     -0.040970972878      2.364915326279
   20      4.704457290919      2.343231289551      2.358032144348
   20      0.021231279551     -2.353183478478      2.357654747056
   20     -2.324911174874     -0.062301171727     -2.332044749154
   20      0.030804591481      2.356544658716     -2.358816892259
   12     -4.507306494083     -2.389345392067     -2.419607892623
   20     -0.087728757016      2.397453486299      2.365332762409
   20      2.318053597283      4.739395564821      2.347245861399
   20     -2.405280672915      0.065141967436      2.337822683977
   20      2.360268337610      2.347752359562      4.706639988832
   12      4.707153107196      4.640826474762      4.669688615208
   20     -0.003895815442     -0.016441417716      4.705463216362
   12     -2.364145354430      2.359166790997      0.014937433926
   20     -0.008496119827      4.687952331512      0.011278564862
   12     -4.623744395703     -0.000498981899      0.003714472989
   12     -0.063704657717     -2.323585844677     -2.381835371507
   20      2.337278891335      0.005362302457     -2.397511678640
   12     -2.489548482980     -4.566872916728     -2.435572684496
   20      2.373956716644     -2.396671210785      0.012789363318
   20      4.703084139383     -0.028696567892      0.000395326031
   20      0.031061005230     -4.695082039463      0.014820635313
   12     -2.354153524355     -2.402230195755     -4.613965961767
   12      0.028390829454     -0.019122348988     -4.684246555504
   12     -4.642708775163     -4.678428350435     -4.588215299928
    8     -0.014715265547     -0.072440804088     -2.409996217204
    8      2.433351985557      2.417216705884     -2.434313334380
    8     -2.373698190148     -2.457287164060     -2.379626774160
    8      2.352329663803     -0.016425247578     -0.024067465066
    8      4.683086686950      2.334418320601     -0.052869334243
    8     -0.010931195343     -2.352415588449     -0.045767460978
    8      4.711382696506     -0.080006989648      2.369073936078
    8      7.087587156978      2.292482482003      2.343583697770
    8      2.444266729381     -2.416274170944      2.401582860805
    8     -0.049255707346      2.355706092964     -0.017278385816
    8      2.347613883560      4.753595628792     -0.033972213422
    8     -2.408210928328      0.068744839664     -0.022164867466
    8      2.324574039497      2.359377583726      2.354480428637
    8      4.679484679166      4.707359173872      2.347929587724
    8     -0.023238445134      0.014677700440      2.349278552345
    8      4.686163276366      2.417894254370      4.715443713337
    8      6.987771313565      4.693677724964      4.661779216921
    8      2.331532923875     -0.088390307827      4.741778019491
    8     -0.112203212823      4.782507653610      2.488042278091
    8      2.220819582252      7.137003007889      2.239296302364
    8     -2.466207653694      2.489015859950      2.402638197921
    8      2.368969848798      4.670928124049      4.668980580647
    8      4.682238308442      7.019698678875      4.660293446760
    8     -0.069651071304      2.418606924181      4.686691426578
    8      4.670559894703      4.553559331671      6.972752260610
    8      7.117136200696      7.019215683102      7.091068349322
    8      2.483575963392      2.220820345817      7.074348020262
    0    0
