   3   1   1 E -1.6031080376414E+04 DE 7.8E-10( 11)
  0.342880061810E-01  0.696826451684E+01  0.696804188799E+01
  0.701685962147E+01 -0.137786463042E-01  0.700785052046E+01
  0.701875671662E+01  0.700402756509E+01 -0.915755128835E-02
    1
  0.100000000000E+01  0.000000000000E+00  0.000000000000E+00
  0.000000000000E+00  0.100000000000E+01  0.000000000000E+00
  0.000000000000E+00  0.000000000000E+00  0.100000000000E+01
  0.000000000000E+00  0.000000000000E+00  0.000000000000E+00
   54
   20      0.024891401217     -0.019276365663     -0.017439200972
   20      2.347374126417      2.315125973992     -0.041832572012
   20     -2.372860253484     -2.317640337216     -0.006676926512
   20      2.363255311885     -0.059608422106      2.297113018203
   20      4.673058686212      2.318781239701      2.312819143460
   20      0.006818836354     -2.347205505953      2.333916866327
   20     -2.361344125102     -0.008066382601     -2.345036510221
   20      0.010860683464      2.353780901746     -2.340884073723
   20     -4.713188112404     -2.320476409805     -2.337555519739
   20     -0.001194184562      2.332068163554      2.326452788867
   20      2.351152395424      4.700862198762      2.335605420856
   20     -2.368669829845     -0.007450503740      2.364982936094
   20      2.353273109266      2.323393499543      4.698078774923
   12      4.528774027468      4.677127984575      4.778682835488
   12      0.033182710369     -0.095316071020      4.766686897711
   20     -2.364368694133      2.384504809005      0.011491107428
   12      0.117620274617      4.698700613359     -0.065697917725
   12     -4.744866091392     -0.018472627201      0.047192428230
   20      0.014052149154     -2.307681790268     -2.329498184012
   12      2.423767582877      0.024956007504     -2.197230378018
   20     -2.386492005028     -4.689496998775     -2.326206788451
   12      2.383184737398     -2.276775395585      0.002869867348
   12      4.803855479015     -0.014119253430      0.000065744012
   20      0.008096254807     -4.698541926260     -0.020310408538
   12     -2.393576584921     -2.275628301124     -4.682637153763
   20      0.002854102863     -0.007586082065     -4.718385233912
   12     -4.682275030707     -4.626306639948     -4.719043907681
    8      0.014254081058      0.001784072838     -2.344145226469
    8      2.317942767578      2.296315394423     -2.385253333798
    8     -2.368190709227     -2.327931066762     -2.364226498931
    8      2.407940141961     -0.091574339779     -0.095500938360
    8      4.657545986346      2.294139953035     -0.027921701281
    8      0.021609232424     -2.333805633794     -0.021361868198
    8      4.672103476510     -0.072667924018      2.269658111229
    8      7.050469915336      2.325465778581      2.311772467964
    8      2.401996672227     -2.427639849266      2.263203991663
    8      0.012351164229      2.367195833655     -0.006162879750
    8      2.277942166890      4.721871374380     -0.007174675216
    8     -2.388395688960      0.006718730557      0.011865859461
    8      2.349623044790      2.318549050320      2.319069625401
    8      4.674803498450      4.672460285110      2.355690741095
    8      0.015501963174     -0.025341278565      2.347910007005
    8      4.674554273740      2.363010277140      4.676063753523
    8      6.935258140023      4.732915385671      4.712451798142
    8      2.292499557253     -0.023425419741      4.697902189960
    8      0.000980881516      4.656781474920      2.296104288178
    8      2.357305446138      7.046980644012      2.310236881274
    8     -2.387050692917      2.371855399030      2.328555219234
    8      2.426956041122      4.713944924662      4.724203047794
    8      4.669731928420      6.920184713892      4.749237718609
    8      0.018871840003      2.276445864354      4.667265039384
    8      4.695233386763      4.767695273532      6.990493102092
    8      7.106707561524      6.888637011011      6.911602015982
    8      2.348786515617      2.333092152103      7.031245067542
    0    0
