   3   1   1 E -1.6031101869024E+04 DE-7.4E-08(  6)
  0.934562099927E-02  0.698729986039E+01  0.700294618166E+01
  0.701650336393E+01 -0.619518498619E-02  0.701024542020E+01
  0.702070706068E+01  0.699278859124E+01 -0.388423661375E-02
    1
  0.100000000000E+01  0.000000000000E+00  0.000000000000E+00
  0.000000000000E+00  0.100000000000E+01  0.000000000000E+00
  0.000000000000E+00  0.000000000000E+00  0.100000000000E+01
  0.000000000000E+00  0.000000000000E+00  0.000000000000E+00
   54
   20      0.029268316591     -0.004768479562     -0.004158661238
   20      2.349829923131      2.312679826697     -0.017199149506
   20     -2.362238173487     -2.315407402147     -0.002711767115
   20      2.347229286980     -0.050422718600      2.303749035847
   20      4.686384893755      2.323351463455      2.320766783178
   20      0.015899114365     -2.344970424002      2.347969046279
   20     -2.359453658427      0.001698383717     -2.347525339442
   20      0.032166808670      2.357064249300     -2.328438485655
   20     -4.708782157338     -2.322793606151     -2.344019260249
   20     -0.024517032411      2.346745496301      2.345005178492
   20      2.351241530846      4.711875030316      2.360106112089
   20     -2.364959782478      0.007704103171      2.392235401905
   20      2.350951602674      2.334916507462      4.731816601928
   12      4.662003574647      4.723603788843      4.734094863645
   12      0.009456264912     -0.069523235782      4.773434964171
   20     -2.364756181045      2.415820379879      0.023012559023
   12      0.042960180463      4.727797745171     -0.042715582114
   12     -4.710585100578     -0.013550599590      0.000890621466
   20      0.023856500210     -2.309321502942     -2.343604770584
   12      2.379988995266     -0.043010172721     -2.252248349014
   20     -2.364279944299     -4.713493732955     -2.346762114151
   12      2.396442492578     -2.304470472978      0.010329914091
   12      4.557102325391     -0.093861464729     -0.079315141524
   20      0.021537978136     -4.720462362606     -0.022886045034
   12     -2.388686443452     -2.327861384285     -4.716036865582
   20      0.002532980148     -0.000917364409     -4.748640059483
   12     -4.663783719552     -4.658405193998     -4.712769763575
    8      0.033509664931      0.012597263842     -2.347036262923
    8      2.345122959891      2.243124132684     -2.399189491003
    8     -2.356017834967     -2.327027682979     -2.390805821682
    8      2.406493889058     -0.093771202154     -0.088398228685
    8      4.671993197473      2.258810474070     -0.006236726932
    8      0.048082397325     -2.332182517111     -0.024345394789
    8      4.669024886872     -0.099681614106      2.253425685713
    8      7.092210668537      2.332267307316      2.320024376849
    8      2.436247672141     -2.419891524993      2.227053012778
    8      0.020723376306      2.411261194075      0.011101313842
    8      2.262077404482      4.743448171229      0.005861200915
    8     -2.399379355845      0.012926891380      0.027271476488
    8      2.345598602766      2.325584811468      2.338775955674
    8      4.694005712921      4.661198247581      2.392779892359
    8      0.006137278662     -0.011973935859      2.367076726259
    8      4.690687348512      2.408865240406      4.688295022359
    8      6.928921470714      4.760694832041      4.756839741917
    8      2.259311488372     -0.016488977941      4.735400946743
    8     -0.042744188290      4.663360535959      2.317023354477
    8      2.342641590190      7.083052571527      2.302742044073
    8     -2.416165195713      2.414563206270      2.336694174898
    8      2.416946438052      4.761890081345      4.718900449727
    8      4.673602721228      6.876971181892      4.780411058394
    8     -0.003421287406      2.258166305191      4.675665678659
    8      4.668383775760      4.782547238667      7.002292938062
    8      7.120590524216      6.867958356314      6.932078898020
    8      2.348106423375      2.334232254907      7.073801393567
    0    0
