   3   1   1 E -1.6031035638871E+04 DE 1.6E-09(  2)
 -0.318259160160E-02  0.702939430283E+01  0.702971021332E+01
  0.702736617865E+01  0.216926739285E-02  0.703081509835E+01
  0.702397933172E+01  0.703361546406E+01 -0.852966372424E-03
    1
  0.100000000000E+01  0.000000000000E+00  0.000000000000E+00
  0.000000000000E+00  0.100000000000E+01  0.000000000000E+00
  0.000000000000E+00  0.000000000000E+00  0.100000000000E+01
  0.000000000000E+00  0.000000000000E+00  0.000000000000E+00
   54
   20      0.000000000000      0.000000000000      0.000000000000
   20      2.341326443906      2.344538488021     -0.000284322124
   20     -2.341326443906     -2.344538488021      0.000284322124
   20      2.342455392885      0.000723089131      2.343605032784
   20      4.683781836791      2.345261577152      2.343320710660
   20      0.001128948979     -2.343815398890      2.343889354908
   20     -2.342455392885     -0.000723089131     -2.343605032784
   20     -0.001128948979      2.343815398890     -2.343889354908
   12     -4.683781836791     -2.345261577152     -2.343320710660
   20     -0.001060863867      2.343131434277      2.343236737773
   20      2.340265580039      4.687669922298      2.342952415649
   12     -2.342387307773     -0.001407053744      2.343521059897
   20      2.341394529018      2.343854523408      4.686841770557
   12      4.682720972924      4.688393011429      4.686557448433
   20      0.000068085112     -0.000683964613      4.687126092681
   12     -2.343516256752      2.342408345146     -0.000368295012
   20     -0.002189812846      4.686946833167     -0.000652617136
   12     -4.684842700658     -0.002130142875     -0.000083972888
   20      0.001060863867     -2.343131434277     -2.343236737773
   20      2.342387307773      0.001407053744     -2.343521059897
   12     -2.340265580039     -4.687669922298     -2.342952415649
   12      2.343516256752     -2.342408345146      0.000368295012
   12      4.684842700658      0.002130142875      0.000083972888
   20      0.002189812846     -4.686946833167      0.000652617136
   20     -2.341394529018     -2.343854523408     -4.686841770557
   12     -0.000068085112      0.000683964613     -4.687126092681
   20     -4.682720972924     -4.688393011429     -4.686557448433
    8     -0.000034042556      0.000341982306     -2.343563046341
    8      2.341292401350      2.344880470327     -2.343847368465
    8     -2.341360486462     -2.344196505714     -2.343278724216
    8      2.342421350329      0.001065071437      0.000041986444
    8      4.683747794235      2.345603559458     -0.000242335680
    8      0.001094906423     -2.343473416583      0.000326308568
    8      4.684876743212      0.001788160568      2.343647019226
    8      7.026203187119      2.346326648589      2.343362697103
    8      2.343550299306     -2.342750327452      2.343931341350
    8     -0.001094906423      2.343473416583     -0.000326308568
    8      2.340231537483      4.688011904604     -0.000610630692
    8     -2.342421350329     -0.001065071437     -0.000041986444
    8      2.341360486462      2.344196505714      2.343278724216
    8      4.682686930367      4.688734993734      2.342994402092
    8      0.000034042556     -0.000341982306      2.343563046341
    8      4.683815879345      2.344919594845      4.686883756999
    8      7.025142323251      4.689458082865      4.686599434876
    8      2.342489435439      0.000381106825      4.687168079123
    8     -0.002155770290      4.686604850860      2.342910429204
    8      2.339170673615      7.031143338880      2.342626107080
    8     -2.343482214196      2.342066362840      2.343194751329
    8      2.340299622595      4.687327939992      4.686515461989
    8      4.681626066500      7.031866428010      4.686231139865
    8     -0.001026821311      2.342789451972      4.686799784114
    8      4.682755015479      4.688051029123      7.030120494773
    8      7.024081459384      7.032589517141      7.029836172649
    8      2.341428571572      2.343512541102      7.030404816897
    0    0
