   3   1   1 E -1.6031090597502E+04 DE-8.8E-10( 10)
  0.400551634146E-01  0.694868492443E+01  0.698721468769E+01
  0.702126336070E+01 -0.113837919330E-01  0.703058067914E+01
  0.701067635566E+01  0.697647720786E+01  0.458940682916E-02
    1
  0.100000000000E+01  0.000000000000E+00  0.000000000000E+00
  0.000000000000E+00  0.100000000000E+01  0.000000000000E+00
  0.000000000000E+00  0.000000000000E+00  0.100000000000E+01
  0.000000000000E+00  0.000000000000E+00  0.000000000000E+00
   54
   20      0.030968436631     -0.043885653789     -0.016922211230
   20      2.408331086893      2.282117914920     -0.071727494912
   20     -2.338059658338     -2.365403485516     -0.047443168725
   20      2.360107717650     -0.046335320757      2.348597086257
   20      4.693822606462      2.295527623581      2.309986447033
   20      0.035171942318     -2.359244113267      2.313107052988
   20     -2.373786806343     -0.002447841413     -2.349868437121
   20      0.063342860178      2.339702452252     -2.337317860859
   12     -4.646025161755     -2.405453961104     -2.420670063731
   20     -0.003104291749      2.278183308396      2.350976406900
   20      2.382070877394      4.668656829637      2.359591251440
   12     -2.422175290352      0.100427156479      2.363515139012
   12      2.329657390384      2.357679597843      4.697197224160
   20      4.636338053447      4.694654468416      4.709832735238
   20     -0.007593626580      0.052176719873      4.698155049937
   20     -2.404344902893      2.338824264503      0.001719253469
   20      0.005607332632      4.680840564462     -0.022135789188
   20     -4.665835177111      0.080140546609     -0.009466206860
   20      0.005287866982     -2.375504521294     -2.312534607789
   12      2.448676868616      0.003717898735     -2.182069485533
   12     -2.435518178921     -4.759285596083     -2.344413896939
   12      2.298737957541     -2.382106115195     -0.028592780245
   12      4.633212609762      0.072103272454      0.015313468633
   12     -0.017426984256     -4.623665283839     -0.019036649842
   20     -2.429042473561     -2.360853775999     -4.665930694993
   20      0.017677591179      0.056129798379     -4.675263626656
   12     -4.704838186393     -4.650888949094     -4.597472182280
    8      0.069871427422      0.000570799449     -2.330763121911
    8      2.455691475690      2.352671055811     -2.464836454857
    8     -2.418511660350     -2.406477117372     -2.349266029403
    8      2.427165761087     -0.074021563632     -0.099972402396
    8      4.790029418955      2.215718312493     -0.118444293421
    8      0.045571954888     -2.413895729753     -0.014610071718
    8      4.677067326517     -0.014761550371      2.331714809014
    8      7.101869235811      2.322341757561      2.320953379987
    8      2.311936796197     -2.439080335769      2.349244107599
    8      0.023157060661      2.312990993580     -0.020308773322
    8      2.349992934095      4.656901476217     -0.066871518628
    8     -2.343727761900      0.006784213001      0.027183785243
    8      2.367405553091      2.297516345292      2.354727451890
    8      4.684704865144      4.690952994474      2.330164146120
    8     -0.031824924235     -0.006809314945      2.339755316341
    8      4.623945793663      2.327839458964      4.691380112216
    8      7.072913864581      4.666849776069      4.687551082366
    8      2.338964214574      0.020488807904      4.688095380702
    8      0.023734673854      4.631291075324      2.332071679472
    8      2.472455828773      7.110386744588      2.427133083589
    8     -2.426726469948      2.214967116921      2.401491422602
    8      2.361437799631      4.616026540983      4.764238854303
    8      4.609266554246      7.090575095455      4.739785736278
    8      0.005712829869      2.297931891051      4.688597749238
    8      4.598828020068      4.704127387357      7.018758104751
    8      6.976877064169      7.058765714346      7.015113429343
    8      2.254906862602      2.445542787440      6.990718557937
    0    0
