   3   1   1 E -1.6031034942301E+04 DE 1.5E-09(  2)
  0.469246797668E-02  0.703071469568E+01  0.703699072280E+01
  0.702416918911E+01 -0.244447460104E-03  0.703601553395E+01
  0.702906345735E+01  0.702867168815E+01  0.730492578826E-03
    1
  0.100000000000E+01  0.000000000000E+00  0.000000000000E+00
  0.000000000000E+00  0.100000000000E+01  0.000000000000E+00
  0.000000000000E+00  0.000000000000E+00  0.100000000000E+01
  0.000000000000E+00  0.000000000000E+00  0.000000000000E+00
   54
   20      0.000000000000      0.000000000000      0.000000000000
   20      2.343021152450      2.342890562717      0.000243497526
   20     -2.343021152450     -2.342890562717     -0.000243497526
   20      2.341389729703     -0.000081482487      2.345338511316
   20      4.684410882153      2.342809080231      2.345582008842
   20     -0.001631422747     -2.342972045204      2.345095013789
   20     -2.341389729703      0.000081482487     -2.345338511316
   12      0.001631422747      2.342972045204     -2.345095013789
   12     -4.684410882153     -2.342809080231     -2.345582008842
   12      0.001564155992      2.343571565227      2.345663574265
   12      2.344585308442      4.686462127944      2.345907071792
   20     -2.341456996457      0.000681002509      2.345420076739
   20      2.342953885695      2.343490082740      4.691002085581
   20      4.685975038145      4.686380645457      4.691245583107
   20     -0.000067266754      0.000599520023      4.690758588055
   20     -2.339825573711      2.343653047713      0.000325062950
   20      0.003195578739      4.686543610431      0.000568560476
   12     -4.682846726160      0.000762484996      0.000081565424
   12     -0.001564155992     -2.343571565227     -2.345663574265
   20      2.341456996457     -0.000681002509     -2.345420076739
   20     -2.344585308442     -4.686462127944     -2.345907071792
   12      2.339825573711     -2.343653047713     -0.000325062950
   20      4.682846726160     -0.000762484996     -0.000081565424
   12     -0.003195578739     -4.686543610431     -0.000568560476
   20     -2.342953885695     -2.343490082740     -4.691002085581
   20      0.000067266754     -0.000599520023     -4.690758588055
   12     -4.685975038145     -4.686380645457     -4.691245583107
    8      0.000033633377     -0.000299760011     -2.345379294027
    8      2.343054785827      2.342590802706     -2.345135796501
    8     -2.342987519072     -2.343190322729     -2.345622791554
    8      2.341423363080     -0.000381242498     -0.000040782712
    8      4.684444515530      2.342509320219      0.000202714814
    8     -0.001597789369     -2.343271805215     -0.000284280238
    8      4.682813092784     -0.000462724985      2.345297728605
    8      7.025834245234      2.342427837732      2.345541226132
    8      2.339791940334     -2.343353287702      2.345054231078
    8      0.001597789369      2.343271805215      0.000284280238
    8      2.344618941818      4.686162367932      0.000527777764
    8     -2.341423363080      0.000381242498      0.000040782712
    8      2.342987519072      2.343190322729      2.345622791554
    8      4.686008671521      4.686080885445      2.345866289080
    8     -0.000033633377      0.000299760011      2.345379294027
    8      4.684377248777      2.343108840242      4.690961302871
    8      7.027398401226      4.685999402958      4.691204800397
    8      2.341356096327      0.000218277525      4.690717805344
    8      0.003161945362      4.686843370443      2.345947854504
    8      2.346183097810      7.029733933158      2.346191352030
    8     -2.339859207088      2.343952807726      2.345704356978
    8      2.344551675065      4.686761887956      4.691286365820
    8      4.687572827513      7.029652450672      4.691529863346
    8      0.001530522615      2.343871325239      4.691042868294
    8      4.685941404770      4.686680405470      7.036624877138
    8      7.028962557218      7.029570968185      7.036868374664
    8      2.342920252320      2.343789842753      7.036381379612
    0    0
