   3   1   1 E -1.6031095512380E+04 DE-2.1E-10( 11)
  0.705696848765E-02  0.701647781900E+01  0.704934417403E+01
  0.701703055399E+01  0.621497049912E-02  0.704267972782E+01
  0.702516368380E+01  0.701220856439E+01  0.398715403253E-02
    1
  0.100000000000E+01  0.000000000000E+00  0.000000000000E+00
  0.000000000000E+00  0.100000000000E+01  0.000000000000E+00
  0.000000000000E+00  0.000000000000E+00  0.100000000000E+01
  0.000000000000E+00  0.000000000000E+00  0.000000000000E+00
   54
   20      0.021990248751     -0.036413073223     -0.036046684108
   20      2.353456997761      2.315713017792     -0.068619313248
   20     -2.345669663571     -2.302495488715      0.002944705348
   20      2.343510623351     -0.016625478506      2.369625477620
   20      4.657875491081      2.353433595742      2.348141613257
   20      0.011826576432     -2.314518190673      2.373848976541
   20     -2.367033429305     -0.017281596231     -2.346635844756
   20      0.013356702742      2.358726057961     -2.359573367371
   12     -4.656440620364     -2.318518733344     -2.304810372318
   20      0.006934449184      2.341809686522      2.374133198383
   20      2.352194727828      4.704041770546      2.401157913811
   12     -2.368667455960     -0.023940752004      2.408402289330
   12      2.310617773814      2.438082618239      4.756393261088
   12      4.571093817581      4.748919802552      4.737020754620
   20     -0.006330266972      0.002210675527      4.725532066014
   20     -2.400530557659      2.355328865995     -0.014508121147
   20     -0.002942781127      4.718200404631     -0.030464444846
   12     -4.600187374849      0.044811594044     -0.105986420923
   12      0.094739821347     -2.388919587426     -2.327719372169
   12      2.426512092793     -0.144086830948     -2.326026707342
   20     -2.353404231759     -4.716206387333     -2.341733414333
   12      2.269437622600     -2.265301251145     -0.147906436109
   12      4.573246628181     -0.059098501779     -0.031793267525
   20      0.042943131110     -4.675843319920     -0.041529058215
   20     -2.360803905307     -2.339965882361     -4.715174568797
   20      0.049806807742     -0.027538812360     -4.675104646982
   20     -4.661588586600     -4.711753033907     -4.698875459231
    8      0.099329563637     -0.104998990429     -2.331572169292
    8      2.345857442222      2.335584446634     -2.342227775281
    8     -2.359508089098     -2.353147158369     -2.344176455344
    8      2.441470359616     -0.104431444853     -0.082250699184
    8      4.683736972899      2.272507813975     -0.009620620598
    8      0.104711604699     -2.333988697244     -0.038996240594
    8      4.675548353821     -0.000780770689      2.337757436222
    8      7.027267652975      2.336744355843      2.351753384511
    8      2.341481989778     -2.341954500117      2.353878760354
    8      0.000170429843      2.335931014782     -0.033230072785
    8      2.352312545805      4.773470622583     -0.055230236791
    8     -2.449650948087      0.002413230200     -0.005561246808
    8      2.339872764986      2.343392693234      2.385416390298
    8      4.678501481353      4.790245454335      2.441102777811
    8     -0.065977395541      0.008052676071      2.374221539687
    8      4.564482346577      2.438657911778      4.693914228253
    8      7.069027468223      4.691352985968      4.718018863468
    8      2.340033814456     -0.011316244275      4.768675670697
    8      0.016656600012      4.671243206900      2.374238490722
    8      2.453160562290      6.993385150589      2.416568771338
    8     -2.335487524109      2.255596174240      2.345141503240
    8      2.281612038868      4.657813080126      4.799946518195
    8      4.567248495303      6.881823424665      4.724435827791
    8      0.109186175201      2.445266812588      4.705033960423
    8      4.572001471314      4.791831005731      6.950661369974
    8      7.058958064196      7.026229078879      7.048609318782
    8      2.333681548198      2.333361589661      6.960847699796
    0    0
