   3   1   1 E -1.6031098900758E+04 DE 4.4E-10(  8)
  0.120073113166E-01  0.700249131706E+01  0.699666542589E+01
  0.701930341977E+01  0.226722093471E-01  0.697789204139E+01
  0.704176833846E+01  0.699968311579E+01  0.692823462282E-02
    1
  0.100000000000E+01  0.000000000000E+00  0.000000000000E+00
  0.000000000000E+00  0.100000000000E+01  0.000000000000E+00
  0.000000000000E+00  0.000000000000E+00  0.100000000000E+01
  0.000000000000E+00  0.000000000000E+00  0.000000000000E+00
   54
   20      0.000765739801     -0.030491915776     -0.045358967592
   20      2.369428539831      2.350749415187     -0.027882120881
   20     -2.342757722636     -2.346412975032     -0.062589028303
   20      2.390911617061     -0.056943416959      2.354177725195
   20      4.742187233386      2.306269432353      2.286876692646
   20      0.038428335980     -2.391052864146      2.316824622093
   20     -2.341253111386     -0.075303087351     -2.382289945775
   20      0.020663893670      2.347958430134     -2.372079091377
   12     -4.622587059827     -2.346464160725     -2.357061801681
   20     -0.029687902692      2.384352581421      2.377947472836
   20      2.335364960355      4.727496800070      2.342410812865
   20     -2.391993804423      0.007433995274      2.319223658528
   20      2.336250633693      2.355414566208      4.702287081698
   12      4.712202105620      4.734498204856      4.657225668400
   20      0.011887100475     -0.017657503435      4.741458817311
   20     -2.390527466052      2.361425364570      0.002977607091
   20     -0.004733929549      4.757819288744      0.055370905939
   12     -4.716458454294      0.029611016831      0.060200802847
   12     -0.026766936186     -2.337371753349     -2.336168507308
   20      2.328798130248     -0.016847889599     -2.365952610079
   20     -2.349321210070     -4.637833784745     -2.332027869696
   20      2.348204781788     -2.364665582598      0.021815798176
   12      4.653595226050     -0.029805297519      0.067528734318
   12      0.051066154223     -4.742265633912      0.025636285655
   12     -2.314444220935     -2.312477907810     -4.549663727202
   12     -0.079582008674     -0.017294255709     -4.757055618037
   12     -4.743065453827     -4.687522940030     -4.604551506367
    8     -0.016282646946     -0.072311049032     -2.424394873889
    8      2.348985059923      2.420858783864     -2.412429223729
    8     -2.383346090843     -2.356855191695     -2.432153767767
    8      2.390136395413     -0.016178838513     -0.011213638251
    8      4.747991504484      2.271973165935     -0.000410628458
    8     -0.010170810283     -2.417213057449     -0.079064044081
    8      4.741659404339     -0.096266042568      2.260415575633
    8      7.140820709527      2.213334970342      2.230104284101
    8      2.440409208629     -2.445568390744      2.367908372998
    8     -0.008223260293      2.362947766581     -0.012443498417
    8      2.347673570372      4.771694733378     -0.053502277956
    8     -2.390848985110     -0.013819092994     -0.029872935668
    8      2.349995849160      2.345964247426      2.340816903353
    8      4.724459654771      4.668329330888      2.358481662315
    8      0.001141774373     -0.016197415439      2.344066910666
    8      4.694052738862      2.395561417423      4.644706196348
    8      7.040737412131      4.683796977508      4.670423716362
    8      2.358507166430     -0.076270411468      4.721211459254
    8     -0.049827578971      4.765855802345      2.412224900977
    8      2.254403683790      7.109485711266      2.217503147505
    8     -2.415899809086      2.424900851501      2.334342297980
    8      2.343875495564      4.677947410846      4.671906978774
    8      4.684501862661      6.910941697631      4.732084474226
    8      0.007229952390      2.423872031880      4.758983609290
    8      4.692124097954      4.811204873475      7.016344699234
    8      7.058802773343      7.162671084798      7.102694446424
    8      2.249371508723      2.248530395717      7.048669020027
    0    0
