   3   1   1 E -1.6031075798293E+04 DE 1.3E-09( 11)
  0.604061746992E-01  0.699015887556E+01  0.700227825593E+01
  0.699789837447E+01  0.401021747709E-01  0.701369789169E+01
  0.703487664113E+01  0.703259421731E+01  0.937444938040E-02
    1
  0.100000000000E+01  0.000000000000E+00  0.000000000000E+00
  0.000000000000E+00  0.100000000000E+01  0.000000000000E+00
  0.000000000000E+00  0.000000000000E+00  0.100000000000E+01
  0.000000000000E+00  0.000000000000E+00  0.000000000000E+00
   54
   20     -0.007531138517      0.003132736089     -0.001152286251
   20      2.361944996861      2.309670064918     -0.011223328661
   20     -2.346681414518     -2.348682666586     -0.007460730946
   20      2.349525942028     -0.019082187469      2.339644727103
   20      4.723272718722      2.298588240224      2.305352154798
   20      0.011321721085     -2.349173856258      2.324918076628
   20     -2.328208149906     -0.030171383247     -2.337765448501
   20      0.034122227901      2.291161212822     -2.356610226805
   20     -4.674029216364     -2.358742766468     -2.340506789418
   20     -0.027175593049      2.338714589216      2.335814138745
   20      2.328708954426      4.719770459949      2.322714702383
   20     -2.391415217494      0.023995024800      2.315276536461
   20      2.347981043434      2.310527945094      4.703920595364
   20      4.694034465650      4.712775885185      4.690643582226
   12      0.012567991376      0.009358569359      4.776062983070
   12     -2.380420413196      2.319269159719      0.081083545677
   20      0.000260678559      4.717076989407      0.006247762052
   12     -4.536475838745      0.015217001062      0.129367955263
   20     -0.023117534000     -2.322452041079     -2.333897523547
   12      2.293880745480      0.067194596977     -2.332607336495
   20     -2.370972836335     -4.701223141674     -2.336279206094
   20      2.360151988629     -2.335974746523      0.038178543480
   12      4.699225141709      0.088634132669      0.001026083912
   12     -0.140893822071     -4.681613960608     -0.079710597094
   12     -2.345680446269     -2.291316285444     -4.714191435171
   12      0.094263110082     -0.046436920710     -4.769349863127
   12     -4.682234361790     -4.672757787904     -4.706179447192
    8      0.054094510172     -0.015105562421     -2.345403642140
    8      2.351054214942      2.284957913686     -2.371795669583
    8     -2.347695054734     -2.347408047890     -2.337030608538
    8      2.353297636342     -0.008745722208     -0.016646384788
    8      4.727118587374      2.284498405607     -0.003930932959
    8      0.000368623275     -2.366720706566      0.008026174759
    8      4.738668162595     -0.079782602843      2.295777530990
    8      7.097455190450      2.297998585054      2.282339257036
    8      2.376368065226     -2.366114172592      2.348056323933
    8     -0.024032232121      2.333547964422     -0.010299250850
    8      2.346242249004      4.715703706454     -0.005736057299
    8     -2.392281147699      0.023823192702      0.001493204747
    8      2.348304000795      2.320690993007      2.331155228237
    8      4.682870494867      4.690067443677      2.315001813285
    8     -0.016352780617      0.000496139616      2.330391615102
    8      4.698738263669      2.333181178392      4.698226397420
    8      7.026550527466      4.735321790939      4.672419122909
    8      2.294956223678     -0.004966737497      4.712549585152
    8     -0.021848249199      4.732878479956      2.341179872865
    8      2.255673805165      7.095708113486      2.314441136683
    8     -2.390911867032      2.388227252528      2.264074360118
    8      2.365352346594      4.703644297449      4.695391199729
    8      4.692438046074      7.027684133408      4.683059010071
    8      0.014103399564      2.293791732043      4.716101148866
    8      4.716719238584      4.724440687521      7.065722815419
    8      7.011325548781      7.131026244665      6.990839184355
    8      2.404311809456      2.286545138232      7.095358083138
    0    0
