   3   1   1 E -1.6031035824056E+04 DE-1.3E-10(  2)
  0.670486821862E-02  0.702437558460E+01  0.702845410485E+01
  0.703355273821E+01 -0.456648146436E-02  0.703117680239E+01
  0.703537661884E+01  0.702383324687E+01 -0.728353036825E-03
    1
  0.100000000000E+01  0.000000000000E+00  0.000000000000E+00
  0.000000000000E+00  0.100000000000E+01  0.000000000000E+00
  0.000000000000E+00  0.000000000000E+00  0.100000000000E+01
  0.000000000000E+00  0.000000000000E+00  0.000000000000E+00
   54
   20      0.000000000000      0.000000000000      0.000000000000
   20      2.345125539612      2.341277748956     -0.000242784346
   20     -2.345125539612     -2.341277748956      0.000242784346
   20      2.344517579405     -0.001522160488      2.343725600796
   20      4.689643119017      2.339755588468      2.343482816451
   20     -0.000607960207     -2.342799909444      2.343968385142
   20     -2.344517579405      0.001522160488     -2.343725600796
   20      0.000607960207      2.342799909444     -2.343968385142
   12     -4.689643119017     -2.339755588468     -2.343482816451
   20      0.002234956073      2.341458528202      2.342818034951
   20      2.347360495685      4.682736277157      2.342575250605
   12     -2.342890583539      0.000180779246      2.343060819297
   20      2.346752535478      2.339936367713      4.686543635747
   20      4.691878075090      4.681214116669      4.686300851402
   20      0.001626995866     -0.001341381242      4.686786420093
   12     -2.342282623332      2.342980688690     -0.000907565845
   12      0.002842916280      4.684258437646     -0.001150350191
   20     -4.687408162944      0.001702939734     -0.000664781500
   12     -0.002234956073     -2.341458528202     -2.342818034951
   12      2.342890583539     -0.000180779246     -2.343060819297
   20     -2.347360495685     -4.682736277157     -2.342575250605
   12      2.342282623332     -2.342980688690      0.000907565845
   12      4.687408162944     -0.001702939734      0.000664781500
   20     -0.002842916280     -4.684258437646      0.001150350191
   20     -2.346752535478     -2.339936367713     -4.686543635747
   12     -0.001626995866      0.001341381242     -4.686786420093
   20     -4.691878075090     -4.681214116669     -4.686300851402
    8     -0.000813497933      0.000670690621     -2.343393210046
    8      2.344312041681      2.341948439579     -2.343635994392
    8     -2.345939037545     -2.340607058335     -2.343150425701
    8      2.343704081472     -0.000851469867      0.000332390750
    8      4.688829621085      2.340426279090      0.000089606404
    8     -0.001421458140     -2.342129218823      0.000575175095
    8      4.688221660876     -0.002373630355      2.344057991545
    8      7.033347200489      2.338904118601      2.343815207200
    8      2.343096121264     -2.343651379311      2.344300775891
    8      0.001421458140      2.342129218823     -0.000575175095
    8      2.346546997754      4.683406967781     -0.000817959441
    8     -2.343704081472      0.000851469867     -0.000332390750
    8      2.345939037545      2.340607058335      2.343150425701
    8      4.691064577158      4.681884807291      2.342907641355
    8      0.000813497933     -0.000670690621      2.343393210046
    8      4.690456616950      2.339084897847      4.686876026497
    8      7.035582156561      4.680362646802      4.686633242151
    8      2.345331077337     -0.002192851109      4.687118810842
    8      0.003656414213      4.683587747021      2.342242859853
    8      2.348781953827      7.024865495979      2.342000075507
    8     -2.341469125399      2.342309998066      2.342485644199
    8      2.348173993618      4.682065586535      4.685968460651
    8      4.693299533230      7.023343335491      4.685725676304
    8      0.003048454006      2.340787837579      4.686211244997
    8      4.692691573023      4.680543426048      7.029694061447
    8      7.037817112634      7.021821175003      7.029451277102
    8      2.347566033410      2.339265677092      7.029936845793
    0    0
