   3   1   1 E -1.6031090854418E+04 DE-5.2E-10( 10)
  0.425890813258E-01  0.693018992777E+01  0.698794274166E+01
  0.704760974727E+01 -0.318485161816E-01  0.705467350329E+01
  0.703626993286E+01  0.697985590623E+01 -0.152922054130E-01
    1
  0.100000000000E+01  0.000000000000E+00  0.000000000000E+00
  0.000000000000E+00  0.100000000000E+01  0.000000000000E+00
  0.000000000000E+00  0.000000000000E+00  0.100000000000E+01
  0.000000000000E+00  0.000000000000E+00  0.000000000000E+00
   54
   20      0.035139845049     -0.052500356999     -0.062613451524
   20      2.375210619897      2.321146230794     -0.057054910962
   20     -2.323083034730     -2.363155235844     -0.055186064812
   20      2.345925189925     -0.046860728303      2.360141248561
   20      4.727721082149      2.313386153973      2.340836803942
   20      0.032395341700     -2.374991396342      2.355074092402
   20     -2.320612612349     -0.016849130876     -2.346874852015
   20      0.037877422910      2.315885228028     -2.370047868998
   12     -4.661725368517     -2.327362175938     -2.314242176184
   20     -0.026693163318      2.339989820109      2.360419188564
   20      2.342193353365      4.690107383525      2.382369445381
   20     -2.342224403948     -0.003509299046      2.381123070276
   20      2.347894922747      2.393007905545      4.754528266261
   12      4.655632273395      4.581104417810      4.751194859428
   20     -0.028513472175     -0.010938765898      4.715527891533
   12     -2.320513018378      2.389020368092     -0.062220993652
   20      0.005591275453      4.641881767035     -0.032464373854
   20     -4.704586491142      0.045905184444     -0.012011193943
   12     -0.048362578049     -2.309011481784     -2.313343266067
   12      2.341638674562     -0.040069785471     -2.318240393871
   12     -2.387527053262     -4.600432306449     -2.287407440800
   12      2.371236732768     -2.231415224171     -0.127958374793
   20      4.666185067551     -0.027978115798     -0.039940760433
   12     -0.141676266471     -4.699493635152     -0.046036920751
   20     -2.360892833635     -2.339118394067     -4.660974121539
   12     -0.002494079498      0.034784382154     -4.651622165149
   20     -4.693839723916     -4.610705961486     -4.660333572951
    8      0.100439324200     -0.088471862889     -2.435525070855
    8      2.458958916434      2.384689235083     -2.344579280006
    8     -2.375721907931     -2.426465666779     -2.338911777247
    8      2.347763206575     -0.085805875601     -0.069080794783
    8      4.753888841853      2.325157916813     -0.076325077025
    8      0.064201677452     -2.429389120339     -0.092463334457
    8      4.725481056019     -0.030359144895      2.348252834547
    8      7.045925869660      2.241405402449      2.282234495974
    8      2.354021721596     -2.342418550734      2.379372475436
    8     -0.010042874454      2.313041429105     -0.015932037913
    8      2.362299088593      4.666220568901     -0.051373673843
    8     -2.324031232328      0.034892807865     -0.027965961491
    8      2.353767592166      2.334716565765      2.361096975377
    8      4.693119090568      4.629172960723      2.371892594489
    8      0.003963605046     -0.026853424035      2.356621072752
    8      4.732476443941      2.386636155883      4.765517548265
    8      7.077037118474      4.617517842948      4.693993014618
    8      2.350018094694     -0.044107796338      4.722854287551
    8      0.016487296695      4.710327919262      2.409500916521
    8      2.306633208896      6.968645926262      2.406776923424
    8     -2.320213411018      2.316499482589      2.343496749913
    8      2.390124406419      4.776622521221      4.740195602950
    8      4.607026038493      6.903299347060      4.659545458481
    8     -0.101959813459      2.392837127553      4.751136143549
    8      4.627889821648      4.480844165951      6.905058599228
    8      7.023411478609      7.008166738984      7.052743615623
    8      2.384247065640      2.423238409495      7.042183912797
    0    0
