   3   1   1 E -1.6031096115015E+04 DE 1.1E-09( 11)
  0.101430139232E-02  0.700218892916E+01  0.702998238816E+01
  0.702228652777E+01  0.782218550820E-02  0.702821051947E+01
  0.701764533024E+01  0.700419266163E+01  0.371092115089E-02
    1
  0.100000000000E+01  0.000000000000E+00  0.000000000000E+00
  0.000000000000E+00  0.100000000000E+01  0.000000000000E+00
  0.000000000000E+00  0.000000000000E+00  0.100000000000E+01
  0.000000000000E+00  0.000000000000E+00  0.000000000000E+00
   54
   20     -0.002020360325      0.019357578160     -0.007599657081
   20      2.378861525603      2.321718147583     -0.061069443290
   20     -2.364266091581     -2.359184373339     -0.031970635189
   20      2.349420064923     -0.021518652115      2.367777677272
   20      4.720763458998      2.302633271229      2.305518492343
   20      0.025004046761     -2.337878060027      2.356371054067
   20     -2.380319701266     -0.007500360533     -2.329969493835
   20      0.034545245799      2.327476735387     -2.359738918712
   12     -4.711474791123     -2.258670005660     -2.353116216002
   20     -0.031825494005      2.318983250685      2.362482180511
   20      2.308685155428      4.731772438602      2.344551687559
   20     -2.372066555208      0.046807832116      2.366855136872
   20      2.322334102207      2.291237879437      4.738782275595
   20      4.684090826830      4.735956102531      4.726821998998
   12      0.156536505813      0.002346482142      4.784597112278
   12     -2.360268855905      2.319118511910     -0.026950639432
   20     -0.002832558350      4.753487560382     -0.002899693308
   12     -4.747613795878      0.003483203198     -0.052319158500
   20     -0.006443566687     -2.347171165848     -2.328032439410
   12      2.285456312305      0.030880586946     -2.344569980221
   12     -2.386768485919     -4.729341062729     -2.301799622759
   20      2.371884784666     -2.344587108965     -0.015097069405
   12      4.719174909650      0.082228724353     -0.032078584619
   12     -0.069138370452     -4.785292035405     -0.001488845682
   20     -2.332810985479     -2.347980325109     -4.701831340933
   12      0.006231044391      0.031578417897     -4.725948586990
   20     -4.672856973825     -4.725859264558     -4.684214540783
    8      0.046278228124      0.006268453315     -2.386126964720
    8      2.425686637606      2.280178573648     -2.336948085143
    8     -2.424933049374     -2.424678468867     -2.347959981961
    8      2.426409524202      0.009504366705     -0.038058036449
    8      4.769658919446      2.235805975215     -0.084557449661
    8     -0.008667580563     -2.389676308897      0.006345352882
    8      4.749398231835      0.009658517544      2.294851061228
    8      7.019605020524      2.227257576332      2.269048103275
    8      2.355202535317     -2.346162136167      2.392569877713
    8     -0.052665885204      2.346657583223     -0.021595925404
    8      2.328037834965      4.769295823730     -0.084028905941
    8     -2.424532127654      0.075315170688     -0.029444099978
    8      2.339967855292      2.329285159872      2.342994485636
    8      4.674587256409      4.686127660920      2.338043077961
    8      0.002798277126      0.005575225410      2.396126173440
    8      4.697750326063      2.345897924605      4.741042233371
    8      7.119793599147      4.781349312593      4.694933634495
    8      2.266746680302     -0.079187326166      4.765442821530
    8     -0.003840218441      4.735094106791      2.347736255341
    8      2.217791639035      6.998788509832      2.346975577968
    8     -2.338015605821      2.317707168957      2.347494836879
    8      2.332660601030      4.733072229576      4.712134525052
    8      4.678369414981      7.106800494132      4.786198064986
    8     -0.043088739739      2.224639060184      4.760019613329
    8      4.697132443753      4.698052536261      7.026054000766
    8      7.013850584366      7.096854810717      7.008370628083
    8      2.395993917222      2.230350684928      7.037843605474
    0    0
