   3   1   1 E -1.6031094087836E+04 DE-1.1E-09( 10)
 -0.275980294732E-02  0.699076478399E+01  0.705443984826E+01
  0.699493562840E+01  0.249176924126E-01  0.703359179718E+01
  0.698669143395E+01  0.696756614044E+01  0.276050504023E-01
    1
  0.100000000000E+01  0.000000000000E+00  0.000000000000E+00
  0.000000000000E+00  0.100000000000E+01  0.000000000000E+00
  0.000000000000E+00  0.000000000000E+00  0.100000000000E+01
  0.000000000000E+00  0.000000000000E+00  0.000000000000E+00
   54
   20     -0.018732400973      0.043028241082     -0.064810652422
   20      2.307113925668      2.352876255859     -0.021428279504
   20     -2.338779734502     -2.339049489154     -0.019006730769
   20      2.344969575600     -0.038175533545      2.385804838267
   20      4.708750881929      2.302739539381      2.351993332604
   20      0.033746882217     -2.355734207834      2.374128285714
   20     -2.334790610284     -0.021498958122     -2.385881777895
   12     -0.006011427048      2.148666156640     -2.352411104889
   12     -4.732254782952     -2.267802033085     -2.386775797288
   20     -0.023611685774      2.382343882152      2.356067510504
   12      2.325448807349      4.718692197386      2.432865531122
   20     -2.368976493698      0.012823308997      2.361308383504
   20      2.337610375999      2.336111426185      4.723567262159
   20      4.698017983571      4.654019372689      4.708310231790
   12      0.041132704330     -0.006037405479      4.684999634871
   12     -2.312769007676      2.388368971225     -0.005155360703
   20      0.012926788344      4.677534098143      0.038560236116
   20     -4.705403196778     -0.006540774900      0.015432520713
   20      0.030406867914     -2.294555139801     -2.403214854298
   12      2.292598980599     -0.002003792831     -2.411799194650
   20     -2.351771669625     -4.652100238216     -2.362512062937
   20      2.343138666289     -2.361607798955     -0.027174321997
   20      4.707295813453     -0.025021686031      0.001310141068
   12     -0.019157999464     -4.636523041057     -0.014339012552
   12     -2.388963830649     -2.334544955045     -4.682714414335
   12      0.031602045007      0.031420851291     -4.617252049875
   20     -4.692236740947     -4.682371420224     -4.663450373040
    8      0.127834119323      0.110380244503     -2.452717266805
    8      2.195577185595      2.333227735986     -2.325330213434
    8     -2.343754917721     -2.335114264018     -2.373832108712
    8      2.350785791883     -0.007725337491     -0.043835325407
    8      4.742230294941      2.311219205441      0.010255983150
    8      0.018078856349     -2.375653850695     -0.019598510573
    8      4.756108534906     -0.110036788760      2.361763505111
    8      6.989155272599      2.182628811044      2.364001870766
    8      2.351029467438     -2.328801598551      2.357335454845
    8     -0.097401813582      2.347487901496     -0.078502011329
    8      2.299205701888      4.652623543938      0.006984404572
    8     -2.342578281388      0.072175336305     -0.012335028387
    8      2.332555734121      2.382238275270      2.365406712529
    8      4.631972445045      4.637704707962      2.364385263064
    8     -0.021862887369      0.020240830483      2.385609303926
    8      4.764412529115      2.326661050131      4.749434627445
    8      7.130171365684      4.672402337389      4.718518061004
    8      2.222862145801     -0.085506032177      4.687248470742
    8      0.018076442961      4.769410031232      2.369067941259
    8      2.218415336089      6.862488127638      2.482264590869
    8     -2.353903373977      2.430789758349      2.298656839866
    8      2.339054583523      4.742547632364      4.605499813262
    8      4.658577364422      6.983040427795      4.704634489800
    8      0.006305558713      2.287556411367      4.751722928934
    8      4.677865405010      4.592038473050      7.106018289959
    8      6.993962487276      7.094762590629      7.066649238756
    8      2.318866600761      2.330775388336      7.054635884830
    0    0
