   3   1   1 E -1.6031097911135E+04 DE 3.7E-10(  9)
 -0.375399700703E-02  0.700649604499E+01  0.702229986468E+01
  0.700849095606E+01  0.173698402257E-02  0.702297519396E+01
  0.700447173696E+01  0.701016482793E+01 -0.132917289482E-02
    1
  0.100000000000E+01  0.000000000000E+00  0.000000000000E+00
  0.000000000000E+00  0.100000000000E+01  0.000000000000E+00
  0.000000000000E+00  0.000000000000E+00  0.100000000000E+01
  0.000000000000E+00  0.000000000000E+00  0.000000000000E+00
   54
   20      0.039901208894     -0.037693722582     -0.042079007654
   20      2.349013861825      2.365555405433     -0.016816911319
   20     -2.325232524975     -2.364552423272     -0.033149091094
   20      2.331127259113     -0.044357663088      2.358456858912
   20      4.688277487427      2.315777417631      2.366501037192
   20      0.020359301036     -2.344047301658      2.362378905459
   20     -2.336869594405     -0.054774784365     -2.349101147637
   20      0.000091554941      2.373526380737     -2.340941526779
   12     -4.737371766172     -2.333140329266     -2.287940994617
   20     -0.019183353280      2.367513708163      2.382411943131
   20      2.308952787508      4.696060212976      2.362695111347
   20     -2.320990686201      0.010079444712      2.405011224315
   20      2.262662447170      2.366553850730      4.726405938417
   12      4.641750819838      4.673480697250      4.747413112155
   12     -0.039828793372     -0.122084234580      4.715144060633
   20     -2.335535294390      2.394547931825     -0.036392616899
   12      0.062590043729      4.727297221808     -0.089743386799
   20     -4.744447079922      0.003891523351     -0.014202101146
   12     -0.047184970233     -2.327804809233     -2.314633968079
   20      2.360076434725     -0.027527153956     -2.339227109879
   12     -2.242785584259     -4.570194092094     -2.296226684340
   12      2.275714519476     -2.367155501481     -0.096574213675
   20      4.747167734864     -0.021187061517     -0.056902028851
   12     -0.020551608692     -4.598346846073     -0.059838019749
   20     -2.321329838950     -2.338481356184     -4.696783701266
   12     -0.002132644639     -0.042573165250     -4.680538572429
   20     -4.685336264433     -4.656761467780     -4.684601050444
    8      0.006294342729     -0.103941974824     -2.423491734799
    8      2.426525477289      2.458547066431     -2.326240300999
    8     -2.282146290652     -2.431482883435     -2.329444852956
    8      2.348645938726     -0.090689158751     -0.018886058733
    8      4.767605820108      2.344526112777     -0.066725808144
    8      0.085620856487     -2.404812598643     -0.089494653244
    8      4.752693929180     -0.006217247426      2.380838131391
    8      6.997641718877      2.258615762675      2.260495046227
    8      2.337416400498     -2.337071044360      2.353872159187
    8     -0.000244943629      2.406012101504      0.008306422110
    8      2.215361664094      4.678170923851     -0.063505189510
    8     -2.332769484554     -0.003324957762      0.002963023259
    8      2.325954840000      2.335192159517      2.363717214341
    8      4.691777202273      4.670505301555      2.388222836937
    8      0.015612211169      0.000142065934      2.412100860369
    8      4.669566577165      2.419645182204      4.682191408605
    8      7.022190910472      4.746554914906      4.775084766668
    8      2.228481383218     -0.115699359297      4.688911326024
    8      0.004633970122      4.780935290014      2.359498223642
    8      2.247054307134      7.012094209147      2.337833045314
    8     -2.308292037856      2.338372172694      2.373091310099
    8      2.372374018679      4.672607021930      4.738120148261
    8      4.795257451950      6.958782521452      4.678459915890
    8     -0.115706534655      2.392812921979      4.779883776902
    8      4.631258119822      4.671371631501      6.926540969897
    8      7.009956539045      6.932509805640      7.001150548890
    8      2.219769287741      2.455030532779      7.013537891340
    0    0
