   3   1   1 E -1.6031101275691E+04 DE 7.7E-09(  9)
 -0.260457440234E-02  0.700057332986E+01  0.704478999772E+01
  0.699111860835E+01  0.685014710299E-02  0.703549176726E+01
  0.699796875546E+01  0.699796875546E+01  0.657123114309E-18
    2
  0.100000000000E+01  0.000000000000E+00  0.000000000000E+00
  0.000000000000E+00  0.100000000000E+01  0.000000000000E+00
  0.000000000000E+00  0.000000000000E+00  0.100000000000E+01
  0.000000000000E+00  0.000000000000E+00  0.000000000000E+00
  0.000000000000E+00 -0.100000000000E+01  0.000000000000E+00
 -0.100000000000E+01  0.000000000000E+00  0.000000000000E+00
  0.000000000000E+00  0.000000000000E+00  0.100000000000E+01
  0.000000000000E+00  0.000000000000E+00  0.000000000000E+00
   54
   20      0.030597644664     -0.030597644664     -0.034964139706
   20      2.329472238998      2.356766627439     -0.049191763768
   20     -2.356766627439     -2.329472238998     -0.049191763768
   20      2.357111465165     -0.066943237629      2.349828655442
   20      4.674451792586      2.323516962872      2.350451193419
   20      0.066943237629     -2.357111465165      2.349828655442
   20     -2.337129424973     -0.077530985389     -2.368241614121
   20      0.077530985389      2.337129424973     -2.368241614121
   12     -4.652235048036     -2.345733707422     -2.296020285010
   20     -0.058653095000      2.396534720724      2.359876790154
   20      2.286287800475      4.711680954983      2.363312858791
   20     -2.396534720724      0.058653095000      2.359876790154
   20      2.308245438820      2.355869257198      4.749100131045
   20      4.642099498260      4.689723316639      4.749100131045
   20      0.005701865902     -0.005701865902      4.716608365659
   20     -2.372797659043      2.372797659043      0.053163756190
   12      0.051471809072      4.666221626096     -0.021361966315
   12     -4.666221626096     -0.051471809072     -0.021361966315
   12      0.027686735319     -2.333754034268     -2.314300447648
   12      2.333754034268     -0.027686735319     -2.314300447648
   12     -2.412832090294     -4.585136665164     -2.423013105026
   12      2.315444160673     -2.315444160673     -0.047416370454
   20      4.655586587288     -0.034342836171     -0.012256589706
   20      0.034342836171     -4.655586587288     -0.012256589706
   12     -2.356936638179     -2.383051270759     -4.657978485074
   20      0.050088946681     -0.050088946681     -4.707534471870
   12     -4.614917484699     -4.641032117279     -4.657978485074
    8      0.105054982048     -0.105054982048     -2.342805961800
    8      2.409999927290      2.366734259686     -2.415014231052
    8     -2.366734259686     -2.409999927291     -2.415014231052
    8      2.330784699079     -0.093461071108     -0.088762706308
    8      4.660360598741      2.337608156715     -0.055422128055
    8      0.093461071108     -2.330784699079     -0.088762706308
    8      4.663023370081     -0.082424697387      2.346934767317
    8      7.080393452844      2.334945385376      2.346934767317
    8      2.430540741896     -2.430540741896      2.350563063147
    8      0.006962027607      2.422880145128     -0.003115885914
    8      2.229515524979      4.768453230482     -0.089050940162
    8     -2.422880145128     -0.006962027607     -0.003115885914
    8      2.321452362756      2.344764614843      2.341413975140
    8      4.653204140616      4.676516392702      2.341413975140
    8      0.001350167135     -0.001350167135      2.348002232617
    8      4.670195047559      2.327773707898      4.716807516775
    8      7.084581219703      4.664063194965      4.742104381940
    8      2.333905560490     -0.086612464247      4.742104381940
    8     -0.092650879214      4.654403844715      2.366337391569
    8      2.343564910745      7.090619634673      2.366337391569
    8     -2.432157083721      2.432157083719      2.437565089623
    8      2.254821232523      4.743147522935      4.753104468457
    8      4.566001409407      7.068448493746      4.689430092896
    8     -0.070479738287      2.431967346052      4.689430092896
    8      4.646611969402      4.667974618119      7.103899643057
    8      7.086503442156      6.909434068762      7.030512522483
    8      2.329994137340      2.351356786057      7.103899643057
    0    0
