   3   1   1 E -1.6031097170557E+04 DE 5.0E-09(  8)
  0.881377292042E-02  0.699083616163E+01  0.703177927733E+01
  0.700507661155E+01  0.812001712276E-02  0.703857782183E+01
  0.700871969111E+01  0.700823168085E+01 -0.278875814063E-02
    1
  0.100000000000E+01  0.000000000000E+00  0.000000000000E+00
  0.000000000000E+00  0.100000000000E+01  0.000000000000E+00
  0.000000000000E+00  0.000000000000E+00  0.100000000000E+01
  0.000000000000E+00  0.000000000000E+00  0.000000000000E+00
   54
   20      0.008208567196     -0.008091112725     -0.007123238909
   20      2.356317970698      2.327915220854     -0.050362472584
   20     -2.349696617551     -2.327667887805     -0.001884003034
   20      2.332041717571     -0.049073693353      2.374776752938
   20      4.674645467858      2.310079888185      2.361593686395
   20      0.047850134131     -2.363500713220      2.355742918262
   20     -2.357190432532     -0.003042189007     -2.305259579065
   20      0.046276779751      2.318550235070     -2.365637543179
   12     -4.623824071666     -2.441637487839     -2.368424735318
   20     -0.039869627611      2.309858775131      2.353228476467
   20      2.324115250748      4.738620799818      2.383737335056
   12     -2.390945796569      0.156153129237      2.376254385429
   12      2.395684391893      2.360944505680      4.721003305309
   20      4.621866402949      4.683882291955      4.692108003712
   20      0.002741082468      0.018176492308      4.665012280804
   12     -2.427608119173      2.351850885771     -0.027451563919
   20     -0.001296666396      4.666512910095      0.000048563417
   20     -4.650688762138      0.061501544891      0.013836500866
   20      0.026590377648     -2.343780728425     -2.363353680941
   12      2.362675842917      0.159948020842     -2.360854737474
   12     -2.441192631993     -4.704199433479     -2.393037514645
   12      2.350538577382     -2.335178991746     -0.072417298596
   20      4.654424237923     -0.012601324587     -0.025061382382
   20      0.049824356474     -4.672826796327     -0.005932891681
   20     -2.386660377085     -2.418447031944     -4.697237605408
   12     -0.009426794699      0.022656245529     -4.677221935812
   12     -4.586840528506     -4.694707610016     -4.592495346100
    8      0.079178122768      0.003463912272     -2.353367269101
    8      2.462911741925      2.350507003111     -2.442711903544
    8     -2.433800461940     -2.428038872298     -2.351525177480
    8      2.344310116841     -0.076913918249     -0.083943405746
    8      4.675806065844      2.326539650267     -0.046332550596
    8      0.082664184512     -2.352533966801      0.007468722151
    8      4.703753568626     -0.026842247048      2.375486155098
    8      7.087273378695      2.236779684313      2.366563456475
    8      2.346825091441     -2.464914295237      2.373137513863
    8     -0.043035169781      2.333570576825     -0.015661413255
    8      2.333267034104      4.686500879342     -0.025878705013
    8     -2.344237110466      0.093800424226      0.062418118563
    8      2.341006131744      2.332729147080      2.382638314287
    8      4.664515744025      4.725468809631      2.352576889091
    8     -0.048984616536     -0.011696506265      2.340661495180
    8      4.575286138085      2.328968219742      4.740778219802
    8      7.076435432224      4.659405430206      4.675770069562
    8      2.339661394172      0.007623278617      4.701173743474
    8     -0.014299354124      4.711270198446      2.349332325272
    8      2.302101359892      7.150464150462      2.439720458676
    8     -2.446920207224      2.186988325810      2.361655213949
    8      2.333867610431      4.650941514239      4.762106757001
    8      4.581184502410      7.123925100228      4.620610608402
    8      0.015617968817      2.324486046296      4.675175174700
    8      4.601745750050      4.582365954900      7.011375504998
    8      7.030438779745      7.015554944724      7.060239346266
    8      2.466611412137      2.450035978480      6.981003192925
    0    0
