   3   1   1 E -1.6031094487029E+04 DE 1.8E-09(  9)
  0.287428497560E-01  0.697926009657E+01  0.700375714909E+01
  0.701621135051E+01 -0.701520281744E-02  0.703070245740E+01
  0.702306321974E+01  0.700834702312E+01 -0.834050833418E-02
    1
  0.100000000000E+01  0.000000000000E+00  0.000000000000E+00
  0.000000000000E+00  0.100000000000E+01  0.000000000000E+00
  0.000000000000E+00  0.000000000000E+00  0.100000000000E+01
  0.000000000000E+00  0.000000000000E+00  0.000000000000E+00
   54
   20      0.016402830013     -0.031738298306     -0.035575549656
   20      2.362680736340      2.338529219602     -0.014902030588
   20     -2.325582959485     -2.344365913588     -0.039912422677
   20      2.354444072596     -0.045478355480      2.316993238003
   20      4.669796151535      2.327510023361      2.333207822107
   20      0.015076181195     -2.319801681319      2.371705829553
   20     -2.346565000633     -0.037252266694     -2.352073181862
   20     -0.019814951736      2.394999698788     -2.319388449065
   20     -4.683297551370     -2.311880082840     -2.323502288411
   20     -0.061189113212      2.382562005168      2.364414812679
   20      2.323042447969      4.686503940020      2.335881280848
   20     -2.325494650612      0.005265885084      2.383431744159
   20      2.306360261351      2.352541896415      4.743417794497
   12      4.798155243715      4.699033702476      4.749633312078
   12     -0.074637587162     -0.078848346189      4.776360168844
   20     -2.362321556168      2.437834050070     -0.003642623288
   12     -0.042335783355      4.731580142103     -0.062221179601
   12     -4.694021047620     -0.071576623256     -0.054992032262
   12     -0.031822290348     -2.352777966562     -2.309746606418
   20      2.402476241583     -0.036059139857     -2.283823420946
   12     -2.283622288040     -4.618300470086     -2.330869242795
   12      2.345981857653     -2.273648427311     -0.010371542336
   12      4.668089481657     -0.088355388969     -0.046047695959
   20     -0.018929340824     -4.715905445868     -0.056998477211
   12     -2.382678423731     -2.366718774848     -4.679880455824
   20     -0.013301263105     -0.049818909678     -4.705452771114
   20     -4.649887060455     -4.641219162271     -4.697906716260
    8      0.000881381678     -0.067259140108     -2.339354792740
    8      2.416796596236      2.354640931559     -2.325002825611
    8     -2.221786840244     -2.422755260423     -2.432001930974
    8      2.424237099224     -0.106432509721      0.003468679638
    8      4.676487823943      2.268205568256     -0.098908136504
    8      0.082932243454     -2.341780481460     -0.087096898221
    8      4.680327272404     -0.116018126944      2.269770889925
    8      7.011597804755      2.334167592933      2.334727539325
    8      2.426935966437     -2.327878172833      2.292644648027
    8     -0.008015804713      2.421055908780     -0.004629121461
    8      2.282394627090      4.775123451201     -0.024192550631
    8     -2.396162470377     -0.002846990536     -0.022457385897
    8      2.325482743086      2.339058946508      2.332834384668
    8      4.698574479573      4.676032824183      2.377733120538
    8     -0.017587843961     -0.012288096728      2.365469164353
    8      4.669765662855      2.407664525196      4.697995343457
    8      6.931855561035      4.778228004631      4.753811896053
    8      2.253638110040     -0.019819148852      4.750559055436
    8     -0.063157898055      4.673194830308      2.343335046535
    8      2.379865028482      6.983601583892      2.308320041779
    8     -2.336326852725      2.431912271264      2.399978113005
    8      2.339142129662      4.661463189113      4.746014115781
    8      4.830746824683      6.933060651509      4.783451466394
    8     -0.131205647512      2.347819337706      4.681680746480
    8      4.721078815555      4.792273693138      7.029829082027
    8      7.035325693356      6.841388917154      6.918080425606
    8      2.345251246281      2.338234016233      7.013736508227
    0    0
