   3   1   1 E -1.6031075300795E+04 DE 2.2E-10( 11)
  0.440669496918E-01  0.695974902133E+01  0.701083602770E+01
  0.697156799655E+01  0.228114641614E-01  0.702341333414E+01
  0.699321770849E+01  0.698832380339E+01  0.717204363537E-02
    1
  0.100000000000E+01  0.000000000000E+00  0.000000000000E+00
  0.000000000000E+00  0.100000000000E+01  0.000000000000E+00
  0.000000000000E+00  0.000000000000E+00  0.100000000000E+01
  0.000000000000E+00  0.000000000000E+00  0.000000000000E+00
   54
   20      0.020292356820     -0.015712535381     -0.035098668445
   20      2.346292960957      2.320699231365     -0.038603280701
   20     -2.335067742599     -2.330128299655     -0.035859971098
   20      2.380664060732     -0.057213689361      2.389833653207
   20      4.708758172792      2.301298115781      2.337787584277
   20      0.025837055426     -2.353665218043      2.363098380490
   20     -2.275747770314     -0.061431619893     -2.379168532618
   20      0.040922608115      2.304219354515     -2.367167898404
   12     -4.730177766925     -2.282111127092     -2.367864004587
   20     -0.056170933681      2.383846894579      2.384174703733
   20      2.302528672838      4.719119220303      2.373561238790
   20     -2.398885102550      0.009809787860      2.342905300908
   20      2.377397908776      2.369481433662      4.693632976161
   12      4.643717156979      4.722031502310      4.710276805639
   20     -0.046523404526     -0.044492380084      4.700322070667
   12     -2.374581152782      2.291701868031      0.036404697268
   20     -0.066873761515      4.672479454146      0.015437790720
   20     -4.658267199558      0.006812767755      0.004543901051
   12     -0.027830758070     -2.197562043188     -2.409290219629
   12      2.414048821932     -0.162862157291     -2.361470995250
   20     -2.422055759316     -4.636938051593     -2.380176963034
   20      2.410640641241     -2.311040435556      0.009437471839
   12      4.707709175407      0.014765466833      0.039112950518
   20     -0.012375824685     -4.658358763544      0.026892416616
   12     -2.154555792113     -2.351035216952     -4.658259812718
   12     -0.060731590466      0.038435546345     -4.690904696333
   12     -4.682864170252     -4.686332133981     -4.689601912006
    8      0.108050968801     -0.084145007016     -2.435648912654
    8      2.318507800990      2.341626828402     -2.413171483182
    8     -2.297960345098     -2.339899593069     -2.386924179046
    8      2.398637232854     -0.003334291767     -0.039694885967
    8      4.646205763203      2.287547130934     -0.006907746978
    8      0.005322822959     -2.316686805125     -0.043541326128
    8      4.748984156057     -0.135290902821      2.251200744632
    8      7.070191736658      2.267912450240      2.342631798439
    8      2.403970861982     -2.407739861623      2.400226470148
    8     -0.057345868703      2.327588129529     -0.013457040132
    8      2.313017866145      4.663969552730     -0.039101164393
    8     -2.322504204177      0.023871831340     -0.023341370241
    8      2.346291647110      2.340713794360      2.381031169070
    8      4.653784903695      4.668256872823      2.385360430712
    8     -0.023814688221     -0.009644987316      2.350226396937
    8      4.690499424071      2.375464825485      4.710395446002
    8      6.962740277504      4.650078349265      4.691053752067
    8      2.346228856936     -0.058540272293      4.689434618653
    8     -0.130801184554      4.790609782551      2.424147115303
    8      2.272900401153      7.032602072740      2.420485521907
    8     -2.471810468652      2.438635350588      2.226301825653
    8      2.385753074149      4.758182741082      4.701068533898
    8      4.561942467109      6.890709442711      4.763737827171
    8     -0.012900765138      2.378845549597      4.683042638362
    8      4.674605515541      4.665428466309      7.018368841230
    8      6.906078296967      6.984234358834      7.066176409134
    8      2.467159534301      2.332166519615      7.069339906973
    0    0
