   3   1   1 E -1.6031102232136E+04 DE 4.1E-10( 11)
 -0.104400432114E-01  0.699989908606E+01  0.699854294000E+01
  0.700934776865E+01 -0.153728165065E-01  0.699453845005E+01
  0.699901772445E+01  0.697998255315E+01  0.996356498697E-03
    1
  0.100000000000E+01  0.000000000000E+00  0.000000000000E+00
  0.000000000000E+00  0.100000000000E+01  0.000000000000E+00
  0.000000000000E+00  0.000000000000E+00  0.100000000000E+01
  0.000000000000E+00  0.000000000000E+00  0.000000000000E+00
   54
   20      0.011996494574      0.004704660752     -0.039773513558
   20      2.355405559434      2.304982857245     -0.058704064459
   20     -2.324283166940     -2.329436800176     -0.042808991254
   20      2.379239974230     -0.049191682829      2.378911483401
   20      4.703506535961      2.295439552999      2.323029137221
   20      0.033665506313     -2.356119132923      2.356060007102
   20     -2.308882288701     -0.018155661049     -2.362408832607
   20      0.027643801287      2.322866219385     -2.347132479569
   12     -4.643141172009     -2.351463979899     -2.379054440522
   20     -0.028632863016      2.374612763958      2.370634225798
   20      2.293811702624      4.697580621447      2.349491262151
   20     -2.383291773481      0.033186207497      2.338495261546
   20      2.357857145069      2.385286764093      4.674279641812
   12      4.645045922841      4.678504836077      4.710328805450
   20     -0.036793075062     -0.040020984614      4.692953382049
   12     -2.369288009445      2.371907523019      0.040062960646
   20     -0.066103040389      4.664161205698      0.025875949108
   20     -4.679365185865      0.043210821957      0.019529960071
   12     -0.001548637377     -2.259040239200     -2.363349453416
   12      2.300190233798     -0.117856229622     -2.350829993619
   20     -2.373816295876     -4.655394158589     -2.382557115489
   20      2.406143353249     -2.328982969037     -0.000251648015
   12      4.626276776532     -0.045671549358      0.006500845999
   20      0.018422439150     -4.682588771743      0.017452906618
   12     -2.371819305436     -2.309568769238     -4.660528474255
   12      0.036982986790     -0.017522188700     -4.594193398610
   12     -4.666124754547     -4.615293664065     -4.632336716724
    8      0.094503353515     -0.104276157446     -2.405999131976
    8      2.337624021549      2.378515467444     -2.426027310735
    8     -2.313868872640     -2.326916778768     -2.376401685372
    8      2.408082230376      0.001787449299     -0.069967104986
    8      4.673609165142      2.247790887590     -0.018865967412
    8      0.009288189639     -2.329636405025     -0.063705644913
    8      4.749116712951     -0.113339522356      2.238746536438
    8      7.092390529909      2.226847092083      2.325714657707
    8      2.420888941242     -2.418443643175      2.393777216572
    8     -0.074425133371      2.327529665295     -0.003130276032
    8      2.317826528675      4.651803104523     -0.060934749266
    8     -2.332044301717      0.068506993320     -0.010308268589
    8      2.344683302211      2.329678736709      2.363037779310
    8      4.664279192947      4.655622120582      2.384588771763
    8     -0.012053504343      0.003979680696      2.330264707413
    8      4.677831817217      2.411235801000      4.717993142375
    8      7.003596131044      4.646851809985      4.672894551194
    8      2.342667124703     -0.076810308142      4.685583159940
    8     -0.114364398610      4.738127169978      2.420867352782
    8      2.234649131224      7.074774502402      2.409932937270
    8     -2.405689851649      2.449652727005      2.219331446246
    8      2.352300279126      4.758289352685      4.665921631869
    8      4.556785911264      6.874132169755      4.735041824381
    8     -0.000312234285      2.403552203996      4.665717688128
    8      4.670836005146      4.643519509403      6.972747967349
    8      6.903937834498      6.975087378780      7.056212994816
    8      2.445427555039      2.342291441465      7.060638926334
    0    0
