   3   1   1 E -1.6031033088837E+04 DE 1.6E-09(  2)
  0.881085387061E-02  0.702817782307E+01  0.702753166507E+01
  0.703314008334E+01 -0.205723239800E-02  0.702956906500E+01
  0.703691726901E+01  0.702835991952E+01  0.243716435586E-03
    1
  0.100000000000E+01  0.000000000000E+00  0.000000000000E+00
  0.000000000000E+00  0.100000000000E+01  0.000000000000E+00
  0.000000000000E+00  0.000000000000E+00  0.100000000000E+01
  0.000000000000E+00  0.000000000000E+00  0.000000000000E+00
   54
   20      0.000000000000      0.000000000000      0.000000000000
   20      2.345639089672      2.342786639838      0.000081238812
   20     -2.345639089672     -2.342786639838     -0.000081238812
   20      2.344380027779     -0.000685744133      2.343189688333
   20      4.690019117450      2.342100895706      2.343270927145
   20     -0.001259061893     -2.343472383971      2.343108449521
   20     -2.344380027779      0.000685744133     -2.343189688333
   20      0.001259061893      2.343472383971     -2.343108449521
   12     -4.690019117450     -2.342100895706     -2.343270927145
   20      0.002936951290      2.342725941024      2.342510555023
   20      2.348576040962      4.685512580862      2.342591793834
   20     -2.342702138381     -0.000060698815      2.342429316211
   20      2.347316979069      2.342040196891      4.685700243356
   12      4.692956068741      4.684826836730      4.685781482168
   20      0.001677889397     -0.000746442947      4.685619004544
   12     -2.341443076489      2.343411685156     -0.000679133311
   20      0.004196013183      4.686198324995     -0.000597894499
   20     -4.687082166160      0.000625045318     -0.000760372122
   12     -0.002936951290     -2.342725941024     -2.342510555023
   12      2.342702138381      0.000060698815     -2.342429316211
   20     -2.348576040962     -4.685512580862     -2.342591793834
   20      2.341443076489     -2.343411685156      0.000679133311
   12      4.687082166160     -0.000625045318      0.000760372122
   20     -0.004196013183     -4.686198324995      0.000597894499
   12     -2.347316979069     -2.342040196891     -4.685700243356
   12     -0.001677889397      0.000746442947     -4.685619004544
   12     -4.692956068741     -4.684826836730     -4.685781482168
    8     -0.000838944699      0.000373221474     -2.342809502272
    8      2.344800144973      2.343159861312     -2.342728263460
    8     -2.346478034370     -2.342413418365     -2.342890741084
    8      2.343541083080     -0.000312522659      0.000380186061
    8      4.689180172753      2.342474117180      0.000461424873
    8     -0.002098006592     -2.343099162497      0.000298947249
    8      4.687921110859     -0.000998266792      2.343569874394
    8      7.033560200530      2.341788373048      2.343651113204
    8      2.342282021188     -2.343784906630      2.343488635584
    8      0.002098006592      2.343099162497     -0.000298947249
    8      2.347737096263      4.685885802336     -0.000217708437
    8     -2.343541083080      0.000312522659     -0.000380186061
    8      2.346478034370      2.342413418365      2.342890741084
    8      4.692117124042      4.685200058203      2.342971979896
    8      0.000838944699     -0.000373221474      2.342809502272
    8      4.690858062150      2.341727674232      4.686080429418
    8      7.036497151820      4.684514314071      4.686161668228
    8      2.345218972480     -0.001058965606      4.685999190608
    8      0.005034957882      4.685825103523      2.342211607775
    8      2.350674047552      7.028611743361      2.342292846588
    8     -2.340604131790      2.343038463683      2.342130368961
    8      2.349414985661      4.685139359390      4.685401296107
    8      4.695054075331      7.027925999229      4.685482534920
    8      0.003775895989      2.342352719549      4.685320057294
    8      4.693795013440      4.684453615256      7.028590984441
    8      7.039434103110      7.027240255096      7.028672223253
    8      2.348155923770      2.341666975416      7.028509745629
    0    0
