   3   1   1 E -1.6031050079759E+04 DE 2.6E-10( 11)
  0.670404124927E-02  0.700721817852E+01  0.700953949637E+01
  0.699820892117E+01  0.143008989843E-01  0.699629813233E+01
  0.702797607777E+01  0.701554851457E+01 -0.749279642066E-02
    1
  0.100000000000E+01  0.000000000000E+00  0.000000000000E+00
  0.000000000000E+00  0.100000000000E+01  0.000000000000E+00
  0.000000000000E+00  0.000000000000E+00  0.100000000000E+01
  0.000000000000E+00  0.000000000000E+00  0.000000000000E+00
   54
   20     -0.003103453415      0.002019667042     -0.007364696360
   20      2.336344147390      2.344545978725     -0.010716716538
   20     -2.347757090360     -2.330441877315      0.000229581039
   20      2.337185437345     -0.003548755077      2.327676118140
   20      4.678612887661      2.343486791752      2.326557171951
   20     -0.001535091427     -2.333314557309      2.331275232567
   20     -2.334563507314     -0.003894004428     -2.335852587237
   20      0.014307904030      2.337159665237     -2.337547459626
   12     -4.604740868437     -2.345575175043     -2.331028965874
   20     -0.016288062970      2.349312327246      2.322820424617
   20      2.331827941546      4.695289853137      2.330843766252
   12     -2.387310542719      0.003121373019      2.337535136258
   20      2.329487867173      2.352242223471      4.674257490838
   20      4.677904882291      4.678614712778      4.675919673567
   20     -0.010517471869      0.000683691493      4.675814393252
   12     -2.314330149419      2.360382514292      0.038267208818
   12      0.034065759700      4.651400161416      0.031099172372
   20     -4.680613081713     -0.000859380286      0.006673372335
   20     -0.008547882294     -2.323265875202     -2.339042668117
   12      2.309202325798     -0.007247842422     -2.346065122177
   20     -2.354734149224     -4.670828619151     -2.339877844059
   12      2.330410274002     -2.332566026251      0.010853468050
   20      4.682242530676     -0.011268678497      0.002674668726
   12     -0.012230739877     -4.654506351700      0.016445885266
   12     -2.257447493197     -2.415162717741     -4.656412901223
   12      0.010040649870     -0.082710762416     -4.655892494678
   20     -4.676595800252     -4.674504230942     -4.674743974917
    8      0.005669806468      0.001193042991     -2.344260133359
    8      2.345337460034      2.340954814701     -2.343140173958
    8     -2.355495385149     -2.330098924729     -2.346290780140
    8      2.337393574152     -0.011539528051     -0.017374082259
    8      4.682762131887      2.342658110989     -0.006778882962
    8      0.002166080798     -2.338768137244     -0.003940154310
    8      4.683671975426     -0.007284721529      2.332313158324
    8      7.015157118871      2.341687566249      2.313358869987
    8      2.345957559015     -2.332443327667      2.320357761986
    8     -0.009291114571      2.349809728359     -0.010545660796
    8      2.333926564158      4.686989975957     -0.003722303924
    8     -2.340166220386      0.010493548515      0.008602345910
    8      2.332918222881      2.347488342272      2.328935946189
    8      4.680471295997      4.692542135199      2.329569848186
    8     -0.012190639000      0.002320587401      2.327819748351
    8      4.675445485845      2.351479367095      4.673247330797
    8      7.031924042108      4.679580797788      4.674291717736
    8      2.327205075860      0.001563281388      4.667972224091
    8     -0.024021547034      4.705804089871      2.314262571387
    8      2.339590527360      7.015318069642      2.330445694480
    8     -2.345284985881      2.336317942715      2.316264131166
    8      2.333520744868      4.691281896662      4.680143345491
    8      4.670724685794      7.009661273096      4.671146414837
    8     -0.010922076444      2.345893914451      4.674378399693
    8      4.699398977360      4.637898935716      7.018842637727
    8      7.018635422804      7.006121762484      7.011531163540
    8      2.322178674609      2.361315514192      7.000723273898
    0    0
