   3   1   1 E -1.6031073714800E+04 DE-1.0E-09( 10)
  0.275142675964E-01  0.694348200700E+01  0.697520217719E+01
  0.695740643906E+01  0.262106231494E-01  0.697075316810E+01
  0.702023449785E+01  0.699390284953E+01 -0.287395645735E-01
    1
  0.100000000000E+01  0.000000000000E+00  0.000000000000E+00
  0.000000000000E+00  0.100000000000E+01  0.000000000000E+00
  0.000000000000E+00  0.000000000000E+00  0.100000000000E+01
  0.000000000000E+00  0.000000000000E+00  0.000000000000E+00
   54
   20     -0.001971994245     -0.014956808800     -0.016339973664
   20      2.320487953512      2.331471274957     -0.055016018662
   20     -2.351989835105     -2.328075002048      0.005502435718
   20      2.353557020377     -0.065290968445      2.317867850711
   20      4.698096768341      2.309941897356      2.301651407859
   20      0.034001827367     -2.338917164420      2.313778140960
   20     -2.322258910192     -0.029320128974     -2.343427195861
   20      0.061833754392      2.327124405782     -2.339828500433
   12     -4.813909810239     -2.256520063848     -2.295786661060
   20     -0.061311201569      2.345941015361      2.276230013277
   20      2.310096940983      4.726780032173      2.320457837144
   12     -2.346621601139     -0.058119034420      2.324062429848
   20      2.320978065974      2.366573861460      4.698232472066
   20      4.674482653588      4.656017257018      4.692151604938
   20     -0.014855337486     -0.035597223656      4.697326785468
   12     -2.264874145947      2.431112444115      0.092379606522
   12      0.050790145779      4.661344719378      0.040288973303
   20     -4.695631725211      0.001136844697      0.027703567690
   20     -0.008023568371     -2.290500450837     -2.334679956526
   12      2.362623907968     -0.099284916364     -2.335915615151
   20     -2.381279437301     -4.672809149512     -2.356679163808
   12      2.326929828745     -2.355338088922     -0.001019240682
   20      4.697560647330     -0.069883685081      0.035755152575
   12     -0.015123178044     -4.608714636353      0.080103214971
   12     -2.159794302030     -2.152516520303     -4.700341419786
   12     -0.099345840064     -0.015297047361     -4.686612534166
   20     -4.645488094711     -4.651416892125     -4.650041684447
    8      0.054662832470     -0.010190991745     -2.374842275710
    8      2.358015024235      2.328550285306     -2.358420143034
    8     -2.419288732739     -2.339209905050     -2.399076034610
    8      2.336621406065     -0.100302230265     -0.086700730388
    8      4.709084923361      2.319278867295     -0.028983034312
    8      0.058223661978     -2.385335916169     -0.010036283412
    8      4.737737152117     -0.085255788884      2.333442240439
    8      7.011729783796      2.285313588095      2.232371108396
    8      2.399076967807     -2.327689832879      2.302141245349
    8     -0.056214506685      2.386871819669     -0.024184597989
    8      2.276893545186      4.668594561561     -0.016226605020
    8     -2.337687782355      0.047881419677      0.072624061436
    8      2.325524295429      2.337388943338      2.316584167575
    8      4.686545634524      4.719904259331      2.310448596679
    8     -0.041764737903     -0.025140196435      2.302017499056
    8      4.677610174404      2.352204706705      4.697075912104
    8      7.090014675498      4.668274129380      4.705989979288
    8      2.309564829600     -0.051457499643      4.662907187749
    8     -0.114515670655      4.773360770906      2.213470747521
    8      2.339109134681      6.963800861992      2.312854823937
    8     -2.332735150516      2.294962012763      2.218061285462
    8      2.327312154978      4.719844553800      4.705435462623
    8      4.642112599830      6.928847630849      4.648300767537
    8     -0.023308982276      2.325934639233      4.675547435951
    8      4.708125152593      4.527047160439      7.077095427308
    8      6.983583845302      6.965316066102      7.038517812074
    8      2.288205656802      2.432499772374      6.993251428451
    0    0
