   3   1   1 E -1.6031108811979E+04 DE 4.1E-09(  9)
  0.120358091218E-01  0.698820779221E+01  0.702953193530E+01
  0.698820779221E+01  0.120358091218E-01  0.702953193530E+01
  0.699250642216E+01  0.699250642216E+01  0.781606107713E-02
    2
  0.100000000000E+01  0.000000000000E+00  0.000000000000E+00
  0.000000000000E+00  0.100000000000E+01  0.000000000000E+00
  0.000000000000E+00  0.000000000000E+00  0.100000000000E+01
  0.000000000000E+00  0.000000000000E+00  0.000000000000E+00
  0.000000000000E+00  0.100000000000E+01  0.000000000000E+00
  0.100000000000E+01  0.000000000000E+00  0.000000000000E+00
  0.000000000000E+00  0.000000000000E+00  0.100000000000E+01
  0.000000000000E+00  0.000000000000E+00  0.000000000000E+00
   54
   20     -0.011147921640     -0.011147921640     -0.005299908120
   20      2.350404149593      2.350404149593     -0.043418609698
   20     -2.335734560486     -2.335734560486     -0.030139763083
   20      2.309385056803     -0.055955155534      2.351102433147
   20      4.710067528977      2.322803436568      2.338890754789
   20      0.058534954307     -2.359516565611      2.337313280151
   20     -2.365901163901     -0.007363428451     -2.333668859479
   20      0.033566974701      2.338019483158     -2.363192710981
   12     -4.661968170017     -2.342086790631     -2.316900322751
   20     -0.055955155534      2.309385056803      2.351102433147
   20      2.322803436568      4.710067528977      2.338890754789
   20     -2.359516565611      0.058534954307      2.337313280151
   20      2.301441247326      2.301441247326      4.764756008899
   20      4.683512305463      4.683512305463      4.743757075346
   12      0.031029895950      0.031029895950      4.685452848949
   12     -2.419396966743      2.335411936271      0.016314391828
   20      0.019575129670      4.715580975202     -0.004706401400
   12     -4.719898089828      0.032161804118      0.007718840542
   20     -0.007363428451     -2.365901163901     -2.333668859479
   20      2.338019483158      0.033566974701     -2.363192710981
   12     -2.342086790631     -4.661968170017     -2.316900322751
   12      2.335411936271     -2.419396966743      0.016314391828
   20      4.715580975202      0.019575129670     -0.004706401400
   12      0.032161804118     -4.719898089828      0.007718840542
   20     -2.367605670594     -2.367605670594     -4.688787652344
   12      0.069948883440      0.069948883440     -4.717571807462
   12     -4.642193845092     -4.642193845092     -4.786308173858
    8     -0.002743105745     -0.002743105745     -2.420160580276
    8      2.419270114891      2.419270114891     -2.395576688617
    8     -2.426633039761     -2.426633039761     -2.337096659604
    8      2.332181097316     -0.066679768189     -0.002370837869
    8      4.741136861307      2.342462746343     -0.057100814863
    8      0.100593287254     -2.429520694497     -0.003289330093
    8      4.734223252991      0.015131886349      2.344673005947
    8      7.082379780123      2.240524330524      2.259399419083
    8      2.330554368637     -2.426987245015      2.328020887997
    8     -0.066679768189      2.332181097316     -0.002370837869
    8      2.342462746343      4.741136861307     -0.057100814863
    8     -2.429520694497      0.100593287254     -0.003289330093
    8      2.322588885969      2.322588885969      2.338184231713
    8      4.668683016605      4.668683016605      2.351227413624
    8     -0.003566181356     -0.003566181356      2.405613436033
    8      4.651054529502      2.340837534688      4.756632814222
    8      7.086357709153      4.751471515681      4.693793794608
    8      2.219804688382     -0.088181854545      4.766864801639
    8      0.015131886349      4.734223252991      2.344673005947
    8      2.240524330524      7.082379780123      2.259399419083
    8     -2.426987245015      2.330554368637      2.328020887997
    8      2.340837534688      4.651054529502      4.756632814222
    8      4.751471515681      7.086357709153      4.693793794608
    8     -0.088181854545      2.219804688382      4.766864801639
    8      4.561124391221      4.561124391221      7.037889003805
    8      7.108550505409      7.108550505409      7.056155516551
    8      2.340081059459      2.340081059459      7.103293707638
    0    0
