   3   1   1 E -1.6031097760790E+04 DE 2.0E-09(  9)
 -0.866890946452E-02  0.701239671006E+01  0.701239671006E+01
  0.702490200137E+01  0.140814684011E-02  0.700236824310E+01
  0.702490200137E+01  0.700236824310E+01  0.140814684011E-02
    2
  0.100000000000E+01  0.000000000000E+00  0.000000000000E+00
  0.000000000000E+00  0.100000000000E+01  0.000000000000E+00
  0.000000000000E+00  0.000000000000E+00  0.100000000000E+01
  0.000000000000E+00  0.000000000000E+00  0.000000000000E+00
  0.100000000000E+01  0.000000000000E+00  0.000000000000E+00
  0.000000000000E+00  0.000000000000E+00  0.100000000000E+01
  0.000000000000E+00  0.100000000000E+01  0.000000000000E+00
  0.000000000000E+00  0.000000000000E+00  0.000000000000E+00
   54
   20      0.032839423427     -0.016427311107     -0.016427311107
   20      2.313474971488      2.354773720941     -0.062609750754
   20     -2.362794237544     -2.322075284315     -0.016986566502
   20      2.313474971488     -0.062609750754      2.354773720941
   20      4.708779856092      2.352270713211      2.352270713211
   20      0.023466917318     -2.342657004766      2.374611300341
   20     -2.362794237544     -0.016986566502     -2.322075284315
   20      0.023466917318      2.374611300341     -2.342657004766
   12     -4.666079905473     -2.316789627577     -2.316789627577
   20     -0.017953996836      2.367901741794      2.367901741794
   20      2.319594481000      4.708259077958      2.363925880338
   20     -2.376050500801      0.013593143614      2.395059243309
   20      2.319594481000      2.363925880338      4.708259077958
   12      4.609979666528      4.735565225285      4.735565225285
   12      0.077216751426     -0.105123588952      4.727953106698
   20     -2.376050500801      2.395059243309      0.013593143614
   12      0.077216751426      4.727953106698     -0.105123588952
   12     -4.704486274512     -0.048841652260     -0.048841652260
   12      0.088867565936     -2.281930401255     -2.281930401255
   12      2.302945616687     -0.080087362145     -2.337840867237
   20     -2.356420054052     -4.682676818100     -2.361200241454
   12      2.302945616687     -2.337840867237     -0.080087362145
   20      4.667657042295     -0.066442427812     -0.066442427812
   20      0.042267028062     -4.685722766424     -0.034110883916
   20     -2.356420054052     -2.361200241454     -4.682676818100
   20      0.042267028062     -0.034110883916     -4.685722766424
   12     -4.687662685082     -4.681606793196     -4.681606793196
    8      0.118978307022     -0.091406609594     -2.324715902795
    8      2.335256437581      2.370459561018     -2.415489079948
    8     -2.395880122280     -2.331409587941     -2.331409587941
    8      2.365177425889     -0.063869184029     -0.063869184029
    8      4.695416818159      2.330519412900     -0.000440312964
    8      0.118978307022     -2.324715902795     -0.091406609594
    8      4.695416818159     -0.000440312964      2.330519412900
    8      7.108427717749      2.335619316723      2.335619316723
    8      2.335256437581     -2.415489079948      2.370459561018
    8      0.007027382458      2.432530705065     -0.005112567949
    8      2.282571255816      4.757214310017     -0.077588205660
    8     -2.416105107869     -0.004364504297     -0.004364504297
    8      2.337660992614      2.337135073867      2.337135073867
    8      4.653375942874      4.664297094167      2.394216967508
    8      0.007027382458     -0.005112567949      2.432530705065
    8      4.653375942874      2.394216967508      4.664297094167
    8      7.056789757212      4.770850869107      4.770850869107
    8      2.282571255816     -0.077588205660      4.757214310017
    8     -0.010394683326      4.676038160370      2.361506125362
    8      2.336311967117      7.089459584718      2.363572804723
    8     -2.429158141157      2.333207788863      2.333207788863
    8      2.302188412408      4.763754012021      4.763754012021
    8      4.628319182303      6.882265665609      4.678157274581
    8     -0.010394683326      2.361506125362      4.676038160370
    8      4.628319182303      4.678157274581      6.882265665609
    8      7.162939125591      6.895586372867      6.895586372867
    8      2.336311967117      2.363572804723      7.089459584718
    0    0
