   3   1   1 E -1.6031032705117E+04 DE-8.9E-10(  2)
  0.189624884664E-02  0.702938824852E+01  0.702938824852E+01
  0.703247180026E+01  0.194308211396E-03  0.703106641377E+01
  0.703247180026E+01  0.703106641377E+01  0.194308211396E-03
    2
  0.100000000000E+01  0.000000000000E+00  0.000000000000E+00
  0.000000000000E+00  0.100000000000E+01  0.000000000000E+00
  0.000000000000E+00  0.000000000000E+00  0.100000000000E+01
  0.000000000000E+00  0.000000000000E+00  0.000000000000E+00
  0.100000000000E+01  0.000000000000E+00  0.000000000000E+00
  0.000000000000E+00  0.000000000000E+00  0.100000000000E+01
  0.000000000000E+00  0.100000000000E+01  0.000000000000E+00
  0.000000000000E+00  0.000000000000E+00  0.000000000000E+00
   54
   20      0.000000000000      0.000000000000      0.000000000000
   20      2.344157266753      2.343688804591      0.000064769404
   20     -2.344157266753     -2.343688804591     -0.000064769404
   20      2.344157266753      0.000064769404      2.343688804591
   20      4.688314533507      2.343753573995      2.343753573995
   20      0.000000000000     -2.343624035187      2.343624035187
   20     -2.344157266753     -0.000064769404     -2.343688804591
   20     -0.000000000000      2.343624035187     -2.343624035187
   12     -4.688314533507     -2.343753573995     -2.343753573995
   20      0.000632082949      2.343129416174      2.343129416174
   20      2.344789349702      4.686818220765      2.343194185578
   20     -2.343525183805     -0.000559388417      2.343064646770
   20      2.344789349702      2.343194185578      4.686818220765
   12      4.688946616456      4.686882990169      4.686882990169
   12      0.000632082949     -0.000494619013      4.686753451361
   20     -2.343525183805      2.343064646770     -0.000559388417
   12      0.000632082949      4.686753451361     -0.000494619013
   12     -4.687682450558     -0.000624157821     -0.000624157821
   12     -0.000632082949     -2.343129416174     -2.343129416174
   12      2.343525183805      0.000559388417     -2.343064646770
   20     -2.344789349702     -4.686818220765     -2.343194185578
   12      2.343525183805     -2.343064646770      0.000559388417
   20      4.687682450558      0.000624157821      0.000624157821
   20     -0.000632082949     -4.686753451361      0.000494619013
   20     -2.344789349702     -2.343194185578     -4.686818220765
   20     -0.000632082949      0.000494619013     -4.686753451361
   12     -4.688946616456     -4.686882990169     -4.686882990169
    8     -0.000316041474      0.000247309507     -2.343376725681
    8      2.343841225278      2.343936114097     -2.343311956277
    8     -2.344473308228     -2.343441495084     -2.343441495084
    8      2.343841225279      0.000312078910      0.000312078910
    8      4.687998492032      2.344000883501      0.000376848314
    8     -0.000316041474     -2.343376725681      0.000247309507
    8      4.687998492032      0.000376848314      2.344000883501
    8      7.032155758786      2.344065652905      2.344065652905
    8      2.343841225278     -2.343311956277      2.343936114097
    8      0.000316041474      2.343376725681     -0.000247309507
    8      2.344473308227      4.687065530271     -0.000182540103
    8     -2.343841225279     -0.000312078910     -0.000312078910
    8      2.344473308228      2.343441495084      2.343441495084
    8      4.688630574981      4.687130299675      2.343506264488
    8      0.000316041474     -0.000247309507      2.343376725681
    8      4.688630574981      2.343506264488      4.687130299675
    8      7.032787841734      4.687195069079      4.687195069079
    8      2.344473308227     -0.000182540103      4.687065530271
    8      0.000948124423      4.686506141853      2.342882106666
    8      2.345105391176      7.030194946443      2.342946876070
    8     -2.343209142330      2.342817337263      2.342817337263
    8      2.345105391177      4.686570911257      4.686570911257
    8      4.689262657929      7.030259715847      4.686635680660
    8      0.000948124423      2.342882106666      4.686506141853
    8      4.689262657929      4.686635680660      7.030259715847
    8      7.033419924683      7.030324485251      7.030324485251
    8      2.345105391176      2.342946876070      7.030194946443
    0    0
