   3   1   1 E -1.6031061721590E+04 DE 5.0E-10( 11)
  0.642295299877E-02  0.701761219272E+01  0.701761219272E+01
  0.700382942930E+01  0.840052039271E-02  0.701561315614E+01
  0.700382942930E+01  0.701561315614E+01  0.840052039271E-02
    2
  0.100000000000E+01  0.000000000000E+00  0.000000000000E+00
  0.000000000000E+00  0.100000000000E+01  0.000000000000E+00
  0.000000000000E+00  0.000000000000E+00  0.100000000000E+01
  0.000000000000E+00  0.000000000000E+00  0.000000000000E+00
  0.100000000000E+01  0.000000000000E+00  0.000000000000E+00
  0.000000000000E+00  0.000000000000E+00  0.100000000000E+01
  0.000000000000E+00  0.100000000000E+01  0.000000000000E+00
  0.000000000000E+00  0.000000000000E+00  0.000000000000E+00
   54
   20     -0.010542965332      0.000926234044      0.000926234044
   20      2.341142535109      2.344542592160     -0.010097347465
   20     -2.340567569563     -2.337629807771     -0.019491184821
   20      2.341142535109     -0.010097347465      2.344542592160
   20      4.671492244865      2.336125613810      2.336125613810
   20      0.006508257408     -2.337899013358      2.339920293516
   20     -2.340567569563     -0.019491184821     -2.337629807771
   20      0.006508257408      2.339920293516     -2.337899013358
   12     -4.644192387325     -2.348981041435     -2.348981041435
   20     -0.025817243862      2.347179275016      2.347179275016
   20      2.343840295223      4.690829417747      2.334202865387
   12     -2.371285378386      0.026136109832      2.320015095414
   20      2.343840295223      2.334202865387      4.690829417747
   20      4.675415790055      4.689324969412      4.689324969412
   20     -0.004732983468      0.007945391889      4.682336388717
   12     -2.371285378386      2.320015095414      0.026136109832
   20     -0.004732983468      4.682336388717      0.007945391889
   12     -4.639101203830      0.008849912928      0.008849912928
   12     -0.023730354420     -2.405477416181     -2.405477416181
   20      2.352221576230      0.012690051703     -2.343925307965
   12     -2.358098457028     -4.644472917525     -2.347950575824
   20      2.352221576230     -2.343925307965      0.012690051703
   12      4.655587518110      0.013544253017      0.013544253017
   20      0.001234086563     -4.678598278697     -0.003677747941
   12     -2.358098457028     -2.347950575824     -4.644472917525
   20      0.001234086563     -0.003677747941     -4.678598278697
   12     -4.614428924630     -4.679706531518     -4.679706531518
    8      0.003065134111     -0.011759772093     -2.339569166767
    8      2.360815713979      2.364907210978     -2.361443569301
    8     -2.352833059251     -2.377581230162     -2.377581230162
    8      2.353653069263      0.002498887423      0.002498887423
    8      4.670672829620      2.329331499709     -0.017848522857
    8      0.003065134111     -2.339569166767     -0.011759772093
    8      4.670672829620     -0.017848522857      2.329331499709
    8      7.016890219632      2.342481651834      2.342481651834
    8      2.360815713979     -2.361443569301      2.364907210978
    8     -0.013789504048      2.339730496320     -0.002065438056
    8      2.336862622632      4.693006538524     -0.013994032607
    8     -2.360060472869      0.006194226177      0.006194226177
    8      2.335214948864      2.340784132914      2.340784132914
    8      4.672911198069      4.690834621986      2.339208254711
    8     -0.013789504048     -0.002065438056      2.339730496320
    8      4.672911198069      2.339208254711      4.690834621986
    8      7.010992982894      4.685281528715      4.685281528715
    8      2.336862622632     -0.013994032607      4.693006538524
    8     -0.003285942723      4.684074545297      2.349220612585
    8      2.366046647884      7.040474276904      2.317272035377
    8     -2.417830536254      2.348670446137      2.348670446137
    8      2.343057273693      4.683816489486      4.683816489486
    8      4.678293217387      7.045648185822      4.686291534285
    8     -0.003285942723      2.349220612585      4.684074545297
    8      4.678293217387      4.686291534285      7.045648185822
    8      7.005892694562      7.025189674242      7.025189674242
    8      2.366046647884      2.317272035377      7.040474276904
    0    0
