   3   1   1 E -1.6031078066160E+04 DE 4.9E-10( 11)
  0.371993946302E-01  0.697024649804E+01  0.699165067583E+01
  0.700440009796E+01 -0.166635866725E-01  0.703653822059E+01
  0.698408038632E+01  0.699049699092E+01  0.862267311327E-02
    1
  0.100000000000E+01  0.000000000000E+00  0.000000000000E+00
  0.000000000000E+00  0.100000000000E+01  0.000000000000E+00
  0.000000000000E+00  0.000000000000E+00  0.100000000000E+01
  0.000000000000E+00  0.000000000000E+00  0.000000000000E+00
   54
   20     -0.006224894723     -0.024305346268     -0.024718169431
   20      2.360064895967      2.328239284063     -0.027238607292
   20     -2.300452889454     -2.363013297023     -0.039029029103
   20      2.333518899787     -0.039079169821      2.346088123691
   20      4.679169959427      2.310253521601      2.321713461249
   20      0.029756501918     -2.358947815048      2.325641125913
   20     -2.341284140511     -0.017219404069     -2.331907342125
   20      0.015950871981      2.352671634492     -2.341151048547
   12     -4.623352793951     -2.316981823148     -2.393103411058
   20     -0.061734532804      2.307758462787      2.347045283840
   20      2.340407882715      4.668751264483      2.324658150644
   12     -2.358456017593      0.084808343049      2.329926928181
   20      2.328042906447      2.360293457162      4.735235301541
   20      4.651203637645      4.667993791079      4.712806355175
   20     -0.033229039091      0.020001121094      4.707646669278
   12     -2.395565999406      2.340764764461      0.072329002522
   20     -0.037080147317      4.661928859163     -0.014316110073
   20     -4.642813545407      0.033446276976      0.002768376007
   12      0.041381903918     -2.397921119137     -2.344002327985
   20      2.352028583426      0.023781946688     -2.330003013058
   12     -2.302997834547     -4.625752658253     -2.216339547140
   12      2.569081388424     -2.350431044859      0.028757829922
   12      4.673249639978      0.004671213574     -0.044467642670
   12     -0.013910846320     -4.609284373014      0.007772271894
   20     -2.408092940335     -2.379107302648     -4.683623272200
   20     -0.017888986525      0.022799056441     -4.684164215100
   12     -4.637588066530     -4.612550734063     -4.767295400394
    8      0.006533784034     -0.021368640954     -2.334764448685
    8      2.387873222894      2.398691727594     -2.375224216177
    8     -2.359798764972     -2.412124942436     -2.351131684678
    8      2.377580726947     -0.046066931678     -0.002138836971
    8      4.728821282967      2.277903589206     -0.046918894904
    8      0.089231731140     -2.407605430974     -0.061234597669
    8      4.648642851020     -0.026134485586      2.333427856129
    8      7.034203778977      2.324218040981      2.321326591556
    8      2.316465040061     -2.415387958939      2.359536814722
    8     -0.029786028098      2.323294807503     -0.013510802427
    8      2.331015628666      4.659685338393     -0.033536942756
    8     -2.328263319046      0.015368180865      0.009620225200
    8      2.327251394739      2.324408817642      2.340902015220
    8      4.670489793239      4.680331232438      2.323770056275
    8     -0.037606516081     -0.016611039752      2.343956847751
    8      4.666591741728      2.323844620625      4.714961407507
    8      7.009728439392      4.660522528545      4.696184092180
    8      2.327295389149     -0.030459048118      4.707075340562
    8     -0.028811908084      4.638017996526      2.329976307320
    8      2.398461303448      7.029469261191      2.318753935569
    8     -2.457021659013      2.198973211915      2.296651764614
    8      2.304958876482      4.673047878218      4.694989241568
    8      4.663082573547      7.036375352052      4.700970879804
    8     -0.092603809665      2.413787993880      4.752656833262
    8      4.593884512485      4.628996525072      7.023253571512
    8      6.953481059963      7.025927957121      7.020987721339
    8      2.420673932067      2.397684069226      7.074081241407
    0    0
