   3   1   1 E -1.6031071924424E+04 DE 7.1E-10( 11)
  0.285186614104E-02  0.697052853895E+01  0.701758205517E+01
  0.694024635987E+01  0.769989063948E-02  0.700658953008E+01
  0.695255290823E+01  0.696579662412E+01  0.137917791978E-02
    1
  0.100000000000E+01  0.000000000000E+00  0.000000000000E+00
  0.000000000000E+00  0.100000000000E+01  0.000000000000E+00
  0.000000000000E+00  0.000000000000E+00  0.100000000000E+01
  0.000000000000E+00  0.000000000000E+00  0.000000000000E+00
   54
   20     -0.014147653226     -0.003722932180     -0.021843524938
   20      2.329661761092      2.335666540173     -0.028026793267
   20     -2.360156782991     -2.309500532227     -0.035279207550
   20      2.330815581101     -0.037848209309      2.353427770560
   20      4.617586919845      2.313641588553      2.355493422950
   20     -0.005601425856     -2.304200349398      2.367224735958
   12     -2.310557515172     -0.046367279600     -2.327662649885
   12     -0.110845010409      2.333341732754     -2.366631553241
   12     -4.440073300570     -2.378526962707     -2.228679807443
   20     -0.027055221032      2.305371039524      2.369127523037
   12      2.343871558483      4.706074128107      2.353157706891
   12     -2.346237292066     -0.046731073576      2.409755970981
   20      2.318663045702      2.314093224362      4.673008552264
   20      4.646735686618      4.706090765871      4.668379374981
   12     -0.076511511488      0.005428538561      4.687202100293
   20     -2.318308070089      2.310151920580     -0.007406896654
   20      0.011541910564      4.664589526837     -0.044651259515
   20     -4.620244175581     -0.036481186903     -0.024491788197
   20     -0.031296675930     -2.315537024391     -2.327770162732
   20      2.367197702238      0.033082555193     -2.335625586158
   12     -2.222720879614     -4.708173288290     -2.327470273979
   12      2.342973987523     -2.269379169807      0.002221519152
   12      4.651593819674     -0.036517276721     -0.078727285844
   20     -0.035163676637     -4.663070825761     -0.037986423185
   20     -2.357696706598     -2.320173371283     -4.650981400065
   20     -0.021989543883     -0.009851313304     -4.658553471651
   20     -4.621919463714     -4.642060661151     -4.646483866854
    8     -0.057957951864      0.026943036135     -2.340568992531
    8      2.329672359067      2.399997672341     -2.347779876032
    8     -2.403517445860     -2.333271810953     -2.337498982918
    8      2.389077619353     -0.041908754307     -0.021424258454
    8      4.614821416037      2.288715140613     -0.059401190220
    8      0.014618334656     -2.317114496991     -0.007498554335
    8      4.614063475139     -0.012157863521      2.361923819207
    8      6.936119487948      2.320365335641      2.373971480140
    8      2.307419549661     -2.322486497586      2.353700795973
    8     -0.005567296267      2.322138654854     -0.036310710154
    8      2.317965880388      4.645653436609     -0.034859894884
    8     -2.322644224471     -0.011434936116     -0.021412774093
    8      2.318604902228      2.339523334748      2.353364471124
    8      4.580218191458      4.713654718186      2.337282587915
    8     -0.044361365579     -0.016250113122      2.370784216166
    8      4.677295595062      2.297607306937      4.673481410923
    8      7.010434029256      4.673899593680      4.660640731663
    8      2.334347648537     -0.067270559031      4.671743823259
    8      0.010069677255      4.649745227088      2.364752595166
    8      2.379555876596      6.917020081082      2.357475033139
    8     -2.332667037319      2.276087992193      2.397312838042
    8      2.335645585070      4.680420608810      4.676159614482
    8      4.787323702368      7.107909479137      4.662660496018
    8     -0.067309200959      2.286394023129      4.673180512315
    8      4.575371664526      4.722005878257      6.989868594868
    8      6.874742224375      6.957812913062      6.953882818804
    8      2.316970339436      2.344723236900      6.998821102769
    0    0
