   3   1   1 E -1.6031052593103E+04 DE 4.3E-08(  8)
  0.126400927133E-01  0.700182711869E+01  0.700272149925E+01
  0.700701126110E+01  0.454120220216E-02  0.700437266338E+01
  0.702629103845E+01  0.701543013326E+01 -0.744615489549E-02
    1
  0.100000000000E+01  0.000000000000E+00  0.000000000000E+00
  0.000000000000E+00  0.100000000000E+01  0.000000000000E+00
  0.000000000000E+00  0.000000000000E+00  0.100000000000E+01
  0.000000000000E+00  0.000000000000E+00  0.000000000000E+00
   54
   20     -0.003265835565      0.000532445820     -0.000635786348
   20      2.335383764579      2.344017438678     -0.008890873990
   20     -2.353799991929     -2.324208706366      0.001166485635
   20      2.337504100243     -0.008134262291      2.329844575661
   20      4.683854341537      2.336881355283      2.331055902995
   20      0.000889990603     -2.341770813287      2.334519565046
   20     -2.337802232201     -0.001768932531     -2.329095509823
   20      0.013678126118      2.334636241359     -2.327825181144
   12     -4.747250071778     -2.268572704048     -2.331035851851
   20      0.000884908117      2.334932578989      2.327988808765
   20      2.338457276312      4.692883968673      2.329429833527
   12     -2.416751334688      0.067809622282      2.342828814928
   20      2.340803379812      2.335129584171      4.683225091814
   20      4.684011272996      4.675118052938      4.675094670148
   20      0.010787202247     -0.012100620114      4.686106455937
   12     -2.332316379258      2.334798592839      0.031300921808
   12      0.024142860109      4.703704140239     -0.022414611289
   12     -4.673776102336     -0.037269860403      0.027986323270
   20     -0.000865769982     -2.328131577364     -2.331935162594
   12      2.343832353464     -0.037191455950     -2.365647992696
   20     -2.347076288427     -4.678349275069     -2.332022823501
   12      2.322151467332     -2.361203902433     -0.027813088246
   20      4.685845053060     -0.005825205503      0.001509112260
   12      0.009134978153     -4.708354326873     -0.006132511110
   20     -2.337568240358     -2.342598684504     -4.678956224276
   12      0.062506177821      0.005257620323     -4.689892476645
   20     -4.680568733594     -4.688958115818     -4.675728585967
    8      0.018640612154      0.002043706169     -2.332229256809
    8      2.343370741311      2.335107533403     -2.337961515231
    8     -2.350685909843     -2.333969952580     -2.335475749564
    8      2.339909710294     -0.014159924247     -0.013344590186
    8      4.684688383564      2.342476171012     -0.003823322882
    8      0.001670216807     -2.342305479607      0.000588194675
    8      4.681286726417     -0.003782121217      2.327346257068
    8      7.021732262942      2.325105484986      2.322453459344
    8      2.333758788650     -2.343975704130      2.328900968451
    8     -0.004247917398      2.344531053383     -0.002619273890
    8      2.316561152527      4.711119357669     -0.012966321954
    8     -2.364031384448      0.027102289308      0.005086130695
    8      2.338974895055      2.340050423315      2.331222344369
    8      4.681771865406      4.690107056587      2.330916259708
    8     -0.005987426146     -0.005430461780      2.332574763440
    8      4.679398475606      2.337916910038      4.682174129243
    8      7.036810636320      4.670423373882      4.676903375112
    8      2.339382290157     -0.015523575818      4.682845250263
    8      0.008510638818      4.685510594348      2.322163270525
    8      2.346025674460      7.009444494388      2.324946358796
    8     -2.328505777647      2.313212398480      2.320043262053
    8      2.344358555115      4.687038785111      4.683958434303
    8      4.686810847025      7.002315520833      4.668365473995
    8      0.004917958627      2.331526260330      4.679668065401
    8      4.688845920267      4.655309115879      7.000616697975
    8      7.060508822969      7.000165696573      7.036334790909
    8      2.339437733791      2.325470838334      7.005698696680
    0    0
