   3   1   1 E -1.6031074522556E+04 DE 2.7E-10( 11)
  0.209048362620E-01  0.696042416757E+01  0.696568023392E+01
  0.700101657455E+01 -0.108350543733E-01  0.700283754250E+01
  0.698240229678E+01  0.698538981281E+01  0.129112500162E-02
    1
  0.100000000000E+01  0.000000000000E+00  0.000000000000E+00
  0.000000000000E+00  0.100000000000E+01  0.000000000000E+00
  0.000000000000E+00  0.000000000000E+00  0.100000000000E+01
  0.000000000000E+00  0.000000000000E+00  0.000000000000E+00
   54
   20      0.070464869413     -0.053013357179     -0.092550702816
   20      2.312225471264      2.339511324999     -0.060223077054
   20     -2.312792441488     -2.364389306516     -0.045219212097
   20      2.313779523509     -0.047724331618      2.350535351046
   20      4.680319628256      2.313803145358      2.339064814088
   20      0.045688393844     -2.371417756352      2.340221576092
   20     -2.311461331260     -0.027099260294     -2.336458922453
   12      0.041164293584      2.486978744923     -2.383424270681
   12     -4.729456204512     -2.297294985135     -2.366014915851
   20      0.036357640130      2.351282956438      2.365102372183
   12      2.237879092779      4.776853536415      2.366424855333
   20     -2.324370040436     -0.049931948459      2.352154934150
   20      2.269747780064      2.358082259282      4.698487772880
   20      4.657981755967      4.681412258357      4.645371690405
   12      0.068441262944     -0.026275761806      4.709926043509
   20     -2.325547143431      2.343945483103     -0.024769549716
   20      0.049682283210      4.706482733391     -0.022645340366
   20     -4.724841480195     -0.012270309246     -0.009953808864
   12      0.029014230361     -2.354160902802     -2.129603334668
   12      2.228470764885     -0.107906509048     -2.391107850125
   20     -2.324902220791     -4.662870392034     -2.320617661429
   12      2.328922746092     -2.332722841034     -0.041488424912
   20      4.668744805654      0.002756020329     -0.012308283765
   12      0.027872871016     -4.695167427232     -0.097977497960
   20     -2.328106728362     -2.299044605990     -4.626372803387
   12     -0.020142480304      0.080318100742     -4.510429851785
   20     -4.734714330481     -4.663144366896     -4.614353873857
    8      0.134819110646     -0.052933831083     -2.493651367745
    8      2.248670795649      2.355519820147     -2.348109345300
    8     -2.327683901431     -2.328118934130     -2.331698778734
    8      2.340976555592     -0.079107314778     -0.088734891065
    8      4.693150524414      2.320115554247     -0.032684918493
    8      0.108447756439     -2.418286384778     -0.118492670759
    8      4.705985032249     -0.016037348008      2.367443969242
    8      6.978896308974      2.240991689961      2.378190000084
    8      2.326721080078     -2.349932166191      2.373959873235
    8      0.014440638611      2.339166283747     -0.072595981645
    8      2.317265070928      4.668323754702     -0.023858023007
    8     -2.315565918219     -0.029807509913     -0.032903947013
    8      2.320316282625      2.366264585826      2.333205524762
    8      4.634255516226      4.644746249827      2.321748511904
    8      0.037018510887     -0.034503847888      2.355158962956
    8      4.709189101930      2.332212862599      4.662555969971
    8      7.058431390745      4.675843619135      4.652074753677
    8      2.250081999576     -0.063260186196      4.673291718094
    8      0.123745583909      4.781932955924      2.435554790383
    8      2.233892205085      6.880957737805      2.411097100577
    8     -2.317513529721      2.318301093646      2.345131608838
    8      2.231995907540      4.726513571453      4.693311453390
    8      4.671859411419      6.949541238275      4.654372333075
    8      0.011104253091      2.311092622640      4.737585974411
    8      4.649125536906      4.659907069643      6.968425645080
    8      7.003764288813      7.059646265889      6.962278402134
    8      2.245644159489      2.371323212857      6.999713360445
    0    0
