   3   1   1 E -1.6031067423072E+04 DE 1.2E-09( 11)
 -0.719768414670E-02  0.701154891276E+01  0.700593936549E+01
  0.692640044986E+01  0.257051764574E-01  0.696860731555E+01
  0.697999624980E+01  0.701931171533E+01 -0.200864695005E-01
    1
  0.100000000000E+01  0.000000000000E+00  0.000000000000E+00
  0.000000000000E+00  0.100000000000E+01  0.000000000000E+00
  0.000000000000E+00  0.000000000000E+00  0.100000000000E+01
  0.000000000000E+00  0.000000000000E+00  0.000000000000E+00
   54
   20      0.000266790867     -0.025650268144     -0.002747411820
   20      2.318858456469      2.362440480173     -0.021641002447
   20     -2.349610752264     -2.325170220970     -0.009522697701
   20      2.337084041588     -0.022644062661      2.339739850921
   20      4.654653018517      2.341808578237      2.309452432118
   20      0.030441466874     -2.344927268984      2.330789176705
   20     -2.334825152921     -0.028064679032     -2.320730242074
   20      0.025447837364      2.334264951657     -2.329751899235
   12     -4.657745589925     -2.331700279042     -2.243269048586
   20     -0.007424265677      2.353326144379      2.325060159908
   20      2.292210917339      4.715889663481      2.278528053324
   12     -2.334567782170     -0.040628730732      2.327092814404
   12      2.255135786719      2.285640109786      4.664443788481
   20      4.643463720518      4.681939180935      4.656503827591
   20      0.041557713291     -0.006814694606      4.713343171739
   20     -2.364000009257      2.335558080213      0.033718878866
   12      0.052334750884      4.767034646686     -0.056838785232
   12     -4.702867792386     -0.079931358504      0.041241756845
   20     -0.001487396163     -2.346371699059     -2.359274892995
   20      2.335310740516     -0.017064563601     -2.342337714755
   20     -2.310840311296     -4.673869609944     -2.332436550864
   12      2.275030358000     -2.440395817352     -0.006652405532
   20      4.689162341474     -0.013757095366      0.027111536136
   12      0.115330196503     -4.696128738857     -0.013255045160
   12     -2.457319532046     -2.271544331130     -4.632901052093
   12     -0.008737804431      0.204345352543     -4.643233065672
   20     -4.642635619157     -4.691048742497     -4.681805602307
    8      0.005710824830     -0.019521799922     -2.345327055200
    8      2.340261149556      2.352961458023     -2.345825950857
    8     -2.384274900229     -2.352865251239     -2.388726685772
    8      2.336912783308     -0.035177170995     -0.001018102065
    8      4.687363317420      2.351862457893     -0.010355584775
    8      0.044984171522     -2.377136713336     -0.007829116918
    8      4.680780084146     -0.038120697931      2.337520707132
    8      6.984441905896      2.321790316228      2.275097918252
    8      2.379722566221     -2.338082285741      2.351315832324
    8     -0.005357339167      2.356238234005      0.007364325374
    8      2.249317590464      4.751729428740     -0.096572542045
    8     -2.372572131084     -0.022225954154      0.010057252126
    8      2.323401014672      2.357632450582      2.331923734041
    8      4.648890853198      4.720445644643      2.302327237879
    8     -0.017115009841     -0.016579553047      2.324242943886
    8      4.581986731276      2.357610217982      4.651370444031
    8      7.031750754861      4.679343229755      4.705689496478
    8      2.299851781164     -0.015079577842      4.704061140091
    8     -0.051552868835      4.742677437638      2.260209378330
    8      2.323349699682      7.011457588508      2.292831692690
    8     -2.336700917757      2.324848872336      2.337375639305
    8      2.304445225991      4.644791352232      4.664709753303
    8      4.669484645308      7.007486664647      4.657098154003
    8      0.064855506750      2.352043528608      4.686222035464
    8      4.614069129167      4.698363227766      7.031489380497
    8      7.049726924033      7.067050167004      7.088407338309
    8      2.198435948041      2.344467820443      6.920783555463
    0    0
