   3   1   1 E -1.6031104280412E+04 DE-4.8E-09(  9)
  0.161895059529E-02  0.701023626435E+01  0.700911015529E+01
  0.701072910588E+01  0.959031340479E-18  0.701072910588E+01
  0.700483930425E+01  0.700573465845E+01  0.588980162957E-02
    2
  0.100000000000E+01  0.000000000000E+00  0.000000000000E+00
  0.000000000000E+00  0.100000000000E+01  0.000000000000E+00
  0.000000000000E+00  0.000000000000E+00  0.100000000000E+01
  0.000000000000E+00  0.000000000000E+00  0.000000000000E+00
  0.000000000000E+00  0.000000000000E+00 -0.100000000000E+01
  0.000000000000E+00  0.100000000000E+01  0.000000000000E+00
 -0.100000000000E+01  0.000000000000E+00  0.000000000000E+00
  0.000000000000E+00  0.000000000000E+00  0.000000000000E+00
   54
   20      0.028499120141     -0.051922428715     -0.028499120141
   20      2.350749321662      2.305370877678     -0.042483684828
   20     -2.318312719665     -2.345632318021     -0.017156904736
   20      2.358765400432     -0.019727891901      2.339822586378
   20      4.695744189885      2.316537973463      2.314984915995
   20      0.017156904736     -2.345632318021      2.318312719665
   20     -2.339822586378     -0.019727891901     -2.358765400432
   20      0.042483684828      2.305370877678     -2.350749321662
   12     -4.694349525235     -2.331530369558     -2.316379580645
   20     -0.012048053720      2.339464095598      2.368596185050
   20      2.305986763964      4.710498248312      2.393259966166
   12     -2.325616587221     -0.031321364783      2.325616587221
   12      2.269577866318      2.423582341118      4.741151239561
   20      4.617469139714      4.710498248312      4.704742341916
   20      0.003063518988      0.033756048508      4.703726234156
   20     -2.368596185050      2.339464095598      0.012048053720
   20     -0.015677733521      4.718589439762      0.015677733521
   20     -4.703726234156      0.033756048508     -0.003063518988
   12      0.112391494035     -2.347812541296     -2.304946418216
   12      2.330281372613     -0.070284276181     -2.330281372613
   20     -2.355040079988     -4.696685022276     -2.344863043482
   12      2.304946418216     -2.347812541296     -0.112391494035
   12      4.667090183825      0.018333119830      0.021827160624
   12      0.032442583964     -4.664418235839     -0.032442583964
   20     -2.341822271385     -2.302745257412     -4.668906834495
   12     -0.021827160624      0.018333119830     -4.667090183825
   20     -4.665866062398     -4.696685022276     -4.655689025892
    8      0.112299783226     -0.103259310725     -2.422728798182
    8      2.331282555874      2.338442444911     -2.331282555874
    8     -2.360481308654     -2.340568874814     -2.338763841088
    8      2.422728798182     -0.103259310725     -0.112299783226
    8      4.736243563601      2.259115004339     -0.006993912444
    8      0.096030025999     -2.416690604725     -0.096030025999
    8      4.718025419575      0.010611247969      2.292703686305
    8      7.017723018326      2.259115004339      2.274485542282
    8      2.338763841085     -2.340568874814      2.360481308652
    8      0.002030088480      2.329066020419     -0.002030088480
    8      2.346272130074      4.677528649100     -0.040169854299
    8     -2.332588750769     -0.002636817111      0.044847311086
    8      2.321609167017      2.340884144848      2.376322169006
    8      4.669895579906      4.759618431097      2.340833525973
    8     -0.044847311086     -0.002636817111      2.332588750769
    8      4.634406936876      2.340884144848      4.689119938865
    8      7.050898960181      4.677528649100      4.664456975807
    8      2.331851309965     -0.016358085580      4.678877795915
    8     -0.002322488195      4.751153398960      2.427677055527
    8      2.313855344856      7.004717723022      2.386706689301
    8     -2.343614279218      2.249211403046      2.343614279218
    8      2.258933594250      4.674031396641      4.751795511630
    8      4.624022416578      7.004717723022      4.696873761023
    8      0.115350226543      2.436588572819      4.761184401197
    8      4.583052050356      4.751153398960      7.013051594078
    8      6.912434981581      7.095274863241      7.109023230184
    8      2.249544704686      2.436588572819      6.895378879339
    0    0
