   3   1   1 E -1.6031091607958E+04 DE-5.5E-10( 11)
 -0.132638090127E-02  0.705094203831E+01  0.701877776057E+01
  0.702652113754E+01  0.112704498572E-01  0.701263518656E+01
  0.702528664307E+01  0.704983082492E+01  0.604109460757E-02
    1
  0.100000000000E+01  0.000000000000E+00  0.000000000000E+00
  0.000000000000E+00  0.100000000000E+01  0.000000000000E+00
  0.000000000000E+00  0.000000000000E+00  0.100000000000E+01
  0.000000000000E+00  0.000000000000E+00  0.000000000000E+00
   54
   20      0.022998567875     -0.003645680362     -0.053497476354
   20      2.359631376089      2.336822433861     -0.070882575448
   20     -2.353185382099     -2.337448380071     -0.036950276383
   20      2.354693675670      0.006922859560      2.406951263534
   20      4.695843966260      2.338470888263      2.349196013770
   20      0.039252717898     -2.358295116738      2.397200767076
   20     -2.352663125578     -0.000506361618     -2.322528487520
   12      0.077839025779      2.322632900119     -2.392705017284
   12     -4.764558506542     -2.338165508661     -2.371751971802
   20      0.016419758174      2.355188779637      2.383695242387
   20      2.325980414977      4.736880217011      2.356172295832
   20     -2.380579011926      0.021967839290      2.353941983767
   12      2.262291096630      2.283766190801      4.709850804060
   20      4.667926916524      4.725464089153      4.695806643440
   12      0.094688666918      0.016622366621      4.741544882430
   20     -2.373974486506      2.335049368448     -0.009899791479
   20      0.008646465870      4.737444443815     -0.069693160533
   12     -4.693265584115      0.123893664907     -0.062348570417
   12      0.089409616716     -2.343769807770     -2.329117711048
   12      2.283130540528     -0.019736545118     -2.337451627974
   20     -2.357739845634     -4.718394043114     -2.325737920311
   20      2.347193635565     -2.371420823021     -0.027016905609
   12      4.621858451344     -0.008030537504     -0.074872848680
   20      0.036029634153     -4.739576281186     -0.036874552067
   20     -2.355664103907     -2.351149863903     -4.656478261392
   20      0.027677069439      0.008872924562     -4.659074900715
   12     -4.719108302450     -4.758088063776     -4.594954550983
    8      0.110045633355     -0.015428609526     -2.341283364030
    8      2.246199438092      2.299070072047     -2.430159689808
    8     -2.349610134035     -2.351316024259     -2.325915004464
    8      2.426827228500     -0.005535914765     -0.072421656290
    8      4.685117826260      2.286275534940     -0.022452968899
    8      0.020423657035     -2.359212327221     -0.042268567766
    8      4.690095989198      0.009509264902      2.350527102902
    8      7.123446482306      2.349022842914      2.431877224464
    8      2.352215463265     -2.400733520139      2.437690907532
    8      0.016092465454      2.344765255396     -0.061699591392
    8      2.335427800313      4.760528809027     -0.085843621343
    8     -2.400075410687      0.000153259893     -0.011751007073
    8      2.348498722991      2.349057003894      2.378932913013
    8      4.678746132651      4.707511124697      2.355204387811
    8      0.016183171195      0.007767090077      2.394182760540
    8      4.679035705514      2.352882423582      4.690853548269
    8      7.128435081199      4.731887293694      4.679151905224
    8      2.249197746970      0.063767520971      4.795587924360
    8      0.003093036217      4.712916782467      2.377554153244
    8      2.333652129635      7.142612696355      2.358620426301
    8     -2.401980130946      2.348161498533      2.368727851729
    8      2.227853139556      4.708313835163      4.677074730140
    8      4.607753445077      7.056698174715      4.716419487307
    8      0.103919813503      2.322943176287      4.683703009027
    8      4.668383862391      4.769204816259      7.001295949845
    8      7.010567157817      7.058357444757      6.902229107481
    8      2.336847598213      2.253243431023      7.000181979385
    0    0
