   3   1   1 E -1.6031099127603E+04 DE 5.9E-09(  9)
  0.561864572593E-02  0.699941099611E+01  0.699706437968E+01
  0.701983287120E+01 -0.879488875975E-02  0.700310456496E+01
  0.702458646208E+01  0.700484295544E+01 -0.797269583422E-02
    1
  0.100000000000E+01  0.000000000000E+00  0.000000000000E+00
  0.000000000000E+00  0.100000000000E+01  0.000000000000E+00
  0.000000000000E+00  0.000000000000E+00  0.100000000000E+01
  0.000000000000E+00  0.000000000000E+00  0.000000000000E+00
   54
   20     -0.030512513452      0.002153355524     -0.041521824418
   20      2.374279271301      2.352354270656     -0.011508610586
   20     -2.344337447809     -2.377562332572     -0.047676549952
   20      2.349462383222     -0.025936408090      2.342015270065
   20      4.718778526463      2.302357966186      2.310060492511
   20      0.012540816223     -2.352277025129      2.341531631370
   20     -2.350433306123     -0.030694005848     -2.347625414011
   20      0.006410468912      2.370623793693     -2.327286757912
   12     -4.697707566270     -2.360117354535     -2.289934000316
   20     -0.020860116906      2.382143087713      2.343408811422
   20      2.310404872553      4.698075667710      2.357134817526
   20     -2.349565018159      0.021096365366      2.369265298327
   20      2.323877870442      2.353863373012      4.696540274203
   12      4.736741114739      4.690560128915      4.725444554077
   20     -0.041622360584     -0.021015735335      4.748702673620
   12     -2.281729775411      2.357554720229     -0.044698089639
   12     -0.097544182746      4.685513492031     -0.092244790852
   20     -4.731116486564     -0.001497006964      0.015913305600
   12     -0.033558874791     -2.351189500609     -2.301467884984
   20      2.376223350264     -0.010750099191     -2.330071622243
   12     -2.320969498397     -4.611788321477     -2.263521897096
   20      2.382727612212     -2.356801976750     -0.020659987117
   12      4.762225193582      0.026863238955     -0.024944919198
   12     -0.046968575147     -4.666142004965     -0.047289327941
   20     -2.299063216034     -2.332169800467     -4.691771939029
   12     -0.018789361599     -0.053858008383     -4.702899218212
   20     -4.675576590405     -4.667505147057     -4.673162145493
    8     -0.016860517547     -0.068999363746     -2.416989442545
    8      2.436783426475      2.442379219983     -2.327023288705
    8     -2.334399118202     -2.430084980133     -2.331907961270
    8      2.383033272649     -0.000112718169     -0.019151158756
    8      4.776761959703      2.240829253872     -0.085268529715
    8     -0.004775656551     -2.402928243498     -0.079441907617
    8      4.724705712866     -0.005003576579      2.266029856716
    8      7.021596871526      2.269514231930      2.254449889270
    8      2.328812003013     -2.338438887405      2.348188351974
    8     -0.077241907604      2.422273834527      0.010599327837
    8      2.235926342558      4.672234089931     -0.111228445460
    8     -2.347999739743      0.042168415345     -0.009936484948
    8      2.346665005541      2.336526218627      2.338249842643
    8      4.695857939223      4.655755256222      2.365570412317
    8     -0.012118128944      0.005328855326      2.347861824996
    8      4.690150578444      2.416503360895      4.747249392079
    8      7.016931852277      4.666503757981      4.735288317969
    8      2.323690407323     -0.084400299111      4.685954779251
    8      0.012432399636      4.770997381132      2.362751937094
    8      2.300046795120      7.003378214536      2.358516381419
    8     -2.328315627850      2.338373956456      2.329784368101
    8      2.362642106394      4.658459000163      4.681081041283
    8      4.692044140355      6.991197092599      4.758938760373
    8     -0.089950627385      2.433752893611      4.772873566070
    8      4.808156755482      4.639133398282      6.875727307970
    8      6.919745406029      6.966679172341      7.112432499750
    8      2.347532665269      2.313691514797      7.002550331802
    0    0
