   3   1   1 E -1.6031034229201E+04 DE 2.5E-10(  2)
  0.234365872207E-02  0.703277156078E+01  0.702394577279E+01
  0.703306462876E+01  0.205059073405E-02  0.702424065952E+01
  0.703511521950E+01  0.703511521950E+01  0.210734985879E-20
    2
  0.100000000000E+01  0.000000000000E+00  0.000000000000E+00
  0.000000000000E+00  0.100000000000E+01  0.000000000000E+00
  0.000000000000E+00  0.000000000000E+00  0.100000000000E+01
  0.000000000000E+00  0.000000000000E+00  0.000000000000E+00
  0.000000000000E+00 -0.100000000000E+01  0.000000000000E+00
 -0.100000000000E+01  0.000000000000E+00  0.000000000000E+00
  0.000000000000E+00  0.000000000000E+00  0.100000000000E+01
  0.000000000000E+00  0.000000000000E+00  0.000000000000E+00
   54
   20      0.000000000000      0.000000000000      0.000000000000
   20      2.345038406499      2.345038406499      0.000000000000
   20     -2.345038406499     -2.345038406499     -0.000000000000
   20      2.344354876254      0.000683530245      2.341413553174
   20      4.689393282755      2.345721936745      2.341413553174
   20     -0.000683530245     -2.344354876254      2.341413553174
   20     -2.344354876254     -0.000683530245     -2.341413553174
   20      0.000683530245      2.344354876254     -2.341413553174
   12     -4.689393282755     -2.345721936745     -2.341413553174
   20      0.000781219574      2.344257186925      2.341315257596
   20      2.345819626075      4.689295593426      2.341315257596
   20     -2.344257186925     -0.000781219574      2.341315257596
   20      2.345136095828      2.344940717170      4.682728810770
   20      4.690174502330      4.689979123672      4.682728810770
   12      0.000097689329     -0.000097689329      4.682728810770
   12     -2.343573656680      2.343573656680     -0.000098295578
   12      0.001464749819      4.688612063180     -0.000098295578
   12     -4.688612063180     -0.001464749819     -0.000098295578
   12     -0.000781219574     -2.344257186925     -2.341315257596
   12      2.344257186925      0.000781219574     -2.341315257596
   20     -2.345819626075     -4.689295593426     -2.341315257596
   20      2.343573656680     -2.343573656680      0.000098295578
   12      4.688612063180      0.001464749819      0.000098295578
   12     -0.001464749819     -4.688612063180      0.000098295578
   20     -2.345136095828     -2.344940717170     -4.682728810770
   20     -0.000097689329      0.000097689329     -4.682728810770
   20     -4.690174502330     -4.689979123672     -4.682728810770
    8     -0.000048844665      0.000048844665     -2.341364405385
    8      2.344989561835      2.345087251165     -2.341364405385
    8     -2.345087251164     -2.344989561834     -2.341364405385
    8      2.344306031590      0.000732374909      0.000049147789
    8      4.689344438090      2.345770781409      0.000049147789
    8     -0.000732374909     -2.344306031590      0.000049147789
    8      4.688660907843      0.001415905154      2.341462700962
    8      7.033699314343      2.346454311654      2.341462700962
    8      2.343622501344     -2.343622501345      2.341462700962
    8      0.000732374909      2.344306031590     -0.000049147789
    8      2.345770781410      4.689344438091     -0.000049147789
    8     -2.344306031590     -0.000732374909     -0.000049147789
    8      2.345087251164      2.344989561834      2.341364405385
    8      4.690125657665      4.690027968335      2.341364405385
    8      0.000048844665     -0.000048844665      2.341364405385
    8      4.689442127418      2.345673092080      4.682777958557
    8      7.034480533917      4.690711498580      4.682777958557
    8      2.344403720920      0.000634685583      4.682777958557
    8      0.001513594483      4.688563218516      2.341266109808
    8      2.346552000984      7.033601625018      2.341266109808
    8     -2.343524812016      2.343524812017      2.341266109808
    8      2.345868470739      4.689246748763      4.682679662983
    8      4.690906877239      7.034285155262      4.682679662983
    8      0.000830064241      2.344208342265      4.682679662983
    8      4.690223346990      4.689930279006      7.024093216155
    8      7.035261753491      7.034968685507      7.024093216155
    8      2.345184940494      2.344891872510      7.024093216155
    0    0
