   3   1   1 E -1.6031101010690E+04 DE 3.4E-09(  9)
  0.694555121012E-02  0.699619760930E+01  0.701306697670E+01
  0.700647074946E+01 -0.133486950296E-02  0.701447197105E+01
  0.701579639449E+01  0.700018062448E+01 -0.393976876535E-02
    1
  0.100000000000E+01  0.000000000000E+00  0.000000000000E+00
  0.000000000000E+00  0.100000000000E+01  0.000000000000E+00
  0.000000000000E+00  0.000000000000E+00  0.100000000000E+01
  0.000000000000E+00  0.000000000000E+00  0.000000000000E+00
   54
   20      0.004618207587      0.000464340328     -0.013391786131
   20      2.332531122678      2.334526928289     -0.072339037254
   20     -2.341228791028     -2.327518952959     -0.012907668711
   20      2.323652840673     -0.015313438538      2.377488915936
   20      4.676328154510      2.356569340049      2.351721701701
   20      0.025912443293     -2.326295750241      2.372175872854
   20     -2.392175225894      0.039452067011     -2.309800289449
   20      0.003143339284      2.377434552159     -2.356689027823
   12     -4.679046911930     -2.270707453829     -2.296980542116
   20      0.004182550073      2.309102738084      2.376043372169
   20      2.347263570129      4.687048995801      2.363883433671
   20     -2.364383544242     -0.004893452223      2.361090893298
   12      2.348102243121      2.366642292717      4.796010201089
   12      4.522385814083      4.676428261128      4.735826099455
   12      0.141380691384     -0.026807606685      4.757324655370
   12     -2.393725474052      2.355025293943     -0.079095209078
   20     -0.008749116742      4.690678822119     -0.047831015555
   12     -4.697698456458      0.006335104663     -0.076410951480
   20      0.050956072734     -2.362152913038     -2.316415024884
   12      2.362789807875     -0.064277784780     -2.278259881598
   20     -2.336227868390     -4.713516681517     -2.317706355347
   12      2.381924763867     -2.324567410336     -0.093297157265
   20      4.673369058948     -0.042319558495     -0.033272820838
   12      0.050763794770     -4.698869308775     -0.043014569430
   20     -2.377836404963     -2.361969721471     -4.713180033351
   20      0.035661284396      0.019190395809     -4.695930491131
   20     -4.676323188702     -4.668558366118     -4.714603309184
    8      0.069001294505     -0.001110963171     -2.336508632924
    8      2.336412041032      2.327269456094     -2.346519896762
    8     -2.410474579157     -2.331376443566     -2.354767388900
    8      2.333402606557     -0.067830462861     -0.078219248380
    8      4.739675796741      2.322394020999     -0.008007529559
    8      0.108460268853     -2.425774260956      0.003950977294
    8      4.673009109839      0.000478975418      2.349005236170
    8      7.009270682146      2.336503249507      2.280774825306
    8      2.341896395857     -2.327848706298      2.356109250483
    8     -0.069619595987      2.341511524555     -0.030674008028
    8      2.336997927463      4.739422965791     -0.066455204448
    8     -2.432868534717      0.105032594222     -0.013289563614
    8      2.339903409850      2.334321831877      2.398887288120
    8      4.665458453734      4.662884027386      2.354443303146
    8      0.004662752555      0.004462869832      2.374094985557
    8      4.558456111134      2.434966979403      4.749558216849
    8      7.071423896231      4.790700123873      4.697835331379
    8      2.279377368877     -0.024362253443      4.767584111509
    8     -0.003290474100      4.660663817686      2.334259603672
    8      2.338678700181      6.989140936837      2.335749203372
    8     -2.332187892424      2.326094544698      2.330518075411
    8      2.412675016298      4.698939804717      4.763481288653
    8      4.602312660990      6.865136459055      4.689809125224
    8      0.124454571952      2.228162037055      4.780472182404
    8      4.558023147122      4.544757258782      6.917991086174
    8      7.126443528837      7.101472161876      6.949524210804
    8      2.332331686868      2.330551856798      6.886149501602
    0    0
