   3   1   1 E -1.6031082888548E+04 DE 1.7E-09( 11)
  0.132401048195E-01  0.700130463283E+01  0.697399668284E+01
  0.699581622267E+01  0.133425352817E-02  0.697904566997E+01
  0.700485504877E+01  0.700870381676E+01 -0.102692501035E-02
    1
  0.100000000000E+01  0.000000000000E+00  0.000000000000E+00
  0.000000000000E+00  0.100000000000E+01  0.000000000000E+00
  0.000000000000E+00  0.000000000000E+00  0.100000000000E+01
  0.000000000000E+00  0.000000000000E+00  0.000000000000E+00
   54
   20      0.014332817509     -0.007180695768     -0.009847118636
   20      2.336712209865      2.333844495072     -0.055105997544
   20     -2.346786172011     -2.334749053541     -0.010941706792
   20      2.304766358920     -0.020037229475      2.353235887672
   20      4.645881361395      2.356461780305      2.339091781287
   20      0.015890397357     -2.333541619506      2.341166090052
   20     -2.396327333634      0.025024392524     -2.268213599221
   20      0.002338888796      2.369894420876     -2.327842660142
   12     -4.684355469651     -2.270667435814     -2.298792475452
   20      0.031073023999      2.308971281268      2.360666052795
   20      2.360777225045      4.690149671825      2.349270518991
   20     -2.347169553464     -0.013190066714      2.337498389254
   12      2.335464605165      2.364827626398      4.778491859083
   12      4.557733746999      4.679761384861      4.687357901609
   12      0.080840695393     -0.010576211941      4.720054034502
   12     -2.331312804994      2.317813445923     -0.070529426872
   20      0.011560406250      4.690478640067     -0.064834374272
   12     -4.695636947163     -0.012796581469     -0.097378778505
   20      0.055456552173     -2.359858793975     -2.274362438945
   12      2.347793771295     -0.047251309495     -2.266319669911
   20     -2.325866784846     -4.715138801976     -2.296999910233
   12      2.313348823268     -2.174111147273     -0.064691330833
   20      4.655310959812     -0.034690855759     -0.053025064611
   12      0.032102299253     -4.691360113159     -0.078302727174
   20     -2.367518428339     -2.367941785714     -4.666437238108
   20      0.027745275416      0.018804833387     -4.663632320034
   20     -4.665318263555     -4.683779527875     -4.685678254305
    8      0.032758677479      0.006672979070     -2.301097812760
    8      2.336989561426      2.328734147032     -2.345870476812
    8     -2.378643618068     -2.350431708692     -2.309105053580
    8      2.334139375502     -0.050615994561     -0.062978430015
    8      4.696659379981      2.321363224007     -0.018013559307
    8      0.060025933817     -2.388872033823      0.017723501291
    8      4.647253785606     -0.003335920409      2.340429411533
    8      6.999724894612      2.344490858759      2.292355563611
    8      2.334172705110     -2.349891050756      2.334317457780
    8     -0.019932052604      2.343402806269     -0.037388041161
    8      2.339267850671      4.724838941463     -0.047236558027
    8     -2.392650336299      0.053474814991      0.007982639246
    8      2.340119212560      2.336437394310      2.372234524037
    8      4.651524710837      4.677327626439      2.337780832703
    8      0.013221935805     -0.010824691945      2.350900975362
    8      4.569732528509      2.433440495022      4.751692603170
    8      7.022348272609      4.753465772053      4.652141401573
    8      2.194583774469     -0.025214624235      4.788664209872
    8      0.023198920160      4.664342289277      2.329360068203
    8      2.346596117397      7.000589713215      2.312633173533
    8     -2.321116439222      2.311489321207      2.322570191203
    8      2.431811666418      4.707641447087      4.733664236347
    8      4.653101207988      6.913781567753      4.642574257010
    8      0.115536924573      2.235363126005      4.761003260605
    8      4.590971661025      4.578435697311      6.864018302576
    8      7.084492791501      7.076984875358      6.886812945485
    8      2.387874091105      2.338790348771      6.793002377957
    0    0
