   3   1   1 E -1.6031054836139E+04 DE 3.2E-10( 11)
 -0.613888871826E-05  0.700683855354E+01  0.701948995137E+01
  0.700896854305E+01  0.960775995471E-02  0.701574403900E+01
  0.700867446425E+01  0.700987999086E+01  0.263496978442E-02
    1
  0.100000000000E+01  0.000000000000E+00  0.000000000000E+00
  0.000000000000E+00  0.100000000000E+01  0.000000000000E+00
  0.000000000000E+00  0.000000000000E+00  0.100000000000E+01
  0.000000000000E+00  0.000000000000E+00  0.000000000000E+00
   54
   20      0.005318296027     -0.007161310178     -0.006809909363
   20      2.334665208001      2.338953644307     -0.011206536688
   20     -2.346538173554     -2.327174065622     -0.002462194709
   20      2.341657435878     -0.000059931324      2.348038445212
   20      4.669980368293      2.334073680300      2.338578869227
   20      0.003895195679     -2.332665889234      2.345358730355
   20     -2.335943514691     -0.012016697375     -2.334611471245
   20      0.010471208211      2.326174250335     -2.341763563407
   12     -4.689195173872     -2.342266593079     -2.267797512146
   20      0.005428977194      2.340160627434      2.345497229490
   20      2.316913005458      4.694117019913      2.344434786279
   12     -2.351775038848     -0.021397937694      2.334048524223
   12      2.325925357233      2.348318665575      4.683711443210
   20      4.665870346515      4.685071144481      4.685857068462
   20      0.003868690530     -0.007331017781      4.695906044866
   20     -2.336636490628      2.327087075856     -0.002212625019
   12      0.015630817272      4.713075227257     -0.018381609238
   12     -4.732751841296      0.023384924333     -0.051250329103
   12      0.093619021097     -2.320432877528     -2.304414086884
   12      2.301712555985      0.010927871387     -2.346022536414
   20     -2.335897395668     -4.677876499331     -2.336022186690
   20      2.338426875680     -2.331685164867     -0.011525385111
   12      4.711683989235      0.016685179329      0.004559825222
   20      0.007101935700     -4.689234287059      0.005850909793
   20     -2.326078574509     -2.333776189204     -4.681213783263
   12     -0.042803894783      0.012388916456     -4.749879716771
   20     -4.667793309154     -4.691437860388     -4.676411829637
    8      0.024756723830     -0.029931796156     -2.356183515883
    8      2.340240709590      2.329084126808     -2.340162608419
    8     -2.336378562737     -2.336253111420     -2.338671947294
    8      2.351675625215     -0.000704328746     -0.010027717893
    8      4.669310809919      2.327187091978      0.002828586257
    8      0.000703635299     -2.335567804764     -0.000961542480
    8      4.685195013101      0.003724698383      2.337329968269
    8      7.013011822677      2.323451236201      2.343281906575
    8      2.343513411254     -2.334209478678      2.343874179170
    8      0.005521088391      2.340954964058     -0.013040042640
    8      2.302773489329      4.696705335502     -0.030129368186
    8     -2.347017053800     -0.005214057965     -0.002820742825
    8      2.332401065029      2.341440949803      2.346212010856
    8      4.664879306708      4.692358618422      2.345756437823
    8     -0.004271081108     -0.000867065766      2.344634536080
    8      4.661747585265      2.337051999989      4.678217243350
    8      7.027050855041      4.674444090873      4.696990425190
    8      2.333955524210      0.003348956999      4.708142837733
    8     -0.000584198331      4.693785022315      2.331762587747
    8      2.332680960813      7.011016039689      2.345409995429
    8     -2.332007814710      2.320605005384      2.340373854825
    8      2.308775223312      4.683051065122      4.679870055570
    8      4.654313727812      7.007865842697      4.677946334174
    8      0.023604181402      2.336799457764      4.691249385897
    8      4.687112881305      4.688022880255      7.014977215043
    8      7.010367606741      6.960758824906      7.033736998727
    8      2.339277495272      2.313657899614      7.009956646962
    0    0
