   3   1   1 E -1.6031089562642E+04 DE 5.3E-11( 10)
  0.372021987880E-01  0.696946374659E+01  0.703260136957E+01
  0.702446659149E+01  0.489528289676E-02  0.705774540119E+01
  0.704988538069E+01  0.701340130868E+01 -0.138527387059E-01
    1
  0.100000000000E+01  0.000000000000E+00  0.000000000000E+00
  0.000000000000E+00  0.100000000000E+01  0.000000000000E+00
  0.000000000000E+00  0.000000000000E+00  0.100000000000E+01
  0.000000000000E+00  0.000000000000E+00  0.000000000000E+00
   54
   20      0.015735646870     -0.025661993686     -0.046332667023
   20      2.366471276664      2.345407408398     -0.075218176379
   20     -2.327722200000     -2.387962596479     -0.059882140403
   20      2.358890332658     -0.043171754305      2.359530530685
   20      4.731044612518      2.314757924028      2.336416626701
   20      0.040547176169     -2.383824061113      2.353212057602
   20     -2.345310718652     -0.030671064642     -2.309133949621
   12     -0.017270331426      2.432593649180     -2.320850251609
   12     -4.725774480935     -2.365877570326     -2.326854774823
   20     -0.021497390136      2.344878834383      2.330306386340
   20      2.345495519541      4.684856648481      2.315810270424
   20     -2.350966937201      0.024732434155      2.329106816109
   20      2.341377115166      2.337158849735      4.773485128358
   20      4.689608447337      4.661204083127      4.744635577249
   20      0.004793142410      0.029247943800      4.773617646744
   12     -2.333512301614      2.332241841848     -0.072338885015
   20     -0.001708668690      4.689502650982     -0.061864035064
   12     -4.645034732057      0.019129522841     -0.049372113792
   12     -0.018019360212     -2.490086506153     -2.257075354684
   20      2.335557631097      0.039516911796     -2.302768427145
   12     -2.337876164705     -4.659488098753     -2.222133014719
   12      2.357202977824     -2.372809380751     -0.005979921810
   12      4.713563289022      0.083153946574     -0.047375532642
   12     -0.042506047827     -4.697099932813     -0.028390053008
   20     -2.389341019604     -2.356112663062     -4.713025739247
   20     -0.009732859933      0.050230073085     -4.701826139521
   20     -4.704758351221     -4.632959651554     -4.707070614814
    8      0.000594234037      0.008093822577     -2.333676357425
    8      2.328624863353      2.450259231027     -2.357447040002
    8     -2.343840384855     -2.459987803687     -2.352014127742
    8      2.426094671433     -0.044855913938      0.003308431052
    8      4.772135152121      2.254627987332     -0.079797919972
    8      0.079031683307     -2.458841847714     -0.075454833227
    8      4.679156951812      0.000529928248      2.340945289327
    8      7.028960984531      2.354750093575      2.346785614463
    8      2.331513058738     -2.347217154874      2.355963327672
    8     -0.072940445266      2.335119202363     -0.118082619290
    8      2.364322877885      4.733596376813     -0.099651639327
    8     -2.399123428220      0.033364440801     -0.013155829394
    8      2.350679196954      2.331756568244      2.337807350005
    8      4.710593721579      4.658241052289      2.326347329812
    8      0.004628126777     -0.006236256718      2.342253130204
    8      4.754329806251      2.334456861642      4.783442831556
    8      7.099746525221      4.616945857506      4.714059836115
    8      2.340304749638     -0.060786021566      4.793888537011
    8      0.016514594480      4.657062499921      2.358182537708
    8      2.366101076444      7.009110412864      2.291117649505
    8     -2.325217455969      2.314681155732      2.321530824719
    8      2.282366666695      4.660391527642      4.759688726247
    8      4.725165414815      7.087175344407      4.762767634656
    8     -0.069204263778      2.441344922308      4.792564363883
    8      4.595028592276      4.650450580346      7.028618188318
    8      7.058842328095      7.121685094648      7.055695557458
    8      2.368328867927      2.326316111144      7.049907102035
    0    0
