   3   1   1 E -1.6031101837073E+04 DE-3.3E-10( 11)
  0.154303034165E-01  0.699910437406E+01  0.698989178704E+01
  0.702284866199E+01 -0.691098430545E-02  0.700337286666E+01
  0.702629989267E+01  0.701076323171E+01 -0.497655268724E-02
    1
  0.100000000000E+01  0.000000000000E+00  0.000000000000E+00
  0.000000000000E+00  0.100000000000E+01  0.000000000000E+00
  0.000000000000E+00  0.000000000000E+00  0.100000000000E+01
  0.000000000000E+00  0.000000000000E+00  0.000000000000E+00
   54
   20     -0.008764137504     -0.000485269730     -0.037043010515
   20      2.341968950693      2.340171493067     -0.048941710724
   20     -2.350425556328     -2.321128376507     -0.010295549197
   20      2.364592987167     -0.010630161949      2.350922995832
   20      4.695658945605      2.332044454266      2.345949803388
   20     -0.011508472564     -2.322166754415      2.376011292544
   20     -2.314234817053     -0.019809094869     -2.326135274935
   20      0.023586269116      2.350212289880     -2.309370896317
   12     -4.725195883438     -2.300256419902     -2.285837705184
   20     -0.033819554333      2.363152082218      2.297222067639
   20      2.327945636243      4.736569440960      2.346853586429
   12     -2.356875251537     -0.011252581850      2.358765343204
   20      2.349965356340      2.381884383289      4.673851109246
   12      4.663064570481      4.731551042741      4.699988863208
   20     -0.050636204128     -0.049671380461      4.694152871473
   12     -2.312780154024      2.313803934636     -0.008402925454
   12     -0.069761474227      4.703123323547     -0.088077881269
   20     -4.680452781538     -0.010602161249      0.026524188841
   12      0.005655645755     -2.279573599965     -2.388490308921
   12      2.379738261617     -0.096501360876     -2.374917932100
   20     -2.372855455552     -4.703150696124     -2.346295461483
   20      2.398445244550     -2.317931070141     -0.022382199690
   12      4.681986704345     -0.041487141629      0.003327505589
   20     -0.024394681957     -4.699050975299      0.024982413964
   20     -2.312479474148     -2.325337724139     -4.701407317731
   12     -0.070071925819     -0.067770001136     -4.660316573083
   20     -4.677914467359     -4.706420599545     -4.637893892612
    8      0.102503477460     -0.109298993832     -2.396954331799
    8      2.345747239564      2.343898802468     -2.334710323043
    8     -2.332562470114     -2.342239049628     -2.344943063837
    8      2.422482801637     -0.002680873174     -0.065238265075
    8      4.680729118823      2.281196788290     -0.005441514374
    8     -0.001088219166     -2.336444922569     -0.030910809445
    8      4.769216374282     -0.006406809609      2.287721787743
    8      7.015050544753      2.272484067538      2.354190241865
    8      2.361724659161     -2.332894029778      2.389656870750
    8     -0.056648383829      2.402318617633     -0.021203957756
    8      2.246385681974      4.686956710717     -0.116488015960
    8     -2.326846402536      0.055583776364      0.048135256291
    8      2.334182340484      2.355379028463      2.330380956182
    8      4.690082460838      4.756445208343      2.401141596223
    8     -0.055545827523      0.006118405828      2.354624590339
    8      4.688603598427      2.404166279803      4.738461004892
    8      7.047805304932      4.679959599665      4.737707115287
    8      2.339764155997     -0.064672090116      4.687521205714
    8      0.008743114044      4.784134262583      2.360064553874
    8      2.418309722613      7.004080680268      2.433570437669
    8     -2.334035107261      2.253389044799      2.231672914367
    8      2.350462892022      4.764933529516      4.665529478940
    8      4.598836404203      6.888010633390      4.652174983108
    8     -0.008484345907      2.383586218059      4.658982848660
    8      4.793637881207      4.695258154287      6.885480426273
    8      6.923937316024      6.893442916256      7.092527662876
    8      2.407172248844      2.327311766220      7.000899402621
    0    0
