   3   1   1 E -1.6031081280795E+04 DE 8.4E-10( 11)
  0.386256645979E-01  0.696327812574E+01  0.697953779277E+01
  0.700502916468E+01  0.101551073332E-01  0.700046111565E+01
  0.701297990927E+01  0.698618952462E+01  0.838463954503E-02
    1
  0.100000000000E+01  0.000000000000E+00  0.000000000000E+00
  0.000000000000E+00  0.100000000000E+01  0.000000000000E+00
  0.000000000000E+00  0.000000000000E+00  0.100000000000E+01
  0.000000000000E+00  0.000000000000E+00  0.000000000000E+00
   54
   20     -0.022918505358      0.003609683471     -0.004292451158
   20      2.357518206653      2.358810383158     -0.041838750367
   20     -2.347077748562     -2.332261645752     -0.054913748861
   20      2.347509179034     -0.017972046180      2.345378650520
   20      4.690640629494      2.318288253494      2.297388471382
   20     -0.003964466644     -2.328948731240      2.313487781985
   20     -2.350758308782     -0.034845506187     -2.297346908298
   20      0.004756202924      2.362042436974     -2.295681912421
   12     -4.757169225887     -2.355538567435     -2.292550749798
   20     -0.048158312802      2.340106132977      2.334654778324
   20      2.345656862752      4.688254542874      2.292860286731
   12     -2.371500627338      0.127308951232      2.333365441622
   20      2.327020376220      2.314283906359      4.719701689659
   20      4.716439746111      4.684894427621      4.705526136924
   20     -0.029113307313      0.014081553735      4.727155921055
   12     -2.299655227438      2.377378806697     -0.028832522034
   12     -0.055488816917      4.672552356347     -0.022243771581
   12     -4.645958410964      0.014059143806     -0.038333451015
   12      0.013714948888     -2.398820142314     -2.259240938344
   20      2.372756201724      0.026379647322     -2.315927597870
   12     -2.335521582798     -4.831183075973     -2.296685710830
   20      2.356524346602     -2.351749508735     -0.003280764762
   12      4.724779042939      0.068324290140      0.009324731880
   12     -0.048369894067     -4.675404959789     -0.075009719550
   20     -2.321460218340     -2.371655891871     -4.664581831348
   20     -0.002637686344     -0.014578136267     -4.687430502894
   20     -4.640239691555     -4.687038913433     -4.686961357243
    8     -0.003064784009     -0.030765451186     -2.319973352334
    8      2.396999527958      2.404597813868     -2.341280997115
    8     -2.335664982579     -2.417859011228     -2.318996509016
    8      2.378926040549      0.011286991410     -0.025869753890
    8      4.756374403018      2.257287710420     -0.108618369797
    8     -0.013555648173     -2.378237412930     -0.073275940680
    8      4.676047113999     -0.014021522135      2.318300206562
    8      7.000866986027      2.328238647496      2.293580410776
    8      2.328957646564     -2.345770148545      2.333543895444
    8     -0.059745881013      2.384102815786      0.002197676162
    8      2.268351899144      4.743348826967     -0.121530209571
    8     -2.413131817476      0.072307723678      0.058521009508
    8      2.339564340160      2.336107776221      2.322610388961
    8      4.686859528462      4.700658893094      2.306270638015
    8     -0.038520457585      0.005157528626      2.326405476861
    8      4.677900795163      2.326879231517      4.720197589547
    8      7.050854336714      4.679250755653      4.724085105250
    8      2.324744261998     -0.065252579460      4.741739589592
    8      0.020268224120      4.638799795885      2.331132658753
    8      2.415604563496      6.975684023979      2.282777535987
    8     -2.306188845471      2.233137692244      2.301241855617
    8      2.344195714959      4.654049197158      4.695430144716
    8      4.701743015890      7.073394552139      4.698879811036
    8     -0.086734924153      2.427746572586      4.781280858849
    8      4.795094110307      4.642589978908      7.005059291117
    8      6.999634321962      6.980418336075      7.011909000291
    8      2.371153121192      2.224786280371      6.988416753490
    0    0
