   3   1   1 E -1.6031097852540E+04 DE 3.2E-09(  9)
  0.232400289781E-01  0.699310052662E+01  0.701195554726E+01
  0.701208574399E+01  0.197331611898E-02  0.702413995601E+01
  0.701119232582E+01  0.699961890748E+01  0.806555531734E-02
    1
  0.100000000000E+01  0.000000000000E+00  0.000000000000E+00
  0.000000000000E+00  0.100000000000E+01  0.000000000000E+00
  0.000000000000E+00  0.000000000000E+00  0.100000000000E+01
  0.000000000000E+00  0.000000000000E+00  0.000000000000E+00
   54
   20      0.004069942513      0.017404535208     -0.013469639912
   20      2.377564842965      2.327242271960     -0.028312946644
   20     -2.341459731844     -2.353069336837     -0.015250500184
   20      2.342771161379     -0.006651288723      2.343877671301
   20      4.711877161153      2.309566138179      2.315683894002
   20      0.004873522938     -2.332548055462      2.347652890554
   20     -2.337190520620      0.011240729028     -2.337453869422
   20      0.009742714739      2.330978778892     -2.344841141307
   20     -4.688134709942     -2.323423803896     -2.315132610672
   20     -0.018399724089      2.337785735054      2.353733444947
   20      2.303691182748      4.722760060975      2.325459003829
   20     -2.369558703286      0.030571790356      2.357209975111
   20      2.318736801724      2.295240186994      4.727484873705
   20      4.692344462149      4.725351158306      4.756254823524
   12     -0.044007020739      0.002432925097      4.808005114152
   12     -2.257172590829      2.291070699554     -0.002776872392
   12     -0.077733282681      4.714656754272     -0.032787218293
   12     -4.710856105104     -0.018470934461     -0.020802952610
   20     -0.008471377627     -2.338285839824     -2.354142740954
   12      2.283057179007      0.043788394577     -2.321452207215
   12     -2.370654862236     -4.748276240441     -2.253529680369
   20      2.374145522808     -2.344377345071     -0.011184119759
   12      4.775821752761      0.090912574275     -0.054136250579
   12     -0.033601746240     -4.765592818274     -0.011508649762
   20     -2.308088451098     -2.330378171658     -4.736465154441
   12      0.020331500187      0.003572747851     -4.776765560463
   20     -4.670226262571     -4.721108577549     -4.706650918964
    8      0.098320056116      0.012016323456     -2.362898803502
    8      2.424655687960      2.231632663045     -2.333369466050
    8     -2.339891424363     -2.391174408790     -2.343121498823
    8      2.377802486911      0.004847977908     -0.043228209582
    8      4.768840479135      2.240711257400     -0.069489749664
    8     -0.007450377896     -2.396639465512     -0.013491075846
    8      4.774166380352      0.010970561738      2.292588636040
    8      7.014654617719      2.242225697125      2.261280504686
    8      2.341202885555     -2.333706184313      2.330955060181
    8     -0.076732429383      2.406372827044     -0.000777062757
    8      2.279635530705      4.759138341344      0.000000618904
    8     -2.410149671296      0.084323138660     -0.007492319885
    8      2.344402980147      2.330407590053      2.341792887912
    8      4.671790589831      4.674323229010      2.335727905233
    8     -0.011524181012     -0.003848836307      2.351347367746
    8      4.688694708567      2.340714114723      4.739740525706
    8      7.011466538742      4.770143787319      4.780213532407
    8      2.258312345049     -0.005822120664      4.755116476620
    8      0.005550367227      4.748810537294      2.254800537656
    8      2.231367683613      6.995073363518      2.333492128580
    8     -2.320252031828      2.327746045753      2.315397522942
    8      2.354046892135      4.733588302151      4.703289542193
    8      4.680041453051      7.092419396289      4.774960456616
    8     -0.070619619498      2.231671856290      4.773471869760
    8      4.796162926611      4.680271248886      7.012672393667
    8      6.986830173093      6.994727074995      6.999774929295
    8      2.354533739147      2.222779989223      7.017271396425
    0    0
