   3   1   1 E -1.6031094025535E+04 DE 6.0E-09(  8)
 -0.154620526831E-01  0.701478529627E+01  0.700853432790E+01
  0.700908485908E+01 -0.149401373646E-01  0.701512482236E+01
  0.699927021814E+01  0.701745648923E+01 -0.106666285403E-01
    1
  0.100000000000E+01  0.000000000000E+00  0.000000000000E+00
  0.000000000000E+00  0.100000000000E+01  0.000000000000E+00
  0.000000000000E+00  0.000000000000E+00  0.100000000000E+01
  0.000000000000E+00  0.000000000000E+00  0.000000000000E+00
   54
   20     -0.019199356610     -0.019946321788     -0.005189038672
   20      2.333323972142      2.376900493732     -0.036463024765
   20     -2.389730704807     -2.291839347101      0.010212381862
   20      2.385544823095     -0.019240954465      2.393944853522
   20      4.677901459397      2.294080186408      2.317141049616
   20      0.020760455079     -2.318827261131      2.400320117169
   20     -2.361362867859     -0.055685447075     -2.346638498722
   20      0.020563101230      2.352167012937     -2.345756570443
   12     -4.699430079678     -2.305395270482     -2.302043260982
   20     -0.022433880217      2.401302886010      2.350116231373
   20      2.247695561730      4.734558068826      2.309342509843
   12     -2.338883489604     -0.009622866487      2.304627329743
   12      2.325757557809      2.354008083701      4.745771560394
   20      4.677570438779      4.704193216040      4.687968818589
   20      0.025678806421     -0.002228469756      4.742635966905
   20     -2.374476606379      2.349675343478      0.023170452944
   12     -0.017527194597      4.788734165840     -0.039531297857
   12     -4.746468501736     -0.016998201724     -0.066370231135
   12      0.032025168230     -2.340422094435     -2.395432696707
   20      2.342256386390     -0.028918178058     -2.353013785433
   20     -2.311450180584     -4.657575936873     -2.366200689673
   20      2.390151178893     -2.347968056571      0.003349654352
   12      4.681679540589     -0.104396514763      0.026008802536
   20      0.015942840202     -4.730395837973      0.040677815988
   12     -2.257407655374     -2.276221454760     -4.704791242325
   12     -0.113488296745     -0.171972214154     -4.875586965241
   20     -4.621159707729     -4.705400309955     -4.693445198778
    8     -0.014362209806     -0.113502348037     -2.416888348863
    8      2.351156772628      2.405516004254     -2.359809398076
    8     -2.370730813956     -2.334489697881     -2.367238735923
    8      2.411235246848     -0.009444962435      0.013200598197
    8      4.670056895260      2.273851587571      0.003034544402
    8     -0.012928928787     -2.340785786649      0.014164105207
    8      4.791044953181     -0.120109839008      2.217895727125
    8      7.000861878111      2.251799822028      2.345097919054
    8      2.474085627923     -2.338393825557      2.442382446317
    8     -0.004880497546      2.404755371651     -0.018129732700
    8      2.199650582954      4.831171852684     -0.147834431288
    8     -2.413370572604     -0.006661895660      0.094769399875
    8      2.347302307218      2.356000438613      2.361302643042
    8      4.635651163811      4.769501342332      2.357802858496
    8     -0.063810124480      0.006926610233      2.369434600751
    8      4.588393616540      2.318230496568      4.667390276636
    8      7.113731755350      4.684973007125      4.776376559715
    8      2.343225040191      0.000760491919      4.795312696325
    8     -0.095698804613      4.792029130485      2.294714484719
    8      2.327855823461      7.006691113472      2.314038342355
    8     -2.328315002103      2.344644938748      2.321207779836
    8      2.233187912377      4.606420624185      4.669908792046
    8      4.680054348633      7.016674399133      4.681307440319
    8      0.102935374527      2.437454148550      4.703554408345
    8      4.788123908673      4.776996146671      7.100876003986
    8      6.991354831817      6.868499768628      7.053358103822
    8      2.318374756751      2.235783757574      6.946412219893
    0    0
