   3   1   1 E -1.6031085509313E+04 DE 3.4E-10( 11)
  0.495598156374E-02  0.695747277585E+01  0.701927415500E+01
  0.694987394137E+01  0.306755640463E-02  0.701426443432E+01
  0.697052567459E+01  0.696646589891E+01 -0.109357960561E-01
    1
  0.100000000000E+01  0.000000000000E+00  0.000000000000E+00
  0.000000000000E+00  0.100000000000E+01  0.000000000000E+00
  0.000000000000E+00  0.000000000000E+00  0.100000000000E+01
  0.000000000000E+00  0.000000000000E+00  0.000000000000E+00
   54
   20     -0.019290976735      0.011570369302     -0.018730590706
   20      2.343728783321      2.325812475760     -0.055605673804
   20     -2.373064133589     -2.319003033731     -0.039008389824
   20      2.333202139247     -0.049314782933      2.369392044125
   20      4.656277429627      2.314313871306      2.359799739284
   20      0.005391307667     -2.299430657555      2.385271752667
   20     -2.350114706445     -0.030376228482     -2.339229417834
   20      0.025945054889      2.335611051427     -2.345410661641
   12     -4.505338721638     -2.245517823066     -2.331637468472
   20     -0.049574544418      2.326761185403      2.361450133275
   20      2.309572966159      4.704220296824      2.352632210393
   20     -2.359922734836      0.026383203696      2.374588083649
   20      2.332912918362      2.289408579244      4.713231526972
   12      4.631885966913      4.653365507932      4.703045766702
   12      0.039699020739     -0.075402070532      4.693667790324
   12     -2.366675848935      2.363767931231     -0.038540403197
   20     -0.006952209667      4.686641604354     -0.036434588945
   12     -4.655793466963     -0.046571104985     -0.005634471365
   20     -0.040690352861     -2.312428935222     -2.366538425478
   12      2.327674289713     -0.025945948224     -2.368623939640
   12     -2.383383387659     -4.651159515671     -2.354694532394
   20      2.379367108646     -2.331691623019     -0.019355796386
   20      4.669397490774     -0.035806922352     -0.035690758474
   20      0.009261919860     -4.701213318901     -0.017554830027
   12     -2.343272510813     -2.180474229800     -4.625543430890
   12     -0.003333504623     -0.029278605100     -4.664713998304
   20     -4.587933088912     -4.650088069318     -4.628138360847
    8      0.020589788389     -0.007702309225     -2.383359530411
    8      2.430507166924      2.321001771715     -2.339378308430
    8     -2.447372739828     -2.416844538781     -2.432048435450
    8      2.339019899929     -0.019772986537     -0.048887958702
    8      4.642641080039      2.305526262636     -0.054598887693
    8     -0.010853068955     -2.327147803052     -0.013481421704
    8      4.697669287362     -0.073083874029      2.344728992594
    8      6.980478482686      2.277486469179      2.359579031598
    8      2.410286677356     -2.320858598012      2.377578226969
    8     -0.044262380342      2.336020012695     -0.023929096882
    8      2.313384321333      4.732952795869     -0.062254656837
    8     -2.405608527285      0.048629318029     -0.011898851104
    8      2.317992809249      2.318462544055      2.358029474556
    8      4.631923540229      4.667504897054      2.374838876627
    8     -0.010378687383     -0.008182723198      2.385405181679
    8      4.630286037083      2.364014090351      4.713268103938
    8      6.963852914964      4.751045013577      4.670157078278
    8      2.246429792402     -0.093091816444      4.747720976116
    8     -0.070847471605      4.714616011308      2.337424432601
    8      2.253297391990      6.985395351533      2.347408161783
    8     -2.319889002181      2.403932323620      2.374086972791
    8      2.384530993031      4.699214527373      4.678353542184
    8      4.637350572444      6.953406354568      4.672880808566
    8     -0.068170180605      2.245788547978      4.669518784664
    8      4.662361092980      4.572443551207      6.989741565473
    8      7.058466525365      6.948174414795      7.019291216664
    8      2.401437665486      2.238445224382      7.029544980656
    0    0
