   3   1   1 E -1.6031101671079E+04 DE 4.0E-09(  8)
 -0.753017339351E-02  0.701752758549E+01  0.704149529917E+01
  0.699044154453E+01  0.279937833777E-02  0.703806040707E+01
  0.697956890022E+01  0.700893897593E+01  0.802898724031E-02
    1
  0.100000000000E+01  0.000000000000E+00  0.000000000000E+00
  0.000000000000E+00  0.100000000000E+01  0.000000000000E+00
  0.000000000000E+00  0.000000000000E+00  0.100000000000E+01
  0.000000000000E+00  0.000000000000E+00  0.000000000000E+00
   54
   20     -0.012977277102      0.014576318084     -0.064009096032
   20      2.309299326971      2.359305614054     -0.018440728643
   20     -2.347586792526     -2.329971663871     -0.003643769266
   20      2.347749846966     -0.037645699650      2.366616142356
   20      4.688346260860      2.280673340988      2.323035739040
   20      0.018729118360     -2.329766109880      2.391767612295
   20     -2.310901486733     -0.033911600190     -2.363082385861
   12      0.029174587921      2.388826439393     -2.368143388977
   12     -4.756932355274     -2.381916843641     -2.304898613873
   20     -0.046652403006      2.370031034062      2.378358849626
   20      2.262206406394      4.707770242875      2.358552229608
   12     -2.264138856768     -0.025730306092      2.342996989093
   20      2.300047804257      2.331891522021      4.689541964248
   20      4.714159524566      4.711511846597      4.676149999985
   12     -0.053259098580     -0.059101360286      4.684129703814
   20     -2.295821986714      2.384463490255      0.039541441983
   12     -0.010659292674      4.724243332391     -0.127148027881
   20     -4.727547753640     -0.020747623414      0.003067673112
   12     -0.027081701125     -2.330853837992     -2.371547503160
   20      2.324352019669      0.008723817211     -2.346979672896
   20     -2.315448243952     -4.680235944432     -2.392534319620
   20      2.377762952287     -2.326647371402     -0.005842244671
   12      4.783872644666     -0.069309193211      0.076819766226
   20     -0.009622037879     -4.739393956607     -0.030115430091
   12     -2.256584042610     -2.244182794904     -4.663056226737
   12     -0.049960749782     -0.004964781277     -4.603395775030
   20     -4.646540191660     -4.674517641664     -4.657377536978
    8      0.001849891189     -0.030716978096     -2.436447629987
    8      2.205770827083      2.436758208591     -2.340445481415
    8     -2.296237166106     -2.342705529714     -2.378919963062
    8      2.399342612908      0.003174374518     -0.015847946472
    8      4.653010701098      2.252489371214      0.003037140870
    8      0.003060024259     -2.340890487414     -0.047997727542
    8      4.766449090971     -0.085665627097      2.289627112645
    8      6.976445848731      2.249536359610      2.450819467481
    8      2.430864309061     -2.331393908355      2.368033707113
    8     -0.000109476976      2.433010929377     -0.081889291019
    8      2.192682527534      4.677981866042     -0.078570568443
    8     -2.341650570629      0.004922085641      0.019253878851
    8      2.324104076196      2.334688112834      2.361316903271
    8      4.648655655427      4.761229381096      2.353983209381
    8     -0.091541397139     -0.004657548322      2.390183999540
    8      4.748688441722      2.348059521729      4.685315538149
    8      7.070596318106      4.704391330225      4.756258338266
    8      2.218442366829     -0.094409568974      4.699280359451
    8     -0.116624291827      4.761787446702      2.474352100600
    8      2.288315450466      7.009955113552      2.349906436486
    8     -2.329569590623      2.318612976992      2.337285257296
    8      2.273677169236      4.675322963094      4.686895216277
    8      4.798559830501      7.008329612823      4.659057656787
    8      0.006828652767      2.349876342114      4.694233360462
    8      4.780670673294      4.793170360561      7.095244413216
    8      6.869250365624      6.906959846349      7.042635716929
    8      2.325642658503      2.338759904380      7.047166523843
    0    0
