   3   1   1 E -1.6031053502999E+04 DE 2.7E-10( 11)
  0.112270665948E-02  0.702830040658E+01  0.699628844259E+01
  0.702780393664E+01 -0.155394941839E-02  0.700514981675E+01
  0.700769148637E+01  0.702410139502E+01  0.113852572730E-01
    1
  0.100000000000E+01  0.000000000000E+00  0.000000000000E+00
  0.000000000000E+00  0.100000000000E+01  0.000000000000E+00
  0.000000000000E+00  0.000000000000E+00  0.100000000000E+01
  0.000000000000E+00  0.000000000000E+00  0.000000000000E+00
   54
   20      0.012674435626     -0.001252783356     -0.016410488135
   20      2.333953276940      2.340787324612     -0.015245144126
   20     -2.329881859382     -2.346308415293     -0.019556301439
   20      2.335201499274     -0.001760306953      2.350294596652
   20      4.677778764137      2.342475728090      2.353019087164
   20      0.015625603783     -2.340194453483      2.348072607138
   20     -2.340386529244      0.000768382042     -2.323010432577
   12      0.006444784342      2.334335497344     -2.356847163417
   12     -4.692051056898     -2.349925838248     -2.364364659009
   20     -0.005744542893      2.345051941117      2.341611313975
   20      2.327352245510      4.683011823913      2.349564628558
   20     -2.337689285210      0.010818979239      2.338445251924
   12      2.307793874070      2.360983723710      4.710098357541
   20      4.663031493974      4.678007688155      4.687918818228
   12      0.039305717527      0.029265291150      4.633556798575
   12     -2.357858156374      2.365712214631     -0.022801987670
   20     -0.007802348979      4.680809257589     -0.020246946936
   20     -4.674091199502      0.013474312656     -0.024757345835
   12      0.093704699287     -2.355745191151     -2.341589073475
   12      2.319412714045     -0.018399007990     -2.349244356787
   12     -2.337405887505     -4.685606121543     -2.315323681965
   12      2.259766055733     -2.427882774034      0.011440699931
   20      4.673496603683      0.000790853340     -0.004864846425
   20      0.024262799015     -4.672622067955     -0.019552282994
   20     -2.348937265068     -2.349928496179     -4.658370760482
   20     -0.000327771514      0.002390990143     -4.650673280802
   20     -4.670840997449     -4.673418459120     -4.657262014722
    8      0.021349154937     -0.002242240832     -2.331599397089
    8      2.334621958427      2.344589444950     -2.329586472042
    8     -2.335943135140     -2.362587067136     -2.338279600807
    8      2.336752446044     -0.010413771231     -0.016096027605
    8      4.677898944241      2.343966572607     -0.012246760351
    8      0.034995573674     -2.342566317199     -0.009167740915
    8      4.679722461684     -0.000266294437      2.349035013895
    8      7.025564813219      2.345182538366      2.360022559764
    8      2.347550594913     -2.341932973336      2.351914223764
    8     -0.008479355355      2.339500324786     -0.023614988664
    8      2.330454283551      4.682592474994     -0.014419370556
    8     -2.333638145084      0.008928553774     -0.012882173523
    8      2.327649011490      2.343833324035      2.349811042903
    8      4.671787360197      4.682098501115      2.350410106604
    8      0.002910674720      0.003075216220      2.344775366704
    8      4.681719115001      2.338988099114      4.697362028044
    8      7.031510647937      4.684280104344      4.677799118623
    8      2.328324573351      0.004225624794      4.673768923394
    8     -0.006754766248      4.683098441118      2.343471417093
    8      2.331590946816      7.032976999817      2.349953364981
    8     -2.342388728614      2.348971320600      2.337209155573
    8      2.291540682460      4.662678941177      4.697130408165
    8      4.669104969061      7.044123063284      4.679295988505
    8      0.009918807737      2.351519505294      4.659003918966
    8      4.661298159643      4.670330717453      6.998508730720
    8      7.027548016576      7.034176853341      6.988499823827
    8      2.381384851340      2.374047285362      6.973725771893
    0    0
