   3   1   1 E -1.6031076131638E+04 DE 5.0E-10( 11)
 -0.472583478746E-02  0.696944704034E+01  0.700029306179E+01
  0.698526755461E+01 -0.192639031038E-01  0.702063795359E+01
  0.694771493897E+01  0.695994631416E+01  0.103850256431E-01
    1
  0.100000000000E+01  0.000000000000E+00  0.000000000000E+00
  0.000000000000E+00  0.100000000000E+01  0.000000000000E+00
  0.000000000000E+00  0.000000000000E+00  0.100000000000E+01
  0.000000000000E+00  0.000000000000E+00  0.000000000000E+00
   54
   20      0.008269602588     -0.029339196753     -0.047353861942
   20      2.331723456035      2.336035428469     -0.030165650793
   20     -2.299465477226     -2.342292805835     -0.051482356966
   20      2.304204575742     -0.050480584354      2.358577922042
   20      4.665771569762      2.290966546197      2.340650372365
   20      0.048790410158     -2.339716193369      2.325822082520
   20     -2.345706675347     -0.048075808673     -2.321762955629
   20      0.005210417132      2.325666561278     -2.352794961136
   12     -4.673757638527     -2.288736105908     -2.336197098886
   20     -0.048725340920      2.323680764484      2.351993924704
   20      2.290148335423      4.676848940813      2.344862009011
   20     -2.321634959796      0.028951335080      2.311988551575
   20      2.271353493289      2.302456967714      4.756163826766
   20      4.655607385603      4.651675903753      4.698434051246
   12      0.027838279888     -0.011640427441      4.694138043140
   12     -2.395996965568      2.283757541296     -0.031444319614
   20      0.019932401163      4.700102845790     -0.008085555252
   12     -4.741040395298      0.027021005651     -0.067930437634
   12      0.044567459889     -2.293306639237     -2.321124948057
   20      2.312660152087     -0.001667756095     -2.321466611664
   12     -2.250292327784     -4.600506393123     -2.338311472515
   12      2.212846658453     -2.427023538547     -0.030731543905
   20      4.701238568877      0.017526577487     -0.000194083549
   12      0.069036986321     -4.470606186651      0.084691400358
   20     -2.333642488812     -2.347210673270     -4.671623002818
   12      0.060870737909     -0.035973531521     -4.656291054428
   20     -4.645865706808     -4.647151750731     -4.708990781519
    8      0.007796737025     -0.054536649540     -2.364326670177
    8      2.358346386571      2.368585950466     -2.354465706636
    8     -2.327651926904     -2.420458723079     -2.344863507345
    8      2.335821134992     -0.040119058242     -0.014123221360
    8      4.704412410208      2.318251915635     -0.031279275308
    8      0.083206802504     -2.390032646557     -0.050264252987
    8      4.685778084287     -0.031382981614      2.361997045393
    8      6.968974944413      2.251393915937      2.292374442161
    8      2.320237370105     -2.355095075632      2.334787987169
    8     -0.032462573209      2.332211832452     -0.037361133672
    8      2.313016427432      4.695087168280     -0.039239990448
    8     -2.357062425811      0.025976346248     -0.039098661036
    8      2.295526734038      2.311986509087      2.351378509243
    8      4.649890965467      4.642063417891      2.337161838263
    8      0.005422762945     -0.011004165855      2.353290453463
    8      4.646151957350      2.296924348243      4.727079588035
    8      7.033437437296      4.692909706114      4.681628213540
    8      2.216001635602     -0.116806163669      4.787165475882
    8     -0.018444825272      4.693861951928      2.384241431627
    8      2.240099414601      6.972920113290      2.281991612312
    8     -2.338017739470      2.319757230700      2.310597100692
    8      2.261384334845      4.649560631036      4.711642325727
    8      4.702280057354      7.023886201179      4.678689355225
    8     -0.099368360727      2.372465873023      4.797891082348
    8      4.628329235631      4.617674441979      6.998147597315
    8      7.095577837848      7.088467680052      7.039216102861
    8      2.324527631204      2.310069935423      7.015292954896
    0    0
