   3   1   1 E -1.6031095163310E+04 DE 1.3E-09( 10)
  0.138494562429E-01  0.701305198692E+01  0.702534729249E+01
  0.702768805583E+01 -0.344496140379E-02  0.703517384824E+01
  0.702765468388E+01  0.701744557660E+01  0.225685500926E-02
    1
  0.100000000000E+01  0.000000000000E+00  0.000000000000E+00
  0.000000000000E+00  0.100000000000E+01  0.000000000000E+00
  0.000000000000E+00  0.000000000000E+00  0.100000000000E+01
  0.000000000000E+00  0.000000000000E+00  0.000000000000E+00
   54
   20      0.006024778109     -0.028494388218     -0.008615146889
   20      2.358588075970      2.336026603959     -0.044093598883
   20     -2.354666964047     -2.307047251249      0.004336135938
   20      2.318666429102     -0.031877190281      2.388776251685
   20      4.701931212918      2.320846580857      2.350984290976
   20      0.030297331971     -2.335799700004      2.347234838153
   20     -2.404269142944     -0.005321937531     -2.338884113398
   20      0.044945938495      2.316401246994     -2.371508757099
   12     -4.715215391554     -2.270551966500     -2.297537497705
   20      0.000178141494      2.298505403884      2.401267763526
   20      2.342583921346      4.758666512317      2.378304332087
   12     -2.373800359288     -0.005166460212      2.470247745063
   12      2.280813165176      2.310428861114      4.729687217689
   20      4.671680941936      4.735005666510      4.686216234503
   12      0.118977265348      0.019740298780      4.722865071842
   20     -2.415199681329      2.316687420615      0.002255903163
   20      0.044127524615      4.772318540625     -0.026464773633
   12     -4.743897878253      0.023929764665     -0.043418198524
   20      0.069892866659     -2.345379504555     -2.334336458415
   12      2.311073609837     -0.001634155920     -2.322023211290
   20     -2.331390019128     -4.732937712046     -2.341283067822
   12      2.295415976176     -2.310218761032     -0.086888597685
   20      4.697914867780     -0.004245026060     -0.028284332362
   12      0.118922203914     -4.761640189118      0.021940605992
   20     -2.378970311152     -2.332665389159     -4.697668418228
   12      0.030970850365      0.045374660485     -4.777028311733
   20     -4.716103885149     -4.744312020181     -4.719285380468
    8      0.061506981985     -0.004411648463     -2.393135317889
    8      2.344515926265      2.304815771475     -2.349845075878
    8     -2.414844975034     -2.337882211897     -2.354248677969
    8      2.335901312214     -0.097266061279     -0.090875591891
    8      4.760158513335      2.325665505055     -0.003617847034
    8      0.109466338384     -2.422134653997     -0.009044855442
    8      4.724338507967     -0.009771453891      2.349516097678
    8      7.023509411873      2.214375865411      2.266160632068
    8      2.337185079783     -2.353267657610      2.351988605039
    8      0.014761212714      2.341530767511     -0.009823516328
    8      2.333520517354      4.790787746594     -0.086200236168
    8     -2.445622334793      0.006868600455      0.004187998010
    8      2.346114900860      2.335067882688      2.421225216764
    8      4.690504483950      4.781449203129      2.352222766598
    8     -0.040162101525     -0.007576470112      2.396762825386
    8      4.592600531152      2.337476179279      4.685336313333
    8      7.152023280735      4.791303202284      4.683797285626
    8      2.189875648750     -0.012305180207      4.829349462273
    8      0.009464887900      4.771973985223      2.346243427293
    8      2.335770271918      7.008829784799      2.343292552091
    8     -2.340364330207      2.227374710031      2.344081609366
    8      2.353362701458      4.724689006789      4.816243016389
    8      4.667319618545      7.010381090307      4.579399055292
    8      0.120026429240      2.200274433953      4.758390398197
    8      4.627220303973      4.697759862319      7.010470494385
    8      7.174264735666      7.158954054794      7.048143936493
    8      2.239455558976      2.300134486158      6.925683880678
    0    0
