   3   1   1 E -1.6031087717182E+04 DE 4.8E-09(  9)
  0.315329883336E-01  0.696264483246E+01  0.701584641647E+01
  0.702717027291E+01  0.207838290558E-02  0.703729442997E+01
  0.704076638475E+01  0.699133141856E+01 -0.506798103907E-02
    1
  0.100000000000E+01  0.000000000000E+00  0.000000000000E+00
  0.000000000000E+00  0.100000000000E+01  0.000000000000E+00
  0.000000000000E+00  0.000000000000E+00  0.100000000000E+01
  0.000000000000E+00  0.000000000000E+00  0.000000000000E+00
   54
   20     -0.061015385075      0.001159841259     -0.010376361128
   20      2.356253769994      2.371341339787     -0.030898258451
   20     -2.368198198833     -2.292902314918     -0.015363558054
   20      2.357025357232     -0.033333713715      2.353777150007
   20      4.719034162577      2.347795055243      2.346397281681
   20     -0.009994865096     -2.327251008297      2.357141418926
   20     -2.369191107143     -0.019477342605     -2.285002809641
   20     -0.020737024623      2.393761141797     -2.299262054462
   12     -4.721270375098     -2.263924893626     -2.262729830166
   20     -0.029955759026      2.335521919915      2.317273984119
   20      2.364567791497      4.701854262234      2.303006774826
   12     -2.383116020219     -0.029160119618      2.274934228524
   20      2.351339767009      2.328229662285      4.748705035496
   12      4.677968227312      4.829866552287      4.816093127642
   20     -0.019304790366     -0.061840816709      4.765566234053
   12     -2.267292587323      2.276748655390     -0.020507538060
   12     -0.050361516677      4.651403700977     -0.130241119585
   12     -4.678772919154      0.016902397949     -0.016350486825
   12     -0.001474854993     -2.371371020074     -2.237841511553
   20      2.383410228517     -0.046737410876     -2.340977564873
   20     -2.327183428243     -4.684244706457     -2.335666771853
   20      2.396251779427     -2.360543700608     -0.017690202143
   12      4.747611768500     -0.014690795688     -0.003483927768
   12     -0.032410871626     -4.649916578948     -0.006790724495
   20     -2.316495746263     -2.339215558577     -4.739421009234
   20     -0.006679136121     -0.020147400633     -4.735715063277
   20     -4.672884698648     -4.696783669356     -4.745791028097
    8     -0.019958653054     -0.058140178482     -2.327605618149
    8      2.358070939832      2.401631109430     -2.357094393631
    8     -2.354900650387     -2.339913237138     -2.331185175487
    8      2.397127979548     -0.011554019192     -0.031921418355
    8      4.789728534192      2.264917504026     -0.008368269410
    8     -0.009228800119     -2.396968581656     -0.040431422813
    8      4.703936260125     -0.011447220951      2.326142582066
    8      7.016454175838      2.340227794569      2.285286118367
    8      2.371295543168     -2.337646813828      2.367117880301
    8     -0.089494694242      2.431996689010      0.011125407869
    8      2.244161136830      4.801810587696     -0.151390161897
    8     -2.461478251591      0.099731959048      0.119038638157
    8      2.355690344383      2.342873960139      2.335651113058
    8      4.702118427291      4.776496940330      2.378318388422
    8     -0.064081696009     -0.020510642074      2.338342491049
    8      4.703972535052      2.394398764217      4.776347014659
    8      7.016243399589      4.657562144451      4.762637377220
    8      2.338765569657     -0.089450008650      4.782922035261
    8      0.011019333349      4.643388065600      2.293733417468
    8      2.443179643492      6.954268164097      2.244312601252
    8     -2.323765565692      2.221229004396      2.213241778269
    8      2.368732226410      4.634253020046      4.717051128882
    8      4.722817802353      6.825587205144      4.689005225847
    8     -0.000700339882      2.395088247520      4.774668872538
    8      4.844559468811      4.694432741760      6.923284825277
    8      6.997842055012      6.948305197264      7.043465990453
    8      2.368383115467      2.196633977468      7.033846052067
    0    0
