   3   1   1 E -1.6031094854278E+04 DE-2.3E-10( 11)
  0.905197684029E-02  0.700402262315E+01  0.702679876146E+01
  0.703271021141E+01 -0.295660036998E-02  0.703013203592E+01
  0.703226266621E+01  0.700185770308E+01  0.318017151454E-02
    1
  0.100000000000E+01  0.000000000000E+00  0.000000000000E+00
  0.000000000000E+00  0.100000000000E+01  0.000000000000E+00
  0.000000000000E+00  0.000000000000E+00  0.100000000000E+01
  0.000000000000E+00  0.000000000000E+00  0.000000000000E+00
   54
   20      0.002363696119      0.023774905899     -0.023062922349
   20      2.373516741504      2.325822498563     -0.065312288582
   20     -2.367770284539     -2.337074712900     -0.020542042542
   20      2.348042035269     -0.020254819873      2.362340574435
   20      4.725894135981      2.306140543144      2.341127765911
   20      0.010237228092     -2.338793537935      2.359723147350
   20     -2.373804132839      0.009092888254     -2.296425303106
   20      0.015010717505      2.364314258992     -2.365990354854
   12     -4.706953584549     -2.198493525112     -2.294042682678
   20     -0.017987042724      2.324698474456      2.345685389962
   20      2.343383055889      4.729092339340      2.352518083337
   20     -2.369041881080     -0.009089188807      2.359447321272
   20      2.346518183236      2.302302690353      4.752033350712
   12      4.676450504538      4.714844306864      4.764149314957
   12      0.053007209371     -0.025505149108      4.764663562653
   12     -2.343093617230      2.306189981424     -0.043865527347
   20     -0.014556626436      4.761628737987     -0.035266418483
   12     -4.804613670916      0.018842947939     -0.026676945800
   20      0.014773678402     -2.328259167244     -2.346137478407
   12      2.373522406926     -0.050158918932     -2.295515565211
   20     -2.356052802926     -4.748826500600     -2.322222242876
   20      2.399720090578     -2.345743149966     -0.043869103804
   12      4.722256759925      0.124509473964     -0.060079888512
   12     -0.072870310529     -4.807295601406     -0.007369248882
   20     -2.341618607096     -2.328276414424     -4.732872360188
   12     -0.001275145612      0.018701320680     -4.706979183767
   20     -4.715539285349     -4.729711669792     -4.698745622064
    8      0.038604516783      0.010102794335     -2.375842116894
    8      2.341264861080      2.291159389555     -2.354749516820
    8     -2.419662888077     -2.341659673281     -2.321884325776
    8      2.412322554764     -0.004633578527     -0.076302086493
    8      4.768047473460      2.230751144732     -0.005479870060
    8      0.005988657491     -2.385345828766     -0.012841403403
    8      4.760956611933     -0.011382406950      2.331228633932
    8      7.027839099376      2.224904285134      2.271116521166
    8      2.364243244498     -2.342906034217      2.385461904776
    8     -0.041465573926      2.356527159047     -0.042495807832
    8      2.334875962272      4.778160985029     -0.054303255541
    8     -2.418665040669      0.089210324092      0.003867959154
    8      2.345600100855      2.326686515203      2.357407709487
    8      4.699053018784      4.670868032371      2.352905788089
    8      0.016527545886      0.002185245980      2.388788824157
    8      4.697285744614      2.418285815039      4.757440973947
    8      7.065738923570      4.806433983059      4.683525395297
    8      2.240557604032     -0.112401357016      4.805878239206
    8     -0.004147721362      4.762669767430      2.334810716638
    8      2.255427191236      6.990304191348      2.327981352656
    8     -2.352254625096      2.308021951619      2.326357848145
    8      2.435483864639      4.753960318534      4.686134062069
    8      4.688880885965      6.891392746627      4.793427778892
    8      0.002317762461      2.238870698537      4.747695287489
    8      4.709746895060      4.695160939609      6.918070311448
    8      7.050976043515      7.088103448793      7.003463190621
    8      2.388049680382      2.215252897283      7.022121914540
    0    0
