   3   1   1 E -1.6031088912023E+04 DE-7.0E-10( 11)
  0.254842414902E-01  0.697084970061E+01  0.703902251803E+01
  0.702880092387E+01  0.935073256525E-02  0.704706842721E+01
  0.704134631410E+01  0.698509147582E+01  0.339642768413E-02
    1
  0.100000000000E+01  0.000000000000E+00  0.000000000000E+00
  0.000000000000E+00  0.100000000000E+01  0.000000000000E+00
  0.000000000000E+00  0.000000000000E+00  0.100000000000E+01
  0.000000000000E+00  0.000000000000E+00  0.000000000000E+00
   54
   20      0.007004858105     -0.044287836395     -0.045649124571
   20      2.363583077930      2.336054738940     -0.027398853283
   20     -2.328007193489     -2.333824566311     -0.028724863870
   20      2.389625887234     -0.069173175245      2.323252572468
   20      4.706824147674      2.326189387018      2.336039004478
   20      0.050540628395     -2.351682304428      2.339817049845
   20     -2.368211262084     -0.053247232194     -2.342292641440
   20     -0.013794054280      2.366011628424     -2.336703150318
   12     -4.653763960669     -2.293591826291     -2.286722698784
   20     -0.037416474586      2.372200796294      2.349364736297
   20      2.348667881307      4.677094601240      2.351563881563
   20     -2.355688071594      0.000138145517      2.330989027846
   20      2.356487120191      2.370726630421      4.780402301558
   12      4.645522039339      4.654987203328      4.751056561818
   20      0.006774909948     -0.001119158086      4.769538266603
   12     -2.397544710151      2.386301778858     -0.021546702528
   20     -0.065514797072      4.695250074100     -0.018325971122
   12     -4.643226005112     -0.008382576915     -0.020332707267
   12      0.062693463850     -2.373175196726     -2.263140191100
   20      2.364277460914     -0.056533413118     -2.294423458306
   20     -2.340368092851     -4.610409241379     -2.338817623573
   12      2.314291847061     -2.376594763926     -0.069980155613
   12      4.643898964095     -0.034346157168     -0.010684365885
   12     -0.008510478650     -4.646383534599     -0.013368837277
   12     -2.361084480924     -2.340296849828     -4.671892417998
   20     -0.030165766549     -0.007333761955     -4.719831928615
   20     -4.669518309387     -4.611770560080     -4.754365719956
    8     -0.009608701253     -0.073201790433     -2.346414245867
    8      2.354675038368      2.398114911768     -2.343704854814
    8     -2.343086147427     -2.334111077397     -2.340216920560
    8      2.426252228780     -0.097021611531     -0.007129519640
    8      4.757545212434      2.266441375356     -0.010997944275
    8      0.100921658873     -2.424926273564     -0.057569300922
    8      4.675277710994     -0.091852758021      2.279400596416
    8      7.029987917355      2.346657826758      2.302215812213
    8      2.478680341974     -2.333720421740      2.311117861546
    8     -0.068065287906      2.344285963734     -0.033164747955
    8      2.346747888295      4.732987780724     -0.046271965074
    8     -2.411498224045      0.050558584011     -0.019504528915
    8      2.348033552795      2.337472654567      2.336758201137
    8      4.705937576983      4.656810846815      2.378273329774
    8      0.010170796485     -0.017892538784      2.344711306471
    8      4.691234290729      2.421320845453      4.780588878567
    8      7.030617351438      4.676037719618      4.720730532575
    8      2.348362272805     -0.096008722528      4.798640990413
    8     -0.104547205652      4.662655747869      2.331763832567
    8      2.368537308382      6.967497225134      2.319692135696
    8     -2.335014704763      2.414918611400      2.274052051235
    8      2.365271639429      4.646570889800      4.762262575429
    8      4.717802141876      6.893633354125      4.779629112078
    8      0.006313449305      2.432014768837      4.793470927145
    8      4.534667101498      4.654673540469      6.945876664337
    8      7.027822633303      7.086765483706      7.045436358934
    8      2.389925187878      2.350327824837      7.035224048688
    0    0
