   3   1   1 E -1.6031094937470E+04 DE-4.7E-10( 11)
  0.141698849180E-01  0.701544119475E+01  0.701446020499E+01
  0.699727549171E+01 -0.317511825389E-02  0.702535118929E+01
  0.700814496403E+01  0.703040100898E+01 -0.724607099188E-02
    1
  0.100000000000E+01  0.000000000000E+00  0.000000000000E+00
  0.000000000000E+00  0.100000000000E+01  0.000000000000E+00
  0.000000000000E+00  0.000000000000E+00  0.100000000000E+01
  0.000000000000E+00  0.000000000000E+00  0.000000000000E+00
   54
   20      0.032940539112     -0.024929601690     -0.018125332966
   20      2.352244622207      2.335296549708     -0.054649285290
   20     -2.348278641373     -2.352328884755     -0.012794775208
   20      2.371405932889     -0.045285525877      2.399350006836
   20      4.674666491208      2.343038538728      2.364198625523
   20      0.017301366313     -2.333070401872      2.382141176451
   20     -2.343242475385     -0.034198190654     -2.388603443187
   20      0.040272921413      2.342827932490     -2.373692705494
   12     -4.583817632495     -2.377522060079     -2.351835503618
   20     -0.040596527119      2.347287895348      2.353268573693
   20      2.344449218136      4.715685124794      2.385822572280
   12     -2.295446191638      0.009994620856      2.422341918418
   12      2.375362048762      2.404467060841      4.723199761785
   12      4.529855594739      4.681925344634      4.682063158149
   20     -0.036914911277     -0.005534224103      4.665767759230
   20     -2.368084014550      2.379355055499     -0.005773716165
   20     -0.033649313056      4.704975559730     -0.001387850078
   20     -4.665681831521     -0.001580053003     -0.004527101912
   20      0.020083440777     -2.343196486859     -2.366413530874
   12      2.409472036407     -0.049243592965     -2.395907440987
   12     -2.409755946140     -4.628059752673     -2.414863256719
   12      2.407372106018     -2.228624249660     -0.120177392320
   20      4.634198929534     -0.039293973186     -0.043075879170
   20      0.023561612065     -4.680368311022      0.004213229509
   12     -2.439586189800     -2.364210485806     -4.598677252922
   12     -0.083961983241     -0.022078600858     -4.666338600073
   20     -4.621814015374     -4.686537275740     -4.636193939203
    8      0.048338118985     -0.010808045833     -2.402675091071
    8      2.464244646639      2.363342373692     -2.347865167192
    8     -2.448085183623     -2.431239400758     -2.402092407239
    8      2.346024757734     -0.081706304099     -0.074175491299
    8      4.667897430545      2.344115579302     -0.057111094315
    8      0.057610169378     -2.346176447689     -0.011628035462
    8      4.744392082273     -0.093433450103      2.342515754301
    8      7.015982666380      2.276981515319      2.353090756977
    8      2.424080851777     -2.353137323338      2.397350819061
    8     -0.005452072395      2.349091598415     -0.021624463923
    8      2.340045925025      4.689634743894     -0.031596297701
    8     -2.329778512227     -0.009853935629      0.045502433908
    8      2.339586702658      2.347431543182      2.396645493354
    8      4.661194471006      4.756451657682      2.417972477362
    8     -0.044709806319     -0.011050883018      2.355554561567
    8      4.580189407055      2.397567422331      4.689857076350
    8      7.015555035774      4.682148768257      4.683741756805
    8      2.339574942427     -0.027928945332      4.686969266038
    8     -0.078095942417      4.776582017951      2.360153463982
    8      2.406582300028      7.014283514746      2.443562540511
    8     -2.324892500866      2.379895447037      2.439026846091
    8      2.452180549996      4.693257303848      4.744377566799
    8      4.561692198329      6.991763273874      4.553627735913
    8      0.021930930976      2.340083593994      4.680772167368
    8      4.534364759701      4.678677130348      6.980922284552
    8      6.990377929719      7.015878043315      7.032043089793
    8      2.344967487790      2.411359081410      6.962296136592
    0    0
