   3   1   1 E -1.6031098204645E+04 DE-8.5E-10( 10)
  0.865443620740E-02  0.702209601779E+01  0.702292010659E+01
  0.700966380020E+01 -0.236975006432E-02  0.702665830328E+01
  0.701119649451E+01  0.702210381910E+01  0.173026493781E-02
    1
  0.100000000000E+01  0.000000000000E+00  0.000000000000E+00
  0.000000000000E+00  0.100000000000E+01  0.000000000000E+00
  0.000000000000E+00  0.000000000000E+00  0.100000000000E+01
  0.000000000000E+00  0.000000000000E+00  0.000000000000E+00
   54
   20      0.020988203172     -0.021349337616     -0.065273809226
   20      2.335826889717      2.336717912766     -0.082242326639
   20     -2.316570390392     -2.366826861508     -0.058386129848
   20      2.342767227653     -0.023073528624      2.389764421411
   20      4.700650082306      2.334266638689      2.342794715993
   20      0.033911862596     -2.379204246889      2.328581907184
   20     -2.349061935179     -0.007493419244     -2.328212373460
   12      0.073433786330      2.371690688890     -2.323674012853
   12     -4.695056763675     -2.403221969023     -2.300693326720
   20     -0.003484360190      2.351542512860      2.399699609393
   20      2.328742887086      4.704174497094      2.374400060616
   20     -2.388538621946      0.019228860554      2.353125003391
   12      2.304078524397      2.361552904253      4.773772662401
   20      4.623259997310      4.659261197833      4.691019827294
   20      0.024096429931      0.045172356751      4.707056857015
   20     -2.403379669702      2.339021770019     -0.001764729718
   20      0.030086375635      4.688865352061     -0.028025617733
   12     -4.691273923540     -0.023771448650     -0.109705576853
   12      0.173957304179     -2.452710865568     -2.277263385008
   12      2.289520207502      0.023238326934     -2.297856014453
   12     -2.367150411893     -4.640697077621     -2.316307947758
   12      2.271124251848     -2.311206331454     -0.120333490682
   20      4.656265905349      0.022198446119     -0.047385946307
   12      0.080181351220     -4.652258712680     -0.110038380363
   20     -2.365003328856     -2.357129931057     -4.638939784774
   20      0.030738592965      0.033629729940     -4.654390453933
   20     -4.703897066211     -4.675328621208     -4.665834308810
    8      0.134806452670      0.056497842247     -2.336350410396
    8      2.280593780213      2.372249098406     -2.342443425777
    8     -2.405351290828     -2.465009181171     -2.340257378789
    8      2.334025920363     -0.076764894517     -0.085147562217
    8      4.754457004800      2.336872651979     -0.097724468445
    8      0.128858713211     -2.431356902555     -0.103813523655
    8      4.670368438235     -0.003238998587      2.349037646428
    8      7.011125270642      2.348990581747      2.358878718823
    8      2.330289621101     -2.336940593847      2.373522099356
    8     -0.006425217341      2.344270895742     -0.040987475291
    8      2.338700094504      4.752663064849     -0.079527349709
    8     -2.424334067941     -0.001222387340     -0.018673571399
    8      2.331734097765      2.339515597108      2.382794883470
    8      4.676297390100      4.679350291959      2.346230811911
    8      0.001334705669     -0.003078365674      2.366599341639
    8      4.647628565057      2.342715484358      4.684812574174
    8      7.106478612293      4.586488266098      4.689422553089
    8      2.327666781439      0.001859900851      4.786996337487
    8      0.015340926204      4.681166307190      2.436675061469
    8      2.340112283138      7.022532110240      2.363461288791
    8     -2.332781464032      2.339453648029      2.442461850730
    8      2.244215323513      4.638198008540      4.776794444831
    8      4.567619771284      7.120644258571      4.674979860228
    8      0.067145652370      2.431223690750      4.768981549986
    8      4.594550166532      4.679762313612      7.020944416040
    8      7.127766855231      7.110932364078      7.017091476273
    8      2.234378495339      2.344171494458      6.902241838010
    0    0
