   3   1   1 E -1.6031098094257E+04 DE 3.4E-09(  9)
  0.675263114515E-02  0.698422005061E+01  0.701710200485E+01
  0.701554564622E+01 -0.107564990071E-01  0.702603819721E+01
  0.700881139410E+01  0.698125953967E+01  0.155495958233E-02
    1
  0.100000000000E+01  0.000000000000E+00  0.000000000000E+00
  0.000000000000E+00  0.100000000000E+01  0.000000000000E+00
  0.000000000000E+00  0.000000000000E+00  0.100000000000E+01
  0.000000000000E+00  0.000000000000E+00  0.000000000000E+00
   54
   20      0.036193186075     -0.045269681086     -0.045887110439
   20      2.339331780646      2.325469392138     -0.051678816355
   20     -2.310910729192     -2.339921368719     -0.042192700153
   20      2.338121101752     -0.075472271297      2.339723984121
   20      4.689653722237      2.320297562939      2.341537280496
   20      0.089410671572     -2.357910073895      2.345291693598
   20     -2.339991751027     -0.040036867643     -2.345658985940
   20      0.047148149354      2.330343255299     -2.362940655190
   12     -4.649627318216     -2.326180869160     -2.370520809195
   20     -0.036202457762      2.355095439450      2.369738463696
   20      2.310678795934      4.691765759395      2.384802924177
   20     -2.336501222074      0.052795636356      2.341431297596
   20      2.297870549938      2.357233093070      4.765477913276
   20      4.653354630262      4.679047508829      4.711211320368
   12      0.056992854330     -0.024655741300      4.718939871085
   12     -2.366495103412      2.413170334859      0.060348074982
   20     -0.028156283265      4.671036514644     -0.038846318224
   20     -4.690889765699      0.072083360231     -0.005057156629
   12      0.085363169404     -2.336067962762     -2.288690124268
   12      2.283291654738     -0.060069109748     -2.335106804554
   20     -2.342096292481     -4.629075640273     -2.369973427791
   12      2.227056765746     -2.480717148866      0.001407544190
   20      4.655219741774     -0.028254398392     -0.015392905226
   12     -0.024701113901     -4.604291930752     -0.030358454615
   12     -2.386906672611     -2.386187085312     -4.681437668487
   20      0.016752836204      0.006431892617     -4.664205784671
   12     -4.630355056020     -4.661776453044     -4.708639790491
    8      0.079866518738     -0.089707616534     -2.350345137680
    8      2.345298682970      2.345400307873     -2.426866849300
    8     -2.367952163191     -2.335577387913     -2.417250530549
    8      2.334423227348     -0.080669076929     -0.072138647209
    8      4.726267484388      2.327480787238     -0.011432129519
    8      0.115380733642     -2.439136463639     -0.057448596625
    8      4.669485777159     -0.073911261118      2.342400907398
    8      7.074361514364      2.329860979588      2.302844657492
    8      2.455313552729     -2.461442531820      2.364377162359
    8     -0.038878767790      2.328028378156     -0.035020505420
    8      2.328015664947      4.672371553119     -0.046405133367
    8     -2.325597856456      0.046158690501     -0.022073691233
    8      2.320519701527      2.329532364584      2.359196269502
    8      4.683685806272      4.665419526063      2.351704804026
    8      0.018872888470     -0.012564483013      2.358846467481
    8      4.673824814269      2.337570454514      4.733544876534
    8      7.099390332823      4.733932018587      4.681946814999
    8      2.255104376487     -0.071902515433      4.690536045666
    8     -0.076334360882      4.663354496955      2.373320441292
    8      2.344514190674      7.077208910951      2.402909812961
    8     -2.419658823371      2.438269396854      2.223703622028
    8      2.232289657757      4.761868201597      4.763246654989
    8      4.676854901525      6.990852298013      4.681355304790
    8      0.002951379064      2.354029873870      4.781981406031
    8      4.577312166749      4.537711759933      7.088247899836
    8      7.014908523460      7.064312297452      6.980454023267
    8      2.356167753647      2.478919803734      7.136169422270
    0    0
