   3   1   1 E -1.6031034601713E+04 DE-5.1E-10(  2)
  0.699886845538E-02  0.702337234845E+01  0.702966101028E+01
  0.703282571853E+01 -0.571148084925E-02  0.703346088994E+01
  0.703443949135E+01  0.702391174768E+01 -0.168745183428E-02
    1
  0.100000000000E+01  0.000000000000E+00  0.000000000000E+00
  0.000000000000E+00  0.100000000000E+01  0.000000000000E+00
  0.000000000000E+00  0.000000000000E+00  0.100000000000E+01
  0.000000000000E+00  0.000000000000E+00  0.000000000000E+00
   54
   20      0.000000000000      0.000000000000      0.000000000000
   20      2.344813163783      2.341303915895     -0.000562483945
   20     -2.344813163783     -2.341303915895      0.000562483945
   20      2.344275239511     -0.001903826950      2.344486963312
   20      4.689088403295      2.339400088945      2.343924479367
   20     -0.000537924272     -2.343207742844      2.345049447257
   20     -2.344275239511      0.001903826950     -2.344486963312
   20      0.000537924272      2.343207742844     -2.345049447257
   12     -4.689088403295     -2.339400088945     -2.343924479367
   20      0.002332956152      2.341124116152      2.343220336761
   20      2.347146119935      4.682428032046      2.342657852816
   12     -2.342480207632     -0.000179799743      2.343782820706
   20      2.346608195663      2.339220289202      4.687707300073
   12      4.691421359446      4.680524205096      4.687144816129
   20      0.001795031880     -0.002083626693      4.688269784018
   12     -2.341942283359      2.343027943101     -0.001266626551
   20      0.002870880424      4.684331858996     -0.001829110496
   20     -4.686755447143      0.001724027207     -0.000704142606
   12     -0.002332956152     -2.341124116152     -2.343220336761
   20      2.342480207632      0.000179799743     -2.343782820706
   20     -2.347146119935     -4.682428032046     -2.342657852816
   12      2.341942283359     -2.343027943101      0.001266626551
   12      4.686755447143     -0.001724027207      0.000704142606
   20     -0.002870880424     -4.684331858996      0.001829110496
   12     -2.346608195663     -2.339220289202     -4.687707300073
   12     -0.001795031880      0.002083626693     -4.688269784018
   20     -4.691421359446     -4.680524205096     -4.687144816129
    8     -0.000897515940      0.001041813346     -2.344134892009
    8      2.343915647843      2.342345729240     -2.344697375954
    8     -2.345710679723     -2.340262102548     -2.343572408064
    8      2.343377723571     -0.000862013603      0.000352071303
    8      4.688190887353      2.340441902289     -0.000210412642
    8     -0.001435440212     -2.342165929498      0.000914555248
    8      4.687652963083     -0.002765840553      2.344839034615
    8      7.032466126864      2.338538075339      2.344276550672
    8      2.342839799299     -2.344069756448      2.345401518560
    8      0.001435440212      2.342165929498     -0.000914555248
    8      2.346248603994      4.683469845392     -0.001477039193
    8     -2.343377723571      0.000862013603     -0.000352071303
    8      2.345710679723      2.340262102548      2.343572408064
    8      4.690523843505      4.681566018441      2.343009924120
    8      0.000897515940     -0.001041813346      2.344134892009
    8      4.689985919235      2.338358275599      4.688059371378
    8      7.034799083016      4.679662191490      4.687496887433
    8      2.345172755451     -0.002945640296      4.688621855321
    8      0.003768396364      4.683290045647      2.342305781510
    8      2.348581560146      7.024593961540      2.341743297565
    8     -2.341044767420      2.341986129752      2.342868265455
    8      2.348043635875      4.681386218698      4.686792744823
    8      4.692856799656      7.022690134590      4.686230260878
    8      0.003230472092      2.340082302804      4.687355228769
    8      4.692318875386      4.679482391749      7.031279708138
    8      7.037132039168      7.020786307640      7.030717224193
    8      2.347505711603      2.338178475856      7.031842192082
    0    0
