   3   1   1 E -1.6031093500059E+04 DE 1.2E-09(  9)
  0.671652025039E-02  0.702241489718E+01  0.700705703768E+01
  0.700093490331E+01  0.280575739631E-02  0.700275777098E+01
  0.700146529312E+01  0.701395737278E+01  0.741626398299E-02
    1
  0.100000000000E+01  0.000000000000E+00  0.000000000000E+00
  0.000000000000E+00  0.100000000000E+01  0.000000000000E+00
  0.000000000000E+00  0.000000000000E+00  0.100000000000E+01
  0.000000000000E+00  0.000000000000E+00  0.000000000000E+00
   54
   20     -0.003600485330      0.006472398977     -0.047639118929
   20      2.335074224203      2.340596718105     -0.055100381795
   20     -2.350002597804     -2.325385648362     -0.018514242082
   20      2.343952559785     -0.015856940740      2.379138781620
   20      4.694425641612      2.322152758831      2.335372608604
   20      0.011106871965     -2.340367067378      2.401383589404
   20     -2.305814873520     -0.022429405460     -2.350880235889
   12      0.059085626787      2.333563608891     -2.349500581498
   12     -4.741560976768     -2.226140921705     -2.350041737110
   20     -0.029635119031      2.348029071732      2.383283125189
   20      2.341380169723      4.727939165058      2.329233969440
   12     -2.339698041182     -0.012346185813      2.323561762315
   20      2.312145851942      2.320344575486      4.703661354302
   20      4.687137206333      4.723233197582      4.675446943563
   12      0.006913562920     -0.040985972433      4.762951076588
   20     -2.325385680755      2.330969321864      0.040820162231
   20      0.003723376814      4.712617480906     -0.050520232205
   12     -4.524958442176     -0.002668887821     -0.036772521334
   12      0.036809380353     -2.314865296127     -2.354441713809
   12      2.244930904323     -0.043434697490     -2.349168222449
   20     -2.355954161929     -4.695746749316     -2.377875714072
   20      2.345778612098     -2.330884321946     -0.024576389676
   12      4.573248443709     -0.041137169171      0.001119980029
   20      0.000948950207     -4.724870198408     -0.044669357251
   12     -2.411566927579     -2.269397607144     -4.658724622126
   20      0.019725043718     -0.012183133849     -4.641008070913
   20     -4.639021771375     -4.715020954685     -4.639492186651
    8      0.106606254348     -0.023445538528     -2.327273643878
    8      2.209307171850      2.311924396307     -2.320338221795
    8     -2.337812677042     -2.332882088492     -2.415599723400
    8      2.410177165234      0.002564461563     -0.052934777879
    8      4.656089108735      2.253686815868     -0.005748545607
    8     -0.004300076764     -2.352343768464     -0.046175976958
    8      4.660568956336     -0.075177144752      2.266879572469
    8      7.006944717972      2.334166085999      2.424788880623
    8      2.440506201021     -2.342862223494      2.425021450609
    8     -0.001093454596      2.344364935222     -0.049102988111
    8      2.335934372835      4.787324788805     -0.074033432309
    8     -2.399218486730      0.002249289404      0.042726780721
    8      2.342873637280      2.339017603536      2.334156119844
    8      4.682670938825      4.751013411289      2.346149440096
    8     -0.083626812919     -0.003206685133      2.391644866939
    8      4.741675777827      2.338661729178      4.676478140997
    8      7.106561629498      4.692837209831      4.660707796524
    8      2.252609708157     -0.069210686223      4.745030848521
    8     -0.085296678938      4.678982355349      2.373897567245
    8      2.440041026718      7.017422475755      2.387977132514
    8     -2.318683461778      2.321621343353      2.329255531983
    8      2.246395129533      4.752787010777      4.661177273523
    8      4.656297027607      7.012278102975      4.674554074853
    8      0.010673619604      2.338947220076      4.660343934328
    8      4.655644254473      4.783426799420      7.073500805069
    8      6.975043409882      7.029848805834      6.896134865392
    8      2.345249417083      2.250107278062      7.011274029066
    0    0
