   3   1   1 E -1.6031101967920E+04 DE 3.4E-09(  9)
 -0.165541022688E-01  0.700637184809E+01  0.700637184809E+01
  0.698846854564E+01 -0.103258462756E-01  0.700030262931E+01
  0.698846854564E+01  0.700030262931E+01 -0.103258462756E-01
    2
  0.100000000000E+01  0.000000000000E+00  0.000000000000E+00
  0.000000000000E+00  0.100000000000E+01  0.000000000000E+00
  0.000000000000E+00  0.000000000000E+00  0.100000000000E+01
  0.000000000000E+00  0.000000000000E+00  0.000000000000E+00
  0.100000000000E+01  0.000000000000E+00  0.000000000000E+00
  0.000000000000E+00  0.000000000000E+00  0.100000000000E+01
  0.000000000000E+00  0.100000000000E+01  0.000000000000E+00
  0.000000000000E+00  0.000000000000E+00  0.000000000000E+00
   54
   20      0.003291040897     -0.016820492906     -0.016820492906
   20      2.333114054777      2.339714307537     -0.016368782693
   20     -2.310703297857     -2.365346595201     -0.033221018041
   20      2.333114054777     -0.016368782693      2.339714307537
   20      4.701464680824      2.321790191351      2.321790191351
   20      0.017861629474     -2.360678335357      2.349052339970
   20     -2.310703297857     -0.033221018041     -2.365346595201
   20      0.017861629474      2.349052339970     -2.360678335357
   20     -4.639520096953     -2.351431961173     -2.351431961173
   20     -0.032519805065      2.399159516636      2.399159516636
   20      2.264265305553      4.699327471622      2.343580680661
   20     -2.339813892375      0.033884329905      2.400518394720
   20      2.264265305553      2.343580680661      4.699327471622
   12      4.742451692168      4.680913005579      4.680913005579
   12     -0.073059311159     -0.074392500766      4.725219396998
   20     -2.339813892375      2.400518394720      0.033884329905
   12     -0.073059311159      4.725219396998     -0.074392500766
   20     -4.749068094397      0.029128291741      0.029128291741
   12     -0.041680646045     -2.317489582148     -2.317489582148
   20      2.362045544569     -0.003355282420     -2.370485481097
   12     -2.251868145843     -4.603316465869     -2.333993241996
   20      2.362045544569     -2.370485481097     -0.003355282420
   20      4.759463914860     -0.035604621312     -0.035604621312
   12     -0.015191440788     -4.675672766922     -0.058377611671
   12     -2.251868145843     -2.333993241996     -4.603316465869
   12     -0.015191440788     -0.058377611671     -4.675672766922
   12     -4.671782064378     -4.676378107898     -4.676378107898
    8      0.002163119056     -0.080415660890     -2.406905747190
    8      2.407562767417      2.340388221704     -2.403122779342
    8     -2.217363365010     -2.410742720285     -2.410742720285
    8      2.346882873509     -0.011530095860     -0.011530095860
    8      4.734561172507      2.331024062647     -0.076276064779
    8      0.002163119056     -2.406905747190     -0.080415660890
    8      4.734561172507     -0.076276064779      2.331024062647
    8      7.066740876768      2.251397753015      2.251397753015
    8      2.407562767417     -2.403122779342      2.340388221704
    8     -0.016236799797      2.381057361775      0.006833973227
    8      2.243947420511      4.665622656682     -0.020490914416
    8     -2.324803588992      0.003271283670      0.003271283670
    8      2.312131206969      2.343300526185      2.343300526185
    8      4.647699149622      4.669514356622      2.377306114098
    8     -0.016236799797      0.006833973227      2.381057361775
    8      4.647699149622      2.377306114098      4.669514356622
    8      6.913841333087      4.736491037876      4.736491037876
    8      2.243947420511     -0.020490914416      4.665622656682
    8     -0.104131502264      4.777098753445      2.354158119661
    8      2.226106749573      7.093343566470      2.336255715268
    8     -2.411856059629      2.450264856991      2.450264856991
    8      2.305493088527      4.664220427228      4.664220427228
    8      4.759141124435      6.959470372233      4.663721666653
    8     -0.104131502264      2.354158119661      4.777098753445
    8      4.759141124435      4.663721666653      6.959470372233
    8      6.983629168616      6.958956918096      6.958956918096
    8      2.226106749573      2.336255715268      7.093343566470
    0    0
