   3   1   1 E -1.6031068449488E+04 DE-1.8E-10( 11)
  0.365275187264E-01  0.688409390635E+01  0.688409390635E+01
  0.698759901472E+01 -0.374538275654E-01  0.695811315443E+01
  0.698759901472E+01  0.695811315443E+01 -0.374538275654E-01
    2
  0.100000000000E+01  0.000000000000E+00  0.000000000000E+00
  0.000000000000E+00  0.100000000000E+01  0.000000000000E+00
  0.000000000000E+00  0.000000000000E+00  0.100000000000E+01
  0.000000000000E+00  0.000000000000E+00  0.000000000000E+00
  0.100000000000E+01  0.000000000000E+00  0.000000000000E+00
  0.000000000000E+00  0.000000000000E+00  0.100000000000E+01
  0.000000000000E+00  0.100000000000E+01  0.000000000000E+00
  0.000000000000E+00  0.000000000000E+00  0.000000000000E+00
   54
   20     -0.002723158975      0.010758749090      0.010758749090
   20      2.341283237126      2.334824601528     -0.005229737304
   20     -2.349855498699     -2.315761899599      0.027081816253
   20      2.341283237126     -0.005229737304      2.334824601528
   20      4.667812448371      2.289002074594      2.289002074594
   20      0.016766279263     -2.355723379951      2.312494837599
   20     -2.349855498699      0.027081816253     -2.315761899599
   20      0.016766279263      2.312494837599     -2.355723379951
   12     -4.713650280430     -2.406890848877     -2.406890848877
   20      0.010746632825      2.296816799753      2.296816799753
   12      2.395295572451      4.616984983329      2.308556091534
   12     -2.342869216233      0.041269541905      2.260846780277
   12      2.395295572451      2.308556091534      4.616984983329
   20      4.665778067868      4.595979621311      4.595979621311
   20      0.005475557865     -0.002352413773      4.647323968566
   12     -2.342869216233      2.260846780277      0.041269541905
   20      0.005475557865      4.647323968566     -0.002352413773
   20     -4.656679184597      0.037825048393      0.037825048393
   20      0.010905773545     -2.312757830086     -2.312757830086
   20      2.331168899304      0.025761609327     -2.349457423949
   20     -2.357678361266     -4.625509267758     -2.297266576506
   20      2.331168899304     -2.349457423949      0.025761609327
   12      4.702141958059      0.069993082548      0.069993082548
   12      0.001441642839     -4.675516853033      0.006343145853
   20     -2.357678361266     -2.297266576506     -4.625509267758
   12      0.001441642839      0.006343145853     -4.675516853033
   12     -4.775379201158     -4.602811312072     -4.602811312072
    8     -0.001747373605      0.011771967178     -2.350743289032
    8      2.328457222613      2.364012963260     -2.364782067207
    8     -2.373236076628     -2.314953530171     -2.314953530171
    8      2.338990451757      0.005294527562      0.005294527562
    8      4.670833205161      2.285282296184     -0.016866350923
    8     -0.001747373605     -2.350743289032      0.011771967178
    8      4.670833205161     -0.016866350923      2.285282296184
    8      7.048231859376      2.221707691258      2.221707691258
    8      2.328457222613     -2.364782067207      2.364012963260
    8      0.004233315687      2.321541579306     -0.000866473600
    8      2.331506156427      4.661556360700      0.005777770778
    8     -2.331761896243      0.054272979764      0.054272979764
    8      2.344123701307      2.338578778515      2.338578778515
    8      4.634781613381      4.645746990072      2.291255526579
    8      0.004233315687     -0.000866473600      2.321541579306
    8      4.634781613381      2.291255526579      4.645746990072
    8      7.025686351671      4.613890138274      4.613890138274
    8      2.331506156427      0.005777770778      4.661556360700
    8      0.047049351583      4.632435969976      2.286557091812
    8      2.355607583783      6.966841369956      2.260461605398
    8     -2.379674833776      2.234505883806      2.234505883806
    8      2.376220374011      4.539703427080      4.539703427080
    8      4.670489082997      6.920817962852      4.564825203138
    8      0.047049351583      2.286557091812      4.632435969976
    8      4.670489082997      4.564825203138      6.920817962852
    8      6.930755438423      7.010177968007      7.010177968007
    8      2.355607583783      2.260461605398      6.966841369956
    0    0
