   3   1   1 E -1.6031090252443E+04 DE-5.0E-10( 10)
 -0.347316260702E-02  0.702674118580E+01  0.701322776055E+01
  0.702867939029E+01 -0.696768716002E-02  0.700892248313E+01
  0.703264523374E+01  0.702020045281E+01 -0.460441929547E-02
    1
  0.100000000000E+01  0.000000000000E+00  0.000000000000E+00
  0.000000000000E+00  0.100000000000E+01  0.000000000000E+00
  0.000000000000E+00  0.000000000000E+00  0.100000000000E+01
  0.000000000000E+00  0.000000000000E+00  0.000000000000E+00
   54
   20     -0.001418794195      0.007269468590     -0.042352867932
   20      2.336421164065      2.353951405952     -0.087003871023
   20     -2.334618095721     -2.369443180033     -0.053144885453
   20      2.336169971806     -0.019951726711      2.373554741049
   20      4.698040120474      2.354199838399      2.339682977365
   20      0.005056405600     -2.334340822287      2.364223219837
   20     -2.343465650416     -0.008862832578     -2.321337220595
   20      0.023813374356      2.396903102088     -2.294388591904
   12     -4.699567967985     -2.283587461558     -2.318547329228
   20     -0.029568477616      2.356443749411      2.399533247148
   20      2.322691941426      4.704824111545      2.360709171338
   20     -2.343418312614      0.018702574892      2.399042832887
   20      2.293383285911      2.362484629912      4.689453267106
   12      4.677105768450      4.703313233415      4.691891218582
   12     -0.027491203621     -0.119840305766      4.715272906514
   12     -2.327196517413      2.438804038665     -0.050285577341
   12     -0.038481544479      4.726429965667     -0.071616526111
   20     -4.722475494741      0.014408358434     -0.024601899369
   12      0.010404150743     -2.372637589178     -2.299857597907
   12      2.342032030315     -0.087654454715     -2.331292139430
   12     -2.273609277964     -4.664230134065     -2.277192267213
   20      2.359066983186     -2.362354150932     -0.042381560877
   20      4.722721391494     -0.022907766996     -0.081181122742
   12     -0.098035807361     -4.724185458982     -0.084647414214
   20     -2.316219649208     -2.379726862615     -4.660146095398
   20      0.022003236513     -0.015201390304     -4.682386104062
   20     -4.652182853829     -4.679948877715     -4.632759249193
    8      0.075107036673     -0.050092848636     -2.338114302857
    8      2.440007144739      2.377962916731     -2.332922846329
    8     -2.326457040024     -2.413749471112     -2.332413860453
    8      2.354855877718     -0.001831998035     -0.067292578524
    8      4.773001971766      2.332828179934     -0.088687995122
    8      0.004859034494     -2.409041333300     -0.073688238726
    8      4.699737261503     -0.009873247136      2.346331464726
    8      7.029568902508      2.347998067021      2.304168550770
    8      2.343860769296     -2.342501420978      2.379614602395
    8     -0.069042148231      2.424163044335      0.012372458949
    8      2.275703154735      4.679907533611     -0.090593455905
    8     -2.334665059986      0.050324657302     -0.009825391501
    8      2.339949413730      2.344728336465      2.363121243530
    8      4.682436414306      4.676045043176      2.371330326134
    8      0.007367962184     -0.000082056807      2.410626421477
    8      4.688984321036      2.427321312649      4.733995419644
    8      7.020721312584      4.776032191333      4.750816704352
    8      2.270976164959     -0.076088773856      4.688830010786
    8      0.001441405506      4.684038904161      2.362533443235
    8      2.331897150492      7.022195771840      2.375128526422
    8     -2.333557139973      2.340878233037      2.376771130006
    8      2.335649604250      4.771339827282      4.682504252708
    8      4.683700966048      6.968804568537      4.676372423047
    8     -0.108051911127      2.357782943562      4.779704784727
    8      4.774343135506      4.584373007416      6.899375699436
    8      7.022969553334      6.980430665462      6.914986233036
    8      2.333806141204      2.343127265017      7.005669921974
    0    0
