   3   1   1 E -1.6031096828306E+04 DE 5.3E-09(  9)
  0.176716997533E-01  0.696183521912E+01  0.698502615968E+01
  0.700074621956E+01 -0.132308339926E-01  0.700768749678E+01
  0.701402273988E+01  0.699177108950E+01 -0.200880732119E-01
    1
  0.100000000000E+01  0.000000000000E+00  0.000000000000E+00
  0.000000000000E+00  0.100000000000E+01  0.000000000000E+00
  0.000000000000E+00  0.000000000000E+00  0.100000000000E+01
  0.000000000000E+00  0.000000000000E+00  0.000000000000E+00
   54
   20      0.046601282332     -0.029021975500     -0.025139176432
   20      2.334516587548      2.330250537653     -0.048282085897
   20     -2.323643473007     -2.322932144332     -0.021627002546
   20      2.362984775423     -0.074392595063      2.335895224266
   20      4.702777764151      2.319819444404      2.358445003819
   20      0.069547969581     -2.372528377831      2.361394934935
   20     -2.310184762200     -0.028737920316     -2.356818459025
   20      0.047620230731      2.329096877907     -2.368264783486
   12     -4.596700703578     -2.346960951520     -2.360129360977
   20     -0.049203605816      2.374200223842      2.333097155511
   20      2.317257489115      4.720552358623      2.397378024852
   20     -2.380385194923      0.021574660447      2.332994630212
   20      2.384892428840      2.393030908884      4.717463688783
   12      4.619019166953      4.663500349463      4.678424247501
   20     -0.006396380002     -0.053119952467      4.665886712039
   12     -2.386490872265      2.418968892032     -0.004802458123
   20     -0.037525851748      4.648124285417      0.004568298659
   20     -4.675773340117      0.030719122006      0.025920324868
   12     -0.039608187125     -2.251676425626     -2.376169107614
   12      2.300949703802     -0.051624499611     -2.378607400347
   20     -2.391135773122     -4.620369342866     -2.365974001300
   12      2.363529224588     -2.370754977842     -0.078898168443
   20      4.624037678060     -0.086769419125     -0.033372765010
   20      0.019037188835     -4.646410064846     -0.002928692067
   12     -2.396534614282     -2.377329299538     -4.621651773710
   12     -0.013901105227      0.000967002758     -4.593731397339
   12     -4.740004284955     -4.653562199385     -4.715068274519
    8      0.099593636723     -0.072580375408     -2.416523532103
    8      2.339014067826      2.349210522910     -2.422023608690
    8     -2.319150859659     -2.325128342685     -2.376075057095
    8      2.341660821082     -0.084364849491     -0.068266492184
    8      4.669769637340      2.327982752275     -0.026015544218
    8      0.104769034171     -2.340028117657     -0.047549477796
    8      4.724548768289     -0.092992285304      2.339254630395
    8      7.072617064024      2.241978422122      2.329306097493
    8      2.468642519828     -2.453922430000      2.454523066878
    8     -0.029728458487      2.330829709831      0.005634649418
    8      2.331697117117      4.680119801848     -0.030181336117
    8     -2.334176493649      0.040170145056     -0.003407225043
    8      2.353427922934      2.346451779802      2.360389755738
    8      4.686141028815      4.667126765792      2.375376503298
    8      0.016756000345     -0.021376080024      2.344223767898
    8      4.698125470445      2.389536606243      4.711739590384
    8      7.023043603749      4.636802302434      4.657204023472
    8      2.347434249480     -0.059046321884      4.674089040182
    8     -0.051753379079      4.732760890275      2.413922621450
    8      2.253616936460      7.104301843880      2.422110178948
    8     -2.436227471909      2.444114132337      2.218697674408
    8      2.369378142693      4.784541485577      4.785639994339
    8      4.579173054727      6.881955548700      4.604444254556
    8      0.004885551832      2.394252130363      4.656855664192
    8      4.541383222214      4.479112701093      6.969691999801
    8      6.989372381348      6.955440903859      6.995367227018
    8      2.456686056144      2.429825476298      7.088383319410
    0    0
