   3   1   1 E -1.6031098309743E+04 DE-3.6E-09( 10)
  0.114548966470E-01  0.699799534064E+01  0.701444464466E+01
  0.701790008675E+01 -0.599644538777E-02  0.702431442299E+01
  0.701469405544E+01  0.699842118727E+01  0.393503385402E-02
    1
  0.100000000000E+01  0.000000000000E+00  0.000000000000E+00
  0.000000000000E+00  0.100000000000E+01  0.000000000000E+00
  0.000000000000E+00  0.000000000000E+00  0.100000000000E+01
  0.000000000000E+00  0.000000000000E+00  0.000000000000E+00
   54
   20     -0.013552679312     -0.012254395440     -0.010498247103
   20      2.332260168928      2.352715354719     -0.011649626752
   20     -2.334533245715     -2.303540198884     -0.013928583085
   20      2.347135566986     -0.069613875119      2.346774395276
   20      4.712678360637      2.329566005668      2.368500095836
   20      0.045232096529     -2.346285276585      2.344998539927
   20     -2.326744605655     -0.027879458853     -2.361840340874
   20      0.012922477482      2.352195992366     -2.346077284563
   12     -4.660922347007     -2.368242566292     -2.414189294969
   20     -0.093955930995      2.355682364144      2.336942503647
   20      2.313121762781      4.719064828434      2.366092749593
   12     -2.322273275770     -0.013665182804      2.325822491654
   20      2.348878068671      2.385186068143      4.720523290636
   12      4.670758181987      4.632221630339      4.680963949182
   20     -0.006036205282     -0.040733268080      4.675750362940
   12     -2.363470062477      2.386425768087      0.096433735655
   20     -0.058868762891      4.663291701350      0.039573350436
   20     -4.649251894735      0.042688875195      0.049949529472
   12     -0.011548277330     -2.273603885023     -2.392077307832
   20      2.348831938050     -0.027570866983     -2.354110650812
   20     -2.346321456320     -4.630579780439     -2.402603625506
   12      2.411840274087     -2.377820053726     -0.049880629965
   20      4.660381343898     -0.081542818001     -0.009565379822
   20      0.052437685126     -4.647258635835      0.002965891424
   12     -2.411103293342     -2.356718017054     -4.740435028837
   12     -0.045829416310     -0.025863928014     -4.645678907993
   12     -4.612991275387     -4.629616010809     -4.743737040485
    8     -0.004519848677     -0.078778774737     -2.427769573607
    8      2.365645876232      2.414318174282     -2.391163640257
    8     -2.302288713968     -2.326832271716     -2.403648020175
    8      2.336696763950     -0.081141156080     -0.000166420991
    8      4.693447420232      2.333733015920      0.004167396004
    8      0.090049760441     -2.322252146502     -0.042672772392
    8      4.740673240636     -0.098429329321      2.340301568839
    8      7.091935253807      2.271622716143      2.352048171896
    8      2.473433609820     -2.431410664648      2.467743839379
    8     -0.078133333696      2.340375334793     -0.002740769321
    8      2.320667043167      4.679551951085     -0.024152171303
    8     -2.330340867607      0.072422096913      0.076529801720
    8      2.330328270701      2.341835566610      2.356307656897
    8      4.663688369976      4.731151160410      2.373439168599
    8     -0.046228985244     -0.015086946071      2.354652961580
    8      4.678730972287      2.438748032426      4.733243021707
    8      7.009840924818      4.658339347602      4.688011536367
    8      2.345086430057     -0.073974065539      4.683476109960
    8     -0.117090294916      4.769821334925      2.443299942311
    8      2.373302474396      7.086809180730      2.345592348373
    8     -2.442666010052      2.316773136592      2.226731927438
    8      2.303261792094      4.659032848993      4.722539407308
    8      4.676318763680      6.902401585520      4.591475272397
    8     -0.010481199483      2.393234926271      4.653696312997
    8      4.568281760494      4.554455305637      7.035245284477
    8      7.019015039047      6.988748125706      7.080725171825
    8      2.450490965890      2.445171514882      7.096190987665
    0    0
