   3   1   1 E -1.6031102911575E+04 DE 1.4E-09(  8)
  0.952754328628E-02  0.700014541943E+01  0.701532882351E+01
  0.699739658844E+01 -0.643114160138E-03  0.701593301806E+01
  0.700853482761E+01  0.700772320723E+01 -0.689062580862E-02
    1
  0.100000000000E+01  0.000000000000E+00  0.000000000000E+00
  0.000000000000E+00  0.100000000000E+01  0.000000000000E+00
  0.000000000000E+00  0.000000000000E+00  0.100000000000E+01
  0.000000000000E+00  0.000000000000E+00  0.000000000000E+00
   54
   20      0.029916475142     -0.015873100690     -0.028945342170
   20      2.357047250617      2.329808205600     -0.068135008301
   20     -2.345644565656     -2.372838179378     -0.024709085879
   20      2.355219846709     -0.009988477104      2.345568186165
   20      4.703273216975      2.309259326251      2.362276795767
   20      0.019906260554     -2.371834886179      2.377108767703
   20     -2.311838198271     -0.050727663557     -2.342732517504
   20      0.072213592872      2.337974197936     -2.333468937074
   12     -4.673750050215     -2.383771335974     -2.352939705384
   20     -0.033500624435      2.387628478369      2.348257056532
   20      2.294495077982      4.709920348410      2.342488836859
   20     -2.377942010638      0.020179857512      2.389114127114
   20      2.322763924051      2.378561742764      4.667453097669
   12      4.680533552941      4.747820579308      4.716160143754
   20     -0.070112346442     -0.028773596165      4.713777672224
   20     -2.328242795086      2.376910890779     -0.042913292543
   12     -0.022411490658      4.739310153483     -0.076692715465
   20     -4.716661808612     -0.015871448587      0.010760212702
   12      0.004009838945     -2.269493433801     -2.337752697947
   12      2.337536448546     -0.096928182509     -2.359582488885
   12     -2.427474628247     -4.573551772062     -2.343562222889
   20      2.358970569000     -2.324027051063     -0.015878889097
   12      4.664117349251      0.052565815464     -0.051214993239
   20     -0.020058493893     -4.712830317545      0.008067468120
   20     -2.314703587068     -2.332284527284     -4.674252939841
   12      0.032031325955     -0.048002419212     -4.665040936806
   12     -4.660423697651     -4.688241272125     -4.576585294242
    8      0.107422830320     -0.118793208449     -2.403979600432
    8      2.442283323063      2.367381745885     -2.422227899101
    8     -2.319040462973     -2.424384382316     -2.332212103577
    8      2.421152685543     -0.004212051236     -0.039670740406
    8      4.671829914355      2.243578046180     -0.081326160953
    8     -0.002467185625     -2.343471294438     -0.064143260376
    8      4.750211999674      0.005934649564      2.354081219468
    8      7.105753107915      2.244505458723      2.356156179838
    8      2.332460852718     -2.396088085502      2.433096322656
    8      0.004093041436      2.395091840836     -0.012329001673
    8      2.243377783899      4.662449248884     -0.109837973008
    8     -2.332637200483     -0.005799970246     -0.033647108721
    8      2.330985798978      2.347736473181      2.341636189201
    8      4.671038445827      4.670517399318      2.370982049335
    8     -0.014568985071      0.000746979802      2.348859769962
    8      4.679757230820      2.402394279124      4.677173666004
    8      7.025063090087      4.668592765683      4.752704049227
    8      2.315975179511     -0.062950374001      4.676794108425
    8      0.012091925211      4.770021206539      2.350040146055
    8      2.264775045631      7.084691228953      2.410364141837
    8     -2.417521628319      2.328693639110      2.362298530130
    8      2.362940401043      4.756191972669      4.677278093640
    8      4.563866588303      6.934649500581      4.748916161086
    8     -0.090686228258      2.411729502061      4.661912950414
    8      4.768096564327      4.763469411646      6.967242042149
    8      6.905601732289      6.896916062469      7.085970322298
    8      2.338439034155      2.338020828599      7.046913080114
    0    0
