   3   1   1 E -1.6031084920249E+04 DE-2.6E-07(  7)
  0.328139010588E-01  0.699480064904E+01  0.701458320925E+01
  0.700288235133E+01 -0.224427820510E-02  0.704047669651E+01
  0.699673532498E+01  0.700960086029E+01  0.947221621600E-02
    1
  0.100000000000E+01  0.000000000000E+00  0.000000000000E+00
  0.000000000000E+00  0.100000000000E+01  0.000000000000E+00
  0.000000000000E+00  0.000000000000E+00  0.100000000000E+01
  0.000000000000E+00  0.000000000000E+00  0.000000000000E+00
   54
   20     -0.000113170591     -0.015758259831     -0.045400837836
   20      2.355747591044      2.315410031150     -0.032028116809
   20     -2.293709595408     -2.358397284609     -0.042688279074
   20      2.319890851608     -0.011576813893      2.357227111294
   20      4.733265072517      2.312017607677      2.335183101478
   20      0.033639148551     -2.376410936948      2.332344200724
   20     -2.303068813045     -0.007620972754     -2.332643890944
   20      0.056086928501      2.286761281702     -2.369843237229
   20     -4.634609860554     -2.358797646724     -2.352896040280
   20     -0.053352460399      2.335360406410      2.404960473084
   20      2.292032883369      4.743968739926      2.375765144142
   20     -2.389377315381      0.077623821662      2.342995223026
   20      2.278571222046      2.299337132740      4.730919756903
   20      4.683548161019      4.702549087568      4.699915632748
   12      0.063553025002      0.029020379082      4.729992672294
   12     -2.388337871958      2.303238681967     -0.026459151689
   20      0.043889509289      4.729152754190     -0.020963881562
   12     -4.895055875896      0.094033277425     -0.112515606316
   12     -0.086024060930     -2.290312230054     -2.348399767452
   12      2.248366296700      0.037128156940     -2.281250972724
   12     -2.352352270389     -4.740571646442     -2.265425047124
   20      2.316252732861     -2.385471173518     -0.004641727711
   20      4.736625861964      0.057369706043     -0.042204452875
   12     -0.044951144026     -4.764401472577     -0.069593158878
   20     -2.323953378886     -2.373650902173     -4.670418690000
   12      0.106796539691      0.083704798139     -4.588362402502
   12     -4.705512469283     -4.737700364508     -4.753971075512
    8      0.111486503095     -0.080980605383     -2.395704362505
    8      2.419334671105      2.228481523199     -2.370522732567
    8     -2.240531101193     -2.411557043861     -2.324265570165
    8      2.333518926666      0.001432891744     -0.056192644088
    8      4.759717252126      2.340047543938     -0.065468834406
    8      0.003219754224     -2.421388520695     -0.064937574952
    8      4.748682313984      0.004422172127      2.340261841965
    8      7.123124718475      2.200027384794      2.274516060534
    8      2.334576922012     -2.399559216606      2.347745088402
    8     -0.059682272396      2.330977426183     -0.009536875624
    8      2.354686947479      4.741796113802     -0.006829984232
    8     -2.395764699587      0.084113455114     -0.021628153339
    8      2.316972587318      2.335041761582      2.363325864000
    8      4.669072461871      4.686836054200      2.344192189042
    8     -0.024803790394      0.008633975224      2.372964436390
    8      4.691424728145      2.323044212924      4.732421972358
    8      7.033206860862      4.712812155807      4.687871887891
    8      2.267205525837     -0.015341133929      4.757953742591
    8      0.016691400320      4.744694156675      2.423225817073
    8      2.187854122738      7.147641951436      2.364576069259
    8     -2.424456141981      2.322846185217      2.367986717761
    8      2.265973703210      4.737595046312      4.710749756655
    8      4.704313098382      7.131046011540      4.659081984946
    8     -0.136144427731      2.276558349777      4.815460637346
    8      4.710186692984      4.630315696670      7.006204995022
    8      7.194470405230      7.168502202648      6.990104718179
    8      2.383757397937      2.195661631013      7.097240522180
    0    0
