   3   1   1 E -1.6031082029336E+04 DE-9.2E-10( 11)
  0.121215820941E-01  0.699248918166E+01  0.704792348343E+01
  0.699904708163E+01  0.127711093145E-01  0.704083876530E+01
  0.701307088146E+01  0.699216733066E+01  0.601104023139E-02
    1
  0.100000000000E+01  0.000000000000E+00  0.000000000000E+00
  0.000000000000E+00  0.100000000000E+01  0.000000000000E+00
  0.000000000000E+00  0.000000000000E+00  0.100000000000E+01
  0.000000000000E+00  0.000000000000E+00  0.000000000000E+00
   54
   20      0.017847785723     -0.010009804398     -0.015310297349
   20      2.330798802777      2.324703186950     -0.056419874385
   20     -2.341432625803     -2.353689216077     -0.020332060594
   20      2.326015498656     -0.043138378077      2.385081478020
   20      4.644108205551      2.352243392927      2.378984343248
   20      0.033031770939     -2.319736377641      2.374493940942
   20     -2.389519913631      0.000754720284     -2.307253471237
   20     -0.016161139053      2.375028033604     -2.342447507243
   12     -4.634894093892     -2.329928233959     -2.323970641791
   20     -0.009622472251      2.338301376500      2.369609538525
   20      2.358752527759      4.676368324515      2.409371509256
   20     -2.337158270553      0.003538513038      2.358614578652
   12      2.360286410707      2.406327351234      4.789587727201
   12      4.540122979088      4.656736289199      4.688622775824
   12      0.054613586316     -0.014187387913      4.698476931875
   12     -2.308324675592      2.415560563886     -0.047088010885
   20     -0.047139091373      4.668631500844     -0.040708024525
   20     -4.707196587496      0.070965514903     -0.076271127102
   20      0.051147013650     -2.374999344265     -2.294875107362
   12      2.409396362299     -0.025029392588     -2.293887069433
   20     -2.344265641499     -4.701341618298     -2.363866615994
   12      2.610510611492     -2.384070461161     -0.080231309482
   20      4.632620012540     -0.082814906570     -0.031823969924
   12     -0.014018297496     -4.690953811446     -0.052421416171
   12     -2.426175978670     -2.367025995709     -4.605276515989
   20     -0.016575317655     -0.001758097436     -4.683642399576
   20     -4.658538719844     -4.601878067815     -4.737129151595
    8      0.057598630377     -0.009192549585     -2.311602595046
    8      2.336995508234      2.346045738051     -2.375064081886
    8     -2.416489804050     -2.361452855125     -2.344303452474
    8      2.342120874194     -0.084208025205     -0.066672776578
    8      4.710546651775      2.305880078012     -0.022503171767
    8      0.080315617516     -2.427284361061      0.002620991391
    8      4.642899012947     -0.071339274831      2.367297592152
    8      6.990874960939      2.354681669798      2.321068408246
    8      2.469225896248     -2.327217236896      2.401091830972
    8     -0.061838910207      2.349056081433     -0.036310015813
    8      2.330903183377      4.672035892072     -0.044191751355
    8     -2.355914459052      0.054715077220     -0.016787959592
    8      2.334819736720      2.342584949871      2.395909906304
    8      4.662004717060      4.665617557031      2.393543636376
    8      0.010364756491     -0.008312631391      2.371805209591
    8      4.556092052213      2.440573981779      4.756512022298
    8      7.029336898661      4.796441700513      4.688736041661
    8      2.206189469160     -0.011687937104      4.705104286928
    8     -0.026048078655      4.661885415778      2.368027055886
    8      2.346292485462      7.019982996367      2.383356651436
    8     -2.332712468364      2.430980350865      2.284790086041
    8      2.482654420647      4.705242078126      4.836863854175
    8      4.648390297581      6.856510317773      4.672113435416
    8      0.132548385449      2.202659151493      4.783086155145
    8      4.500267322634      4.481960617368      6.995033113032
    8      6.972032625649      7.079327004107      6.963662933996
    8      2.341379427627      2.534340836422      6.873404140893
    0    0
