   3   1   1 E -1.6031075769317E+04 DE 5.5E-10( 11)
  0.525488219639E-02  0.697829646057E+01  0.697098531256E+01
  0.701138364043E+01 -0.222279362451E-01  0.699149569637E+01
  0.701099578382E+01  0.699216298892E+01 -0.153157852873E-01
    1
  0.100000000000E+01  0.000000000000E+00  0.000000000000E+00
  0.000000000000E+00  0.100000000000E+01  0.000000000000E+00
  0.000000000000E+00  0.000000000000E+00  0.100000000000E+01
  0.000000000000E+00  0.000000000000E+00  0.000000000000E+00
   54
   20     -0.011472794466     -0.007164908540      0.007303321969
   20      2.344063704437      2.367953408332     -0.048323490549
   20     -2.316281536902     -2.330729852400      0.004890969106
   20      2.345372465295     -0.054935053611      2.328965696759
   20      4.715361425678      2.334815813342      2.332978718850
   20      0.019836898797     -2.348089687391      2.352524979708
   20     -2.342020296144      0.006691985141     -2.295615450971
   20     -0.011355388769      2.381581217421     -2.321477928097
   12     -4.634829388250     -2.383920139535     -2.226616144305
   20     -0.045602537732      2.325776624887      2.302382233202
   20      2.346290369998      4.712785868334      2.317162368262
   12     -2.318366108121     -0.002047902143      2.360944131798
   20      2.367542255223      2.365221582746      4.723681897521
   12      4.661945379484      4.646001976020      4.777389886058
   20     -0.041496124467     -0.032072560581      4.699053981813
   12     -2.541241626420      2.348248086124     -0.117347083621
   12     -0.032443021610      4.684366321429     -0.022241645894
   20     -4.691708872611      0.029985194514      0.022497625729
   20     -0.020156652287     -2.335391900710     -2.308382759169
   20      2.372368613928     -0.001965819873     -2.342501961202
   12     -2.367619211232     -4.647839873226     -2.305441068433
   12      2.329246778021     -2.491557949525     -0.063827100391
   20      4.704908350131     -0.048091419160     -0.065741557145
   12      0.014034543534     -4.657662244004      0.005096386163
   20     -2.346034529987     -2.363547631570     -4.708623055498
   12     -0.048226514562      0.055151202464     -4.788308933398
   20     -4.647135861007     -4.635410839600     -4.671012583936
    8      0.008707693673      0.009959787527     -2.328238838820
    8      2.419184761268      2.417654050366     -2.338129644857
    8     -2.386953619056     -2.374677086084     -2.328894043070
    8      2.358510518876     -0.065566202532     -0.033521345993
    8      4.768839842048      2.328464816256     -0.052391200352
    8      0.054876061276     -2.381469408394      0.026351910333
    8      4.730296706481     -0.028686507515      2.320641152836
    8      7.011548168988      2.262330139879      2.273404970801
    8      2.351803024873     -2.354930449831      2.326360883404
    8     -0.061504827180      2.389468675028     -0.020695491770
    8      2.327530769398      4.682943768727     -0.018282358444
    8     -2.324413797557      0.073887527704      0.067486814548
    8      2.350205860418      2.339647422110      2.325204271352
    8      4.708814976544      4.741383106555      2.377569849476
    8     -0.050766507533     -0.024042956187      2.348141225789
    8      4.696963097716      2.381421860764      4.739805602012
    8      7.027744423726      4.649856598940      4.743955356883
    8      2.330591960311     -0.051408818400      4.702836148595
    8     -0.025577246651      4.705577991172      2.232265724324
    8      2.343923166877      7.006498540771      2.308464536950
    8     -2.324760799885      2.252490726969      2.302506696599
    8      2.371284253181      4.672519094708      4.676786738553
    8      4.688607747168      6.943019266983      4.568767611080
    8     -0.063770929960      2.327360986053      4.693296258976
    8      4.686027420433      4.536335561670      6.870234572289
    8      6.992643056328      6.976044731214      7.035605820557
    8      2.329018277285      2.432807086265      6.993298850036
    0    0
