   3   1   1 E -1.6031061939489E+04 DE 4.8E-08(  8)
 -0.104627399303E-02  0.701742640553E+01  0.699041347311E+01
  0.700791208545E+01 -0.104692569911E-02  0.699041347311E+01
  0.700686581146E+01  0.701637947983E+01  0.000000000000E+00
    2
  0.100000000000E+01  0.000000000000E+00  0.000000000000E+00
  0.000000000000E+00  0.100000000000E+01  0.000000000000E+00
  0.000000000000E+00  0.000000000000E+00  0.100000000000E+01
  0.000000000000E+00  0.000000000000E+00  0.000000000000E+00
 -0.100000000000E+01  0.000000000000E+00  0.000000000000E+00
  0.000000000000E+00 -0.100000000000E+01  0.000000000000E+00
  0.000000000000E+00  0.000000000000E+00  0.100000000000E+01
  0.000000000000E+00  0.000000000000E+00  0.000000000000E+00
   54
   20      0.000000000000     -0.000000000000     -0.019280918381
   20      2.335707642605      2.344617446323     -0.016653558893
   20     -2.335707642605     -2.344617446323     -0.016653558893
   20      2.331651552157     -0.013202373315      2.336516416673
   20      4.676811033783      2.331208515125      2.338559245145
   20      0.015309545327     -2.339773016462      2.341739424333
   20     -2.342809106536     -0.011067252489     -2.317410260493
   12     -0.045949359176      2.365960240735     -2.353040081537
   12     -4.704290585523     -2.322580112874     -2.351652194753
   20     -0.015309545327      2.339773016462      2.341739424333
   20      2.330054777680      4.685170964707      2.338559245145
   20     -2.331651552157      0.013202373315      2.336516416673
   20      2.324487140534      2.331960316246      4.697705864585
   20      4.682378670929      4.684419163585      4.697705864585
   12      0.000000000000      0.000000000000      4.708688817590
   12     -2.364639440090      2.324320495995     -0.023146400728
   20     -0.001708940629      4.688044994817     -0.019280910724
   12     -4.652196431619     -0.007604668242     -0.039951967742
   12      0.045949359176     -2.365960240735     -2.353040081537
   20      2.342809106536      0.011067252489     -2.317410260493
   12     -2.302575225940     -4.693799366957     -2.351652194753
   12      2.364639440090     -2.324320495995     -0.023146400728
   12      4.652196431619      0.007604668242     -0.039951967742
   20      0.001708940629     -4.688044994817     -0.019280910724
   20     -2.344346760479     -2.345450000894     -4.660643683358
   20     -0.000000000000     -0.000000000000     -4.661142115809
   20     -4.662519050984     -4.670929478937     -4.660643683358
    8     -0.000000000000     -0.000000000000     -2.328652058694
    8      2.336666965189      2.365884574155     -2.328118495502
    8     -2.336666965187     -2.365884574153     -2.328118495502
    8      2.352114906710     -0.008557493837     -0.008652212870
    8      4.676169924073      2.321147919910     -0.024654909501
    8      0.025802512282     -2.346610516469     -0.019280913426
    8      4.663363998557     -0.005473214065      2.322511047660
    8      7.014172136682      2.334688540979      2.340052261561
    8      2.339942847865     -2.341589756010      2.332104128140
    8     -0.025802512282      2.346610516469     -0.019280913426
    8      2.330695887390      4.695231559922     -0.024654909501
    8     -2.352114906710      0.008557493837     -0.008652212870
    8      2.331052994412      2.336527936074      2.340928709021
    8      4.675812817049      4.679851543756      2.340928709021
    8      0.000000000000      0.000000000000      2.344521370437
    8      4.686102824207      2.331209880990      4.697973443508
    8      7.035985965890      4.683214736183      4.671456709875
    8      2.308513173951     -0.037568931409      4.699568875640
    8     -0.007306325219      4.681690938853      2.340052261561
    8      2.343501812904      7.021852693895      2.322511047660
    8     -2.339942847865      2.341589756010      2.332104128140
    8      2.320762987257      4.685169598843      4.697973443509
    8      4.698352637510      7.053948411239      4.699568875640
    8     -0.029120154427      2.333164743649      4.671456709876
    8      4.651316477250      4.684502185825      6.992596265816
    8      7.006865811461      7.016379479830      6.971132557936
    8      2.355549334217      2.331877294011      6.992596265816
    0    0
