   3   1   1 E -1.6031094466837E+04 DE 1.1E-09( 11)
  0.121773969721E-01  0.700269021790E+01  0.699951101465E+01
  0.700721192197E+01  0.765569289832E-02  0.700414685612E+01
  0.701486761487E+01  0.701486761487E+01  0.345014351819E-19
    2
  0.100000000000E+01  0.000000000000E+00  0.000000000000E+00
  0.000000000000E+00  0.100000000000E+01  0.000000000000E+00
  0.000000000000E+00  0.000000000000E+00  0.100000000000E+01
  0.000000000000E+00  0.000000000000E+00  0.000000000000E+00
  0.000000000000E+00 -0.100000000000E+01  0.000000000000E+00
 -0.100000000000E+01  0.000000000000E+00  0.000000000000E+00
  0.000000000000E+00  0.000000000000E+00  0.100000000000E+01
  0.000000000000E+00  0.000000000000E+00  0.000000000000E+00
   54
   20      0.009520795918     -0.009520795918      0.006182476947
   20      2.361501936729      2.337002771875     -0.016984613551
   20     -2.337002771875     -2.361501936729     -0.016984613551
   20      2.358158402627     -0.019101610638      2.326505860895
   20      4.712423481981      2.302444132888      2.287951884030
   20      0.019101610638     -2.358158402627      2.326505860895
   20     -2.337969321915      0.008956740664     -2.304427562015
   20     -0.008956740664      2.337969321915     -2.304427562015
   20     -4.695194885548     -2.319672729321     -2.308744463916
   20     -0.029152827296      2.338212867868      2.337649201067
   20      2.300511492464      4.714356122405      2.284934811247
   20     -2.338212867868      0.029152827296      2.337649201067
   20      2.307267720532      2.320914512307      4.751987324166
   20      4.693953102562      4.707599894337      4.751987324166
   12     -0.082991237036      0.082991237036      4.695724531710
   12     -2.344424559486      2.344424559486     -0.006497756563
   12      0.000950941724      4.749791498881      0.023960646660
   12     -4.749791498881     -0.000950941724      0.023960646660
   20      0.002813465750     -2.371300868823     -2.323269262807
   20      2.371300868823     -0.002813465750     -2.323269262807
   12     -2.278381101627     -4.736486513242     -2.231923367561
   12      2.336309789519     -2.336309789519      0.024129874223
   12      4.750333144955      0.039268630256      0.029829631277
   12     -0.039268630256     -4.750333144955      0.029829631277
   20     -2.325598371792     -2.345597774970     -4.736710837849
   12     -0.014392104618      0.014392104618     -4.812076434573
   20     -4.669269839898     -4.689269243076     -4.736710837849
    8      0.003126875764     -0.003126875764     -2.379023743559
    8      2.406340443037      2.339146913956     -2.335116366549
    8     -2.339146913958     -2.406340443039     -2.335116366549
    8      2.420109273578     -0.075843949793     -0.001702396527
    8      4.771563918320      2.243303696548     -0.088942551090
    8      0.075843949793     -2.420109273578     -0.001702396527
    8      4.771665915405      0.005162403594      2.245821964483
    8      7.009705211275      2.243201699465      2.245821964483
    8      2.320189299782     -2.320189299782      2.255747186634
    8     -0.067818036623      2.396874800743      0.003338090910
    8      2.263436358508      4.751431256362     -0.008016788711
    8     -2.396874800743      0.067818036623      0.003338090910
    8      2.339337706444      2.336842312462      2.330666221304
    8      4.678025302408      4.675529908426      2.330666221304
    8      0.001750331550     -0.001750331550      2.394559026021
    8      4.671873974666      2.342993640202      4.729763012220
    8      7.007867771310      4.755308625366      4.762433200025
    8      2.259558989503      0.006999843558      4.762433200025
    8      0.007081325459      4.759434110282      2.241850182228
    8      2.255433504590      7.007786289412      2.241850182228
    8     -2.325722485946      2.325722485946      2.300284651720
    8      2.347059326285      4.667808288584      4.739380858430
    8      4.779215406360      7.111264943800      4.779423298153
    8     -0.096397328930      2.235652208510      4.779423298153
    8      4.685254591422      4.668609380679      6.988007104290
    8      6.985878063240      7.043857166501      6.926503838975
    8      2.346258234187      2.329613023444      6.988007104290
    0    0
