   3   1   1 E -1.6031096853805E+04 DE-4.3E-09(  9)
  0.150628654708E-01  0.701845996977E+01  0.701743527145E+01
  0.704107706084E+01 -0.432708677593E-02  0.703058755973E+01
  0.703165548715E+01  0.701554978853E+01  0.118108105337E-01
    1
  0.100000000000E+01  0.000000000000E+00  0.000000000000E+00
  0.000000000000E+00  0.100000000000E+01  0.000000000000E+00
  0.000000000000E+00  0.000000000000E+00  0.100000000000E+01
  0.000000000000E+00  0.000000000000E+00  0.000000000000E+00
   54
   20      0.018000012867     -0.027308333816     -0.048864775964
   20      2.344831629970      2.368984369045     -0.034244832821
   20     -2.366994831874     -2.340273232160     -0.046174043410
   20      2.354532922602     -0.000266461090      2.396173607710
   20      4.715552538635      2.333134799940      2.374195041403
   20     -0.007701838905     -2.365341810852      2.350903788942
   20     -2.358715303789     -0.012262969371     -2.344618468219
   20      0.026088094531      2.350880443403     -2.330394551659
   12     -4.743919909329     -2.300660462947     -2.287715149032
   20      0.022268271716      2.396131773020      2.374303382917
   20      2.313762567048      4.724114940044      2.376002438818
   20     -2.392080779548     -0.021170298595      2.358535060288
   12      2.329691641949      2.355399540900      4.745340735064
   12      4.660347574082      4.651471578723      4.721282817612
   20      0.017224016433     -0.019581037818      4.750092672134
   20     -2.362550348629      2.363687727556     -0.033056838151
   12      0.004556691901      4.830938853350     -0.038737873610
   12     -4.747211559711      0.001341540194     -0.056169649539
   12      0.078868097684     -2.385723685456     -2.306437776538
   12      2.310025210623     -0.066657980661     -2.324164442852
   20     -2.349654456260     -4.667541736243     -2.347196820887
   20      2.341349513149     -2.366673890551     -0.066864992051
   20      4.735368648235     -0.024804181474     -0.018613088850
   12      0.019704213017     -4.616600977223     -0.045716279679
   20     -2.307275617044     -2.310267116757     -4.662358674882
   12      0.029448822034     -0.053125901172     -4.707450317738
   20     -4.734377407704     -4.721503019657     -4.689612233461
    8      0.105977735856     -0.100597951971     -2.438778418802
    8      2.342425935674      2.343477909982     -2.343454562676
    8     -2.330811057323     -2.335746769417     -2.330288066417
    8      2.364360556730     -0.007415590221     -0.063011861210
    8      4.766590885618      2.334790496597     -0.001347403408
    8      0.012021165839     -2.416691010477     -0.086731169701
    8      4.749345985734     -0.005035698844      2.360263208921
    8      7.042515893642      2.273172980471      2.276785603166
    8      2.341335285416     -2.348398397955      2.395281520273
    8      0.008848251319      2.397064247322     -0.002133085910
    8      2.231252518958      4.772278286416     -0.106938287570
    8     -2.402430107257     -0.000201891816     -0.017564897701
    8      2.345082092671      2.349193778425      2.410328844339
    8      4.662136022391      4.672056245372      2.381306134846
    8     -0.000495153966     -0.007364991773      2.360825958443
    8      4.613678095178      2.431277954566      4.695536435054
    8      7.056226364719      4.675816080844      4.768182495338
    8      2.327397531198     -0.038504504046      4.779617384218
    8      0.012936474030      4.778622386623      2.367888029371
    8      2.267521470982      7.014287711567      2.350402318169
    8     -2.338299320107      2.345086019301      2.354552945434
    8      2.362196351636      4.701585888828      4.684139700685
    8      4.627294121087      6.908738225743      4.694945107856
    8      0.101037529046      2.441259245741      4.764572436492
    8      4.791594020844      4.679198067899      6.939174196471
    8      7.134910543711      6.956168059656      7.123146180205
    8      2.249291753237      2.243132772680      6.894111906295
    0    0
