   3   1   1 E -1.6031086176941E+04 DE 1.5E-09( 11)
  0.164313267760E-01  0.696154584131E+01  0.699400009279E+01
  0.697581839852E+01 -0.156707750911E-02  0.700381065654E+01
  0.700382258601E+01  0.699338981386E+01 -0.232745506413E-01
    1
  0.100000000000E+01  0.000000000000E+00  0.000000000000E+00
  0.000000000000E+00  0.100000000000E+01  0.000000000000E+00
  0.000000000000E+00  0.000000000000E+00  0.100000000000E+01
  0.000000000000E+00  0.000000000000E+00  0.000000000000E+00
   54
   20     -0.001830376257      0.020010814738     -0.023346741694
   20      2.341067353677      2.323824560123     -0.042520480034
   20     -2.361804016212     -2.321764581785     -0.018618827620
   20      2.359260997526     -0.013742303490      2.324601361807
   20      4.683468105413      2.300043547160      2.308401913678
   20     -0.001269362042     -2.314664040383      2.365432640648
   20     -2.316104901780     -0.003939366208     -2.339704831609
   20      0.016867694141      2.330051081216     -2.332932192832
   20     -4.661122771540     -2.321500921286     -2.311328989424
   20     -0.051722578225      2.359678161752      2.304156334066
   20      2.292560663923      4.717191350040      2.307042394930
   20     -2.352648125044      0.054576099038      2.362310723655
   20      2.327012198877      2.291602269789      4.686345417671
   20      4.703465562681      4.701852813513      4.735302094248
   12      0.039811600112     -0.003212528680      4.771048133234
   12     -2.359811021319      2.259908464346     -0.093049451627
   12      0.015367519073      4.766672455446     -0.038611756876
   12     -4.628547591997     -0.007199741262     -0.042273199226
   20     -0.034365881156     -2.313077801015     -2.349311546674
   12      2.283266046652      0.044006697317     -2.313725115857
   12     -2.363302150400     -4.712712531380     -2.256161820407
   20      2.386516277725     -2.324013138250      0.011006090862
   12      4.652031705771     -0.006658720704     -0.016395015651
   20     -0.037388319457     -4.751219485934     -0.002749865069
   12     -2.221103583049     -2.333641801835     -4.772118657190
   12     -0.041026225006     -0.082824494620     -4.671010365768
   20     -4.642104633596     -4.685307605015     -4.650307428423
    8      0.056380719802      0.003121535071     -2.359904629308
    8      2.380358615802      2.292772530265     -2.326322408961
    8     -2.358442317995     -2.363457911464     -2.358861536140
    8      2.408918464523     -0.005950915383     -0.028768221820
    8      4.657446935873      2.273615274103     -0.053747664402
    8     -0.012056005884     -2.335064292828     -0.015271634924
    8      4.734695280921     -0.056771816293      2.278073423794
    8      6.984190694072      2.276232688838      2.331872462604
    8      2.362375725828     -2.333861258316      2.345851707578
    8     -0.048986385569      2.381497294502     -0.014876396602
    8      2.293051313876      4.716654668214     -0.035336049285
    8     -2.382251496417      0.059160401981     -0.009385685819
    8      2.327806753089      2.329577318379      2.311493609980
    8      4.657073567197      4.693533826752      2.326647352472
    8     -0.019251514851      0.022891668891      2.332704195833
    8      4.670181548965      2.324022843459      4.692500834072
    8      7.005124201349      4.714583913442      4.719835692871
    8      2.280384394828     -0.001014897505      4.702022601686
    8     -0.095329430490      4.753547224230      2.278737873523
    8      2.272352191909      7.001627945486      2.331895034685
    8     -2.332949714609      2.389229315870      2.321594289507
    8      2.347663701169      4.696977792299      4.680740130301
    8      4.683146082336      7.117697256617      4.793513302264
    8     -0.075117639303      2.241517273460      4.645730367325
    8      4.805079129427      4.607525869598      7.114154463315
    8      6.976260973298      6.791467792772      6.975088588037
    8      2.377675423227      2.225086004410      7.003950372698
    0    0
