   3   1   1 E -1.6031079680318E+04 DE-6.8E-10( 11)
  0.344740363628E-02  0.701584030454E+01  0.698779870896E+01
  0.703896730093E+01 -0.591850544657E-02  0.699072494475E+01
  0.704118085709E+01  0.701497318015E+01 -0.188990583666E-02
    1
  0.100000000000E+01  0.000000000000E+00  0.000000000000E+00
  0.000000000000E+00  0.100000000000E+01  0.000000000000E+00
  0.000000000000E+00  0.000000000000E+00  0.100000000000E+01
  0.000000000000E+00  0.000000000000E+00  0.000000000000E+00
   54
   20     -0.023484972540      0.013552885005      0.019295630549
   20      2.345901779160      2.411446398922     -0.022201908875
   20     -2.359281637707     -2.384413671342     -0.033528955305
   20      2.349176766436     -0.018364851586      2.403883387734
   20      4.740826458086      2.395348356801      2.344409767776
   12     -0.008920820793     -2.473914100915      2.320174307194
   20     -2.368659433912      0.013586830886     -2.343499833812
   12      0.047633017166      2.412291968938     -2.336235806302
   12     -4.847628647506     -2.511851211274     -2.506749915146
   20     -0.008884004845      2.399131994580      2.390251778103
   12      2.351389597395      4.649015506469      2.448405794612
   20     -2.353792794857      0.020601562093      2.355968989854
   12      2.340336771670      2.438023695117      4.731634200686
   20      4.708078154690      4.589728838089      4.651073636804
   20      0.025100061023      0.015125376845      4.658687803538
   12     -2.294419087018      2.410861272706     -0.027561997791
   20      0.012807881184      4.632437673233     -0.024075075292
   20     -4.694663433125      0.030744643261     -0.038844340575
   20     -0.033420128844     -2.412612092730     -2.337876603427
   20      2.342798312455      0.027545990953     -2.357527429958
   12     -2.461850954479     -4.608627354200     -2.383837990791
   20      2.357972710770     -2.417937809179      0.007846647481
   20      4.727711359037      0.014828553683     -0.021213692331
   12      0.001445090436     -4.636629846970     -0.095603032331
   12     -2.336175299667     -2.455465132737     -4.627500948334
   20      0.004131483869      0.028443866742     -4.649109551194
   20     -4.698100222627     -4.592370041618     -4.629229423544
    8     -0.004225605096      0.055677606754     -2.334123028983
    8      2.335129024873      2.449721444076     -2.344576276574
    8     -2.479725625044     -2.495946077011     -2.472882485691
    8      2.340040661236      0.008249764455     -0.004087075786
    8      4.784356679326      2.363131007664     -0.078730812634
    8     -0.029944695579     -2.475984827095      0.037985646298
    8      4.702469556189     -0.057486577139      2.356527189586
    8      7.043893308433      2.447963538839      2.346778507435
    8      2.306685831944     -2.315218339456      2.392659079857
    8     -0.078791464936      2.354027989184      0.016701364748
    8      2.352663736945      4.679523336687     -0.014588099982
    8     -2.351167613653      0.068678505694     -0.003090962369
    8      2.371750351372      2.470568372257      2.450274856296
    8      4.701740580747      4.668344328060      2.352471151363
    8     -0.002343540590     -0.040339230237      2.368137281314
    8      4.769835169330      2.322231481961      4.779654352429
    8      7.195044287646      4.519629509421      4.501893793465
    8      2.348606656632      0.010073181236      4.651866091228
    8      0.001807344462      4.672816565693      2.363842478969
    8      2.341125014057      6.983914178622      2.348758202604
    8     -2.343406856160      2.457754549757      2.358131639402
    8      2.337676601595      4.569917052374      4.600515342480
    8      4.698722632717      7.074374772285      4.654262511518
    8      0.073564748752      2.342127814496      4.807536958072
    8      4.723472815353      4.577581370630      7.028108204706
    8      7.049937362451      7.073154077885      6.950128283318
    8      2.321235058976      2.337012707725      6.883662233030
    0    0
