   3   1   1 E -1.6031096067427E+04 DE-5.0E-09(  8)
 -0.461640350400E-02  0.701042120046E+01  0.704208155171E+01
  0.698861675730E+01 -0.100918299570E-01  0.704154455918E+01
  0.698325779464E+01  0.699868480032E+01  0.113340663803E-02
    1
  0.100000000000E+01  0.000000000000E+00  0.000000000000E+00
  0.000000000000E+00  0.100000000000E+01  0.000000000000E+00
  0.000000000000E+00  0.000000000000E+00  0.100000000000E+01
  0.000000000000E+00  0.000000000000E+00  0.000000000000E+00
   54
   20      0.006559809755     -0.000295301897     -0.036580843330
   20      2.291203344800      2.374420062238      0.003756497364
   20     -2.337650198787     -2.342770874092     -0.019528353271
   20      2.330909318420     -0.027553400932      2.343558468953
   20      4.689485927268      2.317559550331      2.347850703486
   20      0.026118280269     -2.367599984741      2.339986355939
   20     -2.289503950883     -0.017712776593     -2.354597436751
   12      0.037871065214      2.419724209082     -2.343450053047
   12     -4.746972557279     -2.344119500791     -2.329541849291
   12      0.044436746650      2.415692706831      2.350820406565
   12      2.214911444324      4.648658318404      2.412641859083
   20     -2.340496747164      0.012715575909      2.338529798365
   20      2.285386941168      2.375223201916      4.687972237421
   20      4.649234114103      4.664238583068      4.693526341605
   20      0.004294580949      0.006187355175      4.719639335505
   20     -2.294400508776      2.376910246928     -0.006770006679
   12      0.084596633327      4.625807977664      0.034814445941
   20     -4.711811478950     -0.021270057108      0.014440764366
   12      0.069789818893     -2.408238676978     -2.371253022773
   20      2.269752489729     -0.036368075565     -2.351594321261
   20     -2.301464431928     -4.640676749392     -2.347564360045
   12      2.274803528450     -2.361317012644     -0.019271212053
   20      4.703122584069     -0.032174557613      0.022543826337
   12     -0.002283870575     -4.625451709534     -0.013908769512
   20     -2.263469945387     -2.332537787548     -4.694421452706
   12      0.021768201442      0.037628420159     -4.685412059027
   20     -4.698058828045     -4.657074197007     -4.698281297257
    8     -0.000663057196     -0.016361170002     -2.439916188911
    8      2.228528070433      2.434939673193     -2.348639249398
    8     -2.315065213441     -2.341031391528     -2.359652527534
    8      2.322496660741     -0.081145162798     -0.002279979284
    8      4.750056541802      2.334057455530      0.009213606898
    8      0.096146922486     -2.421633576253     -0.072511943806
    8      4.739346284529     -0.008566561154      2.360358914119
    8      6.987481882573      2.250175144571      2.342936177014
    8      2.332228367903     -2.338783863379      2.343301442586
    8      0.002894248666      2.435040528318     -0.001089585842
    8      2.217257246928      4.669116229341      0.009993553990
    8     -2.329937903954      0.001098683832     -0.013079389710
    8      2.216357694032      2.401957081849      2.344410823940
    8      4.592543973300      4.670887187534      2.344135620015
    8     -0.002127534854      0.044928523497      2.343083507950
    8      4.741603504860      2.345042831733      4.691921344138
    8      7.076042912471      4.580088712923      4.763803123179
    8      2.322867048890     -0.092764685121      4.692384327023
    8      0.111708925567      4.595017281087      2.370431492682
    8      2.216670005267      6.909425963438      2.347586099353
    8     -2.246732544080      2.340904135334      2.342798785631
    8      2.225249210997      4.671740393644      4.683656691795
    8      4.654412550370      7.003831662891      4.694632251688
    8     -0.000668330003      2.436448459109      4.692828021637
    8      4.677774002038      4.669564512175      7.041342251776
    8      6.985442129494      7.002732615143      7.128596407425
    8      2.232615757079      2.439247558514      7.033266246565
    0    0
