   3   1   1 E -1.6031088191709E+04 DE 2.4E-10( 10)
  0.632983042769E-02  0.700905708060E+01  0.704862060894E+01
  0.700575596027E+01  0.336376350529E-02  0.704555110782E+01
  0.701469481320E+01  0.700904235004E+01  0.308642179091E-03
    1
  0.100000000000E+01  0.000000000000E+00  0.000000000000E+00
  0.000000000000E+00  0.100000000000E+01  0.000000000000E+00
  0.000000000000E+00  0.000000000000E+00  0.100000000000E+01
  0.000000000000E+00  0.000000000000E+00  0.000000000000E+00
   54
   20      0.022132313550     -0.013603301831     -0.045093273773
   20      2.269891258776      2.399739421853      0.002267114250
   20     -2.348564633545     -2.364535483890     -0.029604032276
   20      2.328128049229     -0.030584540554      2.347731497604
   20      4.708218468701      2.319002124503      2.354787518950
   20      0.051790990357     -2.400940803679      2.347541689542
   20     -2.290021795247     -0.025149926398     -2.355356968477
   12      0.035201090807      2.409424227839     -2.348963742965
   12     -4.746964511785     -2.378751446499     -2.353077958552
   12      0.028492796104      2.419030210708      2.346893046431
   12      2.175944422283      4.792341654883      2.391370208294
   20     -2.332222781411     -0.000877282030      2.344209494258
   20      2.274415689297      2.399404608487      4.696006691534
   20      4.690748596232      4.645189758398      4.702989420069
   20      0.022473577707     -0.006234376467      4.740672255176
   20     -2.284617269149      2.385185326692     -0.004945668603
   12      0.070927037830      4.629527516052     -0.001953373067
   20     -4.743531807187     -0.034978722176      0.025153051532
   12      0.079345124388     -2.374800545360     -2.366036216558
   20      2.254434199287     -0.040475966718     -2.357196270562
   20     -2.307841113395     -4.627959845223     -2.345836568200
   12      2.237485089832     -2.353920183928     -0.006483027534
   20      4.721956200669     -0.030801637175      0.031960456586
   12      0.026147283017     -4.616667802988     -0.014331568896
   20     -2.262718863768     -2.338304733129     -4.699548851494
   12      0.024130753083      0.024802986946     -4.705565687476
   20     -4.735580298977     -4.661120069253     -4.700348301025
    8      0.005203551617     -0.026976968853     -2.455804525700
    8      2.222123015872      2.440547075627     -2.354938012010
    8     -2.318240617161     -2.349248204699     -2.367761391521
    8      2.318131713799     -0.065160914598     -0.009636237102
    8      4.750700998608      2.347635338699      0.010667048825
    8      0.089181792373     -2.457405461145     -0.086314097312
    8      4.746557045764     -0.007235429777      2.359068869289
    8      7.005943547485      2.238047673103      2.333840278497
    8      2.342346623716     -2.352906779385      2.346233183505
    8      0.019700001647      2.463697212838     -0.004211046378
    8      2.198210977766      4.670901265742      0.014248505649
    8     -2.325969558464     -0.014258401603     -0.017230466881
    8      2.221253726137      2.418112720168      2.349758321932
    8      4.628360328749      4.653008164487      2.350009703643
    8      0.016145001663      0.023839734098      2.348450233423
    8      4.744689764196      2.358655890700      4.702608809412
    8      7.157054411272      4.546618258023      4.801782942873
    8      2.318674947674     -0.074404238055      4.708873901115
    8      0.147844466428      4.653346897862      2.358598310367
    8      2.227147044829      6.906586365265      2.354774847680
    8     -2.255092427892      2.351657669990      2.346434299866
    8      2.228855448104      4.668311984633      4.683095822582
    8      4.689972567268      6.996044261125      4.703100179900
    8      0.005485437161      2.461248972595      4.705119384215
    8      4.703114020839      4.667325094575      7.053178936322
    8      7.015618157121      7.006235424834      7.152863394043
    8      2.247700864286      2.448419598335      7.041109484217
    0    0
