   3   1   1 E -1.6031099846227E+04 DE-2.2E-10( 10)
 -0.107797687620E-01  0.700237393927E+01  0.702138915009E+01
  0.702959287578E+01 -0.107554252400E-01  0.702138915009E+01
  0.701881310701E+01  0.699161851403E+01  0.000000000000E+00
    2
  0.100000000000E+01  0.000000000000E+00  0.000000000000E+00
  0.000000000000E+00  0.100000000000E+01  0.000000000000E+00
  0.000000000000E+00  0.000000000000E+00  0.100000000000E+01
  0.000000000000E+00  0.000000000000E+00  0.000000000000E+00
 -0.100000000000E+01  0.000000000000E+00  0.000000000000E+00
  0.000000000000E+00 -0.100000000000E+01  0.000000000000E+00
  0.000000000000E+00  0.000000000000E+00  0.100000000000E+01
  0.000000000000E+00  0.000000000000E+00  0.000000000000E+00
   54
   20      0.000000000000      0.000000000000     -0.065838737241
   20      2.316651704060      2.358561759268     -0.039659881115
   20     -2.316651704060     -2.358561759268     -0.039659881115
   20      2.329496953491     -0.063493589547      2.353785892810
   20      4.710376983462      2.302023153370      2.339495060174
   20      0.025374563294     -2.345969616824      2.372475444558
   20     -2.339532792715     -0.023918640927     -2.305312970164
   12     -0.023320071521      2.393403197457     -2.271203618025
   12     -4.831016669272     -2.386277892094     -2.278071696605
   20     -0.025374563294      2.345969616824      2.372475444558
   20      2.308436123545      4.689595360662      2.339495060174
   20     -2.329496953491      0.063493589547      2.353785892810
   20      2.311161434688      2.336795779366      4.714614087190
   20      4.707651672319      4.654822734666      4.714614087190
   12     -0.000000000000     -0.000000000000      4.740636293821
   12     -2.264161569320      2.417755271597     -0.047728615766
   12      0.033159660451      4.615454393049     -0.098322832780
   20     -4.728972716957      0.033478695712     -0.030524492844
   12      0.023320071521     -2.393403197457     -2.271203618025
   20      2.339532792715      0.023918640927     -2.305312970164
   12     -2.187796437736     -4.605340621938     -2.278071696605
   12      2.264161569320     -2.417755271597     -0.047728615766
   20      4.728972716957     -0.033478695712     -0.030524492844
   12     -0.033159660451     -4.615454393049     -0.098322832780
   20     -2.333811254834     -2.374707300503     -4.680935052127
   20      0.000000000000      0.000000000000     -4.686851856744
   20     -4.685001852173     -4.616911213529     -4.680935052127
    8      0.000000000000      0.000000000000     -2.331638103712
    8      2.258833978138      2.452735137673     -2.339578493259
    8     -2.258833978139     -2.452735137674     -2.339578493259
    8      2.345706731685     -0.079339903700     -0.003379302983
    8      4.779521115990      2.322724325502     -0.104087386285
    8      0.088981982551     -2.427407760300     -0.065838733433
    8      4.689224423267     -0.023211600899      2.339974579419
    8      7.004522530143      2.330096267324      2.351605657410
    8      2.329623376241     -2.335303565770      2.342588325001
    8     -0.088981982551      2.427407760300     -0.065838733433
    8      2.239291991017      4.668894188530     -0.104087386285
    8     -2.345706731685      0.079339903700     -0.003379302983
    8      2.337797058760      2.325452797844      2.341653425506
    8      4.681016048248      4.666165716189      2.341653425506
    8     -0.000000000000     -0.000000000000      2.415396464797
    8      4.786687147672      2.325510153330      4.750341713618
    8      7.074591166314      4.627076079610      4.780579382429
    8      2.224241225840     -0.103479282970      4.678886451672
    8      0.014290576865      4.661522246706      2.351605657408
    8      2.329588683740      7.014830114929      2.339974579417
    8     -2.329623376240      2.335303565769      2.342588324998
    8      2.232125959335      4.666108360696      4.750341713613
    8      4.794571881169      7.095097796999      4.678886451667
    8     -0.055778059306      2.364542434417      4.780579382424
    8      4.721132837810      4.531192355008      7.005391923980
    8      7.018813107012      6.991618514029      6.907300553104
    8      2.297680269201      2.460426159013      7.005391923980
    0    0
