   3   1   1 E -1.6031090059151E+04 DE 7.5E-10( 11)
 -0.572595307444E-02  0.699137535329E+01  0.701446874015E+01
  0.700270361881E+01 -0.327075606585E-02  0.701861841867E+01
  0.700247292775E+01  0.700208669316E+01 -0.969282127991E-02
    1
  0.100000000000E+01  0.000000000000E+00  0.000000000000E+00
  0.000000000000E+00  0.100000000000E+01  0.000000000000E+00
  0.000000000000E+00  0.000000000000E+00  0.100000000000E+01
  0.000000000000E+00  0.000000000000E+00  0.000000000000E+00
   54
   20      0.003425432083     -0.022024626526      0.008076656610
   20      2.346498905274      2.322662332001     -0.029644068409
   20     -2.333759795766     -2.312355723746     -0.002860783101
   20      2.349678522831     -0.077487762142      2.334551587553
   20      4.678057139313      2.322023951504      2.334694981002
   20      0.029303745338     -2.334109376302      2.379610739513
   20     -2.334207541777     -0.033507361903     -2.330129457504
   20      0.007110408019      2.364377059135     -2.336308871674
   12     -4.643057047787     -2.360082997681     -2.378769885701
   20     -0.084078552643      2.351010069553      2.351724799230
   20      2.351512021309      4.684307702286      2.347152072935
   12     -2.390759827424     -0.002416267349      2.366915803872
   20      2.346227429651      2.378123630668      4.705969871874
   12      4.656305182998      4.674082509976      4.720562393686
   20     -0.043415019098     -0.026777673384      4.680360578844
   12     -2.468680899799      2.385939818280     -0.071666252442
   20     -0.070317067532      4.673142316264     -0.039659940692
   20     -4.641618967954      0.040323414399      0.024572420813
   12     -0.005018342665     -2.323020307357     -2.349255691294
   20      2.380037326895     -0.034480498073     -2.333816175119
   20     -2.341044517999     -4.652856256037     -2.382592412907
   12      2.491511476876     -2.385259973363     -0.016831967621
   12      4.647877240939     -0.094683348648      0.025505078296
   20      0.025819122937     -4.640939822216      0.024916027937
   12     -2.428872498548     -2.336292881797     -4.704981225403
   20     -0.016462846103     -0.019323045628     -4.670438501675
   12     -4.560811649353     -4.575850248188     -4.715885717574
    8      0.004838266038     -0.094276048071     -2.334627682624
    8      2.328284908898      2.409723571231     -2.386110177450
    8     -2.362612157706     -2.329371681424     -2.406524357469
    8      2.442984361863     -0.089674496520      0.007826708314
    8      4.672815869570      2.286202318879     -0.006310911168
    8      0.021552006591     -2.327868537882      0.020655458320
    8      4.656118971553     -0.107925412457      2.290394027408
    8      7.057289050266      2.326593311500      2.352068420002
    8      2.453621779388     -2.423992415931      2.427626179192
    8     -0.063274833456      2.333602880166     -0.033715071971
    8      2.319439198317      4.672923316180     -0.056312864042
    8     -2.335187103853      0.072669265515      0.068946311695
    8      2.335159117088      2.327178206150      2.337244827282
    8      4.684947535975      4.728634150148      2.369973981380
    8     -0.069257151090     -0.002074308106      2.340525454007
    8      4.662839648245      2.415107259424      4.742333756477
    8      6.987553040058      4.669745636654      4.675609365073
    8      2.317600562594     -0.071877532329      4.709984547174
    8     -0.051392418306      4.664015945187      2.348921976709
    8      2.427789625250      7.063398673990      2.344453399641
    8     -2.424736056695      2.327078117934      2.243727899401
    8      2.388430320043      4.653494024375      4.710237474198
    8      4.669292111509      6.908749331488      4.660955129271
    8     -0.013167620812      2.412367359786      4.681076245836
    8      4.568385838040      4.717529637456      6.977365864888
    8      6.940796104284      7.001034844517      6.982301169930
    8      2.426157316987      2.448348755115      7.094875326403
    0    0
