   3   1   1 E -1.6031031980159E+04 DE 3.9E-10(  2)
  0.676233422778E-02  0.703004659145E+01  0.702499373114E+01
  0.703610469066E+01 -0.222865065771E-02  0.702605365565E+01
  0.704066750549E+01  0.702939571208E+01 -0.227359709282E-03
    1
  0.100000000000E+01  0.000000000000E+00  0.000000000000E+00
  0.000000000000E+00  0.100000000000E+01  0.000000000000E+00
  0.000000000000E+00  0.000000000000E+00  0.100000000000E+01
  0.000000000000E+00  0.000000000000E+00  0.000000000000E+00
   54
   20      0.000000000000      0.000000000000      0.000000000000
   20      2.346889168498      2.343131904027     -0.000075786570
   20     -2.346889168498     -2.343131904027      0.000075786570
   20      2.345368230219     -0.000742883553      2.342017885216
   20      4.692257398717      2.342389020475      2.341942098646
   20     -0.001520938279     -2.343874787580      2.342093671786
   20     -2.345368230219      0.000742883553     -2.342017885216
   20      0.001520938279      2.343874787580     -2.342093671786
   12     -4.692257398717     -2.342389020475     -2.341942098646
   20      0.002254111409      2.343348863817      2.341664577048
   20      2.349143279907      4.686480767845      2.341588790478
   20     -2.344635057089      0.000216959790      2.341740363618
   20      2.347622341628      2.342605980265      4.683682462264
   12      4.694511510126      4.685737884292      4.683606675694
   12      0.000733173130     -0.000525923762      4.683758248833
   12     -2.343114118810      2.344091747370     -0.000353308168
   12      0.003775049688      4.687223651397     -0.000429094738
   12     -4.690003287308      0.000959843343     -0.000277521598
   12     -0.002254111409     -2.343348863817     -2.341664577048
   20      2.344635057089     -0.000216959790     -2.341740363618
   20     -2.349143279907     -4.686480767845     -2.341588790478
   12      2.343114118810     -2.344091747370      0.000353308168
   20      4.690003287308     -0.000959843343      0.000277521598
   12     -0.003775049688     -4.687223651397      0.000429094738
   20     -2.347622341628     -2.342605980265     -4.683682462264
   20     -0.000733173130      0.000525923762     -4.683758248833
   20     -4.694511510126     -4.685737884292     -4.683606675694
    8     -0.000366586565      0.000262961881     -2.341879124417
    8      2.346522581931      2.343394865906     -2.341954910987
    8     -2.347255755063     -2.342868942146     -2.341803337847
    8      2.345001643654     -0.000479921671      0.000138760799
    8      4.691890812150      2.342651982354      0.000062974229
    8     -0.001887524844     -2.343611825699      0.000214547369
    8      4.690369873874     -0.001222805224      2.342156646016
    8      7.037259042370      2.341909098802      2.342080859446
    8      2.343480705377     -2.344354709251      2.342232432587
    8      0.001887524844      2.343611825699     -0.000214547369
    8      2.348776693340      4.686743729724     -0.000290333939
    8     -2.345001643654      0.000479921671     -0.000138760799
    8      2.347255755063      2.342868942146      2.341803337847
    8      4.694144923560      4.686000846172      2.341727551277
    8      0.000366586565     -0.000262961881      2.341879124417
    8      4.692623985283      2.342126058593      4.683821223064
    8      7.039513153780      4.685257962619      4.683745436493
    8      2.345734816785     -0.001005845434      4.683897009634
    8      0.004141636253      4.686960689515      2.341450029678
    8      2.351030804750      7.030092593541      2.341374243108
    8     -2.342747532245      2.343828785487      2.341525816247
    8      2.349509866472      4.686217805962      4.683467914894
    8      4.696399034969      7.029349709989      4.683392128324
    8      0.002620697974      2.343085901935      4.683543701463
    8      4.694878096692      4.685474922410      7.025485800110
    8      7.041767265189      7.028606826436      7.025410013540
    8      2.347988928195      2.342343018383      7.025561586680
    0    0
