   3   1   1 E -1.6031097059055E+04 DE-3.3E-10( 11)
 -0.141705951681E-01  0.702823387972E+01  0.699904547475E+01
  0.703167514403E+01 -0.269360960208E-01  0.700570957035E+01
  0.701026257563E+01  0.700635474432E+01  0.150577614362E-02
    1
  0.100000000000E+01  0.000000000000E+00  0.000000000000E+00
  0.000000000000E+00  0.100000000000E+01  0.000000000000E+00
  0.000000000000E+00  0.000000000000E+00  0.100000000000E+01
  0.000000000000E+00  0.000000000000E+00  0.000000000000E+00
   54
   20     -0.009243844150     -0.014588571227     -0.027993916460
   20      2.321793144622      2.354970632657     -0.055123411834
   20     -2.339983354407     -2.344814212645     -0.027468185540
   20      2.349404378476     -0.009193527257      2.394833998158
   20      4.685611745119      2.329436065462      2.348951769903
   20      0.015358491421     -2.331967334293      2.342888789902
   20     -2.346895706271     -0.015475252754     -2.308137511367
   20      0.013642618678      2.363200902786     -2.312098218236
   12     -4.750125402439     -2.361319597234     -2.323419139902
   20     -0.039505763141      2.350596318529      2.356140521189
   20      2.319491105171      4.699284645843      2.376878790357
   12     -2.373802473499      0.016416980144      2.368675651464
   12      2.331788336860      2.359618432343      4.745687399803
   20      4.661557565470      4.682097829125      4.698639430624
   20     -0.011819887246      0.048314020494      4.692391304184
   12     -2.359143154462      2.294841076122     -0.060865997212
   12     -0.012748506107      4.591195879963     -0.052333329067
   20     -4.696222843859      0.041368170509     -0.036962442972
   12      0.075327109794     -2.488324482094     -2.304276876860
   12      2.364992749778      0.016375940920     -2.393316821655
   12     -2.391866311820     -4.599861725519     -2.330516374482
   20      2.357084359538     -2.384618119924     -0.056476242020
   20      4.716272129923      0.006436210666     -0.046277987398
   12     -0.018602822804     -4.607321890824     -0.093972848659
   20     -2.319328349887     -2.389098904910     -4.655303942337
   20      0.029419021673     -0.016810972732     -4.684621694615
   20     -4.645561640615     -4.674163429179     -4.652830869530
    8      0.093505846291     -0.062246041851     -2.333800533078
    8      2.409006378365      2.377739161115     -2.335105538127
    8     -2.377816851837     -2.450934773555     -2.336496623989
    8      2.353643226430     -0.006534536517     -0.058426363067
    8      4.741939140427      2.345347474572     -0.066656777698
    8      0.005078246305     -2.429651511052     -0.054780485969
    8      4.701471921402     -0.023274407392      2.349202230434
    8      7.027592585444      2.334744646254      2.299545752917
    8      2.359703237907     -2.352122556874      2.404661024438
    8     -0.093671915496      2.411572221707      0.011711126270
    8      2.241167253841      4.673415729728     -0.031113868009
    8     -2.339383082249      0.080540237026      0.048297903907
    8      2.332480511088      2.333170246073      2.386229304314
    8      4.685294903549      4.734679950646      2.345791456510
    8     -0.063789576840     -0.004466260387      2.359063056651
    8      4.608137839472      2.317590047629      4.745829869290
    8      7.117866469368      4.672865098144      4.773626833145
    8      2.346123100476     -0.008436422242      4.673234711300
    8     -0.004955624146      4.676545431128      2.351348672076
    8      2.403143540640      7.041668617122      2.349725934873
    8     -2.367245554887      2.243542565047      2.331553491670
    8      2.260133563701      4.679421578321      4.674985173860
    8      4.571303777628      7.119078878651      4.567459131805
    8      0.059755107983      2.442898263863      4.785314577665
    8      4.774577169461      4.594114561625      7.003821044227
    8      7.009536630958      7.028450451365      6.989969946928
    8      2.343461519166      2.348122640976      6.890090797812
    0    0
