   3   1   1 E -1.6031094423757E+04 DE-2.5E-10( 11)
 -0.230364955919E-03  0.700805538205E+01  0.700097473043E+01
  0.700874732479E+01 -0.565128381053E-02  0.700030354262E+01
  0.702159666578E+01  0.701312009008E+01 -0.115014196940E-01
    1
  0.100000000000E+01  0.000000000000E+00  0.000000000000E+00
  0.000000000000E+00  0.100000000000E+01  0.000000000000E+00
  0.000000000000E+00  0.000000000000E+00  0.100000000000E+01
  0.000000000000E+00  0.000000000000E+00  0.000000000000E+00
   54
   20     -0.010179148372     -0.012785737476     -0.029974926443
   20      2.328642991245      2.357805561390     -0.058158943585
   20     -2.340776409957     -2.352494712814     -0.023544051565
   20      2.340247460067     -0.003375242007      2.388854919407
   20      4.685067591276      2.337728389423      2.343453238329
   20      0.007977744463     -2.333946139228      2.349002696070
   20     -2.337167838802     -0.029154726099     -2.306970994873
   20      0.031064912333      2.354777348905     -2.313087500932
   12     -4.676058028035     -2.369684093175     -2.309523935622
   20     -0.034500825596      2.348435870233      2.358885925974
   20      2.323483388587      4.691194190526      2.372936783486
   12     -2.376981250109      0.119033079146      2.365518986364
   12      2.346943144336      2.354248527098      4.753007068633
   20      4.658837739819      4.687420755906      4.688461285696
   20     -0.026818453282      0.056156482071      4.698192594309
   12     -2.327350981175      2.213845763103     -0.022861518566
   12      0.006712790150      4.571162549811     -0.041344307653
   20     -4.682598319935      0.023830669937     -0.039746024399
   12      0.052449520014     -2.421004209034     -2.291034561027
   12      2.355238579348      0.025432118306     -2.390378901922
   12     -2.505424043308     -4.587427786688     -2.330316243242
   20      2.338409938437     -2.377760590685     -0.066582225228
   20      4.695556543700      0.021341697978     -0.064573338362
   12     -0.019970880145     -4.592643154709     -0.085332721206
   20     -2.310787933523     -2.403411309161     -4.654439630095
   20      0.038715494947     -0.020898178292     -4.683311623948
   20     -4.634335756551     -4.692988754924     -4.647381050743
    8      0.091872464477     -0.064925700103     -2.330155999648
    8      2.429019450948      2.367649860852     -2.340844174410
    8     -2.357320188774     -2.465070086757     -2.333487982743
    8      2.342970468903     -0.000564217103     -0.064135522867
    8      4.720759631841      2.350632410535     -0.074404930772
    8     -0.001598165592     -2.416870181729     -0.052197090003
    8      4.691204317130     -0.015476534161      2.344703855861
    8      7.028056128451      2.346202304877      2.296717612591
    8      2.351999579109     -2.354346730092      2.396188386489
    8     -0.081749608376      2.403978665516      0.003972148024
    8      2.268032749905      4.672765224202     -0.042434413130
    8     -2.335546490112      0.070354551800      0.035927780350
    8      2.333412354043      2.337534787614      2.380611747885
    8      4.684897323359      4.733041010448      2.341066031032
    8     -0.062629964821      0.003370882563      2.363142438216
    8      4.610031444401      2.328160025473      4.735111974632
    8      7.111227740346      4.689500849967      4.758011784659
    8      2.330693525613      0.001690869423      4.676453412773
    8      0.008059906684      4.656094821281      2.351963537549
    8      2.423427171152      7.020277794241      2.344810574462
    8     -2.341567906543      2.214274166971      2.347975575535
    8      2.255162745987      4.667896715769      4.667509342920
    8      4.566456537828      7.134578357707      4.544077439495
    8      0.040100488621      2.460129663921      4.804761231647
    8      4.763524835058      4.594858692675      6.984483895910
    8      7.008434545356      7.033019334398      6.968608111368
    8      2.330182260353      2.336262937611      6.885808073381
    0    0
