   3   1   1 E -1.6031097407879E+04 DE-4.9E-09(  9)
  0.458132750508E-02  0.699309105369E+01  0.701771902640E+01
  0.699703414994E+01 -0.683542096838E-02  0.702242801622E+01
  0.700083055906E+01  0.699541561968E+01 -0.429914981261E-02
    1
  0.100000000000E+01  0.000000000000E+00  0.000000000000E+00
  0.000000000000E+00  0.100000000000E+01  0.000000000000E+00
  0.000000000000E+00  0.000000000000E+00  0.100000000000E+01
  0.000000000000E+00  0.000000000000E+00  0.000000000000E+00
   54
   20     -0.025213819161     -0.003231793302     -0.019899480421
   20      2.330381353526      2.341283112183     -0.042777576938
   20     -2.337601245634     -2.332433005129     -0.032340533759
   20      2.365955125626     -0.062173806618      2.340433972204
   20      4.655603980484      2.303986062416      2.304589761693
   20      0.022846574466     -2.318316231362      2.328194156136
   20     -2.333640597075     -0.051560827905     -2.355157279377
   20      0.012935174482      2.370439117417     -2.295902881421
   12     -4.674938230280     -2.347445710446     -2.333941479021
   20     -0.078446584083      2.370771338359      2.337719205733
   20      2.312238547503      4.685200736082      2.338907028258
   12     -2.321811697261      0.065570346996      2.336492981387
   20      2.321943803803      2.366087107932      4.702808664433
   20      4.673252515369      4.681768261845      4.743473644717
   20     -0.054464600703     -0.010644773202      4.686974854522
   12     -2.372676994930      2.367608762409      0.043881251165
   12     -0.044853898330      4.654260878163      0.015896369500
   20     -4.667126349899     -0.008881176366     -0.015529732332
   12     -0.009193687449     -2.353065868526     -2.351294143879
   20      2.375444597207     -0.003730435317     -2.330209086689
   12     -2.315643126907     -4.638905047574     -2.335197954432
   12      2.360912687622     -2.304396692077     -0.028390141128
   12      4.703571573761     -0.078437446822      0.067857082172
   20     -0.013348648666     -4.646655787649     -0.033276214677
   12     -2.341070494374     -2.317745823822     -4.716154142498
   20     -0.018264282760     -0.047450235579     -4.694616411053
   20     -4.590385789887     -4.617826603106     -4.672848890203
    8     -0.009810534174     -0.081178753211     -2.356614481657
    8      2.411981556037      2.448950151572     -2.335833095785
    8     -2.336800646062     -2.443545648993     -2.429705613922
    8      2.432813658519     -0.104015202654      0.007341118540
    8      4.666284245995      2.252085289646     -0.078686675883
    8      0.079521306261     -2.325463283513     -0.084783582408
    8      4.679120919848     -0.088936474904      2.270043585585
    8      6.995836316165      2.335471305852      2.329980585629
    8      2.425746640846     -2.337534156187      2.321771242340
    8     -0.087465251042      2.443338155391      0.019924330090
    8      2.305513637810      4.660868695896     -0.015676692642
    8     -2.325319810810      0.065287557128      0.057936744484
    8      2.330568959253      2.326807156227      2.344688950594
    8      4.661469333131      4.729358695720      2.321819460538
    8     -0.085044095475     -0.001517079488      2.366682123544
    8      4.667167803645      2.324911157970      4.741459723992
    8      7.084695544822      4.656857127815      4.756665868616
    8      2.336452536164     -0.106348262990      4.684853045008
    8     -0.102586430438      4.662952205053      2.326884285236
    8      2.407777410387      7.002966983180      2.313744388149
    8     -2.331626436673      2.305477424702      2.307469337522
    8      2.253988769209      4.662481211710      4.752295900043
    8      4.656601272379      7.084054967446      4.682287365742
    8     -0.075218445032      2.436147506022      4.703570444260
    8      4.693205722990      4.622590105421      7.116890311791
    8      6.899270124571      6.895734196455      7.031641750324
    8      2.440457169543      2.425645145557      7.014972073766
    0    0
