   3   1   1 E -1.6031059823606E+04 DE 2.0E-10( 11)
  0.357714764438E-02  0.699203762837E+01  0.699206148504E+01
  0.700323581103E+01 -0.186784344037E-01  0.700754577781E+01
  0.700314225940E+01  0.700130718364E+01 -0.122111644476E-01
    1
  0.100000000000E+01  0.000000000000E+00  0.000000000000E+00
  0.000000000000E+00  0.100000000000E+01  0.000000000000E+00
  0.000000000000E+00  0.000000000000E+00  0.100000000000E+01
  0.000000000000E+00  0.000000000000E+00  0.000000000000E+00
   54
   20     -0.007775408671     -0.011184062042     -0.011982606263
   20      2.336503477763      2.335475882514     -0.021878320120
   20     -2.332262221216     -2.343766509822     -0.017716313396
   20      2.347686171963     -0.026670426530      2.329194658117
   20      4.668130990675      2.324547548394      2.322413297948
   20      0.012763855534     -2.334761962169      2.338461824188
   20     -2.337966534320     -0.018633632638     -2.347162918464
   20      0.004898044473      2.351228857224     -2.322621629695
   12     -4.605192417782     -2.320163812773     -2.316241912607
   20     -0.032868761220      2.340937743090      2.324951928259
   20      2.327755899632      4.670588772921      2.320947561157
   12     -2.318277865271      0.045596132683      2.344802205827
   20      2.329276708146      2.334342454769      4.676336176979
   20      4.675570559431      4.669984590061      4.706530223933
   20     -0.015901624635     -0.012532099706      4.680985566888
   12     -2.324821066153      2.353464729810      0.045696601163
   12     -0.062573604964      4.644918951903     -0.027000325785
   20     -4.666714030006     -0.008797698150     -0.013071442312
   12     -0.059297311451     -2.322640073422     -2.325564730367
   20      2.345259090578     -0.002106884390     -2.322325897411
   12     -2.357342982464     -4.622230516079     -2.339127030335
   12      2.387324283408     -2.313818679771     -0.008773846138
   12      4.668978572985     -0.009621901525      0.142515039979
   20     -0.006275286645     -4.665843700861     -0.010013218391
   12     -2.335171624730     -2.323411491977     -4.792968753883
   20     -0.013830742689     -0.008442571119     -4.683401836441
   20     -4.637090550669     -4.646722743313     -4.669347280294
    8     -0.004158601061     -0.016075643301     -2.338806531113
    8      2.365438787276      2.353629767234     -2.333621706606
    8     -2.332484877720     -2.389417935862     -2.380825761303
    8      2.356176938222     -0.023577204268     -0.007740109705
    8      4.669051750425      2.317598761183     -0.035432606576
    8      0.018054402519     -2.338597169908     -0.025722359549
    8      4.669006493611     -0.036530643285      2.311898003168
    8      7.006718453015      2.330269252097      2.326143819199
    8      2.373439599569     -2.339923520052      2.323984025450
    8     -0.023187067925      2.352849752366     -0.004426563124
    8      2.329323077576      4.663345405929     -0.019385711672
    8     -2.336448216155     -0.001111757573      0.004451402969
    8      2.330938449821      2.331667100064      2.329035457220
    8      4.674158172259      4.679440377107      2.328887243647
    8     -0.017491690039     -0.012929299408      2.336103848826
    8      4.667329534579      2.325446343226      4.689632424351
    8      7.027577433573      4.665847728844      4.695073029454
    8      2.335211900249     -0.034414443670      4.670484966565
    8     -0.039126595569      4.668031228231      2.308494993272
    8      2.350776768077      6.993469052106      2.314529251374
    8     -2.333271434244      2.334241690458      2.316492106855
    8      2.315745747055      4.667549980827      4.686711991165
    8      4.666919947039      7.016374855631      4.678626192246
    8     -0.032000973476      2.342024677754      4.671479422442
    8      4.674945542970      4.652234788019      7.118938018058
    8      6.978141648464      6.968594762807      6.984413963197
    8      2.363227669509      2.336223895562      6.990226610428
    0    0
