   3   1   1 E -1.6031051624107E+04 DE 1.5E-10( 11)
 -0.111105087602E-02  0.701187274787E+01  0.702205913551E+01
  0.701527053507E+01  0.277199122045E-01  0.699951980533E+01
  0.702342791820E+01  0.700388964476E+01  0.129545041192E-01
    1
  0.100000000000E+01  0.000000000000E+00  0.000000000000E+00
  0.000000000000E+00  0.100000000000E+01  0.000000000000E+00
  0.000000000000E+00  0.000000000000E+00  0.100000000000E+01
  0.000000000000E+00  0.000000000000E+00  0.000000000000E+00
   54
   20      0.002266391006      0.005561877057     -0.002820043416
   20      2.337294314008      2.344075381157     -0.005785709523
   20     -2.339764419451     -2.327657141309     -0.006455143865
   20      2.341058658711      0.008305564260      2.343607236769
   20      4.680044568888      2.337549356656      2.337843913167
   20      0.003575092170     -2.333866201819      2.341031852425
   20     -2.338686542849     -0.008443538128     -2.334236931928
   12      0.015324419067      2.355897694479     -2.408286633761
   12     -4.682792853625     -2.374428062690     -2.324961235426
   20     -0.001080134532      2.341984019438      2.344041762548
   20      2.332613851459      4.689802394925      2.330888539997
   12     -2.392724560058     -0.007247644136      2.327303708903
   12      2.317622309683      2.358654424815      4.683836907840
   20      4.673286848344      4.684774402086      4.672739219191
   20     -0.000585413809      0.010479563192      4.675592747143
   20     -2.344663442214      2.325321246107      0.010164228251
   20     -0.004529649070      4.671808734212      0.002441852291
   12     -4.636749524923     -0.037577202925      0.056899515143
   12      0.033393001316     -2.342022261851     -2.333921542434
   20      2.332596998201      0.015329605351     -2.358941275588
   20     -2.342624965170     -4.666707504202     -2.350250194193
   20      2.337337650721     -2.333323460438     -0.010194716184
   12      4.686452940044     -0.014789679838      0.011420084774
   20      0.005003844057     -4.676369039522     -0.006222628702
   20     -2.339893439879     -2.343739796820     -4.670595842007
   12      0.036780649590     -0.049728650543     -4.626181468667
   12     -4.685010773357     -4.724011612053     -4.647224417470
    8      0.004311491120      0.004540940618     -2.361712997185
    8      2.328648612665      2.360318651984     -2.356594385689
    8     -2.336593560254     -2.336537531894     -2.340583498132
    8      2.340208782044      0.008036374666     -0.009338913513
    8      4.681180586066      2.331929982459      0.002798826027
    8      0.005574694482     -2.333568638573     -0.005425507892
    8      4.683060094750      0.012626891182      2.330881475571
    8      7.036644142537      2.321708472549      2.361492772064
    8      2.339892038509     -2.335961579155      2.345989318171
    8     -0.000756944036      2.338305046010     -0.000365818145
    8      2.338028948411      4.686638915290     -0.003925041482
    8     -2.346388666146     -0.002650880578      0.003807470595
    8      2.339166980603      2.343882052515      2.342634743152
    8      4.682048301762      4.685062370155      2.342516057106
    8     -0.000171495211      0.006779053863      2.343209530383
    8      4.672145453865      2.347660559092      4.669963994288
    8      7.022966594706      4.675506465996      4.683008961445
    8      2.334789682366      0.010167500137      4.683617641921
    8     -0.004172795586      4.687604460526      2.345527438427
    8      2.336806028422      7.047746714844      2.314138481217
    8     -2.350926620492      2.332079964545      2.344449677122
    8      2.326321379400      4.680201332450      4.664527208827
    8      4.674289182683      7.020421920965      4.674806308622
    8      0.007532376442      2.349806210406      4.679484424442
    8      4.668724501498      4.695545004332      7.007937626399
    8      7.018507220576      7.015654984301      7.022480458935
    8      2.341760481299      2.332532665610      7.018340464368
    0    0
