   3   1   1 E -1.6031100754068E+04 DE 5.5E-09(  9)
 -0.149260599750E-01  0.702162456009E+01  0.702162456009E+01
  0.700280541764E+01  0.447159724091E-02  0.700215513657E+01
  0.700280541764E+01  0.700215513657E+01  0.447159724091E-02
    2
  0.100000000000E+01  0.000000000000E+00  0.000000000000E+00
  0.000000000000E+00  0.100000000000E+01  0.000000000000E+00
  0.000000000000E+00  0.000000000000E+00  0.100000000000E+01
  0.000000000000E+00  0.000000000000E+00  0.000000000000E+00
  0.100000000000E+01  0.000000000000E+00  0.000000000000E+00
  0.000000000000E+00  0.000000000000E+00  0.100000000000E+01
  0.000000000000E+00  0.100000000000E+01  0.000000000000E+00
  0.000000000000E+00  0.000000000000E+00  0.000000000000E+00
   54
   20      0.003585972110     -0.008855858546     -0.008855858546
   20      2.343108949112      2.332383218347     -0.039539399117
   20     -2.342394458725     -2.325852418633     -0.004577031780
   20      2.343108949112     -0.039539399117      2.332383218347
   20      4.707669632932      2.307361775820      2.307361775820
   20      0.029304367853     -2.348030794048      2.314782428172
   20     -2.342394458725     -0.004577031780     -2.325852418633
   20      0.029304367853      2.314782428172     -2.348030794048
   12     -4.691331728524     -2.263456417615     -2.263456417615
   20     -0.036022148197      2.332800422681      2.332800422681
   20      2.329970780274      4.752721700053      2.346355189325
   12     -2.415283570499      0.033627554022      2.286348065028
   20      2.329970780274      2.346355189325      4.752721700053
   20      4.637741516581      4.715405088868      4.715405088868
   20     -0.032079482004      0.003028612911      4.729535624317
   12     -2.415283570499      2.286348065028      0.033627554022
   20     -0.032079482004      4.729535624317      0.003028612911
   12     -4.665258219642      0.025805100682      0.025805100682
   20      0.027327655325     -2.332315017537     -2.332315017537
   12      2.375017117797     -0.089790766552     -2.310321391790
   20     -2.377067983908     -4.716335496006     -2.359508452739
   12      2.375017117797     -2.310321391790     -0.089790766552
   12      4.623038761947      0.032067032091      0.032067032091
   12      0.030984220256     -4.734424414255      0.031296916489
   20     -2.377067983908     -2.359508452739     -4.716335496006
   12      0.030984220256      0.031296916489     -4.734424414255
   20     -4.672356136887     -4.715993988961     -4.715993988961
    8      0.100316440959     -0.004990836671     -2.423353731364
    8      2.330894356122      2.332678455098     -2.332800281753
    8     -2.409414382466     -2.326688897033     -2.326688897033
    8      2.433056288087     -0.072166101956     -0.072166101956
    8      4.740126693091      2.230856308579     -0.003037377712
    8      0.100316440959     -2.423353731364     -0.004990836671
    8      4.740126693091     -0.003037377712      2.230856308579
    8      6.998691660055      2.227592206923      2.227592206923
    8      2.330894356122     -2.332800281753      2.332678455098
    8     -0.035881783733      2.352676148911      0.016283192557
    8      2.335329831631      4.773844715630     -0.079815181437
    8     -2.418970966165      0.085281744089      0.085281744089
    8      2.337681816141      2.338892652707      2.338892652707
    8      4.675709509171      4.769814799061      2.333863866781
    8     -0.035881783733      0.016283192557      2.352676148911
    8      4.675709509171      2.333863866781      4.769814799061
    8      7.102660153652      4.678317365337      4.678317365337
    8      2.335329831631     -0.079815181437      4.773844715630
    8     -0.019792260530      4.744106641186      2.318746833444
    8      2.346877315185      7.001770163883      2.331842101736
    8     -2.347995022739      2.219433265046      2.219433265046
    8      2.330011403794      4.779015437069      4.779015437069
    8      4.557178788455      7.012245781252      4.710152850567
    8     -0.019792260530      2.318746833444      4.744106641186
    8      4.557178788455      4.710152850567      7.012245781252
    8      7.053327571870      7.118051419411      7.118051419411
    8      2.346877315185      2.331842101736      7.001770163883
    0    0
