   3   1   1 E -1.6031102318498E+04 DE-8.1E-10( 10)
 -0.432583897792E-02  0.698771782252E+01  0.702760681777E+01
  0.698238342775E+01 -0.469066599359E-02  0.703397037687E+01
  0.697098164265E+01  0.698966670955E+01 -0.439316777632E-03
    1
  0.100000000000E+01  0.000000000000E+00  0.000000000000E+00
  0.000000000000E+00  0.100000000000E+01  0.000000000000E+00
  0.000000000000E+00  0.000000000000E+00  0.100000000000E+01
  0.000000000000E+00  0.000000000000E+00  0.000000000000E+00
   54
   20      0.013106510473     -0.001736194564      0.008191988633
   20      2.333412259110      2.308995470622     -0.049286018957
   20     -2.347843658218     -2.337759355894      0.002422558147
   20      2.337645879312     -0.050306609190      2.339465768647
   20      4.679960890800      2.295339852506      2.326568736722
   20      0.039995552993     -2.329416497263      2.365030412907
   20     -2.328510689466      0.002557869379     -2.313069927626
   20      0.026060493382      2.336016691914     -2.327668051679
   12     -4.657056132096     -2.353470679754     -2.283259451961
   20     -0.056920188299      2.340488485538      2.320120881401
   20      2.311094247355      4.724762871778      2.348650580117
   12     -2.347716059959      0.096259481257      2.337657320683
   20      2.344506675369      2.362130154703      4.714175287927
   20      4.659740989129      4.713370667255      4.735413899880
   20     -0.060086611674     -0.010414033637      4.695313125645
   12     -2.317912378681      2.344152026512      0.040778672151
   12      0.014799737379      4.673198152511      0.022060665043
   20     -4.658689928541      0.001011956522     -0.001192325871
   20      0.009654124923     -2.311469767664     -2.376357376698
   12      2.351837321744     -0.037898449368     -2.335190602252
   12     -2.458146354958     -4.719505408404     -2.332596782271
   12      2.383102649640     -2.295205023728     -0.087742451633
   12      4.665281456706     -0.016501014921      0.056083280518
   20     -0.001544969097     -4.684380142563     -0.009850683819
   20     -2.341888986217     -2.345760596675     -4.736761610255
   12     -0.067954129333     -0.038446980416     -4.747027778142
   20     -4.619177683350     -4.675694744169     -4.651228231123
    8      0.074508338608      0.000713358136     -2.333756621424
    8      2.425245105795      2.330563905346     -2.332070682351
    8     -2.424666137477     -2.405446109771     -2.354070127447
    8      2.426585790829     -0.105389880783     -0.046482533531
    8      4.656592716500      2.230349115231     -0.072405129640
    8      0.066227710725     -2.345865069988      0.018649068095
    8      4.739528777447     -0.006145258355      2.293057488409
    8      6.981450374354      2.236032264937      2.340069757170
    8      2.336549920037     -2.336485410502      2.356629053200
    8     -0.089552803394      2.409125144072     -0.018236215385
    8      2.221462434095      4.658897760129     -0.058131650383
    8     -2.320969878619      0.070025702318      0.025429765907
    8      2.328198706288      2.332542686211      2.346392550030
    8      4.658623527143      4.731724899900      2.345875831102
    8     -0.076655505311     -0.004312688568      2.320602605884
    8      4.660768893289      2.340579093664      4.733146344652
    8      7.099709371868      4.667195480949      4.757412128951
    8      2.318038108877     -0.055910975513      4.694453017722
    8     -0.005683411305      4.774740499787      2.256499834564
    8      2.371138349388      6.991214660089      2.375784218022
    8     -2.329473603050      2.211015572668      2.297917139204
    8      2.333367914441      4.763111429391      4.767550843570
    8      4.547620260361      7.090985556112      4.677430436357
    8     -0.066357929344      2.335022895075      4.660720686149
    8      4.643978383233      4.663841323015      7.030039338560
    8      6.855779220070      6.887673380138      7.110812387905
    8      2.431910888155      2.421004881358      7.021099028989
    0    0
