   3   1   1 E -1.6031078420024E+04 DE 2.0E-08(  8)
  0.280256628012E-01  0.703386166093E+01  0.699437300138E+01
  0.697385945465E+01 -0.122504871541E-01  0.702569545972E+01
  0.693640746310E+01  0.702374973529E+01  0.302404291750E-01
    1
  0.100000000000E+01  0.000000000000E+00  0.000000000000E+00
  0.000000000000E+00  0.100000000000E+01  0.000000000000E+00
  0.000000000000E+00  0.000000000000E+00  0.100000000000E+01
  0.000000000000E+00  0.000000000000E+00  0.000000000000E+00
   54
   20      0.042877746382     -0.017483691052     -0.038624567282
   20      2.299416304593      2.331103435647     -0.031486047804
   20     -2.303622063054     -2.326703769862     -0.020511994521
   20      2.331511844097     -0.038384177374      2.348205707437
   20      4.656570616328      2.321255449673      2.348519181446
   20      0.021419484944     -2.333378724847      2.353294337733
   20     -2.287656453806     -0.009610713147     -2.358033138950
   12      0.051885256907      2.368355304795     -2.349244003529
   12     -4.787478120214     -2.304141229595     -2.365184095186
   20     -0.004908033291      2.328210318545      2.366757271617
   20      2.286137050757      4.721725252496      2.373341990160
   12     -2.309324923879      0.017510314964      2.385731444026
   20      2.307619151578      2.336187604570      4.692992389303
   20      4.635465130216      4.720184953051      4.690006796795
   12      0.040287433980     -0.013234853762      4.646577039659
   20     -2.317504218888      2.342112068886     -0.008970109323
   20     -0.025034871439      4.719412014603     -0.037620782774
   20     -4.659171811106     -0.003382699471     -0.015202897897
   12      0.110331821968     -2.320923001245     -2.392934112186
   12      2.322491308175     -0.056196215589     -2.282677373365
   20     -2.340873861181     -4.698777138397     -2.347422289723
   12      2.346906155022     -2.314250965460     -0.068963926586
   12      4.700854755736     -0.030030430215      0.004760893258
   20     -0.005458425668     -4.703399623107     -0.020815831025
   20     -2.342159267883     -2.323696618735     -4.673460575758
   12      0.033345199618     -0.004779020205     -4.488431349772
   20     -4.684962184168     -4.694789334688     -4.649713200244
    8      0.122687136256      0.005118836380     -2.432561913448
    8      2.201868546604      2.348203210598     -2.317582281858
    8     -2.310759684055     -2.336222036084     -2.346333210137
    8      2.399735974003     -0.062600221006     -0.059774759726
    8      4.618754264815      2.311075778639      0.004403781426
    8      0.071299078736     -2.343214122757     -0.038238046913
    8      4.701420231600     -0.009118950023      2.341102508733
    8      6.937133889310      2.289912109720      2.407028583551
    8      2.309621135188     -2.343994185733      2.354825709110
    8      0.000760859426      2.338325975751     -0.036799115026
    8      2.287694995978      4.703937127257     -0.017538181145
    8     -2.301478222758     -0.005057396309     -0.016209548120
    8      2.308965667736      2.329927970500      2.348768772788
    8      4.629824320189      4.721929998936      2.370140146444
    8     -0.033277132882     -0.014463525043      2.366752415062
    8      4.684228346212      2.337407191004      4.684171800313
    8      7.012649663100      4.704853488355      4.685257453911
    8      2.285549050144     -0.053917882807      4.683754151040
    8     -0.015561423344      4.726130883024      2.373070053883
    8      2.304010226302      7.035239180579      2.421513699998
    8     -2.322415106980      2.309845350324      2.337334415241
    8      2.245560577119      4.725266445350      4.715851815290
    8      4.624818494295      7.041919026913      4.687433756969
    8      0.017113560746      2.331773256187      4.660900257072
    8      4.612168884741      4.724373406647      6.997357134153
    8      6.878170416010      7.024840990032      6.994527548064
    8      2.332807838256      2.349737673906      6.996342304077
    0    0
