   3   1   1 E -1.6031092125758E+04 DE 2.1E-10( 11)
  0.834961972287E-02  0.702085344504E+01  0.703363821469E+01
  0.699103495859E+01  0.264769401943E-01  0.700891943548E+01
  0.701637712027E+01  0.701419619718E+01  0.842193241410E-02
    1
  0.100000000000E+01  0.000000000000E+00  0.000000000000E+00
  0.000000000000E+00  0.100000000000E+01  0.000000000000E+00
  0.000000000000E+00  0.000000000000E+00  0.100000000000E+01
  0.000000000000E+00  0.000000000000E+00  0.000000000000E+00
   54
   20      0.018013544762     -0.016721308213     -0.039468606347
   20      2.363747478033      2.336319817035     -0.026421342577
   20     -2.355148589723     -2.316656929578     -0.037442044897
   20      2.317656022787     -0.055899462164      2.369142450382
   20      4.679610133312      2.348518200821      2.353180012465
   20      0.033021292212     -2.331010853697      2.355372984172
   20     -2.373153544772     -0.028692391985     -2.290023679313
   20      0.023069802872      2.379204394489     -2.333628467290
   12     -4.703116768461     -2.332510927526     -2.280971918909
   20     -0.036639638755      2.342480420083      2.365918149795
   20      2.343492107388      4.700885752729      2.333348042760
   20     -2.336889313633      0.012538499463      2.352706993432
   20      2.319465804895      2.366527614312      4.760757019149
   12      4.622179991426      4.690970663154      4.766285733756
   12     -0.030118379672     -0.091851481048      4.759504674411
   12     -2.378112047664      2.326131147498      0.041367424269
   20     -0.047627773655      4.715582716291     -0.057207007888
   12     -4.635392940530     -0.043031641838     -0.006578118404
   12      0.036793003591     -2.321960423208     -2.309350019298
   20      2.384702049121     -0.051291607434     -2.329462313076
   20     -2.343995761951     -4.679106405811     -2.325644660453
   12      2.412401858671     -2.333150925282     -0.088933688360
   12      4.635252929663     -0.010272564081     -0.077738139037
   20      0.088685055254     -4.680058676344     -0.060837927139
   20     -2.383287563305     -2.375106213799     -4.700515419882
   20      0.019309232551     -0.015919628000     -4.705828572758
   12     -4.648745999431     -4.539710089683     -4.765457023152
    8      0.013833923812     -0.074015183057     -2.336768134328
    8      2.363628252469      2.393188393967     -2.402833287779
    8     -2.363231555587     -2.343962208693     -2.309676818735
    8      2.429059007339     -0.104024695932     -0.000988045934
    8      4.691377483101      2.287805727653     -0.016935692236
    8      0.069667047054     -2.332595963095     -0.066884351128
    8      4.638806312295     -0.012660378167      2.296504013207
    8      7.089615858842      2.350940162548      2.339613826203
    8      2.319042709518     -2.432227614022      2.367746451345
    8     -0.038002462620      2.348199527260     -0.013723118822
    8      2.327348549197      4.755051536590     -0.063812644843
    8     -2.429858651405      0.079778687904     -0.008231285829
    8      2.330863214953      2.338799590213      2.351383592202
    8      4.679733821305      4.690031962571      2.357231724447
    8      0.006840211401     -0.010329319892      2.392660609361
    8      4.659429688042      2.438378356651      4.759242085137
    8      7.020360174153      4.815447085156      4.677181455156
    8      2.199568293717     -0.113937788947      4.831491808938
    8     -0.005102732009      4.685144637912      2.369063826672
    8      2.355749367903      7.053380508831      2.315150460612
    8     -2.431726468170      2.336243129012      2.312705108031
    8      2.363650189537      4.678840041461      4.748568765515
    8      4.798246911033      6.923084455160      4.739486217732
    8      0.016656180208      2.372685219819      4.706906688014
    8      4.502011188461      4.736350924219      6.853730818891
    8      6.964580989659      7.029998683411      6.920393602175
    8      2.473608154446      2.391066446163      7.088125911817
    0    0
