   3   1   1 E -1.6031045192860E+04 DE 4.9E-08(  8)
  0.445541175196E-02  0.702930206771E+01  0.701588815466E+01
  0.701426491524E+01  0.143311421716E-01  0.699906114089E+01
  0.703127922803E+01  0.702279873399E+01  0.399052015649E-02
    1
  0.100000000000E+01  0.000000000000E+00  0.000000000000E+00
  0.000000000000E+00  0.100000000000E+01  0.000000000000E+00
  0.000000000000E+00  0.000000000000E+00  0.100000000000E+01
  0.000000000000E+00  0.000000000000E+00  0.000000000000E+00
   54
   20      0.000171727458     -0.004301397418     -0.008094100295
   20      2.346317967612      2.342906148057     -0.004440142607
   20     -2.350258682936     -2.339831161702     -0.009507746932
   20      2.332356578253      0.001814254768      2.339890086919
   20      4.673644076705      2.347511510105      2.336610895201
   20     -0.007057076646     -2.331499902931      2.334008318615
   20     -2.353584802032     -0.006369669452     -2.332442750154
   20      0.002890097145      2.344027869766     -2.333935571833
   12     -4.691442945322     -2.308513706646     -2.344983008401
   20     -0.002071064322      2.346220360690      2.343374892783
   20      2.346771487126      4.680802565167      2.345775882163
   20     -2.340212092529      0.000216448873      2.343141647978
   12      2.323299323710      2.426499701412      4.661386685309
   12      4.679492846364      4.685633729729      4.695045723348
   12     -0.017200825728      0.020417506566      4.657633867828
   20     -2.351437115099      2.351146159457     -0.003794002961
   20     -0.000726765796      4.696008685726     -0.005776507864
   12     -4.690612769016     -0.002395912108     -0.017029503259
   12      0.006862421614     -2.366204112984     -2.320983460919
   20      2.357564381755     -0.017820410773     -2.326851559046
   12     -2.337011974858     -4.683783944299     -2.324827936242
   12      2.466474166651     -2.390694609382      0.004524305552
   12      4.722249280109     -0.101100519194      0.007584676575
   20     -0.009670008185     -4.676309413221     -0.020132670175
   20     -2.350519992316     -2.344591822534     -4.668826413618
   20      0.000595641141     -0.008688739052     -4.669853191204
   20     -4.682533766059     -4.685818330120     -4.672059768067
    8      0.000977961069     -0.011512279197     -2.332901693766
    8      2.355788642931      2.342855029025     -2.331740384367
    8     -2.352936034702     -2.353762347610     -2.332093150800
    8      2.352481195374     -0.011107368206      0.002457202787
    8      4.678892027799      2.337437241911     -0.013051978460
    8     -0.001312625471     -2.338575189253     -0.013921152624
    8      4.667155655023      0.005914433141      2.330733837538
    8      7.019352890095      2.349482517114      2.332704680715
    8      2.329308930595     -2.332635713351      2.333015605128
    8      0.000141788924      2.346239837035     -0.002486557785
    8      2.343143141522      4.696474232918     -0.006066216979
    8     -2.352900393668      0.000483704452     -0.006982131395
    8      2.339197557880      2.345050047074      2.343498415104
    8      4.683107670291      4.685168642569      2.342953954049
    8     -0.003756686020      0.002262861719      2.340490142955
    8      4.661139580507      2.362193779737      4.666452653263
    8      7.019354974491      4.709378840963      4.664131629249
    8      2.307210503577      0.005911909326      4.689607230412
    8      0.002717436190      4.683762787798      2.348874797319
    8      2.350912504962      7.019139953748      2.343292753983
    8     -2.342628156701      2.346310734737      2.345187222785
    8      2.376159790984      4.656032375821      4.695888783999
    8      4.716662791502      6.999685888653      4.695689354101
    8     -0.004184441947      2.350194763379      4.668388947604
    8      4.655851293215      4.719015475290      6.988534386371
    8      7.019530390988      7.040434539368      6.993825992338
    8      2.329279493388      2.367825760797      6.993306198446
    0    0
