   3   1   1 E -1.6031085635101E+04 DE-3.7E-10( 11)
  0.475635810386E-01  0.699353718423E+01  0.698301960382E+01
  0.699551432993E+01 -0.169095516594E-02  0.702364004311E+01
  0.698986818321E+01  0.702447657682E+01  0.865001687005E-02
    1
  0.100000000000E+01  0.000000000000E+00  0.000000000000E+00
  0.000000000000E+00  0.100000000000E+01  0.000000000000E+00
  0.000000000000E+00  0.000000000000E+00  0.100000000000E+01
  0.000000000000E+00  0.000000000000E+00  0.000000000000E+00
   54
   20      0.032664312529     -0.005376953995     -0.001875389666
   20      2.349110738872      2.286449842690     -0.045306481290
   20     -2.353775960506     -2.308838656761      0.006078025342
   20      2.420447035376     -0.058430832061      2.356336240709
   20      4.673638325370      2.278055692822      2.333556144182
   20      0.060100137353     -2.327999798003      2.352670148875
   20     -2.369343916496     -0.000277985159     -2.346923941405
   20      0.021862244924      2.315156265453     -2.344315122433
   12     -4.580818747443     -2.345792272684     -2.280375022539
   20     -0.032518120754      2.324940304159      2.321125956600
   20      2.319442130437      4.725660669860      2.370830386374
   12     -2.340066324799      0.039634618825      2.218168526274
   12      2.360409259881      2.374115435049      4.778916288677
   20      4.569875482795      4.696131477269      4.693225582452
   20     -0.017679584305     -0.018893931282      4.652318234716
   12     -2.334786190877      2.330295900937      0.025656743628
   20     -0.068325213853      4.707481865973      0.022253420021
   20     -4.634079600620      0.031064027509     -0.013730449637
   20      0.009773253236     -2.292535584790     -2.363097863032
   12      2.403564576953     -0.006954345609     -2.306118158231
   20     -2.405583141688     -4.711271220161     -2.370884280960
   12      2.417462506616     -2.212761785778     -0.053814986950
   12      4.606901015451      0.035785967800      0.088412005393
   20      0.003963562078     -4.690589528761      0.000041690468
   12     -2.433445754791     -2.278448824694     -4.797803826091
   12     -0.072574603447     -0.104492286014     -4.626713326548
   20     -4.598306607088     -4.677187483177     -4.650462070458
    8      0.067091325773      0.011790079782     -2.383178504420
    8      2.335445073435      2.329666301282     -2.343583539607
    8     -2.447815483498     -2.319443697466     -2.346823607346
    8      2.457164749958     -0.126158332161     -0.063288347659
    8      4.652408652831      2.276024767505     -0.002998232410
    8      0.088432434395     -2.331365365298     -0.015051399526
    8      4.804164916907     -0.162923158359      2.256044642248
    8      7.006629869668      2.264373951795      2.357391575521
    8      2.507294267267     -2.336636860033      2.344893590708
    8     -0.062949470078      2.328604902401      0.019303705035
    8      2.322851843971      4.692928984776     -0.043770221476
    8     -2.328656534265      0.095039360627      0.077677972561
    8      2.346692185798      2.313851489331      2.368294673151
    8      4.645122466708      4.751207160523      2.363728091138
    8     -0.024255217851     -0.021551272568      2.314203492920
    8      4.605235122981      2.330570410723      4.761894223450
    8      7.048370705023      4.689018066004      4.702732162384
    8      2.348736622243     -0.014758489938      4.675360789812
    8     -0.089441559673      4.771764126280      2.303453277989
    8      2.350894905358      7.005177482758      2.361777740791
    8     -2.314651697413      2.267697120206      2.207661454935
    8      2.321656628510      4.677307163471      4.751496139184
    8      4.517668706322      6.985030731085      4.628074570159
    8      0.076562559620      2.317495556002      4.660456514255
    8      4.534631766069      4.739883524265      7.104335163858
    8      6.898818592970      7.015181773719      7.058267846784
    8      2.472243175548      2.418756270373      6.932371238208
    0    0
