   3   1   1 E -1.6031035064557E+04 DE-4.3E-10(  2)
 -0.154116678763E-02  0.702989620574E+01  0.702747029563E+01
  0.702989620574E+01 -0.154116678763E-02  0.702747029563E+01
  0.702853233565E+01  0.702853233565E+01 -0.177758102781E-03
    2
  0.100000000000E+01  0.000000000000E+00  0.000000000000E+00
  0.000000000000E+00  0.100000000000E+01  0.000000000000E+00
  0.000000000000E+00  0.000000000000E+00  0.100000000000E+01
  0.000000000000E+00  0.000000000000E+00  0.000000000000E+00
  0.000000000000E+00  0.100000000000E+01  0.000000000000E+00
  0.100000000000E+01  0.000000000000E+00  0.000000000000E+00
  0.000000000000E+00  0.000000000000E+00  0.100000000000E+01
  0.000000000000E+00  0.000000000000E+00  0.000000000000E+00
   54
   20      0.000000000000      0.000000000000      0.000000000000
   20      2.342844111882      2.342844111882     -0.000059252701
   20     -2.342844111882     -2.342844111882      0.000059252701
   20      2.343298735248     -0.000513722263      2.342490098543
   20      4.686142847130      2.342330389619      2.342430845842
   20      0.000454623366     -2.343357834144      2.342549351244
   20     -2.343298735248      0.000513722263     -2.342490098543
   20     -0.000454623366      2.343357834144     -2.342549351244
   12     -4.686142847130     -2.342330389619     -2.342430845842
   20     -0.000513722263      2.343298735248      2.342490098543
   20      2.342330389619      4.686142847130      2.342430845842
   20     -2.343357834144      0.000454623366      2.342549351244
   20      2.342785012985      2.342785012985      4.684980197085
   12      4.685629124867      4.685629124867      4.684920944384
   12     -0.000059098897     -0.000059098897      4.685039449786
   12     -2.343812457510      2.343812457510      0.000000000000
   20     -0.000968345628      4.686656569392     -0.000059252701
   12     -4.686656569392      0.000968345628      0.000059252701
   20      0.000513722263     -2.343298735248     -2.342490098543
   20      2.343357834144     -0.000454623366     -2.342549351244
   12     -2.342330389619     -4.686142847130     -2.342430845842
   12      2.343812457510     -2.343812457510      0.000000000000
   20      4.686656569392     -0.000968345628     -0.000059252701
   12      0.000968345628     -4.686656569392      0.000059252701
   20     -2.342785012985     -2.342785012985     -4.684980197085
   12      0.000059098897      0.000059098897     -4.685039449786
   20     -4.685629124867     -4.685629124867     -4.684920944384
    8      0.000029549448      0.000029549448     -2.342519724893
    8      2.342873661333      2.342873661333     -2.342578977594
    8     -2.342814562434     -2.342814562434     -2.342460472192
    8      2.343328284696     -0.000484172814     -0.000029626350
    8      4.686172396580      2.342359939070     -0.000088879051
    8      0.000484172814     -2.343328284696      0.000029626350
    8      4.686627019943     -0.000997895077      2.342460472191
    8      7.029471131826      2.341846216806      2.342401219490
    8      2.343782908061     -2.343842006959      2.342519724892
    8     -0.000484172814      2.343328284696     -0.000029626350
    8      2.342359939070      4.686172396580     -0.000088879051
    8     -2.343328284696      0.000484172814      0.000029626350
    8      2.342814562434      2.342814562434      2.342460472192
    8      4.685658674317      4.685658674317      2.342401219491
    8     -0.000029549448     -0.000029549448      2.342519724893
    8      4.686113297681      2.342300840171      4.684950570735
    8      7.028957409564      4.685144952053      4.684891318034
    8      2.343269185799     -0.000543271711      4.685009823436
    8     -0.000997895077      4.686627019943      2.342460472191
    8      2.341846216806      7.029471131826      2.342401219490
    8     -2.343842006959      2.343782908061      2.342519724892
    8      2.342300840171      4.686113297681      4.684950570735
    8      4.685144952053      7.028957409564      4.684891318034
    8     -0.000543271711      2.343269185799      4.685009823436
    8      4.685599575420      4.685599575420      7.027440669280
    8      7.028443687301      7.028443687301      7.027381416579
    8      2.342755463538      2.342755463538      7.027499921980
    0    0
