   3   1   1 E -1.6031062672394E+04 DE 2.0E-11( 11)
 -0.114143998286E-01  0.697902940118E+01  0.699269720213E+01
  0.697470574052E+01 -0.271850865501E-01  0.700201503897E+01
  0.697436306739E+01  0.698205874801E+01 -0.208485774189E-01
    1
  0.100000000000E+01  0.000000000000E+00  0.000000000000E+00
  0.000000000000E+00  0.100000000000E+01  0.000000000000E+00
  0.000000000000E+00  0.000000000000E+00  0.100000000000E+01
  0.000000000000E+00  0.000000000000E+00  0.000000000000E+00
   54
   20      0.010401598207     -0.003106039052     -0.020394462137
   20      2.332435449910      2.325374434897     -0.024760050364
   20     -2.323609041648     -2.321484041059     -0.006464322911
   20      2.334024268081     -0.005954567947      2.345134283801
   20      4.661431797792      2.315729627938      2.331997913142
   20      0.005528841111     -2.341202959060      2.346479387567
   20     -2.317026614708      0.011511672916     -2.332720727251
   12      0.073934846685      2.333570191354     -2.358161896182
   12     -4.681027280134     -2.283631141481     -2.326276718198
   20      0.005767396746      2.334207537827      2.348313275631
   20      2.330588025520      4.674732146664      2.344670226670
   12     -2.442583724169     -0.007476661010      2.310797889619
   12      2.168015658509      2.245989473132      4.647840465018
   20      4.636511693219      4.652214434427      4.661343085976
   20      0.009176600056      0.010556062331      4.696113726254
   20     -2.342931299660      2.316916209113     -0.017437823490
   20      0.011426118026      4.680546757202     -0.019598070820
   12     -4.600695734465      0.021334071643      0.018497989139
   12      0.087683430389     -2.395962721263     -2.348600740703
   12      2.267910227896      0.018526507169     -2.295815826785
   20     -2.321266757431     -4.658655947459     -2.311532906287
   20      2.311171219296     -2.349477353145     -0.020751927434
   12      4.637734938855      0.014182195726     -0.012941660385
   12      0.011813642405     -4.706015753865     -0.014915533727
   20     -2.319280766342     -2.314503712533     -4.661590400030
   20      0.021601698860      0.026066289573     -4.663843579462
   20     -4.660868122084     -4.663234372009     -4.655273890948
    8      0.044232954216      0.010532807021     -2.337644508970
    8      2.300780076321      2.324535787371     -2.344268312412
    8     -2.319029227204     -2.321990277201     -2.322158297208
    8      2.345729506683     -0.009649948013     -0.020080799773
    8      4.675209541830      2.304703720843     -0.014828577103
    8      0.012397763937     -2.360119239205     -0.021349253330
    8      4.654142074910     -0.007386274196      2.325309574240
    8      6.981759695855      2.307216707025      2.330069060437
    8      2.324798496739     -2.345953785608      2.347949957720
    8      0.014593604388      2.330889838578     -0.020846806022
    8      2.326100139954      4.690707888419     -0.027947983643
    8     -2.351031449255      0.001841647314     -0.014588482225
    8      2.331401099748      2.327584403759      2.345131988468
    8      4.653824023943      4.672518177240      2.331744833337
    8     -0.007795940982      0.000333436544      2.341795171060
    8      4.650336825664      2.308634708452      4.660960347977
    8      7.001349402443      4.636814410678      4.664820321670
    8      2.339163409362      0.002287605279      4.695939286058
    8      0.007990084475      4.671053884722      2.340346192688
    8      2.347249267808      6.995874420228      2.340143224528
    8     -2.334524665106      2.309449616634      2.336741612056
    8      2.282196513118      4.650544229245      4.657158012638
    8      4.615402648342      6.985878326752      4.666404621317
    8      0.038995644460      2.363665234633      4.715611684229
    8      4.636055052166      4.651980948992      6.982518783904
    8      6.988214583980      7.013696014384      6.993714110477
    8      2.252035597677      2.256167149959      6.969633018776
    0    0
