   3   1   1 E -1.6031103093476E+04 DE 9.1E-10( 10)
  0.195767979756E-02  0.699531800461E+01  0.700904595608E+01
  0.701153365450E+01  0.132678655141E-02  0.701681226699E+01
  0.700275723920E+01  0.700040526999E+01  0.432628414091E-02
    1
  0.100000000000E+01  0.000000000000E+00  0.000000000000E+00
  0.000000000000E+00  0.100000000000E+01  0.000000000000E+00
  0.000000000000E+00  0.000000000000E+00  0.100000000000E+01
  0.000000000000E+00  0.000000000000E+00  0.000000000000E+00
   54
   20     -0.013043328976     -0.018538186115     -0.026375004432
   20      2.334689808396      2.367318304217     -0.011296292379
   20     -2.362121723285     -2.329296337888     -0.011629877397
   20      2.359195803983      0.003072499204      2.375440962695
   20      4.702092547463      2.297293370695      2.305033475642
   20      0.008570857992     -2.331408392791      2.330674695301
   20     -2.367383928337     -0.033230506276     -2.331254187744
   20     -0.000406813404      2.349875132499     -2.347132478662
   12     -4.711344227048     -2.332749504991     -2.316043428407
   20      0.000493722761      2.359094003844      2.376930324097
   20      2.294348080185      4.713198500962      2.345466876694
   12     -2.328350665782      0.002474634345      2.287312935847
   12      2.284370183276      2.374662196546      4.716485571544
   20      4.679712250173      4.700347305212      4.695626653506
   20      0.011884465584      0.006607485317      4.739166249719
   20     -2.381091427476      2.315880217875      0.012401940744
   12      0.017234143750      4.762294706884      0.022941489301
   12     -4.704803663197     -0.015695544619     -0.036120315047
   12      0.072385305418     -2.370232892245     -2.292530020867
   20      2.308147041201     -0.013658715031     -2.340824586406
   20     -2.306114657655     -4.677497341497     -2.321694120137
   20      2.338934374769     -2.359745492123     -0.034987357137
   12      4.754960909268      0.014599188807      0.062093230269
   12      0.051056640195     -4.683129108570     -0.068766086953
   20     -2.277512643336     -2.301211367063     -4.698289855732
   12     -0.016467371668     -0.042583739040     -4.765402850721
   20     -4.684349544654     -4.713760499882     -4.707777987760
    8     -0.009160893532     -0.105035984122     -2.388911800823
    8      2.328354107581      2.409109667420     -2.313110613238
    8     -2.351569052053     -2.352060854543     -2.341044019282
    8      2.399933676502     -0.001424461418      0.011630291894
    8      4.755055628830      2.214179753396     -0.002442569098
    8     -0.001593355024     -2.413174479074     -0.074628851376
    8      4.733766662100      0.005050346816      2.319013836290
    8      7.017406645666      2.257550970598      2.248545610282
    8      2.361639141884     -2.339192677788      2.350736273720
    8     -0.021271842994      2.403148172796      0.023361562736
    8      2.210476904386      4.776047327461     -0.070304262437
    8     -2.411830686109     -0.007002509233      0.087789410609
    8      2.345110831456      2.335818596394      2.394782781207
    8      4.684306120178      4.757876715426      2.327776998348
    8     -0.072181053006      0.003073848793      2.318465437503
    8      4.589126517509      2.340301190669      4.673311522510
    8      7.117885368733      4.670285987034      4.756607090098
    8      2.323924322884     -0.028817316830      4.775481787006
    8      0.007527639598      4.773121146384      2.314895737650
    8      2.287163159067      7.003210419296      2.316227645634
    8     -2.335764326627      2.231821717653      2.331903139706
    8      2.268425205395      4.583235007749      4.662384448757
    8      4.671676361023      7.001519405555      4.672513885239
    8      0.118010225785      2.430435227129      4.762339293836
    8      4.772137936830      4.763915647838      7.004935868651
    8      6.985590565019      7.012978437104      7.107870020920
    8      2.233886630087      2.216774054390      6.906249800507
    0    0
