   3   1   1 E -1.6031089293703E+04 DE-2.5E-10( 10)
  0.509939110869E-01  0.699896062127E+01  0.702536436699E+01
  0.701554860445E+01  0.305531828737E-01  0.703861682004E+01
  0.704359188395E+01  0.703354126287E+01  0.881308406105E-02
    1
  0.100000000000E+01  0.000000000000E+00  0.000000000000E+00
  0.000000000000E+00  0.100000000000E+01  0.000000000000E+00
  0.000000000000E+00  0.000000000000E+00  0.100000000000E+01
  0.000000000000E+00  0.000000000000E+00  0.000000000000E+00
   54
   20      0.004792624355     -0.014761971662     -0.038367947842
   20      2.356789765941      2.380768014421     -0.048810077145
   20     -2.366009875364     -2.350970461178     -0.053763975214
   20      2.344785995053     -0.012993107164      2.353000487091
   20      4.707318548347      2.371600897496      2.363059764412
   20     -0.005870971998     -2.359270656176      2.358848723474
   20     -2.339555155177     -0.042507836224     -2.310408743190
   20      0.037176082905      2.355044398698     -2.293957515311
   12     -4.773967331194     -2.223235753691     -2.290214618291
   20     -0.016520409429      2.366439645929      2.346249326159
   20      2.341862790866      4.718237000284      2.353274254075
   20     -2.373085238784     -0.001047477199      2.344087676548
   20      2.344674851153      2.355067274484      4.746610785619
   12      4.718628573633      4.627222477975      4.742041770914
   20     -0.006631142317     -0.008903070679      4.751898272905
   12     -2.287722546814      2.362623519446     -0.047657651901
   12      0.049224649101      4.673753365571     -0.083099086045
   12     -4.771981199758     -0.007052476944     -0.033717515977
   12     -0.058437103683     -2.339028640286     -2.295359081331
   12      2.375163504736     -0.046737513487     -2.330946140040
   12     -2.373235786851     -4.554349219190     -2.295274712816
   20      2.336295961103     -2.365002659109     -0.052613947388
   20      4.697423917100      0.003007831970     -0.064739316470
   12     -0.086051170212     -4.624645419990     -0.031629872234
   20     -2.323111516216     -2.398003827556     -4.704629324213
   20      0.034671027045     -0.021548668021     -4.690586255917
   20     -4.675811967330     -4.716486899038     -4.684779373719
    8      0.061217295490     -0.068798069267     -2.336410330605
    8      2.437913701857      2.354422282204     -2.335170739081
    8     -2.346368655855     -2.434088261667     -2.362126046739
    8      2.358385548049     -0.009753341179     -0.052333018782
    8      4.742354485831      2.382121322699     -0.040114908758
    8     -0.020311305660     -2.389654064677     -0.057060234346
    8      4.692505790237      0.000313354547      2.349526759037
    8      7.025541808085      2.368624301511      2.338558321584
    8      2.337381475309     -2.351698329076      2.354082801825
    8     -0.032945784049      2.390597947844     -0.011103071119
    8      2.268347292825      4.783271334921     -0.077618185317
    8     -2.391301553813      0.028351335493     -0.027272082305
    8      2.344165172707      2.364235078635      2.353028222819
    8      4.694671407529      4.688950829488      2.380308492583
    8     -0.007924554849     -0.005335435430      2.352099516714
    8      4.694773813904      2.407039152952      4.778308002102
    8      7.073937014700      4.695229782234      4.780897386196
    8      2.333637379702     -0.061312542654      4.764715748100
    8      0.032493801548      4.662827306477      2.338415343398
    8      2.370947762343      7.008605390570      2.352608546495
    8     -2.312957715425      2.318201244395      2.336612741627
    8      2.362617071747      4.739829185546      4.691319496709
    8      4.637915827721      6.994473484126      4.691912909233
    8     -0.075490393448      2.423006859590      4.788845759376
    8      4.819968448685      4.575611680416      6.920114611979
    8      7.139661912694      7.027137810044      7.025496864026
    8      2.363650873659      2.264319393150      7.021415407001
    0    0
