   3   1   1 E -1.6031093709784E+04 DE 4.4E-11( 11)
  0.472842532133E-01  0.700867836997E+01  0.701990001764E+01
  0.700867836997E+01  0.472842532133E-01  0.701990001764E+01
  0.705596262318E+01  0.705596262318E+01  0.000000000000E+00
    4
  0.100000000000E+01  0.000000000000E+00  0.000000000000E+00
  0.000000000000E+00  0.100000000000E+01  0.000000000000E+00
  0.000000000000E+00  0.000000000000E+00  0.100000000000E+01
  0.000000000000E+00  0.000000000000E+00  0.000000000000E+00
 -0.100000000000E+01  0.000000000000E+00  0.000000000000E+00
  0.000000000000E+00 -0.100000000000E+01  0.000000000000E+00
  0.000000000000E+00  0.000000000000E+00  0.100000000000E+01
  0.000000000000E+00  0.000000000000E+00  0.000000000000E+00
  0.000000000000E+00  0.100000000000E+01  0.000000000000E+00
  0.100000000000E+01  0.000000000000E+00  0.000000000000E+00
  0.000000000000E+00  0.000000000000E+00  0.100000000000E+01
  0.000000000000E+00  0.000000000000E+00  0.000000000000E+00
  0.000000000000E+00 -0.100000000000E+01  0.000000000000E+00
 -0.100000000000E+01  0.000000000000E+00  0.000000000000E+00
  0.000000000000E+00  0.000000000000E+00  0.100000000000E+01
  0.000000000000E+00  0.000000000000E+00  0.000000000000E+00
   54
   20     -0.000000000000      0.000000000000     -0.005227262876
   20      2.354097163093      2.354097163093      0.010889725994
   20     -2.354097163093     -2.354097163093      0.010889725994
   20      2.392646940388     -0.041810213921      2.287652758472
   20      4.754484169384      2.301478453793      2.312880801385
   20      0.041810213921     -2.392646940388      2.287652758472
   20     -2.343605172866     -0.016487902116     -2.342689558412
   20      0.016487902116      2.343605172866     -2.342689558412
   20     -4.694458211722     -2.361504411454     -2.325271798344
   20     -0.041810213921      2.392646940388      2.287652758472
   20      2.301478453793      4.754484169384      2.312880801385
   20     -2.392646940388      0.041810213921      2.287652758472
   20      2.357325780378      2.357325780378      4.755319989252
   20      4.698636842799      4.698636842799      4.755319989252
   20     -0.000000000000     -0.000000000000      4.758166567204
   12     -2.366483354493      2.366483354493      0.056546796901
   12     -0.005647980137      4.711214157672      0.071369811538
   12     -4.711214157672      0.005647980137      0.071369811538
   20     -0.016487902116     -2.343605172866     -2.342689558412
   20      2.343605172866      0.016487902116     -2.342689558412
   20     -2.361504411454     -4.694458211722     -2.325271798344
   12      2.366483354493     -2.366483354493      0.056546796901
   12      4.711214157672     -0.005647980137      0.071369811538
   12      0.005647980137     -4.711214157672      0.071369811538
   12     -2.418064413529     -2.418064413529     -4.809437138719
   12      0.000000000000      0.000000000000     -4.804112804785
   12     -4.637898209648     -4.637898209648     -4.809437138719
    8      0.000000000000      0.000000000000     -2.387076268716
    8      2.353995390436      2.353995390436     -2.333980827862
    8     -2.353995390438     -2.353995390438     -2.333980827862
    8      2.417961176465     -0.066229909671      0.005292791254
    8      4.774135515128      2.281827108049      0.016486671658
    8      0.066229909671     -2.417961176465      0.005292791254
    8      4.774134194547     -0.084539606656      2.220539145869
    8      7.140502229835      2.281828428632      2.220539145869
    8      2.438914170898     -2.438914170898      2.275038121863
    8     -0.066229909671      2.417961176465      0.005292791254
    8      2.281827108049      4.774135515128      0.016486671658
    8     -2.417961176465      0.066229909671      0.005292791254
    8      2.354636085553      2.354636085553      2.300267000375
    8      4.701326537625      4.701326537625      2.300267000375
    8     -0.000000000000     -0.000000000000      2.316044915515
    8      4.695707307060      2.360255316116      4.731162658497
    8      7.039651115880      4.717221485007      4.737479328038
    8      2.338741138168      0.016311507296      4.737479328038
    8     -0.084539606656      4.774134194547      2.220539145869
    8      2.281828428632      7.140502229835      2.220539145869
    8     -2.438914170898      2.438914170898      2.275038121863
    8      2.360255316116      4.695707307060      4.731162658497
    8      4.717221485007      7.039651115880      4.737479328038
    8      0.016311507296      2.338741138168      4.737479328038
    8      4.668796431675      4.668796431675      7.133628733271
    8      7.055962623179      7.055962623179      7.135666436870
    8      2.387166191500      2.387166191500      7.133628733271
    0    0
