   3   1   1 E -1.6031089859179E+04 DE-8.9E-10( 10)
 -0.104640573707E-01  0.704854774769E+01  0.700856878045E+01
  0.698630457372E+01 -0.311426818623E-03  0.700569177496E+01
  0.698970333361E+01  0.705448671786E+01 -0.877457361342E-02
    1
  0.100000000000E+01  0.000000000000E+00  0.000000000000E+00
  0.000000000000E+00  0.100000000000E+01  0.000000000000E+00
  0.000000000000E+00  0.000000000000E+00  0.100000000000E+01
  0.000000000000E+00  0.000000000000E+00  0.000000000000E+00
   54
   20      0.024818784523      0.023621902436     -0.058830189080
   20      2.320885579871      2.333505793733     -0.071358564573
   20     -2.331831063798     -2.346262109047     -0.028444243555
   20      2.320342880574      0.005120088751      2.401124924296
   20      4.678313609136      2.339640508113      2.372692018079
   20      0.042721225702     -2.368379144155      2.399683892378
   20     -2.338501069817      0.023267031364     -2.328314312118
   12      0.105292284823      2.346386040824     -2.351514080430
   12     -4.716607756209     -2.389887442957     -2.366834111022
   20     -0.023031720715      2.352402310246      2.379065673224
   20      2.295865422793      4.713208187816      2.375453081745
   20     -2.357328146606      0.037993368985      2.358877359352
   12      2.245944348980      2.363067349063      4.674926127509
   20      4.650997813536      4.706619954907      4.732050349599
   12      0.037161354924      0.010266713746      4.702567241413
   12     -2.428510227334      2.292511972803     -0.053705951811
   20     -0.021264866431      4.695295283781     -0.078190255866
   20     -4.678138671309      0.044643689858     -0.055955164768
   12      0.073996541497     -2.345761556559     -2.325556482327
   12      2.276743364130      0.082850748099     -2.354676601008
   20     -2.353716113116     -4.717223853293     -2.302867484522
   20      2.371864756521     -2.373650316347     -0.049010226845
   12      4.603778790482      0.036563116246     -0.080610518051
   20      0.048165177931     -4.712190042670     -0.039016690075
   20     -2.341843173877     -2.376609452348     -4.671798696676
   20      0.019107023951      0.018528231337     -4.644720927223
   12     -4.588340904643     -4.846655719016     -4.566581833653
    8      0.112772641526      0.013202050078     -2.344787521548
    8      2.220584379078      2.285973494118     -2.421452830281
    8     -2.334403026802     -2.354132378399     -2.315806876975
    8      2.426022566648      0.005841761819     -0.061685309623
    8      4.666128572002      2.298427275275     -0.016043900004
    8      0.028316765294     -2.355148728686     -0.048765986290
    8      4.649935870743      0.008745921280      2.310378272339
    8      7.106293372202      2.345112193789      2.425912664605
    8      2.333528327036     -2.423071725177      2.413974956007
    8     -0.055731917644      2.340039217146     -0.067426319367
    8      2.316174420286      4.702607949729     -0.068037368689
    8     -2.336507151822      0.070850234825     -0.021343322508
    8      2.319184905001      2.352646115090      2.388084529259
    8      4.656151330222      4.703105504920      2.361387844012
    8      0.006915317674      0.009973286177      2.408079386121
    8      4.680994394645      2.352959736237      4.754527171492
    8      7.104161088296      4.704860705334      4.660522584331
    8      2.217097949534      0.041006442764      4.680718167635
    8     -0.010932560529      4.702569816447      2.371529796565
    8      2.309641919259      7.149212550639      2.392764265031
    8     -2.431773819905      2.337962628478      2.349270349207
    8      2.215576130747      4.681604905952      4.682702372445
    8      4.624434655962      7.067483492348      4.709506325324
    8      0.098682688523      2.358910642616      4.687204588842
    8      4.650384038063      4.692153718870      6.984416420892
    8      6.892160656425      7.072039213975      6.868015566061
    8      2.442268566831      2.348444992909      6.972586759202
    0    0
