   3   1   1 E -1.6031104369054E+04 DE 5.2E-09(  9)
  0.817655065186E-02  0.698474274446E+01  0.703563671307E+01
  0.699522784856E+01 -0.328977213376E-02  0.703980916669E+01
  0.699930004683E+01  0.698797257867E+01 -0.179996927594E-02
    1
  0.100000000000E+01  0.000000000000E+00  0.000000000000E+00
  0.000000000000E+00  0.100000000000E+01  0.000000000000E+00
  0.000000000000E+00  0.000000000000E+00  0.100000000000E+01
  0.000000000000E+00  0.000000000000E+00  0.000000000000E+00
   54
   20      0.021178136041     -0.008762147343     -0.000895273232
   20      2.347143969087      2.322107545125     -0.035059812738
   20     -2.376220074789     -2.353434552050     -0.022999920830
   20      2.365278373626     -0.035168976766      2.369294432503
   20      4.678688238480      2.302091202072      2.334041841603
   20      0.050622734540     -2.383009419340      2.358811281574
   20     -2.346241416299      0.022559596664     -2.334869970554
   12      0.047594122851      2.325413869237     -2.421579126861
   12     -4.675332341237     -2.451648505218     -2.378980037613
   20      0.016663575181      2.354116993558      2.370633864008
   12      2.305835955528      4.645170419974      2.374710578540
   20     -2.383624834366      0.012438514574      2.377903839535
   12      2.338942305280      2.425997951548      4.655974800426
   20      4.638620477838      4.647492950317      4.716508174587
   20      0.002988548267      0.017902989422      4.706131129197
   20     -2.366447250044      2.357788535685     -0.005195518955
   20      0.023568691743      4.681624315825     -0.002786894699
   20     -4.703812563510      0.016788639176      0.014258459384
   20      0.028445251421     -2.322578883463     -2.374998820748
   20      2.331699891860      0.020158446122     -2.363369089578
   12     -2.392772782259     -4.716398757792     -2.373257958365
   12      2.359665223576     -2.371021723428      0.003871226735
   12      4.679342359757     -0.022961046988     -0.024798342121
   20      0.021237620943     -4.673208400101      0.000831607793
   20     -2.357101067937     -2.318920518011     -4.689487387122
   12      0.030119620019      0.070890876408     -4.665591478615
   12     -4.662902331896     -4.593582307573     -4.611631531714
    8      0.002617775743      0.114435252822     -2.395031450953
    8      2.318339658128      2.404342820485     -2.442102054088
    8     -2.418196383095     -2.436129331404     -2.353375485405
    8      2.420568641964     -0.088998426530      0.012477876886
    8      4.659080558082      2.234043587077     -0.100762794940
    8      0.075765888284     -2.331520889725     -0.003562752783
    8      4.784923293056      0.000230659157      2.333998623313
    8      7.110362923751      2.225133376858      2.451308751536
    8      2.333062825722     -2.434957899111      2.372857292898
    8      0.006942193033      2.326607170190     -0.000840346171
    8      2.330952760558      4.649197488377     -0.011918380760
    8     -2.346785110902      0.001028604482      0.007041866554
    8      2.340039564242      2.414829072001      2.433664756993
    8      4.588680841788      4.652980491005      2.358854192119
    8      0.004984019341     -0.011824350568      2.366574333145
    8      4.645654661907      2.337787328930      4.676021863815
    8      7.105871364578      4.533765481719      4.688120850129
    8      2.328710967913      0.016191681680      4.698730092187
    8      0.121375662207      4.755137198827      2.348764678924
    8      2.228944954490      6.987409357885      2.343508678119
    8     -2.449058833881      2.323988872283      2.367384398956
    8      2.334703667502      4.552152311941      4.666661690770
    8      4.663413411912      7.099281370691      4.754884394068
    8      0.018851441974      2.343216517038      4.683445054267
    8      4.563642874780      4.770586945177      7.025294425325
    8      6.879269134014      6.988246131367      7.045188117393
    8      2.336270816417      2.463406549214      7.026747852745
    0    0
