   3   1   1 E -1.6031079047784E+04 DE 1.0E-09( 11)
  0.665148184810E-02  0.698954823732E+01  0.699887126092E+01
  0.700337882716E+01 -0.735175777675E-02  0.701855054755E+01
  0.699246165091E+01  0.700490077224E+01 -0.308217957681E-02
    1
  0.100000000000E+01  0.000000000000E+00  0.000000000000E+00
  0.000000000000E+00  0.100000000000E+01  0.000000000000E+00
  0.000000000000E+00  0.000000000000E+00  0.100000000000E+01
  0.000000000000E+00  0.000000000000E+00  0.000000000000E+00
   54
   20      0.023530444917     -0.047342029327     -0.023775970870
   20      2.334164292700      2.339983677416     -0.041735671779
   20     -2.339813997862     -2.301547786182      0.002070082728
   20      2.330160709496     -0.030405698617      2.370326918018
   20      4.654854012604      2.323057569247      2.349880569968
   20      0.047636874090     -2.350697927472      2.347527078907
   20     -2.347395205256     -0.032263426602     -2.340696186055
   20      0.049518911079      2.308908828689     -2.392080554769
   12     -4.652807069452     -2.332551976821     -2.332904553650
   20      0.008805874793      2.341353880849      2.372686681191
   20      2.303950561499      4.759397401549      2.381254497485
   12     -2.355974996959      0.006160362651      2.504011002170
   12      2.267607665732      2.335461745290      4.727363467602
   20      4.611550058903      4.686275561024      4.673814930051
   20      0.036742501021     -0.005037306021      4.679431880406
   20     -2.394783091159      2.310067188366     -0.000173181965
   20      0.029359705684      4.712157285210     -0.015781141570
   12     -4.651111197187      0.009434250971     -0.007687144816
   12      0.099972159068     -2.306998488189     -2.345903829805
   12      2.273648260581     -0.017253732657     -2.380367282138
   20     -2.367826346805     -4.671117304426     -2.368736875318
   12      2.263559738445     -2.344074739761     -0.063084669475
   20      4.645131096065     -0.016299781825      0.002217980781
   20      0.079005668234     -4.672431947894     -0.010237514163
   20     -2.362307390804     -2.337837727934     -4.656748378996
   12      0.066130695342      0.054854040125     -4.819897193117
   12     -4.639949179554     -4.759083063614     -4.638664491893
    8      0.089310136867     -0.104349547592     -2.437317662637
    8      2.334038830681      2.331734846001     -2.433959238983
    8     -2.335492884040     -2.332149054768     -2.346903882349
    8      2.330194954421     -0.067720651675     -0.049182012940
    8      4.652191900796      2.336234290345     -0.008941935822
    8      0.084918309206     -2.340139158082     -0.005105515098
    8      4.680281452301     -0.016822078126      2.364134379200
    8      7.064076403747      2.265158786681      2.341508559608
    8      2.339602000068     -2.405918734357      2.363534620814
    8      0.015475376005      2.325820158412     -0.023658087941
    8      2.336144358233      4.761476232660     -0.045123279744
    8     -2.383424849888     -0.016142433838     -0.004738373646
    8      2.328627064773      2.347554990320      2.379919308320
    8      4.650171571720      4.728248746600      2.354702914259
    8     -0.018360864984     -0.013042233370      2.343602971490
    8      4.609216577455      2.314697625149      4.671617533641
    8      7.051207390229      4.668149711816      4.668692211870
    8      2.342284344281     -0.010796602624      4.736852366756
    8     -0.004794379944      4.744966635196      2.387241092269
    8      2.345389380541      7.157335325809      2.378480040707
    8     -2.398950525754      2.262100959488      2.335683940197
    8      2.180000376908      4.701702174544      4.789163062735
    8      4.591661875539      6.994908921252      4.639897797110
    8      0.082299475437      2.375814685172      4.667802966381
    8      4.605681942185      4.661905647002      6.998344366242
    8      7.073570640319      7.001940906022      7.028352341538
    8      2.352532207314      2.307098630969      6.997817397073
    0    0
