   3   1   1 E -1.6031101605074E+04 DE 3.6E-09(  9)
  0.232944797111E-02  0.699783758119E+01  0.700607719418E+01
  0.699779213784E+01 -0.379576635233E-02  0.700530915788E+01
  0.700374976972E+01  0.699640502696E+01 -0.307273004369E-02
    1
  0.100000000000E+01  0.000000000000E+00  0.000000000000E+00
  0.000000000000E+00  0.100000000000E+01  0.000000000000E+00
  0.000000000000E+00  0.000000000000E+00  0.100000000000E+01
  0.000000000000E+00  0.000000000000E+00  0.000000000000E+00
   54
   20     -0.006844496802     -0.002202246918      0.009569621998
   20      2.340271439693      2.336953793173     -0.044665967682
   20     -2.341330836597     -2.320528479130     -0.017220781763
   20      2.342468412737     -0.053104848852      2.331320176595
   20      4.713030329941      2.313299391215      2.318158556179
   20      0.039344735723     -2.357334561066      2.319580137914
   20     -2.349672992202     -0.008664574123     -2.345143852174
   20      0.037252758259      2.324315188570     -2.343252195887
   12     -4.652034496906     -2.269892574771     -2.298489527452
   20     -0.058686727869      2.336153362149      2.333421899000
   20      2.337507747439      4.745300692717      2.339068929352
   12     -2.367414907567      0.021768804869      2.240537661801
   20      2.333998764220      2.330138022681      4.745932634818
   20      4.636774141269      4.676664245556      4.688136454011
   20      0.008267651207      0.004377447962      4.714745710019
   12     -2.385401242321      2.347072886018      0.053496915712
   20     -0.002958358617      4.694081415278      0.049833470232
   12     -4.696946451636      0.092707890417      0.041145617067
   20      0.023623748172     -2.333090067307     -2.350272052646
   12      2.356952304181     -0.053576704564     -2.320864093793
   20     -2.369050415014     -4.674859363669     -2.393574719093
   12      2.356455134463     -2.411119696851     -0.019842228300
   20      4.659177497979     -0.026373053816      0.011650227349
   12      0.042920711640     -4.709217404628      0.033699476199
   12     -2.395637096151     -2.308013907729     -4.692943516450
   12      0.014053453713      0.019080108068     -4.638561107184
   20     -4.648874308069     -4.684024744171     -4.700185582829
    8      0.079760172494      0.006710438103     -2.398090502164
    8      2.326225960796      2.330541469282     -2.342162054168
    8     -2.432634406381     -2.333696591738     -2.420014276844
    8      2.313895388314     -0.077694980550     -0.072020677502
    8      4.735026255358      2.333408625991     -0.012729351022
    8      0.091428921326     -2.431379635193     -0.030870831923
    8      4.747704217538     -0.087972695591      2.340351772443
    8      6.999492553138      2.233946295439      2.238649614158
    8      2.437351709533     -2.324586854315      2.299640710161
    8     -0.046460390451      2.336910089708      0.038125180101
    8      2.344126233809      4.759704749907     -0.076155724418
    8     -2.441268913894      0.089880861381      0.102331081823
    8      2.344187616356      2.334094089594      2.343413017780
    8      4.684492284549      4.745310279475      2.324014254823
    8     -0.068117513656     -0.015019707431      2.328379453514
    8      4.681406515211      2.329671013844      4.745103417490
    8      7.096502805453      4.661707899049      4.686483539097
    8      2.332434739168     -0.100456633642      4.737913156566
    8     -0.074890780090      4.770082167227      2.343656891187
    8      2.347818852213      6.997663545617      2.320851509818
    8     -2.332560254674      2.289898342260      2.216265970570
    8      2.334747313535      4.753669962310      4.754117801217
    8      4.592216547472      6.993342414165      4.657840586402
    8     -0.019069882823      2.328659861540      4.692609788584
    8      4.573412332400      4.550360153743      7.099024915098
    8      7.080660726005      7.119355575701      7.058269587109
    8      2.322285596331      2.332989031121      6.997130606192
    0    0
