   3   1   1 E -1.6031079409257E+04 DE 8.3E-10( 11)
  0.178856662469E-01  0.698575995111E+01  0.698094854357E+01
  0.700003258728E+01  0.176950950315E-01  0.697440800170E+01
  0.702375250086E+01  0.699629441678E+01  0.633690910037E-03
    1
  0.100000000000E+01  0.000000000000E+00  0.000000000000E+00
  0.000000000000E+00  0.100000000000E+01  0.000000000000E+00
  0.000000000000E+00  0.000000000000E+00  0.100000000000E+01
  0.000000000000E+00  0.000000000000E+00  0.000000000000E+00
   54
   20      0.021598505461     -0.006771873604     -0.015433991420
   20      2.358218812003      2.324828062087     -0.055071069698
   20     -2.369484558235     -2.303800295914     -0.026547095971
   20      2.356485598763     -0.061319850777      2.322722748041
   20      4.671610062080      2.319047270206      2.310932388595
   20      0.037506538659     -2.327723755370      2.335011063490
   20     -2.355700059648     -0.029083579095     -2.306920914643
   20      0.029171931467      2.332997708300     -2.323881036165
   12     -4.693672155749     -2.269481675818     -2.341973994406
   20     -0.015280504791      2.339081431173      2.316276549426
   20      2.342104483709      4.712792267457      2.319127117416
   20     -2.371189114641      0.052952057396      2.308009038193
   20      2.349670301928      2.308152848520      4.720364475967
   20      4.650789779385      4.712372993396      4.703902716123
   12     -0.000645193348     -0.053825524385      4.783394862494
   12     -2.341285644577      2.092383384138      0.103132876525
   20      0.000493391938      4.700145447663     -0.025392456957
   12     -4.675318919935      0.044911366625     -0.045042990756
   20      0.006138094709     -2.313719838604     -2.327142771568
   12      2.315414484416     -0.017960195855     -2.249998923051
   20     -2.404161936208     -4.650013902543     -2.368295623229
   12      2.414006190087     -2.319056519623      0.009566623687
   12      4.689122565791     -0.040826697166     -0.062678832525
   20      0.019246192477     -4.680911795285     -0.004703156485
   12     -2.348178233648     -2.380024939780     -4.633789127417
   20      0.009142051743      0.005657017655     -4.674270423335
   12     -4.633779232569     -4.650382932328     -4.667881429132
    8      0.042215346608     -0.002380879215     -2.326306665551
    8      2.333417696157      2.336289652242     -2.406693654411
    8     -2.386080789189     -2.313002434441     -2.337395044240
    8      2.398466043795     -0.068449051298     -0.072469759916
    8      4.661849794736      2.309258988066     -0.033344680212
    8      0.038016535312     -2.325100842616     -0.010621250663
    8      4.666132926793     -0.053390468543      2.279295212957
    8      7.044484089843      2.337768511554      2.319518677530
    8      2.414434761015     -2.408529681993      2.322917507587
    8     -0.013571036318      2.336584372526     -0.019630169471
    8      2.335015305971      4.730368384728     -0.057576617345
    8     -2.380151131670      0.044687648931     -0.015031648643
    8      2.345936456357      2.320727579259      2.321029568769
    8      4.665871321712      4.695808943484      2.328695980796
    8      0.005113182484     -0.003288925532      2.325830766247
    8      4.668036943002      2.336700591507      4.698214479143
    8      7.057213688033      4.739495829839      4.651669073725
    8      2.288025364740     -0.083097170055      4.727339728527
    8     -0.003349959503      4.679660120835      2.305684880623
    8      2.342625868855      7.087095421409      2.317074254878
    8     -2.413006972915      2.423975763386      2.224147824498
    8      2.339670038132      4.722008933845      4.715700066166
    8      4.683827205985      7.024213453637      4.707939872395
    8      0.005056813216      2.299079385280      4.656878173078
    8      4.575121841964      4.701748148686      7.093874722320
    8      6.996349891970      7.007405266617      6.908243920210
    8      2.414773736385      2.282816562575      7.073554220581
    0    0
