   3   1   1 E -1.6031101254675E+04 DE 3.5E-09(  8)
 -0.838405325996E-03  0.700308244774E+01  0.701879575863E+01
  0.700389332293E+01 -0.136427146144E-01  0.702545807435E+01
  0.699564848507E+01  0.699463883000E+01  0.147859085226E-02
    1
  0.100000000000E+01  0.000000000000E+00  0.000000000000E+00
  0.000000000000E+00  0.100000000000E+01  0.000000000000E+00
  0.000000000000E+00  0.000000000000E+00  0.100000000000E+01
  0.000000000000E+00  0.000000000000E+00  0.000000000000E+00
   54
   20      0.020725908245     -0.009689420412     -0.034144461139
   20      2.336459590442      2.354356732790     -0.035624827699
   20     -2.341257792198     -2.340162080834     -0.029029412498
   20      2.374125364451     -0.035979134050      2.382284370357
   20      4.709366515050      2.317169618220      2.358011132382
   20      0.002680330836     -2.356385531736      2.357619050235
   20     -2.318807054973     -0.046057643069     -2.371463798687
   20      0.025625682262      2.352678233536     -2.337944207861
   12     -4.670201884649     -2.283673704641     -2.294289855823
   20     -0.022134956712      2.401620092843      2.356397340119
   20      2.266729318668      4.718232476342      2.337093643910
   20     -2.406860191990     -0.011082557063      2.344641474889
   20      2.317096955921      2.355330276312      4.711938183138
   12      4.625326927366      4.674099874932      4.669704676776
   20     -0.016107468613     -0.038648871097      4.744695107891
   20     -2.345361709970      2.378959283921      0.001485334166
   12     -0.025687945214      4.704352609780     -0.048125715143
   12     -4.766290961226     -0.021799205563     -0.030577366267
   12     -0.034043817088     -2.306175873979     -2.335013968836
   12      2.367552540223     -0.107888258553     -2.317330591200
   20     -2.344567905005     -4.633563258434     -2.366473269282
   20      2.352095726541     -2.338717933610     -0.021942659702
   20      4.728816631487     -0.046368712589     -0.011060471942
   12      0.003563091681     -4.680685841791     -0.000765745033
   12     -2.242695243955     -2.275946269994     -4.649646801537
   12      0.015505432902     -0.047382099255     -4.722587057554
   20     -4.683201592567     -4.672907626522     -4.685435778186
    8      0.117192989753     -0.109384420841     -2.421298045149
    8      2.330124698950      2.372807763649     -2.341399593722
    8     -2.280298661324     -2.316817159217     -2.382719677735
    8      2.359420509826     -0.003390590008     -0.032826169068
    8      4.751192101776      2.324511051596      0.004876582547
    8     -0.006910813315     -2.400678620667     -0.063731465028
    8      4.761301930333     -0.109123729885      2.331678607609
    8      6.997488491013      2.261658811860      2.260102058187
    8      2.412858885680     -2.331302592255      2.408836563037
    8      0.014613342984      2.401341447580      0.004454210936
    8      2.229720108388      4.763487382152     -0.112717364596
    8     -2.402361187978      0.002500329969      0.002024136519
    8      2.337736677637      2.348495097109      2.355057304281
    8      4.649272309241      4.658918099050      2.386571061037
    8     -0.007895288921     -0.002330749005      2.356531955251
    8      4.671543004023      2.411114177758      4.689161042675
    8      6.983935187684      4.662910648702      4.758649546248
    8      2.325549025585     -0.092217223863      4.721577868259
    8     -0.113537366792      4.753918044979      2.355617381255
    8      2.229491189641      6.985897556650      2.351939939093
    8     -2.332536952077      2.408335112240      2.358830043046
    8      2.344218738735      4.751418592931      4.692815857907
    8      4.569556225923      6.890987028909      4.674521131318
    8      0.008135667966      2.412950926948      4.757839411333
    8      4.784055103685      4.663012176050      7.008127902282
    8      7.090258727508      6.953900941748      7.100476241808
    8      2.241589174209      2.261748254440      7.008385052447
    0    0
