   3   1   1 E -1.6031079537524E+04 DE 1.2E-09(  9)
 -0.818781124512E-02  0.698587711857E+01  0.700149574046E+01
  0.700313065045E+01  0.310230690290E-03  0.698737973735E+01
  0.702373869539E+01  0.698553996056E+01 -0.135835975835E-01
    1
  0.100000000000E+01  0.000000000000E+00  0.000000000000E+00
  0.000000000000E+00  0.100000000000E+01  0.000000000000E+00
  0.000000000000E+00  0.000000000000E+00  0.100000000000E+01
  0.000000000000E+00  0.000000000000E+00  0.000000000000E+00
   54
   20     -0.038907689803      0.034443797109     -0.062496011248
   20      2.295188372548      2.367715710655     -0.025400944637
   20     -2.338963640237     -2.313629271874      0.013743041179
   20      2.318627638612     -0.017402216116      2.355841530585
   20      4.717590496222      2.289593009760      2.340874251722
   20      0.007254073508     -2.328344335458      2.405344709278
   20     -2.296357924457     -0.001205385559     -2.295931390057
   12      0.039374568692      2.416207128128     -2.336718438115
   12     -4.822371231520     -2.573534373893     -2.292758971777
   20     -0.045938257659      2.351419028915      2.349015516930
   20      2.307189072635      4.715896606390      2.335737793589
   12     -2.293165998107      0.046788511502      2.287455658868
   20      2.318447852387      2.319808472545      4.678900293135
   20      4.752317720619      4.686595089371      4.709045260095
   12     -0.104624623169     -0.034982004530      4.723256560552
   12     -2.269801883386      2.334397210553     -0.015314955873
   12     -0.041492320174      4.730669545594     -0.079781990276
   20     -4.724599819427     -0.019578623393     -0.014045682508
   12      0.033966710928     -2.303397704985     -2.328821902863
   20      2.338366145677      0.016437764174     -2.344470934431
   20     -2.314349527942     -4.681913332593     -2.349411232254
   20      2.363503736513     -2.328447981220     -0.026575950560
   12      4.791009519798     -0.026559985532     -0.155715221912
   20     -0.020867615660     -4.734593434592     -0.014327298561
   20     -2.281124945411     -2.308129250731     -4.693124616574
   12     -0.041412190602     -0.036889756562     -4.596912649427
   20     -4.678328879137     -4.675666738380     -4.644646287620
    8      0.011964036333      0.004060167578     -2.422150848188
    8      2.272818182815      2.414022410743     -2.336643775070
    8     -2.297143959685     -2.325048799978     -2.323055851846
    8      2.369279798468      0.014376409426     -0.027865599405
    8      4.675687104746      2.268467137545     -0.011792540973
    8     -0.009969336061     -2.332362271461     -0.039346295945
    8      4.737008108222     -0.012267712213      2.316755581632
    8      7.021328886545      2.217842208525      2.394932335014
    8      2.348643330731     -2.327980842828      2.378984410708
    8     -0.132559893710      2.439247929660     -0.082601616021
    8      2.264592395206      4.678016784058     -0.024983645832
    8     -2.340574601696      0.070176602534      0.066642295057
    8      2.317390687509      2.337988541630      2.345578106997
    8      4.705567752710      4.716868124088      2.355440265417
    8     -0.078263522162      0.006277866157      2.379948725584
    8      4.763493702439      2.339301786393      4.715945603943
    8      7.117246107395      4.647328663576      4.785266732607
    8      2.262348917170     -0.086201042298      4.692246234703
    8     -0.001064393875      4.781750479173      2.317499529339
    8      2.327037638453      6.996749084992      2.335335066814
    8     -2.332264626605      2.245543363001      2.254315416452
    8      2.308496470833      4.680151055947      4.668654689547
    8      4.798929062873      6.988509674496      4.699425516610
    8     -0.016919138130      2.328753853927      4.665886670999
    8      4.754871537030      4.705145777972      6.978174462236
    8      6.903716865915      6.839786509598      6.897770803281
    8      2.361876430760      2.310571652666      6.985691050096
    0    0
