   3   1   1 E -1.6031090663012E+04 DE-2.2E-10( 11)
 -0.983025255256E-02  0.696366147456E+01  0.700576305107E+01
  0.697467522224E+01  0.534291613182E-02  0.699716349664E+01
  0.698237216617E+01  0.696934637057E+01 -0.895416414712E-02
    1
  0.100000000000E+01  0.000000000000E+00  0.000000000000E+00
  0.000000000000E+00  0.100000000000E+01  0.000000000000E+00
  0.000000000000E+00  0.000000000000E+00  0.100000000000E+01
  0.000000000000E+00  0.000000000000E+00  0.000000000000E+00
   54
   20     -0.019192340881      0.020182921080     -0.017301308699
   20      2.305926548169      2.358205813065     -0.010751977891
   20     -2.341226229394     -2.295228329168      0.012379299240
   20      2.341301456629     -0.006324109144      2.375167102916
   20      4.651009709499      2.293104239378      2.325839376797
   20      0.040752956984     -2.331792016344      2.362845484229
   20     -2.334105632983     -0.005381958453     -2.327571645090
   20      0.020048941541      2.341944235976     -2.349327373537
   12     -4.729033618067     -2.430196711761     -2.373052618762
   20     -0.036851209436      2.366602678859      2.323863781815
   20      2.264956873859      4.695718484527      2.345395901706
   12     -2.355145298452      0.109282918395      2.240442589182
   12      2.292273725145      2.404360353303      4.686933179372
   20      4.656687354269      4.641632076182      4.672699930099
   20     -0.008132410336     -0.008506656643      4.696888933097
   12     -2.283381673676      2.298180809460      0.039313289697
   12      0.007763037475      4.516964847206     -0.074966556896
   20     -4.657959693973      0.042091276147      0.007859400145
   12      0.060010612449     -2.284473046720     -2.327920788884
   20      2.332127475652      0.013228272949     -2.375032771257
   20     -2.339497586058     -4.638976635499     -2.326073196838
   20      2.367629420186     -2.369534416204     -0.018775734247
   12      4.739889162844     -0.032830590401      0.079713890426
   20      0.008755708077     -4.677430007921      0.019848077865
   20     -2.301955061849     -2.340457765819     -4.701456139575
   12     -0.012668507299     -0.073737561206     -4.661946952552
   12     -4.668451654047     -4.752421572393     -4.673655080954
    8     -0.001621118799     -0.057509182411     -2.408356151749
    8      2.327017593875      2.399082284315     -2.400237485490
    8     -2.330975086593     -2.332571280953     -2.326729489217
    8      2.374000839674     -0.003330083404     -0.014345943580
    8      4.646788336407      2.278491320602      0.001855782054
    8      0.023603976080     -2.336258455505      0.001733129925
    8      4.702557851798     -0.013488718381      2.311422210935
    8      7.056613731724      2.240884747000      2.333699113689
    8      2.352637495413     -2.393152884832      2.389625477378
    8     -0.075094722437      2.403541909252     -0.036545294237
    8      2.229564475821      4.694863100109     -0.007289355867
    8     -2.324952986538      0.080704538955      0.069594757979
    8      2.303535788362      2.341545465041      2.360288115706
    8      4.651426234311      4.705576973782      2.341083056800
    8     -0.040041970625      0.022168366189      2.324559594667
    8      4.596642480828      2.331684643600      4.668099113615
    8      7.085156657866      4.655365978289      4.733713496411
    8      2.319134356905      0.009824134355      4.688467970444
    8     -0.021634554651      4.776477899806      2.323358364523
    8      2.327297911666      7.092033355248      2.332112555520
    8     -2.411513011528      2.230707370277      2.252389240937
    8      2.234384205272      4.585274937325      4.654451247850
    8      4.651581747647      6.968955804810      4.671824733998
    8      0.047336304968      2.394808924753      4.697566311149
    8      4.731411179707      4.629489170851      6.973732282611
    8      6.900566903728      6.858799029704      7.069687587082
    8      2.405520424182      2.304401528055      7.015757211481
    0    0
