   3   1   1 E -1.6031103699045E+04 DE-1.1E-09( 10)
  0.424963024299E-02  0.699880841762E+01  0.701020398332E+01
  0.701742525780E+01 -0.854747411687E-02  0.701388872166E+01
  0.701362171223E+01  0.699389222993E+01  0.516908651798E-03
    1
  0.100000000000E+01  0.000000000000E+00  0.000000000000E+00
  0.000000000000E+00  0.100000000000E+01  0.000000000000E+00
  0.000000000000E+00  0.000000000000E+00  0.100000000000E+01
  0.000000000000E+00  0.000000000000E+00  0.000000000000E+00
   54
   20     -0.012431418124     -0.020421261332     -0.046000853387
   20      2.391299975429      2.343544884535     -0.027231072259
   20     -2.326998522919     -2.376395612197     -0.052412253809
   20      2.353638206882     -0.036958826343      2.347810658694
   20      4.730756838262      2.305542596986      2.323052449342
   20      0.021268410949     -2.389214517108      2.344325179357
   20     -2.311262010865     -0.031275355241     -2.329441762302
   20      0.024830701013      2.346319286050     -2.383576539208
   12     -4.631297438128     -2.410857760551     -2.405071772783
   20     -0.049241061168      2.353946061382      2.357131475637
   20      2.327942844581      4.710060015974      2.374309942481
   20     -2.359311743237      0.034134138273      2.369428208652
   20      2.327573176758      2.366591691568      4.707828870594
   12      4.663468882294      4.610474100626      4.757045503638
   20     -0.044943100297      0.004654365933      4.729042229606
   12     -2.370609542164      2.329875863411     -0.049917934962
   20     -0.045646850781      4.699200781860     -0.000906769284
   20     -4.728510677747      0.044513373277     -0.005444889198
   12     -0.008584156095     -2.374260521973     -2.339286271447
   20      2.369840854958      0.018317493553     -2.361687089938
   12     -2.345873737008     -4.592126977986     -2.272464892280
   20      2.381136664550     -2.384014811666      0.010204225500
   12      4.721634206111      0.120761717871     -0.031953927805
   12     -0.052081420936     -4.691731179050      0.025205165408
   20     -2.342693295604     -2.356465042898     -4.669739210232
   12      0.003509845260      0.024777416258     -4.699750695250
   12     -4.660460326617     -4.659122120660     -4.700485682495
    8     -0.000320889254     -0.066919015620     -2.406021511959
    8      2.435530495616      2.457056354568     -2.414173406694
    8     -2.369848339025     -2.440056599326     -2.351627509292
    8      2.408259408017     -0.000431790243     -0.019832188318
    8      4.761904827400      2.236097651652     -0.081936275862
    8      0.006577434370     -2.418775460821     -0.069772738153
    8      4.780856641299     -0.004531062440      2.293498176984
    8      7.097636823776      2.232242310906      2.250452098322
    8      2.350120042515     -2.436943120360      2.436588036942
    8     -0.066626571618      2.336807789351     -0.004158572822
    8      2.350953589029      4.670521361660     -0.022619961606
    8     -2.334658311317      0.061433973444     -0.016743903014
    8      2.351561015495      2.331855609609      2.355532300930
    8      4.664148659525      4.650132915999      2.361073471974
    8     -0.007141271376     -0.005542618154      2.352719207269
    8      4.693490476363      2.419516446505      4.743201953512
    8      7.001426412906      4.658172587759      4.686646407866
    8      2.333542623210     -0.064559849688      4.689654607859
    8      0.004225623990      4.746251840080      2.441887721696
    8      2.246760798869      7.099756686088      2.321224471525
    8     -2.441367630222      2.322993618312      2.305516102058
    8      2.373240260124      4.670868115325      4.699522716010
    8      4.679161709941      7.020937443014      4.761759507233
    8     -0.110456296273      2.448867849350      4.761638159849
    8      4.693789071360      4.602118339084      6.905660509044
    8      6.898574086488      7.094598865747      7.096381816463
    8      2.330538704681      2.316349238094      7.064659771213
    0    0
