   3   1   1 E -1.6031093503510E+04 DE 4.5E-09(  9)
 -0.866266885588E-02  0.704162763147E+01  0.703654458302E+01
  0.698736943734E+01 -0.248764187199E-02  0.702359611639E+01
  0.700036953061E+01  0.703653107285E+01 -0.101156444831E-01
    1
  0.100000000000E+01  0.000000000000E+00  0.000000000000E+00
  0.000000000000E+00  0.100000000000E+01  0.000000000000E+00
  0.000000000000E+00  0.000000000000E+00  0.100000000000E+01
  0.000000000000E+00  0.000000000000E+00  0.000000000000E+00
   54
   20      0.025327663223     -0.016670891949     -0.063888526707
   20      2.328863368813      2.349011565760     -0.052908523255
   20     -2.343659957452     -2.319006577565     -0.020456723786
   20      2.316760384543     -0.031581349213      2.406493535995
   20      4.688335111412      2.346128915493      2.353286192740
   20      0.048343835193     -2.363109376036      2.396168215556
   20     -2.345886264474      0.003172658728     -2.330109685651
   12      0.109160820072      2.370255801083     -2.364303484999
   12     -4.742652365238     -2.359399342403     -2.335629395493
   20      0.000497926610      2.349010653571      2.398035356565
   20      2.312938188066      4.729389778342      2.374793014722
   20     -2.380684093705      0.030638834366      2.357014406497
   12      2.268920133595      2.319311264929      4.733199585239
   20      4.636241515005      4.694035678043      4.676802783409
   12      0.116608549080     -0.004836092968      4.719764698223
   20     -2.412788005761      2.350179093094     -0.008124784376
   20      0.009854452407      4.712871210734     -0.063145959351
   12     -4.710521821740      0.013820379163     -0.138682727077
   12      0.110415031118     -2.338816286755     -2.310789515750
   12      2.281985610283     -0.088873095441     -2.332969111064
   20     -2.353544007458     -4.689112526320     -2.345538879728
   12      2.318613520183     -2.334408342297     -0.108681785622
   20      4.659349526131     -0.022445482395     -0.023434231895
   20      0.083446255664     -4.687795211974     -0.064094064580
   20     -2.374823106859     -2.374167736830     -4.666372140940
   20      0.058232843720      0.013154707545     -4.635448994589
   12     -4.694611292416     -4.697540137208     -4.577644926422
    8      0.117826757072     -0.025145874756     -2.338876659964
    8      2.227284781785      2.352711583646     -2.396949717037
    8     -2.346715986237     -2.347583191720     -2.337788194075
    8      2.332275760869     -0.083418722385     -0.102498219900
    8      4.677907278024      2.343709012569     -0.015980107842
    8      0.106770963242     -2.342140436529     -0.063343438203
    8      4.658692651724     -0.002821424860      2.355693419992
    8      7.116109942242      2.344320212061      2.450386428505
    8      2.324049316371     -2.442514416280      2.422404182312
    8     -0.000457622447      2.352189782959     -0.063738974660
    8      2.326527876883      4.781217199269     -0.101803718853
    8     -2.418317419756      0.001835521687     -0.028027262356
    8      2.342972702539      2.350097991112      2.390990288132
    8      4.659303220210      4.694931982576      2.350155419235
    8      0.002086158539      0.007142125934      2.396829321202
    8      4.639786497958      2.352135244060      4.674815539658
    8      7.107166030256      4.703197060003      4.684810938478
    8      2.219538646396      0.024473736030      4.774098985772
    8     -0.000981550701      4.694707898622      2.399243388204
    8      2.330416768530      7.146199763620      2.431110396697
    8     -2.435843669414      2.349655946182      2.362930720745
    8      2.212793771745      4.689629574866      4.757266886596
    8      4.637324083560      7.040908339735      4.678847890723
    8      0.100606165396      2.334748331272      4.684187597199
    8      4.532107132008      4.697066652678      7.004431758921
    8      7.104427323322      7.039757826568      6.962231510645
    8      2.317461945799      2.330289970607      6.920350039365
    0    0
