   3   1   1 E -1.6031080124498E+04 DE 6.5E-09(  9)
  0.458671651501E-02  0.700467201066E+01  0.701153353999E+01
  0.692131603842E+01  0.987522478257E-02  0.700081769235E+01
  0.694103376064E+01  0.700722831475E+01 -0.353363096693E-02
    1
  0.100000000000E+01  0.000000000000E+00  0.000000000000E+00
  0.000000000000E+00  0.100000000000E+01  0.000000000000E+00
  0.000000000000E+00  0.000000000000E+00  0.100000000000E+01
  0.000000000000E+00  0.000000000000E+00  0.000000000000E+00
   54
   20      0.005239763198     -0.005492636724     -0.055938752422
   20      2.294538694401      2.376197863312     -0.032174724035
   20     -2.350864462391     -2.316568133281     -0.025552690650
   20      2.301361988948     -0.032578400329      2.339092369621
   20      4.619146766954      2.339685878489      2.342146765156
   20      0.033551310906     -2.330811956604      2.348228608569
   20     -2.335235803400     -0.027620507574     -2.273062906682
   12      0.028336389766      2.333018985486     -2.333084404890
   12     -4.643741927422     -2.291472728755     -2.324334439732
   20     -0.014598892177      2.352545499640      2.337846754504
   12      2.330763041370      4.722012818869      2.370797567684
   20     -2.333112655786     -0.012720946405      2.313609516788
   20      2.285756461923      2.342681740529      4.737179717708
   20      4.624937989548      4.682281081413      4.706522529544
   12      0.154903289008      0.046687982712      4.705559237844
   12     -2.404848034163      2.261533257674     -0.044470778813
   20      0.022258813713      4.702761378652     -0.043932560141
   12     -4.595833104324     -0.146569945229     -0.059730518941
   12      0.123232846555     -2.331319730622     -2.250346920193
   20      2.300309123841     -0.030558072807     -2.328857892045
   20     -2.325267293342     -4.657952178281     -2.319978861109
   12      2.266547365534     -2.292353255784      0.024031255608
   12      4.591313803589      0.013095141948     -0.021941807620
   20      0.034549536059     -4.683433628115     -0.069926222633
   20     -2.329801432099     -2.333262670524     -4.683604884584
   20      0.015539990576     -0.023153815140     -4.674090147040
   20     -4.622748877959     -4.669533334306     -4.696634891244
    8      0.000673516472     -0.022778281397     -2.325110133451
    8      2.223864780990      2.385669865850     -2.352338684554
    8     -2.346595060415     -2.330527312188     -2.328413128859
    8      2.381719294421     -0.052532074214     -0.010783387068
    8      4.612707827148      2.306656418571     -0.029904004219
    8      0.085441755937     -2.334921978909     -0.065755663528
    8      4.608578950694     -0.008560472020      2.329529693104
    8      6.950277817629      2.335383398061      2.348950390264
    8      2.300508212038     -2.324719881963      2.322569894517
    8     -0.055331961212      2.353942634338     -0.046951367948
    8      2.297317770841      4.787816506961     -0.016506074719
    8     -2.395685300439      0.035376331583     -0.010552783203
    8      2.296690765005      2.382494131449      2.355925496367
    8      4.581621780966      4.672025689142      2.327491439123
    8      0.014359819863     -0.007012951183      2.354956372175
    8      4.688125850245      2.338237384589      4.779222604238
    8      7.034984099807      4.703974809316      4.662979058387
    8      2.175366993783     -0.111849555536      4.775549448151
    8      0.084492714899      4.677771908585      2.401958790918
    8      2.311551471413      6.905298063979      2.279566451472
    8     -2.340283935421      2.332138714650      2.294563733033
    8      2.237804241167      4.676969044186      4.712420952753
    8      4.668371977670      7.002192823348      4.695289171207
    8      0.003941255012      2.342402107909      4.685159537336
    8      4.526826282184      4.704187812636      6.994019091430
    8      6.962740621513      7.012283247321      6.932477816754
    8      2.414908085093      2.348971902570      6.986013572284
    0    0
