   3   1   1 E -1.6031073955379E+04 DE 6.0E-10( 11)
  0.236705922097E-01  0.695036779689E+01  0.692114614120E+01
  0.700111431492E+01 -0.723443204753E-02  0.694459980210E+01
  0.699961415635E+01  0.696704103328E+01 -0.223852454415E-03
    1
  0.100000000000E+01  0.000000000000E+00  0.000000000000E+00
  0.000000000000E+00  0.100000000000E+01  0.000000000000E+00
  0.000000000000E+00  0.000000000000E+00  0.100000000000E+01
  0.000000000000E+00  0.000000000000E+00  0.000000000000E+00
   54
   20     -0.008868085286     -0.013613520614     -0.014137173776
   20      2.341577895961      2.306738116258     -0.036443081230
   20     -2.358343715038     -2.332276412999     -0.020829651021
   20      2.347150989912     -0.048999229029      2.348513468274
   20      4.660794340309      2.292001723094      2.340559769083
   20      0.026837622513     -2.329982538921      2.323954636632
   20     -2.360985868472     -0.025771273897     -2.333817268615
   20      0.023834930313      2.300318782032     -2.336551104493
   12     -4.524693678564     -2.394806696922     -2.353048474903
   20     -0.040366932815      2.323808461962      2.327249324891
   20      2.336365808428      4.679966590342      2.376005371600
   12     -2.285469852026      0.025239250763      2.286886362573
   12      2.393501245189      2.404757970898      4.774874135615
   20      4.632188596920      4.642992548055      4.662284919098
   20      0.001306606909      0.007102401289      4.605748454695
   12     -2.399030103461      2.356434812795     -0.058174552431
   20     -0.009550416818      4.643297352175      0.010875409921
   20     -4.617061283383      0.034628524549     -0.009085854163
   20     -0.009492582590     -2.329292496918     -2.323265206298
   12      2.308549562540      0.005925771572     -2.494105449367
   12     -2.411964408361     -4.643223817568     -2.369636262690
   12      2.332089904307     -2.189440740718     -0.033853834464
   20      4.612496512087     -0.029117392972     -0.004042708385
   20      0.013069579504     -4.641638864738     -0.018616877671
   12     -2.353475431724     -2.315012936875     -4.442347391028
   12     -0.038248566454     -0.061343557631     -4.601819387914
   20     -4.592501841813     -4.619585968134     -4.601660526854
    8      0.015986811597     -0.023721085156     -2.359264931041
    8      2.400965178165      2.323034914325     -2.331180881686
    8     -2.451404275604     -2.431152791155     -2.407273671982
    8      2.318016184183     -0.069908830520     -0.067824531288
    8      4.658617843963      2.303780380485     -0.038200070820
    8      0.033572060117     -2.336680606420     -0.007076909271
    8      4.682515047245     -0.082004444987      2.332113321943
    8      7.023955105087      2.269424595106      2.314925937583
    8      2.404778169140     -2.331791778085      2.331763802976
    8     -0.041397693120      2.319172594801     -0.021758044450
    8      2.338833067596      4.655010408568     -0.029455058611
    8     -2.331940006930      0.047576805827      0.035056421352
    8      2.326328524352      2.310501096869      2.363115845974
    8      4.660731852908      4.675630332265      2.344865491548
    8     -0.036850605928     -0.010484741041      2.312094510953
    8      4.625586458236      2.311991756595      4.690107594480
    8      7.055276530581      4.631072756272      4.629503944712
    8      2.343991138080     -0.007241347149      4.626943881119
    8     -0.053431108075      4.720814462537      2.325651711222
    8      2.408141651151      6.996736378554      2.385585219241
    8     -2.294339293248      2.324231743314      2.336901872852
    8      2.317972796990      4.632108566013      4.728194531008
    8      4.590860295277      7.033340039440      4.516610037730
    8      0.001284322748      2.315357441769      4.602167759499
    8      4.598762060166      4.581332219855      6.974208868606
    8      7.019128299793      6.967022552089      6.957807087581
    8      2.474144543106      2.421524513523      6.843748620527
    0    0
