   3   1   1 E -1.6031070319406E+04 DE 2.2E-10( 11)
  0.643749213632E-02  0.693552456390E+01  0.697022503829E+01
  0.698136195839E+01 -0.278119403993E-01  0.699662528232E+01
  0.697936166742E+01  0.695449474529E+01 -0.199388501173E-01
    1
  0.100000000000E+01  0.000000000000E+00  0.000000000000E+00
  0.000000000000E+00  0.100000000000E+01  0.000000000000E+00
  0.000000000000E+00  0.000000000000E+00  0.100000000000E+01
  0.000000000000E+00  0.000000000000E+00  0.000000000000E+00
   54
   20      0.003611712350      0.004660742098     -0.007981367934
   20      2.336857616057      2.307570916461     -0.034555183070
   20     -2.355994474931     -2.268131677432      0.014095176432
   20      2.353466049019     -0.044462511817      2.320468095801
   20      4.657461540399      2.308230576999      2.323982519445
   20      0.001140210388     -2.315436217954      2.343849684455
   20     -2.334892360293      0.023233660741     -2.313224181192
   20      0.006269571023      2.330307788621     -2.340291617362
   12     -4.684544947381     -2.265555361951     -2.304803120704
   20     -0.016290329418      2.298926296046      2.310822291511
   20      2.342818903545      4.698374974810      2.321839807893
   12     -2.381678724985      0.080771897964      2.343317221026
   20      2.358804190466      2.315195472919      4.691130222181
   12      4.567703806945      4.591928317178      4.750183322785
   20     -0.032327433939     -0.053831177469      4.677902189543
   12     -2.223462249197      2.184319727449      0.094510331254
   20     -0.019425801758      4.662357643825     -0.011266143820
   12     -4.517098017299     -0.044761335917      0.017789309167
   20      0.015097986773     -2.275345249063     -2.320887086906
   12      2.386187409732     -0.076361193157     -2.359957909458
   20     -2.385604273446     -4.662586011826     -2.319050950934
   12      2.438527599237     -2.237336608529     -0.049264039877
   12      4.569296518248     -0.072582353958     -0.050519392450
   20     -0.002018264298     -4.661108177452      0.009618169305
   20     -2.352939672307     -2.305567945918     -4.696978631947
   12     -0.010396930773      0.086820202005     -4.681715577999
   20     -4.636748565938     -4.645305498119     -4.668171237352
    8      0.040455731405      0.022326646796     -2.345412667617
    8      2.331213277414      2.313437595926     -2.337742700942
    8     -2.356081611450     -2.289781512927     -2.318309278076
    8      2.400669895881     -0.080616964855     -0.061735926371
    8      4.628249531664      2.287737604156     -0.018021046536
    8      0.013368238421     -2.301434397238     -0.005532669547
    8      4.689092287770     -0.020535667376      2.288836488887
    8      6.978489724125      2.272349266030      2.317734565659
    8      2.340051917134     -2.335396892945      2.328866786771
    8     -0.012087261514      2.316051994974     -0.007484887951
    8      2.322011853837      4.713343148062     -0.031837261836
    8     -2.393665664538      0.093132634247      0.051491393945
    8      2.340765870786      2.313234472192      2.324874281751
    8      4.647351918768      4.699726163732      2.348202612141
    8     -0.021149791226     -0.023353665333      2.334150074328
    8      4.653605311110      2.349163978295      4.695362020218
    8      6.982976587710      4.621382349262      4.661518907572
    8      2.338663935445     -0.056214796725      4.702621360720
    8     -0.006768091430      4.682693119136      2.297922797263
    8      2.357140595304      6.967554572887      2.313057686980
    8     -2.341457931090      2.257937925039      2.276741308678
    8      2.406206573034      4.715089954979      4.718701907511
    8      4.539408426072      6.856074460037      4.649050650038
    8     -0.008958479941      2.292415310833      4.663407813887
    8      4.550119413729      4.531955073333      6.892286616534
    8      6.938849220115      6.923013079408      6.989611205855
    8      2.409882483968      2.294320811082      6.971897677552
    0    0
