   3   1   1 E -1.6031031942038E+04 DE-4.8E-10(  2)
 -0.782881489800E-03  0.703181335430E+01  0.703002370219E+01
  0.703244842506E+01  0.306758322110E-02  0.703129739476E+01
  0.702661139511E+01  0.703457279044E+01  0.116314930142E-02
    1
  0.100000000000E+01  0.000000000000E+00  0.000000000000E+00
  0.000000000000E+00  0.100000000000E+01  0.000000000000E+00
  0.000000000000E+00  0.000000000000E+00  0.100000000000E+01
  0.000000000000E+00  0.000000000000E+00  0.000000000000E+00
   54
   20      0.000000000000      0.000000000000      0.000000000000
   20      2.342203798368      2.344857596813      0.000387716434
   20     -2.342203798368     -2.344857596813     -0.000387716434
   20      2.344149475021      0.001022527740      2.343765798255
   20      4.686353273390      2.345880124553      2.344153514688
   20      0.001945676653     -2.343835069073      2.343378081821
   20     -2.344149475021     -0.001022527740     -2.343765798255
   12     -0.001945676653      2.343835069073     -2.343378081821
   12     -4.686353273390     -2.345880124553     -2.344153514688
   20     -0.000260960497      2.343937784766      2.343341234064
   20      2.341942837872      4.688795381579      2.343728950497
   20     -2.342464758865     -0.000919812047      2.342953517630
   20      2.343888514525      2.344960312506      4.687107032318
   20      4.686092312893      4.689817909319      4.687494748752
   12      0.001684716156      0.000102715693      4.686719315884
   20     -2.344410435518      2.342915257026     -0.000424564191
   12     -0.002206637149      4.687772853839     -0.000036847757
   20     -4.686614233886     -0.001942339787     -0.000812280625
   12      0.000260960497     -2.343937784766     -2.343341234064
   20      2.342464758865      0.000919812047     -2.342953517630
   12     -2.341942837872     -4.688795381579     -2.343728950497
   12      2.344410435518     -2.342915257026      0.000424564191
   20      4.686614233886      0.001942339787      0.000812280625
   12      0.002206637149     -4.687772853839      0.000036847757
   20     -2.343888514525     -2.344960312506     -4.687107032318
   20     -0.001684716156     -0.000102715693     -4.686719315884
   12     -4.686092312893     -4.689817909319     -4.687494748752
    8     -0.000842358078     -0.000051357847     -2.343359657942
    8      2.341361440292      2.344806238968     -2.342971941508
    8     -2.343046156447     -2.344908954660     -2.343747374376
    8      2.343307116943      0.000971169894      0.000406140312
    8      4.685510915313      2.345828766708      0.000793856746
    8      0.001103318575     -2.343886426919      0.000018423879
    8      4.687456591963      0.001993697634      2.344171938565
    8      7.029660390333      2.346851294448      2.344559655000
    8      2.345252793594     -2.342863899179      2.343784222131
    8     -0.001103318575      2.343886426919     -0.000018423879
    8      2.341100479796      4.688744023734      0.000369292555
    8     -2.343307116943     -0.000971169894     -0.000406140312
    8      2.343046156447      2.344908954660      2.343747374376
    8      4.685249954817      4.689766551475      2.344135090810
    8      0.000842358078      0.000051357847      2.343359657942
    8      4.687195631466      2.345931482400      4.687513172629
    8      7.029399429837      4.690789079215      4.687900889063
    8      2.344991833097      0.001073885587      4.687125456194
    8     -0.001364279071      4.687824211685      2.343322810185
    8      2.340839519299      7.032681808500      2.343710526618
    8     -2.343568077440      2.342966614873      2.342935093752
    8      2.342785195950      4.688846739426      4.687088608440
    8      4.684988994320      7.033704336240      4.687476324873
    8      0.000581397582      2.343989142614      4.686700892007
    8      4.686934670969      4.689869267166      7.030854406692
    8      7.029138469340      7.034726863981      7.031242123126
    8      2.344730872600      2.345011670354      7.030466690258
    0    0
