   3   1   1 E -1.6031036064410E+04 DE 1.5E-09(  2)
 -0.599160508204E-02  0.702625639951E+01  0.702772970339E+01
  0.702845383200E+01 -0.140765366174E-05  0.702903469433E+01
  0.702440933830E+01  0.702990200628E+01 -0.197108733999E-02
    1
  0.100000000000E+01  0.000000000000E+00  0.000000000000E+00
  0.000000000000E+00  0.100000000000E+01  0.000000000000E+00
  0.000000000000E+00  0.000000000000E+00  0.100000000000E+01
  0.000000000000E+00  0.000000000000E+00  0.000000000000E+00
   54
   20      0.000000000000      0.000000000000      0.000000000000
   20      2.341469779432      2.343300668760     -0.000657029113
   20     -2.341469779432     -2.343300668760      0.000657029113
   20      2.342817943999     -0.000000469218      2.343011564777
   20      4.684287723431      2.343300199542      2.342354535663
   20      0.001348164566     -2.343301137978      2.343668593890
   20     -2.342817943999      0.000000469218     -2.343011564777
   20     -0.001348164566      2.343301137978     -2.343668593890
   12     -4.684287723431     -2.343300199542     -2.342354535663
   20     -0.001997201694      2.342085466505      2.342576567796
   20      2.339472577738      4.685386135264      2.341919538683
   12     -2.343466981126     -0.001215202255      2.343233596909
   20      2.340820742305      2.342084997287      4.685588132572
   20      4.682290521737      4.685385666046      4.684931103459
   12     -0.000649037128     -0.001215671473      4.686245161686
   12     -2.344815145693      2.342085935722     -0.000434996981
   12     -0.003345366260      4.685386604482     -0.001092026094
   20     -4.686284925125     -0.001214733037      0.000222032133
   12      0.001997201694     -2.342085466505     -2.342576567796
   20      2.343466981126      0.001215202255     -2.343233596909
   20     -2.339472577738     -4.685386135264     -2.341919538683
   12      2.344815145693     -2.342085935722      0.000434996981
   12      4.686284925125      0.001214733037     -0.000222032133
   20      0.003345366260     -4.685386604482      0.001092026094
   20     -2.340820742305     -2.342084997287     -4.685588132572
   20      0.000649037128      0.001215671473     -4.686245161686
   12     -4.682290521737     -4.685385666046     -4.684931103459
    8      0.000324518564      0.000607835737     -2.343122580843
    8      2.341794297997      2.343908504497     -2.343779609956
    8     -2.341145260869     -2.342692833023     -2.342465551730
    8      2.343142462563      0.000607366519     -0.000111016066
    8      4.684612241997      2.343908035280     -0.000768045180
    8      0.001672683130     -2.342693302241      0.000546013047
    8      4.685960406563      0.000606897301      2.342900548711
    8      7.027430185997      2.343907566063      2.342243519598
    8      2.344490627129     -2.342693771459      2.343557577824
    8     -0.001672683130      2.342693302241     -0.000546013047
    8      2.339797096302      4.685993971001     -0.001203042160
    8     -2.343142462563     -0.000607366519      0.000111016066
    8      2.341145260869      2.342692833023      2.342465551730
    8      4.682615040302      4.685993501784      2.341808522616
    8     -0.000324518564     -0.000607835737      2.343122580843
    8      4.683963204869      2.342692363805      4.685477116507
    8      7.025432984303      4.685993032566      4.684820087395
    8      2.342493425437     -0.000608304954      4.686134145621
    8     -0.003669884824      4.684778768746      2.342030554749
    8      2.337799894608      7.028079437504      2.341373525635
    8     -2.345139664257      2.341478099986      2.342687583862
    8      2.339148059175      4.684778299528      4.685042119525
    8      4.680617838606      7.028078968286      4.684385090411
    8     -0.002321720258      2.341477630767      4.685699148638
    8      4.681966003176      4.684777830309      7.028053684303
    8      7.023435782609      7.028078499068      7.027396655190
    8      2.340496223743      2.341477161549      7.028710713417
    0    0
