   3   1   1 E -1.6031098831471E+04 DE 2.2E-10( 11)
 -0.971904174185E-02  0.701886547295E+01  0.701569836949E+01
  0.701257251183E+01  0.602030578534E-03  0.699670687405E+01
  0.702129913899E+01  0.700357531646E+01 -0.243006802416E-02
    1
  0.100000000000E+01  0.000000000000E+00  0.000000000000E+00
  0.000000000000E+00  0.100000000000E+01  0.000000000000E+00
  0.000000000000E+00  0.000000000000E+00  0.100000000000E+01
  0.000000000000E+00  0.000000000000E+00  0.000000000000E+00
   54
   20      0.003576104036     -0.014250151777     -0.053801008270
   20      2.380428154423      2.313813691335     -0.069971613460
   20     -2.327632917822     -2.370168702568     -0.052584420326
   20      2.354867396683     -0.035790080158      2.326615242779
   20      4.699651560134      2.322433203324      2.321386389905
   20      0.014001519260     -2.350662798244      2.334835656270
   20     -2.336721563961     -0.047763200697     -2.342655390159
   20      0.025824234552      2.353645242286     -2.335825420253
   12     -4.617518095633     -2.334639502259     -2.359996040008
   20     -0.045698617145      2.371187225882      2.378750988614
   20      2.326051870256      4.693622749346      2.373258775652
   20     -2.358822019813      0.026982668056      2.388652066331
   20      2.343473031347      2.379559900582      4.707416944613
   12      4.669465521507      4.677747034029      4.731787329280
   20     -0.074025678741      0.020719516615      4.697680526687
   12     -2.335176769872      2.431005858982     -0.033433767252
   20     -0.061564454717      4.682211220746     -0.018253254615
   20     -4.689718498000      0.037159422370     -0.004194553958
   12     -0.010851823024     -2.347241073462     -2.327701885715
   12      2.422598081696     -0.125301065434     -2.295678534128
   12     -2.336688113139     -4.612654061551     -2.276251938383
   20      2.406262155942     -2.357223261231     -0.028863783841
   12      4.710811304554      0.080898137432     -0.104456592534
   12     -0.169513722581     -4.690471643291     -0.061050306329
   12     -2.403529410179     -2.390883599781     -4.598406173529
   20     -0.019570414950     -0.025466390722     -4.671795995004
   20     -4.626828873052     -4.663023590184     -4.637668418606
    8      0.080288555556     -0.118440668140     -2.325226632992
    8      2.468101145421      2.392918797033     -2.332948702359
    8     -2.378297088398     -2.418273675165     -2.416782114133
    8      2.433798198266     -0.012122210770     -0.071540952157
    8      4.773835568300      2.251911986905     -0.083158219239
    8      0.017699883742     -2.425920945454     -0.062326767431
    8      4.666037226747     -0.095404637292      2.240966839271
    8      7.004078610110      2.334534317718      2.276912963040
    8      2.464468107304     -2.336103814112      2.462508377461
    8     -0.085923964810      2.326286644599     -0.007264921811
    8      2.333635393454      4.676043722222     -0.071684892727
    8     -2.334246836493      0.057228699888     -0.005910936017
    8      2.346423465596      2.334736228835      2.346929765754
    8      4.668906966911      4.668517875477      2.359939420691
    8     -0.022900785406      0.005651408683      2.344143896350
    8      4.681814814175      2.422568329209      4.746288979290
    8      6.979429530628      4.682873201649      4.652393661830
    8      2.324086839632     -0.061297000152      4.666513142236
    8     -0.087713045274      4.665030658853      2.422987805209
    8      2.322102617916      7.010851503232      2.391240151731
    8     -2.328499079650      2.443943180644      2.366568273785
    8      2.377380420438      4.766513583390      4.665416533257
    8      4.572137033359      6.966755051057      4.762637861555
    8     -0.093073454817      2.465321133107      4.769124137968
    8      4.679706870378      4.612787252628      6.942539210779
    8      6.907792020171      7.124811838226      7.001714234932
    8      2.394467765861      2.336523478033      7.015112349743
    0    0
