   3   1   1 E -1.6031098591023E+04 DE 4.1E-10( 11)
  0.207390180195E-02  0.698069976156E+01  0.707083951194E+01
  0.701441365976E+01  0.187574154527E-02  0.707083951194E+01
  0.701648756156E+01  0.698257550311E+01  0.000000000000E+00
    2
  0.100000000000E+01  0.000000000000E+00  0.000000000000E+00
  0.000000000000E+00  0.100000000000E+01  0.000000000000E+00
  0.000000000000E+00  0.000000000000E+00  0.100000000000E+01
  0.000000000000E+00  0.000000000000E+00  0.000000000000E+00
  0.100000000000E+01  0.000000000000E+00  0.000000000000E+00
  0.000000000000E+00  0.100000000000E+01  0.000000000000E+00
  0.000000000000E+00  0.000000000000E+00 -0.100000000000E+01
  0.000000000000E+00  0.000000000000E+00  0.000000000000E+00
   54
   20     -0.021354299534     -0.059474123200      0.000000000000
   20      2.340219868056      2.363152975876      0.000000000000
   20     -2.339447083445     -2.280134741900      0.000000000000
   20      2.353371074805     -0.046271153358      2.365003544269
   20      4.671302549355      2.345202159393      2.364976355838
   12      0.085641309567     -2.354972552957      2.355806459785
   12     -2.347726438195     -0.072907860265     -2.354836168889
   20     -0.000831982146      2.365300845869     -2.355490069965
   12     -4.712504733769     -2.300046436791     -2.386792221933
   20     -0.000831982146      2.365300845869      2.355490069965
   12      2.303982827788      4.682529066316      2.386792221933
   12     -2.347726438195     -0.072907860265      2.354836168889
   20      2.357955412178      2.364543353417      4.727624611770
   20      4.682116398081      4.699692070595      4.719437014802
   20     -0.025319545713     -0.054514555389      4.709588141675
   20     -2.330824759271      2.352403907043     -0.000000000000
   12      0.092684143304      4.675420991340      0.000000000000
   20     -4.683346241220     -0.053918908046     -0.000000000000
   12      0.085641309567     -2.354972552957     -2.355806459785
   20      2.353371074805     -0.046271153358     -2.365003544269
   20     -2.345185012202     -4.637373343714     -2.364976355838
   12      2.344776039631     -2.310699197571      0.000000000000
   12      4.641453430124     -0.084534548064      0.000000000000
   20     -0.016443770637     -4.626068051067     -0.000000000000
   20     -2.334371163476     -2.282883432512     -4.719437014802
   20     -0.025319545713     -0.054514555389     -4.709588141675
   20     -4.658532149379     -4.618032149689     -4.727624611770
    8     -0.104009541727     -0.106253663723     -2.355648321126
    8      2.341984915993      2.401002000858     -2.375897879734
    8     -2.357234333779     -2.222550709722     -2.365801727520
    8      2.433029598404     -0.104351716764     -0.000000000000
    8      4.669889082457      2.296483216084     -0.000000000000
    8      0.109945096941     -2.325873308325      0.000000000000
    8      4.670795256185      0.008535452676      2.358189433616
    8      7.013481779129      2.428588885395      2.355240306305
    8      2.223858965340     -2.320545641718      2.354109270770
    8      0.005971146682      2.398983045938     -0.000000000000
    8      2.260760918951      4.649243594087     -0.000000000000
    8     -2.347810439320      0.009887839632      0.000000000000
    8      2.341984915995      2.401002000859      2.375897879734
    8      4.659253227780      4.760024793386      2.365801727520
    8     -0.104009541727     -0.106253663723      2.355648321126
    8      4.677847097924      2.285075840575      4.717720181948
    8      7.144385459945      4.649482955826      4.733238503948
    8      2.385260677466     -0.104378987069      4.738518903126
    8      0.129971800188      4.647607214284      2.337601007990
    8      2.387334579265      6.876320774494      2.332320608813
    8     -2.336566561832      2.283200099034      2.353119329991
    8      2.225932867140      4.660154119846      4.716730241168
    8      4.672869157985      6.989235214240      4.712650078322
    8     -0.000931880627      2.426713143853      4.715599205633
    8      4.673328905195      4.773673418981      7.070839511938
    8      6.907971783569      6.860849903281      7.070839511938
    8      2.340342828306      2.424274666471      7.070839511938
    0    0
