   3   1   1 E -1.6031036927163E+04 DE-2.0E-10(  2)
  0.363177726504E-02  0.702655795736E+01  0.702811299850E+01
  0.703036178085E+01 -0.172046222899E-03  0.703193823214E+01
  0.703018973463E+01  0.703018973463E+01  0.933713782362E-19
    2
  0.100000000000E+01  0.000000000000E+00  0.000000000000E+00
  0.000000000000E+00  0.100000000000E+01  0.000000000000E+00
  0.000000000000E+00  0.000000000000E+00  0.100000000000E+01
  0.000000000000E+00  0.000000000000E+00  0.000000000000E+00
  0.000000000000E+00 -0.100000000000E+01  0.000000000000E+00
 -0.100000000000E+01  0.000000000000E+00  0.000000000000E+00
  0.000000000000E+00  0.000000000000E+00  0.100000000000E+01
  0.000000000000E+00  0.000000000000E+00  0.000000000000E+00
   54
   20      0.000000000000      0.000000000000      0.000000000000
   20      2.343396578209      2.343396578209     -0.000000000000
   20     -2.343396578209     -2.343396578209      0.000000000000
   20      2.343453926950     -0.000057348741      2.343979410712
   20      4.686850505160      2.343339229470      2.343979410712
   20      0.000057348741     -2.343453926950      2.343979410712
   20     -2.343453926950      0.000057348741     -2.343979410712
   20     -0.000057348741      2.343453926950     -2.343979410712
   12     -4.686850505160     -2.343339229470     -2.343979410712
   12      0.001210592422      2.342185985788      2.342704332835
   20      2.344607170632      4.685582563998      2.342704332835
   12     -2.342185985788     -0.001210592422      2.342704332835
   20      2.344664519372      2.342128637047      4.686683743546
   20      4.688061097583      4.685525215258      4.686683743546
   20      0.001267941163     -0.001267941163      4.686683743546
   12     -2.342243334529      2.342243334529     -0.001275077877
   20      0.001153243681      4.685639912738     -0.001275077877
   20     -4.685639912738     -0.001153243681     -0.001275077877
   20     -0.001210592422     -2.342185985788     -2.342704332835
   20      2.342185985788      0.001210592422     -2.342704332835
   12     -2.344607170632     -4.685582563998     -2.342704332835
   12      2.342243334529     -2.342243334529      0.001275077877
   12      4.685639912738      0.001153243681      0.001275077877
   12     -0.001153243681     -4.685639912738      0.001275077877
   20     -2.344664519372     -2.342128637047     -4.686683743546
   12     -0.001267941163      0.001267941163     -4.686683743546
   20     -4.688061097583     -4.685525215258     -4.686683743546
    8     -0.000633970581      0.000633970581     -2.343341871773
    8      2.342762607629      2.344030548792     -2.343341871773
    8     -2.344030548791     -2.342762607628     -2.343341871773
    8      2.342819956369      0.000576621840      0.000637538939
    8      4.686216534579      2.343973200051      0.000637538939
    8     -0.000576621840     -2.342819956369      0.000637538939
    8      4.686273883320      0.000519273099      2.344616949651
    8      7.029670461529      2.343915851308      2.344616949651
    8      2.342877305111     -2.342877305110      2.344616949651
    8      0.000576621840      2.342819956369     -0.000637538939
    8      2.343973200051      4.686216534579     -0.000637538939
    8     -2.342819956369     -0.000576621840     -0.000637538939
    8      2.344030548791      2.342762607628      2.343341871773
    8      4.687427127001      4.686159185838      2.343341871773
    8      0.000633970581     -0.000633970581      2.343341871773
    8      4.687484475743      2.342705258888      4.687321282486
    8      7.030881053951      4.686101837096      4.687321282486
    8      2.344087897535     -0.000691319320      4.687321282486
    8      0.001787214262      4.685005942154      2.342066793894
    8      2.345183792473      7.028402520365      2.342066793894
    8     -2.341609363947      2.341609363945      2.342066793894
    8      2.345241141213      4.684948593415      4.686046204606
    8      4.688637719423      7.028345171625      4.686046204607
    8      0.001844563005      2.341552015207      4.686046204607
    8      4.688695068163      4.684891244675      7.030025615320
    8      7.032091646373      7.028287822884      7.030025615320
    8      2.345298489956      2.341494666468      7.030025615320
    0    0
