   3   1   1 E -1.6031061280083E+04 DE 6.3E-10( 11)
  0.302984305772E-01  0.699436339006E+01  0.699955563526E+01
  0.702281766059E+01  0.184416005230E-02  0.702802943801E+01
  0.702466182064E+01  0.702466182064E+01 -0.642626456987E-18
    2
  0.100000000000E+01  0.000000000000E+00  0.000000000000E+00
  0.000000000000E+00  0.100000000000E+01  0.000000000000E+00
  0.000000000000E+00  0.000000000000E+00  0.100000000000E+01
  0.000000000000E+00  0.000000000000E+00  0.000000000000E+00
  0.000000000000E+00 -0.100000000000E+01  0.000000000000E+00
 -0.100000000000E+01  0.000000000000E+00  0.000000000000E+00
  0.000000000000E+00  0.000000000000E+00  0.100000000000E+01
  0.000000000000E+00  0.000000000000E+00  0.000000000000E+00
   54
   20     -0.003069622810      0.003069622810      0.005969523016
   20      2.355578961969      2.333725926472     -0.010150174178
   20     -2.333725926472     -2.355578961969     -0.010150174178
   20      2.339866037044     -0.008684116047      2.332058033821
   20      4.703651444423      2.321010376221      2.318957382669
   20      0.008684116047     -2.339866037044      2.332058033821
   20     -2.339221854345     -0.006110022170     -2.340816196141
   20      0.006110022170      2.339221854345     -2.340816196141
   12     -4.672504197361     -2.352157623283     -2.332918984223
   12      0.013525198517      2.296651028514      2.307325012116
   20      2.350095021640      4.674566799004      2.333605757560
   12     -2.296651028514     -0.013525198517      2.307325012116
   20      2.343498911997      2.338969175448      4.689900124427
   20      4.685692645196      4.681162908648      4.689900124427
   20     -0.015707260883      0.015707260883      4.683339618111
   12     -2.337550876885      2.337550876885     -0.003190504189
   20     -0.011556055190      4.679064274800      0.010995542365
   20     -4.679064274800      0.011556055190      0.010995542365
   20     -0.012146005581     -2.346454155621     -2.331387776716
   20      2.346454155621      0.012146005581     -2.331387776716
   12     -2.375091328009     -4.649570492635     -2.324239819134
   12      2.319543225987     -2.319543225987      0.024225457309
   12      4.642712676283      0.047498027369      0.044524732166
   12     -0.047498027369     -4.642712676283      0.044524732166
   20     -2.348406405350     -2.347717730747     -4.687632114695
   12      0.005453489889     -0.005453489889     -4.726145647815
   20     -4.676944089898     -4.676255415295     -4.687632114695
    8     -0.000650742174      0.000650742174     -2.350767853465
    8      2.361885307820      2.353589733527     -2.338766556991
    8     -2.353589733525     -2.361885307819     -2.338766556991
    8      2.361940002286     -0.015984539297     -0.001615000658
    8      4.720619872210      2.304041948434     -0.042364390986
    8      0.015984539297     -2.361940002286     -0.001615000658
    8      4.693441141831     -0.008307926267      2.326518342952
    8      7.032969746910      2.331220678811      2.326518342952
    8      2.341628795835     -2.341628795834      2.335928559740
    8     -0.008192160218      2.338896076951      0.011865002548
    8      2.343888421929      4.680773398716     -0.012665955208
    8     -2.338896076951      0.008192160218      0.011865002548
    8      2.343400180389      2.331736029929      2.334580109157
    8      4.692925790714      4.681261640254      2.334580109157
    8     -0.019761255302      0.019761255302      2.334215818943
    8      4.689819438044      2.334842382601      4.694167709507
    8      7.031900908648      4.688472079863      4.688024841945
    8      2.336189740782     -0.007239088003      4.688024841945
    8      0.008223406230      4.662108169038      2.326252648714
    8      2.362553651604      7.016438414411      2.326252648714
    8     -2.288405967212      2.288405967211      2.317388527808
    8      2.353462083511      4.671199737131      4.686407324150
    8      4.685971034284      7.040802671463      4.679033213453
    8     -0.016140850820      2.338690786360      4.679033213453
    8      4.675536455771      4.676521617987      7.029206021076
    8      7.003427715296      7.045895925988      7.042388695211
    8      2.348140202658      2.349125364875      7.029206021076
    0    0
