   3   1   1 E -1.6031103291633E+04 DE 3.9E-10( 11)
 -0.842306099033E-02  0.693951621338E+01  0.699480957852E+01
  0.702681804677E+01 -0.268216627398E-01  0.700326161391E+01
  0.701631030410E+01  0.693208267476E+01 -0.102162685454E-01
    1
  0.100000000000E+01  0.000000000000E+00  0.000000000000E+00
  0.000000000000E+00  0.100000000000E+01  0.000000000000E+00
  0.000000000000E+00  0.000000000000E+00  0.100000000000E+01
  0.000000000000E+00  0.000000000000E+00  0.000000000000E+00
   54
   20      0.006730001603     -0.045370194076     -0.042650447741
   20      2.359074060762      2.297496003942     -0.006342666326
   20     -2.325804184178     -2.336924837796     -0.028297285087
   20      2.367477465376     -0.092876466510      2.319323059220
   20      4.725474298905      2.257530319061      2.308165491797
   20      0.051424693494     -2.373587494935      2.325687612208
   20     -2.339237575966     -0.049084496382     -2.381333187026
   20      0.022215703922      2.337697695159     -2.376542329500
   12     -4.649416555944     -2.306457050762     -2.394365762787
   20     -0.028607503140      2.353127042016      2.378316852921
   20      2.303377236862      4.645879322605      2.343853164767
   20     -2.367745554130      0.008123715391      2.354539372476
   20      2.331565914143      2.358840628808      4.718745447844
   12      4.666329643117      4.624731430784      4.671065083307
   20     -0.024793736594     -0.017157709212      4.717449039559
   20     -2.392432472723      2.405848126119     -0.017191281023
   20     -0.055130048513      4.682703494516      0.029806983059
   20     -4.743338391069      0.052586684937      0.020898898889
   12      0.039395875731     -2.299363132350     -2.283169092882
   20      2.342151556993     -0.038367961578     -2.337341110165
   20     -2.334320780859     -4.597530530652     -2.310648510329
   12      2.386248529629     -2.275116573027     -0.068647407885
   12      4.722792216169     -0.112904687153      0.027756245227
   12      0.039586935379     -4.601011727712      0.049819515425
   12     -2.369068550534     -2.270969050922     -4.606825071602
   12      0.020648462757      0.027205503705     -4.653266573948
   12     -4.638636839254     -4.553657361663     -4.693041632647
    8     -0.010283265332     -0.097798156193     -2.424378350435
    8      2.348183120730      2.387064565205     -2.369503843041
    8     -2.394076524758     -2.314290598143     -2.416843123217
    8      2.389952284618     -0.112970286202     -0.011636790518
    8      4.751794729129      2.236261666328      0.002852571589
    8      0.082039077163     -2.408404234606     -0.097821039974
    8      4.754853636785     -0.142174586654      2.234664326331
    8      7.119178526139      2.194837848240      2.230734944607
    8      2.420068141869     -2.445822574867      2.375661744627
    8     -0.013705877024      2.331042763630     -0.001491348551
    8      2.335418496426      4.631883889096     -0.002759856810
    8     -2.346429261833      0.008642438336      0.000116208990
    8      2.348750087900      2.295291736140      2.350064666730
    8      4.693460781843      4.608660362826      2.371305552686
    8     -0.003702141388     -0.021939353205      2.336890670715
    8      4.688963658057      2.371976691392      4.655087713084
    8      7.023724461173      4.606502554327      4.664761967774
    8      2.329595876968     -0.092529391365      4.675907643104
    8     -0.106832359140      4.715102798812      2.384982755616
    8      2.265060736640      7.009458687498      2.335819513747
    8     -2.422805216209      2.399891850027      2.328975405485
    8      2.322514055387      4.625540768058      4.690698616956
    8      4.674043940578      6.846623335398      4.716008734100
    8      0.003654882442      2.405478708558      4.751604185925
    8      4.590593573623      4.726679775721      6.968281318268
    8      6.924010120830      7.018888506386      7.065942941829
    8      2.272187859882      2.436207057254      7.063655620103
    0    0
