   3   1   1 E -1.6031095837165E+04 DE-1.3E-08(  9)
  0.418933463352E-01  0.696758366309E+01  0.700391410923E+01
  0.699589214022E+01  0.274998615876E-01  0.701059168884E+01
  0.702895456572E+01  0.700082781237E+01  0.912407646414E-03
    1
  0.100000000000E+01  0.000000000000E+00  0.000000000000E+00
  0.000000000000E+00  0.100000000000E+01  0.000000000000E+00
  0.000000000000E+00  0.000000000000E+00  0.100000000000E+01
  0.000000000000E+00  0.000000000000E+00  0.000000000000E+00
   54
   20      0.019684876774     -0.038685660037     -0.051130443432
   20      2.369595541738      2.331075638498     -0.032196103679
   20     -2.313046526032     -2.339694464137     -0.050570945835
   20      2.355720442532     -0.052853822986      2.337595781116
   20      4.729979529906      2.295305249132      2.293934956008
   20      0.065483109423     -2.389108469986      2.297680412231
   20     -2.345225912377     -0.043491085932     -2.327230691894
   20      0.035907956447      2.317874585823     -2.357616504039
   12     -4.677340005164     -2.359340341760     -2.295756392556
   20     -0.000870548132      2.351379025215      2.354665204655
   20      2.322033098043      4.714166908747      2.311262085326
   20     -2.372347226816      0.042755234135      2.289370533566
   20      2.338188703236      2.339408690685      4.772634849647
   20      4.658012812705      4.669441919399      4.721279609272
   20      0.026799230427      0.017069662381      4.745114744845
   12     -2.390401978237      2.262181912641      0.078059335339
   20      0.006415418486      4.717526333026      0.011851582815
   12     -4.660590350705     -0.014922494182      0.075593637773
   12      0.048047264731     -2.312177912626     -2.311918533360
   20      2.301126619067      0.000732940907     -2.349288104702
   20     -2.348243969745     -4.623352153596     -2.308906071074
   12      2.298108502444     -2.375939128465      0.024515905930
   12      4.636147830482      0.094670292125      0.050620102588
   12      0.029594531841     -4.677277179139      0.027628339938
   20     -2.372357022066     -2.326863889158     -4.689715632232
   12      0.006034212915      0.035940664419     -4.709276687693
   12     -4.777491025908     -4.702129388701     -4.782974665947
    8      0.003721173074     -0.071230402369     -2.417632405666
    8      2.341084021835      2.408870006495     -2.408291710327
    8     -2.347513841769     -2.337816611723     -2.317989729927
    8      2.409658580151     -0.070314569963     -0.015275979401
    8      4.746750551355      2.256937033000     -0.019943747556
    8      0.121730652471     -2.416267282265     -0.092367805080
    8      4.704204052849      0.013735301041      2.302153385548
    8      7.111501649675      2.244822546491      2.261420849463
    8      2.320602167145     -2.410234476486      2.343099600374
    8     -0.026153284136      2.332983949267     -0.015635669665
    8      2.354350356505      4.750509815142     -0.067975996372
    8     -2.394025057400      0.053564561514     -0.024443125376
    8      2.346971954262      2.333382010191      2.323602510818
    8      4.693065201846      4.666795891369      2.292132139815
    8      0.015860133215     -0.012795425104      2.327853462498
    8      4.679620996001      2.325199641537      4.728830232234
    8      7.080262494466      4.681911731303      4.698688372966
    8      2.331257348432     -0.058089155812      4.765947801969
    8      0.020425673137      4.731546809130      2.377595210391
    8      2.232108635971      7.099944478237      2.215665257838
    8     -2.390356456667      2.332460972422      2.251644582416
    8      2.274307270297      4.657914608400      4.716580304169
    8      4.687250358767      7.003696419566      4.708533921577
    8      0.033841782254      2.401448781943      4.781041346445
    8      4.575041302458      4.674445540307      7.003326466205
    8      7.053185936698      7.132053446140      7.111025405005
    8      2.332611466351      2.322432330488      7.114570940749
    0    0
