   3   1   1 E -1.6031077867391E+04 DE 5.2E-09(  9)
  0.333535984459E-01  0.692265591768E+01  0.693478975894E+01
  0.700258221570E+01 -0.217217091986E-01  0.699478446722E+01
  0.697237103116E+01  0.696067812930E+01 -0.312609905528E-03
    1
  0.100000000000E+01  0.000000000000E+00  0.000000000000E+00
  0.000000000000E+00  0.100000000000E+01  0.000000000000E+00
  0.000000000000E+00  0.000000000000E+00  0.100000000000E+01
  0.000000000000E+00  0.000000000000E+00  0.000000000000E+00
   54
   20      0.033191949188     -0.043334532080     -0.060245590187
   20      2.355464723954      2.307285241558     -0.057730519076
   20     -2.296188046608     -2.360091370983     -0.072204029036
   20      2.329850183914     -0.052956891908      2.334464168203
   20      4.668534558628      2.311043469419      2.331630572662
   20      0.056979452560     -2.332020289736      2.337814989912
   20     -2.328217287913     -0.051310333917     -2.362038828529
   20      0.026897490586      2.328257671466     -2.338582549224
   12     -4.569064858592     -2.301643509829     -2.332005069681
   20     -0.033474922052      2.333612603279      2.355767697286
   20      2.324761196773      4.652397268973      2.333391874293
   20     -2.303461262784      0.029738851705      2.328995228551
   20      2.305892038815      2.334245514557      4.705650097301
   20      4.651106720601      4.653419988236      4.672645925453
   12     -0.024279912705     -0.024777111009      4.663120887420
   12     -2.300826133818      2.397986745532      0.014791780655
   20     -0.012147484471      4.631822073378     -0.020738764059
   20     -4.657751868506      0.019222737859     -0.055022071770
   12     -0.090207794593     -2.271918255919     -2.340502378678
   12      2.295465546044     -0.024106037009     -2.260892447306
   12     -2.303948573364     -4.550742680336     -2.255878485648
   12      2.270137338895     -2.337698628136     -0.017809742283
   20      4.647803744116     -0.012828240167      0.011682755881
   12     -0.065517780301     -4.582686939232     -0.065281575182
   12     -2.360414974742     -2.475163576401     -4.542894716436
   20     -0.017510812613      0.005734783697     -4.633258169823
   20     -4.623846471443     -4.569275421455     -4.634940282799
    8      0.065820783683     -0.060153932225     -2.339214558887
    8      2.406497670676      2.343104113051     -2.326334008716
    8     -2.401221177295     -2.465341437541     -2.443757589802
    8      2.339321914905     -0.073913919613     -0.068042319201
    8      4.708847302020      2.309591407314     -0.054910847836
    8      0.062641129041     -2.383083727453     -0.078263310342
    8      4.656064726603     -0.057579472878      2.341595594608
    8      6.989996449484      2.329027717252      2.319620155239
    8      2.400560188960     -2.320855397531      2.358204250660
    8     -0.022175897480      2.309240708267     -0.048884364947
    8      2.331422667168      4.635375120808     -0.057418141559
    8     -2.306412233676      0.008919687844     -0.054732958567
    8      2.315759746332      2.315162759974      2.344884008817
    8      4.670073923889      4.640381744052      2.326797148717
    8      0.013790281631     -0.011329706242      2.362872491240
    8      4.668736753551      2.315367064542      4.694553823078
    8      7.050675416532      4.677635350012      4.672218852380
    8      2.276800578035     -0.066433873845      4.660572354881
    8     -0.032091346381      4.624506717764      2.322751384453
    8      2.346113417121      6.961652305841      2.314724228723
    8     -2.298138277209      2.404862329622      2.310583839551
    8      2.249383828792      4.710136593128      4.729039339795
    8      4.679808728811      7.004607865781      4.662478347109
    8     -0.091954844658      2.339827287346      4.779376841363
    8      4.614417087184      4.515574627489      7.011931262630
    8      6.989869589616      6.973232433369      6.933954402598
    8      2.373545636999      2.383528022357      6.967146289262
    0    0
