   3   1   1 E -1.6031074249190E+04 DE 1.8E-10( 11)
  0.132248259905E-01  0.699520158539E+01  0.696662678046E+01
  0.700951236261E+01 -0.108595122876E-02  0.698099854059E+01
  0.700842641138E+01  0.700842641138E+01  0.128080835528E-17
    2
  0.100000000000E+01  0.000000000000E+00  0.000000000000E+00
  0.000000000000E+00  0.100000000000E+01  0.000000000000E+00
  0.000000000000E+00  0.000000000000E+00  0.100000000000E+01
  0.000000000000E+00  0.000000000000E+00  0.000000000000E+00
  0.000000000000E+00 -0.100000000000E+01  0.000000000000E+00
 -0.100000000000E+01  0.000000000000E+00  0.000000000000E+00
  0.000000000000E+00  0.000000000000E+00  0.100000000000E+01
  0.000000000000E+00  0.000000000000E+00  0.000000000000E+00
   54
   20      0.016903610850     -0.016903610850     -0.039338672751
   20      2.374196705178      2.330512045821     -0.022205319787
   20     -2.330512045821     -2.374196705178     -0.022205319787
   20      2.363795363627     -0.000998441369      2.345146971316
   20      4.651400473496      2.357025937887      2.353536165404
   20      0.000998441369     -2.363795363627      2.345146971316
   20     -2.365912345466     -0.000524352573     -2.295920460120
   20      0.000524352573      2.365912345466     -2.295920460120
   12     -4.701868876142     -2.306557535242     -2.357570082398
   20      0.041275304113      2.366311819077      2.356359539931
   12      2.156082945969      4.852343465414      2.351109524194
   20     -2.366311819077     -0.041275304113      2.356359539931
   12      2.370346786388      2.432253076886      4.732822706737
   12      4.576173334497      4.638079624995      4.732822706737
   20      0.000642386857     -0.000642386857      4.688871801950
   12     -2.326272343779      2.326272343779     -0.099807097606
   20     -0.008313959082      4.674077523044     -0.008643140742
   20     -4.674077523044      0.008313959082     -0.008643140742
   12      0.061498866131     -2.345215530252     -2.418593424532
   12      2.345215530252     -0.061498866131     -2.418593424532
   20     -2.324403282846     -4.684023128537     -2.290755001788
   20      2.353338220126     -2.353338220126     -0.104499005794
   12      4.668054568224     -0.004592581102      0.008049901659
   12      0.004592581102     -4.668054568224      0.008049901659
   20     -2.334226446606     -2.343951925410     -4.657858256744
   20      0.009595444799     -0.009595444799     -4.625468252787
   20     -4.664474485973     -4.674199964778     -4.657858256744
    8      0.042025453348     -0.042025453348     -2.310440906698
    8      2.354583583804      2.329229619033     -2.306800463739
    8     -2.329229619031     -2.354583583802     -2.306800463739
    8      2.391428822141     -0.017156642601     -0.086736490793
    8      4.725214775726      2.283211635658      0.013113631825
    8      0.017156642601     -2.391428822141     -0.086736490793
    8      4.677323990628      0.002490418555      2.326519316327
    8      7.005935992828      2.331102420755      2.326519316327
    8      2.347896674107     -2.347896674106      2.335820590461
    8     -0.010445851286      2.343719362362     -0.011532987490
    8      2.338436459438      4.669989951946     -0.002034491422
    8     -2.343719362362      0.010445851286     -0.011532987490
    8      2.357694692436      2.395269585523      2.373058012204
    8      4.613156825858      4.650731718945      2.373058012204
    8      0.010923574231     -0.010923574231      2.334973778615
    8      4.583409107488      2.425017303897      4.758363608967
    8      7.028618916081      4.672440922323      4.671671857551
    8      2.335985489062     -0.020192504696      4.671671857551
    8      0.065342681442      4.665326655681      2.383081303841
    8      2.343099755698      6.943083729937      2.383081303841
    8     -2.323246903305      2.323246903303      2.294270497816
    8      2.298292826194      4.710133585188      4.500968357875
    8      4.609987739890      6.917990335198      4.735363928414
    8      0.090436076185      2.398438671492      4.735363928414
    8      4.680439604188      4.649064501894      6.870800095280
    8      6.971864555350      7.044988267412      6.974033320250
    8      2.359361909491      2.327986807197      6.870800095280
    0    0
