   3   1   1 E -1.6031097250929E+04 DE 2.6E-09(  9)
  0.356138537227E-01  0.700636773407E+01  0.701194216130E+01
  0.703219244557E+01  0.429280992810E-02  0.703510895349E+01
  0.703548583767E+01  0.702648449104E+01  0.807239594437E-02
    1
  0.100000000000E+01  0.000000000000E+00  0.000000000000E+00
  0.000000000000E+00  0.100000000000E+01  0.000000000000E+00
  0.000000000000E+00  0.000000000000E+00  0.100000000000E+01
  0.000000000000E+00  0.000000000000E+00  0.000000000000E+00
   54
   20      0.038570296292     -0.031575005457     -0.013510921165
   20      2.388661702696      2.306117606323     -0.044347949031
   20     -2.330923286195     -2.379258534631     -0.016592430229
   20      2.339178719533      0.004038072963      2.352118183206
   20      4.691915457007      2.338692298866      2.339573309607
   20      0.003179422193     -2.339653231565      2.362414566595
   20     -2.375307561835      0.013544052053     -2.319305996684
   20     -0.006967971217      2.353069294640     -2.333525057670
   20     -4.700357341876     -2.322330928581     -2.328095880935
   20      0.001565921510      2.322559130886      2.361217523479
   20      2.375317818452      4.693998040458      2.385362553633
   20     -2.350372058241     -0.009662481339      2.402275825129
   12      2.331967750190      2.262231927582      4.781176340936
   12      4.679388741939      4.737351925065      4.729946151365
   12      0.037857226746      0.068408463527      4.792215440250
   20     -2.408609152542      2.367523610362     -0.047577042893
   20     -0.018742650556      4.760510695555     -0.055154252776
   12     -4.791968130086      0.034490884760     -0.079024269846
   20      0.038369551145     -2.391472041887     -2.302447517078
   12      2.436272156919      0.033682148252     -2.284332970303
   12     -2.360616719280     -4.767518442011     -2.305617034192
   12      2.365163119673     -2.275432593102     -0.073639925535
   12      4.648944196572      0.029335529826     -0.114071235356
   12      0.035799160109     -4.763201379381     -0.077516659249
   20     -2.376574024074     -2.325821134171     -4.700788097374
   20      0.014857719132      0.021161069393     -4.701684024962
   20     -4.708042029349     -4.700045076261     -4.726119777763
    8      0.065708589376     -0.008815071613     -2.319311026539
    8      2.407151065441      2.273159340701     -2.345439221404
    8     -2.347438469238     -2.395604599711     -2.331829683611
    8      2.427555984991     -0.074869581847     -0.082208785813
    8      4.757393835391      2.238322642179     -0.091861092146
    8      0.080770789823     -2.425761370521      0.006952092846
    8      4.681708787901      0.010953695439      2.336735572220
    8      7.031440782136      2.338483035025      2.316599897542
    8      2.341269342038     -2.328453425197      2.330283297026
    8     -0.003433424300      2.354452434097     -0.033971284128
    8      2.351135824594      4.734029837358     -0.006570230491
    8     -2.385202143598     -0.002475153689     -0.003840629877
    8      2.350512127866      2.326687665502      2.373610817596
    8      4.692370301161      4.680446764699      2.374857221543
    8      0.003590608047      0.003253005032      2.361773154004
    8      4.602014817701      2.406334786754      4.697263988617
    8      6.962553609502      4.777875594865      4.687048939645
    8      2.255908651986      0.076321407907      4.771310905369
    8      0.028059338527      4.680121527177      2.359872612708
    8      2.369740970170      7.010307716340      2.339617290271
    8     -2.338235463767      2.335954146696      2.373847647208
    8      2.476847601567      4.692317664878      4.801833395765
    8      4.648698418566      7.019291448879      4.806329518035
    8      0.006117597897      2.217020484286      4.758433272210
    8      4.618257506931      4.784217507198      6.943277831086
    8      7.114821009007      7.121337021638      6.955754538517
    8      2.266968521763      2.281500231450      6.884736908907
    0    0
