   3   1   1 E -1.6031084154094E+04 DE-3.3E-10( 11)
  0.275662953662E-01  0.694938166599E+01  0.697842506933E+01
  0.700598387855E+01 -0.394103039260E-02  0.700187631806E+01
  0.700524049262E+01  0.696713356647E+01  0.214017047783E-02
    1
  0.100000000000E+01  0.000000000000E+00  0.000000000000E+00
  0.000000000000E+00  0.100000000000E+01  0.000000000000E+00
  0.000000000000E+00  0.000000000000E+00  0.100000000000E+01
  0.000000000000E+00  0.000000000000E+00  0.000000000000E+00
   54
   20     -0.011298893512     -0.017179027331     -0.017031679894
   20      2.355238632074      2.325456601231     -0.044255775470
   20     -2.331115827340     -2.348048494724     -0.044703558601
   20      2.375665046932     -0.062812250762      2.310569353245
   20      4.719827726622      2.302237243123      2.298812030986
   20      0.034875170478     -2.347382492754      2.328406406086
   20     -2.353008027021     -0.040608018473     -2.328292554204
   12     -0.041856637725      2.146134630281     -2.326234075517
   12     -4.665690242209     -2.399010888816     -2.336582349840
   20     -0.043385557156      2.318126488748      2.326723401040
   20      2.370383503484      4.676114208829      2.310330842996
   12     -2.394603625217      0.000235990941      2.278791540320
   20      2.330947955825      2.304667856647      4.704462128000
   20      4.679691373110      4.685797912782      4.699506253980
   20     -0.010755367573      0.020345316954      4.704255170194
   20     -2.381512590711      2.330572581273      0.048784378863
   20     -0.002732274071      4.697478263038     -0.010532499389
   12     -4.645885196002     -0.098580973631     -0.053892804580
   20     -0.030313848266     -2.345732894887     -2.310152358593
   20      2.366918951119      0.051930853785     -2.297103267518
   12     -2.333490290067     -4.644687061621     -2.310070979300
   12      2.367556154199     -2.271593008364      0.015161348115
   12      4.656847350447      0.052018650206      0.062633400781
   12      0.062447143392     -4.671659754800     -0.082557603024
   12     -2.454714125374     -2.262937108907     -4.633353461651
   20     -0.008944171214      0.043717905554     -4.673071724462
   20     -4.673470723543     -4.610381826141     -4.659391545346
    8     -0.010857282819      0.033095327748     -2.321789904724
    8      2.314963632943      2.408566298424     -2.331980604212
    8     -2.407805426701     -2.416479072239     -2.402219536943
    8      2.387172961790     -0.034743791948     -0.015581296736
    8      4.756299321752      2.256352973085     -0.101761100395
    8      0.049018120025     -2.378943469602     -0.003071437036
    8      4.687400020655     -0.068093202601      2.279574555318
    8      7.016685481063      2.331032540408      2.332084650720
    8      2.427339544887     -2.338541922375      2.317973733865
    8     -0.027820146542      2.339366671642     -0.036099209938
    8      2.343331423351      4.705035709377     -0.075293923085
    8     -2.389336594045     -0.034267737962      0.005929848330
    8      2.352959659767      2.308856297488      2.307657449325
    8      4.696999737072      4.681637518552      2.324489750772
    8     -0.038135548899     -0.021989520526      2.331530667314
    8      4.697698406552      2.323755767238      4.699114320529
    8      7.049070777869      4.602692051336      4.699507683352
    8      2.334549000605     -0.080229175558      4.721736198137
    8     -0.023397324401      4.662725203968      2.318963004608
    8      2.436356304787      6.987141874730      2.307408774357
    8     -2.349679948396      2.318661381430      2.393054212529
    8      2.372349286369      4.653836116823      4.705618637416
    8      4.689583760445      7.078270125849      4.709034212971
    8     -0.011028493366      2.307627591748      4.703368911854
    8      4.587649083289      4.757312449642      7.089888292102
    8      7.028682122811      7.071410160178      6.993879997088
    8      2.266888507855      2.318275040311      7.006759105680
    0    0
