   3   1   1 E -1.6031073545528E+04 DE 3.1E-10( 11)
 -0.129740502092E-01  0.697275549288E+01  0.695171723768E+01
  0.698787936664E+01 -0.313906162762E-01  0.696475765691E+01
  0.700207669541E+01  0.699240967646E+01 -0.381375124495E-01
    1
  0.100000000000E+01  0.000000000000E+00  0.000000000000E+00
  0.000000000000E+00  0.100000000000E+01  0.000000000000E+00
  0.000000000000E+00  0.000000000000E+00  0.100000000000E+01
  0.000000000000E+00  0.000000000000E+00  0.000000000000E+00
   54
   20     -0.036541341452     -0.007650217439     -0.005915504551
   20      2.335241561755      2.342405156213     -0.027904701194
   20     -2.317958212999     -2.343877930014     -0.003543873421
   20      2.340767346714     -0.054066371532      2.336868914508
   20      4.677022632713      2.298661982248      2.283050215024
   20      0.004206894618     -2.324626429969      2.349587348580
   20     -2.321087849875     -0.040104072218     -2.307076363351
   20      0.018200537359      2.375208906647     -2.287558650361
   12     -4.641682309733     -2.228785415118     -2.275978406839
   20     -0.062048702450      2.341870716632      2.328796437847
   20      2.314598863221      4.670181736146      2.289393505838
   12     -2.278606050301     -0.001754984090      2.281892026468
   20      2.298545270726      2.309197869759      4.667565324800
   20      4.714146871664      4.683128068748      4.689205383986
   12      0.016477170813     -0.099927411442      4.784670618920
   12     -2.323923051797      2.345827227918      0.099470062273
   12     -0.064641191271      4.658070111128     -0.076752751778
   20     -4.715117427610     -0.012394966637     -0.044126137302
   12     -0.002171242586     -2.359468596769     -2.297294180148
   20      2.354771339435     -0.006154832966     -2.329563085147
   20     -2.310929941523     -4.660115981246     -2.324785002988
   20      2.351115782957     -2.352041411480     -0.000368762345
   12      4.683894685895      0.226053085285     -0.050148081246
   12     -0.046206825383     -4.727308480770     -0.090740721623
   12     -2.333734005138     -2.265930004015     -4.610513387688
   20     -0.038015890623     -0.024039915574     -4.704675610979
   20     -4.624122102470     -4.634483042088     -4.650784498181
    8     -0.010726098723     -0.036561700536     -2.335482963793
    8      2.357071231073      2.377444189297     -2.341552620578
    8     -2.295877781394     -2.339477074129     -2.328451086071
    8      2.362200913831     -0.016621584584     -0.002327420659
    8      4.703371979489      2.284743424098     -0.049562100794
    8      0.003382356791     -2.387486657973     -0.049872931541
    8      4.654250499176     -0.101869009289      2.252097914511
    8      6.994889972724      2.316723479562      2.269431378926
    8      2.358873760989     -2.349981159076      2.321285887302
    8     -0.045694011996      2.377752775238      0.018942785500
    8      2.306807266814      4.659136127541     -0.052414988743
    8     -2.343006367374      0.023169014904      0.038620598838
    8      2.318420193893      2.321981336170      2.318824349067
    8      4.682864820925      4.697627462800      2.307068903064
    8     -0.062202120548     -0.017285877437      2.362178640838
    8      4.656802896623      2.313112061571      4.669311550333
    8      7.062807530724      4.733362091421      4.707966080682
    8      2.260877544834     -0.095399366324      4.647725691558
    8     -0.079331703843      4.667410271434      2.279403497760
    8      2.347957742110      6.980543132524      2.270288551891
    8     -2.341121451061      2.327933060945      2.233763238160
    8      2.307535146210      4.650815204473      4.652647981749
    8      4.733231357590      6.959104255995      4.671644952921
    8     -0.023813664341      2.335981891847      4.716053257052
    8      4.778642971322      4.650156421022      7.087145649851
    8      6.885680639121      6.961191375118      6.813783227354
    8      2.330320615675      2.300605544809      6.951228075381
    0    0
