   3   1   1 E -1.6031095748755E+04 DE-4.0E-10( 11)
 -0.474808345465E-02  0.700021455801E+01  0.701389185421E+01
  0.700368833406E+01 -0.120816191116E-01  0.701368318017E+01
  0.700411748536E+01  0.699482424595E+01 -0.669190289142E-02
    1
  0.100000000000E+01  0.000000000000E+00  0.000000000000E+00
  0.000000000000E+00  0.100000000000E+01  0.000000000000E+00
  0.000000000000E+00  0.000000000000E+00  0.100000000000E+01
  0.000000000000E+00  0.000000000000E+00  0.000000000000E+00
   54
   20     -0.003997667780     -0.017811797626      0.014292842937
   20      2.372945872209      2.343783971478     -0.037861521239
   20     -2.379885552701     -2.320446716438     -0.032374187696
   20      2.383580276733     -0.031478728673      2.339791136792
   20      4.679766560690      2.284478544157      2.308732429204
   20      0.044647242778     -2.322085034677      2.357307127190
   20     -2.375178816555     -0.031745815231     -2.345576659013
   20      0.014033865738      2.338846179930     -2.352501379037
   12     -4.627417484796     -2.411774588855     -2.323584577881
   20     -0.035652327605      2.344795852125      2.347536803673
   20      2.327156472647      4.717278718092      2.323443152792
   12     -2.318784789075      0.038496154540      2.398026777484
   12      2.353042810024      2.381684348658      4.788454639551
   20      4.634709110560      4.691613552377      4.702057708332
   20      0.007546037813      0.034788150470      4.701171203687
   20     -2.408227045652      2.345458994732      0.048905370688
   20     -0.029686054646      4.741267765751      0.016174975325
   12     -4.652913654021     -0.003514988817     -0.026239041414
   20     -0.012697683691     -2.364568424784     -2.363441900609
   20      2.369120049800      0.010334766780     -2.342281147910
   12     -2.379230806443     -4.706983303627     -2.399055330262
   12      2.372248375799     -2.372548780047     -0.056967928371
   12      4.661930118345     -0.019475636266      0.041879728613
   20      0.027774954361     -4.711082560503      0.011353247854
   12     -2.381151267021     -2.269945108107     -4.681066822908
   12     -0.051191722748     -0.046713672705     -4.790775256738
   20     -4.606003060733     -4.669580217886     -4.650462091317
    8     -0.009939114159     -0.002574423450     -2.384974471342
    8      2.435269103850      2.423577809945     -2.337892925232
    8     -2.450767356283     -2.442555185381     -2.438955641692
    8      2.401936563144     -0.071349035106      0.003032095303
    8      4.668251544749      2.252010212653     -0.073157161776
    8      0.068294585672     -2.339963188062      0.003300253735
    8      4.767742062762     -0.108262402898      2.242123359540
    8      7.020742072226      2.255899934936      2.343267438117
    8      2.468821223675     -2.331617504489      2.338311092118
    8     -0.014071168127      2.350729344656      0.014772193537
    8      2.322210500896      4.777070080719     -0.075098376861
    8     -2.395527717841     -0.003721153869      0.035458185449
    8      2.343813830924      2.330905834879      2.333571727769
    8      4.664939143732      4.734558327774      2.339741687216
    8     -0.040338389745     -0.002252237669      2.353467165204
    8      4.574567454198      2.320832996614      4.673539102334
    8      7.064590879081      4.675005659813      4.688846790986
    8      2.343360661450     -0.004780203847      4.764049554482
    8     -0.078060306484      4.762918897138      2.349509407442
    8      2.353001009801      7.006095126941      2.306198647687
    8     -2.330242528915      2.286321747107      2.440938739938
    8      2.332121909886      4.602915960939      4.751632280165
    8      4.664677267296      7.102180432857      4.677786490115
    8      0.005925279399      2.334367505970      4.686564015659
    8      4.540956179911      4.773307118253      7.083037448464
    8      6.968044654436      6.987993345081      7.029700784409
    8      2.336956652299      2.280620705437      6.948264909235
    0    0
