   3   1   1 E -1.6031098670481E+04 DE-3.2E-10( 11)
  0.102406178075E-02  0.703833681423E+01  0.703421952402E+01
  0.699568728545E+01  0.533394254241E-02  0.702232130960E+01
  0.699734547863E+01  0.702245656095E+01  0.948840745884E-02
    1
  0.100000000000E+01  0.000000000000E+00  0.000000000000E+00
  0.000000000000E+00  0.100000000000E+01  0.000000000000E+00
  0.000000000000E+00  0.000000000000E+00  0.100000000000E+01
  0.000000000000E+00  0.000000000000E+00  0.000000000000E+00
   54
   20      0.000067270931     -0.016974407658      0.014476408030
   20      2.367523192015      2.347242768977     -0.032501689526
   20     -2.369228127109     -2.331341861957     -0.030814795250
   20      2.374236601258     -0.020642567541      2.342099517356
   20      4.673836142295      2.303893441359      2.325586719192
   20      0.045521155878     -2.334803392255      2.352511368559
   20     -2.367821718658     -0.018872446893     -2.345946733826
   20      0.016668009482      2.336446225617     -2.351555450507
   12     -4.624752920755     -2.335018759677     -2.298520949351
   20     -0.035392345324      2.354573823114      2.348316369881
   20      2.324901513214      4.726071673337      2.336598209788
   12     -2.299013940954      0.015217717792      2.336526622794
   12      2.355765423068      2.358750451472      4.774844906421
   20      4.638429123315      4.705047942073      4.716484701627
   20      0.007343315759      0.037660327199      4.697254401363
   20     -2.400501802037      2.349173118619      0.052211634323
   20     -0.019894561055      4.741921810109      0.025239419232
   12     -4.661244648264     -0.021859799139     -0.048105952284
   20     -0.009434785553     -2.374266294597     -2.367931990403
   20      2.363946956790     -0.005432527174     -2.342954136746
   12     -2.370735668395     -4.715254428361     -2.419973871302
   12      2.349054517044     -2.266825939911     -0.037146560319
   12      4.679870791695     -0.068737353260      0.028947507849
   20      0.022616056683     -4.727274496788      0.003355135548
   12     -2.365424500697     -2.224672856117     -4.693673448463
   12     -0.081831334143     -0.061751832268     -4.707861210241
   20     -4.617844067227     -4.705083980874     -4.666904612421
    8     -0.006343593121     -0.001872914803     -2.386701423885
    8      2.424335351462      2.421927291437     -2.335098198402
    8     -2.448532962438     -2.424848677459     -2.436929934431
    8      2.404254413838     -0.081059868908      0.003843344224
    8      4.661957944905      2.258531414764     -0.063282401269
    8      0.075406065788     -2.348236827028     -0.001854105888
    8      4.761011728799     -0.066592866432      2.255514996088
    8      7.005587800664      2.263982083027      2.356049607488
    8      2.454267817193     -2.345661648572      2.335585109665
    8     -0.008862622522      2.352557991726      0.019664899932
    8      2.328762098308      4.786256854806     -0.068487665207
    8     -2.393446268132     -0.003122334552      0.037137115454
    8      2.335904490275      2.345888341563      2.341643705270
    8      4.666801205120      4.752630004134      2.354420261658
    8     -0.048369452411     -0.001510810078      2.348652121102
    8      4.570760994014      2.344765931818      4.685485008514
    8      7.069328917561      4.683983376274      4.698194025104
    8      2.338369315211      0.016448878285      4.773430231942
    8     -0.071496424542      4.791062453906      2.356384326994
    8      2.348258000167      7.021842927802      2.325625074191
    8     -2.325872446738      2.281764713224      2.439236893131
    8      2.334404454035      4.608947719181      4.777499979015
    8      4.659696339226      7.117741256600      4.681759133754
    8      0.007659234614      2.353002259659      4.689152031886
    8      4.543463036496      4.791124043709      7.097273208215
    8      6.959389903601      7.021519138639      7.053862703480
    8      2.329900725718      2.309315841814      6.948510015547
    0    0
