   3   1   1 E -1.6031089873218E+04 DE 4.0E-09(  9)
  0.823105720850E-02  0.695049280341E+01  0.698305168964E+01
  0.701436916069E+01 -0.175664797405E-01  0.700137123478E+01
  0.702045063656E+01  0.696933538097E+01 -0.178377910741E-01
    1
  0.100000000000E+01  0.000000000000E+00  0.000000000000E+00
  0.000000000000E+00  0.100000000000E+01  0.000000000000E+00
  0.000000000000E+00  0.000000000000E+00  0.100000000000E+01
  0.000000000000E+00  0.000000000000E+00  0.000000000000E+00
   54
   20     -0.008291126939     -0.025910346079      0.014134297932
   20      2.380900112824      2.330065211953     -0.046168388441
   20     -2.392296834553     -2.312658300796     -0.035257884408
   20      2.393713401393     -0.048034688038      2.333116507227
   20      4.691090002120      2.262070940130      2.290272167326
   20      0.042388453984     -2.316735604801      2.356265286063
   20     -2.380902586945     -0.046333210776     -2.338757256045
   20      0.012548396228      2.328519236544     -2.353159029547
   12     -4.645560258198     -2.285345398411     -2.262248386219
   20     -0.033476314277      2.325779655771      2.341905061502
   20      2.337280400270      4.697011150602      2.303525027532
   12     -2.338997559776      0.020054363099      2.408432480669
   12      2.357738034758      2.363224201301      4.765048499089
   20      4.645331928368      4.676135446821      4.684685704587
   20      0.013913961768      0.027758458372      4.694017350228
   20     -2.414672314114      2.334074173254      0.050952626014
   20     -0.027180910345      4.731062693009      0.005777709578
   12     -4.641516539189     -0.031053892389     -0.043165903970
   20     -0.022822870925     -2.356131857829     -2.357883259826
   20      2.370076513628      0.016984246012     -2.341067065132
   12     -2.373413831749     -4.696922173630     -2.358440263864
   12      2.401943955208     -2.273907191067     -0.019757119065
   12      4.639605197974      0.002082918496      0.039242117609
   20      0.027370353182     -4.696294408331      0.019473395358
   12     -2.409797095343     -2.285581364688     -4.659936052746
   12     -0.029284627131     -0.051907279470     -4.846319361740
   20     -4.609294446149     -4.649564614345     -4.631419243506
    8     -0.015242503563     -0.010061898502     -2.381677506503
    8      2.444035021922      2.415848855045     -2.340756673483
    8     -2.474638628192     -2.430504346760     -2.429943938655
    8      2.401397206583     -0.074694339679     -0.001482996333
    8      4.680177544029      2.237427935769     -0.085935523725
    8      0.061992090791     -2.335759336140      0.007954690455
    8      4.781386670643     -0.150430190314      2.227026041088
    8      7.037643325840      2.242166748392      2.331246584010
    8      2.477727892060     -2.330005924505      2.338344191182
    8     -0.016652698260      2.339043692910      0.009807080531
    8      2.325224198575      4.758252841833     -0.085016934736
    8     -2.401524108826     -0.015600994389      0.034498063273
    8      2.355121120031      2.309987267572      2.320094473345
    8      4.673411718285      4.712293334392      2.322989021679
    8     -0.034530928962     -0.009863386351      2.352869569462
    8      4.583755529485      2.300736696614      4.660384784111
    8      7.074899578344      4.659371489222      4.673169630277
    8      2.352520361645     -0.015232350368      4.754751872107
    8     -0.079072232615      4.732618224168      2.338583227468
    8      2.367919063754      6.966883326934      2.279117079919
    8     -2.334203243612      2.268721594505      2.441887735838
    8      2.343446502400      4.579428201678      4.724492059569
    8      4.681121161791      7.077526581315      4.658686745561
    8      0.014469831234      2.304334130912      4.674603282775
    8      4.561786633026      4.783737681236      7.072642204483
    8      6.992776791149      6.953858107752      7.000787002851
    8      2.352387551421      2.251651362896      6.937242317329
    0    0
