   3   1   1 E -1.6031101429901E+04 DE 1.1E-09( 11)
 -0.123461454309E-01  0.697817789233E+01  0.702309935045E+01
  0.700158219470E+01 -0.876242481746E-02  0.702489337566E+01
  0.698528500662E+01  0.697192935563E+01 -0.973804280118E-03
    1
  0.100000000000E+01  0.000000000000E+00  0.000000000000E+00
  0.000000000000E+00  0.100000000000E+01  0.000000000000E+00
  0.000000000000E+00  0.000000000000E+00  0.100000000000E+01
  0.000000000000E+00  0.000000000000E+00  0.000000000000E+00
   54
   20      0.014409553456     -0.013801093644     -0.002068638308
   20      2.356668941502      2.318523166889     -0.046718397738
   20     -2.321384281328     -2.358713507701     -0.032480498000
   20      2.327296271229     -0.061293433355      2.352590566989
   20      4.710284223622      2.300713232543      2.351802410754
   20      0.059090982490     -2.372276095373      2.345845231845
   20     -2.343266358176     -0.002019025942     -2.320897665016
   20      0.050383411258      2.318150211136     -2.357564451641
   12     -4.656769701160     -2.331367627655     -2.347444968763
   20     -0.046873846530      2.313606086849      2.338096019989
   20      2.308281692432      4.704009905767      2.362600646135
   20     -2.350353786943      0.056386215620      2.353872526786
   20      2.318258283044      2.328469943991      4.743794315865
   20      4.660561410101      4.688543041083      4.705038987222
   12      0.027629995873      0.032407165281      4.703205629428
   12     -2.382199870437      2.399554599278      0.015700864547
   20     -0.008627672080      4.707642407791     -0.009952602595
   20     -4.693360211235      0.070251327547      0.003749145487
   20      0.009662842154     -2.340404005218     -2.331262597324
   12      2.240917302853     -0.038803381100     -2.367603953724
   12     -2.389649657112     -4.709762453944     -2.342423195734
   12      2.306398724203     -2.402475749194     -0.054311054911
   20      4.691209429753      0.008021702971     -0.026253471365
   12     -0.048664676286     -4.703464527097     -0.029243064334
   20     -2.359508310188     -2.371764387029     -4.691147215731
   12      0.038408726831      0.056422437950     -4.681109237145
   12     -4.665285105529     -4.660730282232     -4.686291044522
    8      0.058645359501      0.008510875181     -2.332741757227
    8      2.425218911809      2.295553616258     -2.412761977382
    8     -2.410160482255     -2.404204050256     -2.349494321948
    8      2.330055044190     -0.067580464987     -0.051133699045
    8      4.745423257524      2.321273764059     -0.059608695929
    8      0.072944425348     -2.430047895854      0.020991068894
    8      4.732697087973     -0.010902966588      2.357943985822
    8      7.071966947688      2.211588347864      2.286861400632
    8      2.345867234517     -2.433985696136      2.351284623423
    8     -0.044737261721      2.348828075681     -0.025411631012
    8      2.317849277643      4.665399574954     -0.068983392053
    8     -2.343672810197      0.064882093887     -0.005053863807
    8      2.328540047359      2.327185109442      2.361978779517
    8      4.661301550111      4.652697457791      2.334863302208
    8      0.019014602697     -0.008709145830      2.347241841061
    8      4.682356974388      2.334187707995      4.742103052430
    8      7.108122504990      4.743835167364      4.668828777401
    8      2.266572492167     -0.054238339872      4.676117984871
    8     -0.015904924055      4.718273758754      2.368458719413
    8      2.216545874985      7.063393170681      2.446178244631
    8     -2.430773352740      2.327762365273      2.314528760744
    8      2.337921289072      4.726017859614      4.766101965089
    8      4.654911965375      7.075695432512      4.669100710730
    8     -0.068141303406      2.226160631845      4.746946952649
    8      4.589519013923      4.565530759090      7.015821572576
    8      6.998195324910      7.097654316905      6.999079832875
    8      2.381547385888      2.435464303248      7.092818623495
    0    0
