   3   1   1 E -1.6031096273529E+04 DE 2.9E-10( 11)
  0.103499027960E-01  0.701964107333E+01  0.703668765858E+01
  0.704012621087E+01 -0.501296518504E-03  0.704064505729E+01
  0.703760967472E+01  0.701463099842E+01  0.838815415510E-02
    1
  0.100000000000E+01  0.000000000000E+00  0.000000000000E+00
  0.000000000000E+00  0.100000000000E+01  0.000000000000E+00
  0.000000000000E+00  0.000000000000E+00  0.100000000000E+01
  0.000000000000E+00  0.000000000000E+00  0.000000000000E+00
   54
   20      0.000459551143     -0.019330758304     -0.039021752347
   20      2.387667112092      2.340489509240     -0.037121795880
   20     -2.374234587442     -2.346122622706     -0.069360155169
   20      2.362996034385     -0.042857820930      2.351614034828
   20      4.733241452490      2.309626169214      2.351964574802
   20      0.011626910254     -2.341644338006      2.358563696819
   20     -2.347681121692     -0.034212881693     -2.310392834047
   20     -0.000216964670      2.361675378497     -2.341537419365
   12     -4.674923429063     -2.330590290624     -2.289828347742
   20     -0.040235972845      2.377210274489      2.365913671193
   20      2.329895756808      4.713016927366      2.367337489173
   20     -2.367211016020      0.026003483792      2.362123460346
   20      2.372687431903      2.370778479761      4.786161524847
   12      4.672867422055      4.609596474827      4.762302931527
   20     -0.028573194192     -0.013852645295      4.758718190005
   12     -2.389817787303      2.324939932423     -0.048101199532
   20     -0.046194929587      4.723776072530     -0.004623526631
   12     -4.702112085385     -0.062964592120      0.011288009497
   12     -0.036628384604     -2.351133757624     -2.388641828436
   20      2.354389397363     -0.034218503825     -2.337612137272
   12     -2.339343362159     -4.614234371814     -2.302230236291
   12      2.564617151093     -2.359157004379     -0.072990751393
   12      4.620783290121      0.050968821905     -0.067524655569
   20      0.024852202358     -4.694100394643     -0.013838802118
   20     -2.347647137027     -2.346681515597     -4.723285185827
   12     -0.055806598465      0.006092752470     -4.726981127067
   20     -4.658851643394     -4.671855696637     -4.710552134492
    8     -0.015465961589     -0.081051055854     -2.403305142627
    8      2.453057550446      2.425945659364     -2.341109625287
    8     -2.363607482409     -2.441209335622     -2.367630764365
    8      2.435106790315     -0.102257513278      0.001390852684
    8      4.698777085602      2.254245535318     -0.100344560116
    8      0.031383730737     -2.328455390042     -0.063617019917
    8      4.757823853815     -0.011251458261      2.285368359295
    8      7.048953681518      2.275994087431      2.350325874329
    8      2.347222720137     -2.333911190111      2.346586458479
    8     -0.041183478647      2.352089201058     -0.011936853148
    8      2.339891521069      4.756628837715     -0.074513075870
    8     -2.441081286991      0.082402972738     -0.011231413743
    8      2.349408127228      2.341816183806      2.363091064968
    8      4.677230509470      4.669462014530      2.366883996340
    8     -0.009792327624      0.001265828338      2.357576748353
    8      4.695522795477      2.427941540978      4.790466433184
    8      7.024276322919      4.684660469706      4.718566640696
    8      2.337652091194     -0.104936371502      4.794689903660
    8     -0.012434918337      4.782115526596      2.407540692336
    8      2.257122790364      7.009180428932      2.262909512932
    8     -2.337356085661      2.352827174339      2.344399400059
    8      2.381421051242      4.667261699919      4.783595311322
    8      4.682765334472      7.011293094164      4.792628411550
    8     -0.085401391392      2.438304534885      4.719131472283
    8      4.567453440973      4.700559913263      6.891678354061
    8      7.100864422564      7.006933328595      7.153633932597
    8      2.490169662655      2.362895689219      7.036625257186
    0    0
