   3   1   1 E -1.6031101063457E+04 DE-4.3E-09(  9)
  0.125048387155E-01  0.697080303587E+01  0.705338623336E+01
  0.700273440600E+01  0.123573740328E-01  0.705338623336E+01
  0.701523924471E+01  0.698316040990E+01  0.000000000000E+00
    2
  0.100000000000E+01  0.000000000000E+00  0.000000000000E+00
  0.000000000000E+00  0.100000000000E+01  0.000000000000E+00
  0.000000000000E+00  0.000000000000E+00  0.100000000000E+01
  0.000000000000E+00  0.000000000000E+00  0.000000000000E+00
  0.100000000000E+01  0.000000000000E+00  0.000000000000E+00
  0.000000000000E+00  0.100000000000E+01  0.000000000000E+00
  0.000000000000E+00  0.000000000000E+00 -0.100000000000E+01
  0.000000000000E+00  0.000000000000E+00  0.000000000000E+00
   54
   20     -0.020069959324     -0.054272896806      0.000000000000
   20      2.338263346866      2.360382686474      0.000000000000
   20     -2.343886241705     -2.288608194144      0.000000000000
   20      2.346690813661     -0.034503716016      2.359083731989
   20      4.663759977053      2.345276774304      2.357604755285
   12      0.122708031636     -2.315159942731      2.342027701324
   12     -2.330892537039     -0.085953770360     -2.349530747146
   20     -0.000624938211      2.358027414496     -2.350551284964
   12     -4.718325589239     -2.310115910866     -2.378760717369
   20     -0.000624938211      2.358027414496      2.350551284964
   12      2.296913655470      4.673044499030      2.378760717369
   12     -2.330892537039     -0.085953770360      2.349530747146
   20      2.357976399449      2.359135822948      4.713979459525
   20      4.678014853062      4.689900491629      4.704888544101
   20     -0.027716403579     -0.047593448206      4.695615147536
   20     -2.326250849360      2.335244187428     -0.000000000000
   12      0.094781293112      4.670619780584      0.000000000000
   20     -4.675784040051     -0.057119213801     -0.000000000000
   12      0.122708031636     -2.315159942731     -2.342027701324
   20      2.346690813661     -0.034503716016     -2.359083731989
   20     -2.351479267656     -4.637883635591     -2.357604755285
   12      2.310205486519     -2.294349723487      0.000000000000
   12      4.692987793154     -0.077475893735      0.000000000000
   20     -0.021884282063     -4.619600667891     -0.000000000000
   20     -2.337224391647     -2.293259918267     -4.704888544101
   20     -0.027716403579     -0.047593448206     -4.695615147536
   20     -4.657262845260     -4.624024586947     -4.713979459525
    8     -0.107455137100     -0.107806838702     -2.346289544517
    8      2.337338316602      2.406481908021     -2.368922215419
    8     -2.364564467913     -2.222275169730     -2.354907847914
    8      2.436129758639     -0.104179403726     -0.000000000000
    8      4.670896931642      2.286296645766     -0.000000000000
    8      0.115106573271     -2.331381477350      0.000000000000
    8      4.658668388282      0.022731443462      2.353051231327
    8      7.005454889837      2.446348179602      2.350728258972
    8      2.217208990421     -2.314327986227      2.349245298070
    8      0.005664488311      2.403322313182     -0.000000000000
    8      2.252125665488      4.645817389039      0.000000000000
    8     -2.347798594378      0.010110807886      0.000000000000
    8      2.337338316604      2.406481908022      2.368922215419
    8      4.650674776797      4.760885240167      2.354907847914
    8     -0.107455137100     -0.107806838702      2.346289544517
    8      4.672452494732      2.271172541287      4.704372017474
    8      7.132503844763      4.653764606660      4.714570054496
    8      2.380538744054     -0.107488813629      4.723817906893
    8      0.129769438769      4.641407232630      2.338816178865
    8      2.393043582767      6.863314222236      2.329568326468
    8     -2.330281911262      2.258815167258      2.349014215887
    8      2.229713829136      4.656475049639      4.704140935291
    8      4.671173226996      6.993534479327      4.700335002034
    8      0.002720483843      2.433990805572      4.702657974389
    8      4.654691362573      4.762365370187      7.053386233361
    8      6.901092597630      6.862990500819      7.053386233361
    8      2.339336477695      2.430877731159      7.053386233361
    0    0
