   3   1   1 E -1.6031084574690E+04 DE-6.8E-10( 11)
  0.119889272634E-01  0.701513629182E+01  0.699011280312E+01
  0.699237824542E+01 -0.125482037544E-02  0.699617723441E+01
  0.699278093585E+01  0.701630106129E+01  0.384807043445E-02
    1
  0.100000000000E+01  0.000000000000E+00  0.000000000000E+00
  0.000000000000E+00  0.100000000000E+01  0.000000000000E+00
  0.000000000000E+00  0.000000000000E+00  0.100000000000E+01
  0.000000000000E+00  0.000000000000E+00  0.000000000000E+00
   54
   20      0.021086660049     -0.021105921810     -0.022138801789
   20      2.359904464100      2.342143656054     -0.061065681073
   20     -2.336752098981     -2.366056525185     -0.027296612913
   20      2.328323184407     -0.026419126985      2.343441733286
   20      4.663914841130      2.350670491714      2.354708502916
   20      0.036507255849     -2.379205950387      2.337667398397
   20     -2.376797959976     -0.008043668718     -2.321395612487
   20      0.023393592881      2.360194705880     -2.358441615459
   12     -4.615195931448     -2.384246299514     -2.331644535577
   20      0.003805103091      2.341853051259      2.346690044028
   20      2.368989022906      4.699693752722      2.383356114248
   20     -2.373669782864      0.026383390106      2.370632929264
   12      2.335751294129      2.348336816675      4.778326605971
   12      4.582915840681      4.685672594100      4.695292210862
   20      0.015449578758      0.016662980164      4.701522443396
   20     -2.425577267337      2.356606497033     -0.034670319650
   20      0.011299190074      4.700087933803     -0.045523270639
   12     -4.703584078819      0.029332666621     -0.080559001042
   20      0.046784948457     -2.378121699286     -2.284167646601
   12      2.398341332927      0.156217714387     -2.285203811992
   12     -2.378455441181     -4.742086914407     -2.336998810990
   12      2.333778375126     -2.395118477240     -0.093071740167
   20      4.642425587522      0.007162739442     -0.061513355340
   12      0.085831209963     -4.686738930407     -0.041293016870
   20     -2.388365504767     -2.375735890385     -4.648252227662
   20      0.038913378628      0.032380404755     -4.666704703468
   12     -4.667616384940     -4.675685588605     -4.562825231699
    8      0.050450746055     -0.002606709974     -2.318607218115
    8      2.408855584549      2.333300139491     -2.420751089444
    8     -2.393285491148     -2.410819676158     -2.318610207067
    8      2.327972766692     -0.040585664964     -0.089300392269
    8      4.708193391046      2.340986936787     -0.054559244473
    8      0.056745146071     -2.404790723115     -0.014619751677
    8      4.636748095320     -0.006895160736      2.330238463746
    8      7.045071869624      2.340816800598      2.318243704192
    8      2.335865230193     -2.437586205627      2.351285831626
    8      0.003622586845      2.348727888441     -0.029705741928
    8      2.346216050247      4.728797825743     -0.059265884520
    8     -2.397338185709     -0.000474055317     -0.017037430968
    8      2.343095960127      2.342639963070      2.362492493295
    8      4.663279825782      4.679424926928      2.379259577512
    8      0.014029496667     -0.003088603988      2.344966959849
    8      4.583967588125      2.389233901200      4.672129118146
    8      7.008778091446      4.672506154920      4.670464506116
    8      2.336481754471     -0.003966298457      4.736977924661
    8      0.028216057128      4.672865769590      2.348319965687
    8      2.343911805921      7.108451047617      2.363715190278
    8     -2.424447399514      2.347098531799      2.356380512525
    8      2.479329854109      4.654530957500      4.804809873752
    8      4.618480706482      7.043516761763      4.673062520897
    8      0.036837111951      2.342539370983      4.740422354081
    8      4.563907920724      4.672488768213      6.921715836460
    8      7.045617091540      7.072869624830      6.967368954077
    8      2.185162423300      2.341004724387      6.887352672446
    0    0
