   3   1   1 E -1.6031098541492E+04 DE 1.2E-08(  8)
 -0.280619154139E-02  0.701235630157E+01  0.701574731766E+01
  0.701135051270E+01 -0.981611827219E-03  0.700647711027E+01
  0.702526614363E+01  0.701083680863E+01 -0.850280755993E-02
    1
  0.100000000000E+01  0.000000000000E+00  0.000000000000E+00
  0.000000000000E+00  0.100000000000E+01  0.000000000000E+00
  0.000000000000E+00  0.000000000000E+00  0.100000000000E+01
  0.000000000000E+00  0.000000000000E+00  0.000000000000E+00
   54
   20      0.010867021904     -0.008174609948      0.005239235715
   20      2.374604464799      2.355000451119     -0.032654272600
   20     -2.349388320527     -2.382213833372     -0.045148491315
   20      2.369221361466     -0.044194878274      2.318399673002
   20      4.725612392524      2.310883552513      2.320577129163
   20      0.020576205553     -2.370176614475      2.349097521026
   20     -2.332468012979     -0.005658080645     -2.318675387455
   20      0.006649756132      2.378469068956     -2.297543727954
   12     -4.630743354608     -2.351724622265     -2.330453262441
   20     -0.027799684939      2.363598063423      2.314124484447
   20      2.313621457081      4.711618805428      2.333544066645
   20     -2.345759137372      0.019105385668      2.370927720168
   20      2.344399201916      2.370759098623      4.721995182160
   12      4.642329202442      4.639835160871      4.786464351115
   20     -0.051549652733     -0.025799035637      4.748138272735
   12     -2.302307575040      2.424122079088     -0.030196654136
   12     -0.086302102856      4.639047621701     -0.021981885774
   20     -4.729733509680      0.017507459783      0.000407915234
   20     -0.001476502920     -2.358677041669     -2.314881822862
   20      2.402187655128     -0.007002533645     -2.281473125944
   12     -2.335078295834     -4.659094118122     -2.300517731855
   12      2.370419110965     -2.369468861041     -0.060436386005
   12      4.713823539529      0.025642775141     -0.043787931978
   12     -0.074837924114     -4.678172727824      0.005292482577
   20     -2.338418653645     -2.335738419753     -4.745287100763
   12     -0.037417444746     -0.019931265410     -4.781073867931
   20     -4.673241209160     -4.642220520213     -4.685590231072
    8      0.017676686794     -0.005379912611     -2.309279080990
    8      2.444552802949      2.431814449398     -2.334320405148
    8     -2.421209639724     -2.409890540068     -2.359143678189
    8      2.446953325052     -0.080140547718      0.008693761520
    8      4.783743666563      2.261855657989     -0.104739527182
    8      0.069260150956     -2.428658239096      0.007565428303
    8      4.751057994026     -0.004747142549      2.274983837061
    8      7.015761926335      2.262513756529      2.275551894230
    8      2.349699167467     -2.338574833926      2.320449276907
    8     -0.070110078584      2.425702828049      0.007499176946
    8      2.267243806097      4.680158274550     -0.097759673714
    8     -2.348904362396      0.039970791152      0.000556135727
    8      2.347062339890      2.345581589979      2.324829666822
    8      4.670006573593      4.662406590615      2.348106004524
    8     -0.015002964848     -0.011926572629      2.333921052752
    8      4.683624028378      2.412172669207      4.745320804728
    8      6.992403844838      4.666080988429      4.723605728391
    8      2.322436837268     -0.062861766240      4.695547138857
    8     -0.015207932150      4.763682701956      2.258188269834
    8      2.290291176257      7.021798153939      2.340194463932
    8     -2.334770582662      2.350652528684      2.318924568817
    8      2.427015497330      4.674793057586      4.772938837666
    8      4.692213527402      7.028320556263      4.794522310668
    8     -0.102626132825      2.334453191982      4.711342074170
    8      4.693474647359      4.631245161580      6.887831591975
    8      6.892721094039      7.008607637139      7.128979075181
    8      2.324989703817      2.442978352448      7.002932404009
    0    0
