   3   1   1 E -1.6031090049035E+04 DE-1.4E-09( 11)
  0.218754550132E-01  0.700554333604E+01  0.701169332037E+01
  0.701462356108E+01 -0.135626302038E-01  0.703902842752E+01
  0.702144743860E+01  0.703395445712E+01 -0.139583480591E-01
    1
  0.100000000000E+01  0.000000000000E+00  0.000000000000E+00
  0.000000000000E+00  0.100000000000E+01  0.000000000000E+00
  0.000000000000E+00  0.000000000000E+00  0.100000000000E+01
  0.000000000000E+00  0.000000000000E+00  0.000000000000E+00
   54
   20      0.017836778868     -0.011026984385     -0.001319869295
   20      2.372758513783      2.345730200731     -0.028643832107
   20     -2.342723101897     -2.369812902371     -0.025714690506
   20      2.365718604695     -0.039911800745      2.311170654431
   20      4.697680703958      2.323480487237      2.306030481629
   20      0.010794378468     -2.351022922041      2.348846454368
   20     -2.365605657308     -0.012281441027     -2.357892924469
   20     -0.008059168879      2.399449379295     -2.329450765474
   20     -4.701867783749     -2.323887826296     -2.334321177519
   20     -0.038369750188      2.361600666302      2.345793862653
   20      2.344665683897      4.701675206049      2.327210781520
   20     -2.333584632053      0.017942133078      2.394474204947
   20      2.311400550139      2.326376718835      4.776324109435
   12      4.702273237027      4.714581328057      4.778274866682
   12      0.036106339636      0.007121655570      4.775235336031
   20     -2.370834349495      2.435489528900      0.007986471028
   12     -0.095639649349      4.712528404718     -0.059143190242
   12     -4.743713703693     -0.024469142827     -0.056662338486
   20     -0.028415487117     -2.387713863501     -2.309067828593
   20      2.404388663126     -0.004676661619     -2.312099483734
   12     -2.391900208583     -4.705206439986     -2.331199001957
   12      2.411614814165     -2.344488421449     -0.018514305322
   12      4.715530527323     -0.034501564744     -0.084815609970
   12      0.056410718418     -4.731001644587     -0.043351912560
   12     -2.328856608487     -2.446393680619     -4.717180833212
   20     -0.019765496855     -0.004322072072     -4.777462769001
   20     -4.671901313463     -4.651743937948     -4.722975600151
    8     -0.007570395036     -0.000513592080     -2.355646814872
    8      2.406297217236      2.362407501959     -2.344151689220
    8     -2.349619101794     -2.413840818885     -2.397967057378
    8      2.421299642963     -0.073144183149     -0.016189819331
    8      4.755234799764      2.249907671302     -0.116520263231
    8      0.062475902606     -2.410295923117     -0.003444932924
    8      4.682634359351     -0.080485727163      2.247002618843
    8      7.018050613133      2.339570610043      2.272685117820
    8      2.400200505559     -2.345759716237      2.294744083960
    8     -0.003022773901      2.423521142580     -0.007474064253
    8      2.279556590006      4.769510016923     -0.024014957110
    8     -2.396869301135      0.013963395548     -0.002794415474
    8      2.338994979380      2.337268460362      2.324762233709
    8      4.692107110045      4.690264641613      2.369613040610
    8      0.012954653479     -0.000029311569      2.388067656286
    8      4.670494051009      2.402525591632      4.708230679693
    8      6.889631575227      4.775901555668      4.775952335520
    8      2.260803029701     -0.019389237300      4.750585387555
    8     -0.063038919693      4.671887430471      2.305520112425
    8      2.367625567355      7.025058047184      2.297724403227
    8     -2.333226972058      2.452030959811      2.409256196642
    8      2.436911347953      4.674268658901      4.776224626091
    8      4.804219751236      7.012455378347      4.799001268756
    8     -0.121961479940      2.231208214977      4.798076715406
    8      4.718151193480      4.786572881731      7.041257031986
    8      7.074358361520      6.991106983236      6.973453570361
    8      2.238124136270      2.347223197964      7.039951143989
    0    0
