   3   1   1 E -1.6031035581396E+04 DE-3.8E-10(  2)
  0.214749770246E-02  0.703051635110E+01  0.702440500448E+01
  0.703243657296E+01  0.227275848236E-03  0.702641980385E+01
  0.703266384881E+01  0.703266384881E+01  0.589197003820E-18
    2
  0.100000000000E+01  0.000000000000E+00  0.000000000000E+00
  0.000000000000E+00  0.100000000000E+01  0.000000000000E+00
  0.000000000000E+00  0.000000000000E+00  0.100000000000E+01
  0.000000000000E+00  0.000000000000E+00  0.000000000000E+00
  0.000000000000E+00 -0.100000000000E+01  0.000000000000E+00
 -0.100000000000E+01  0.000000000000E+00  0.000000000000E+00
  0.000000000000E+00  0.000000000000E+00  0.100000000000E+01
  0.000000000000E+00  0.000000000000E+00  0.000000000000E+00
   54
   20      0.000000000000      0.000000000000      0.000000000000
   20      2.344221282936      2.344221282936      0.000000000000
   20     -2.344221282936     -2.344221282936     -0.000000000000
   20      2.344145524320      0.000075758616      2.342139934615
   20      4.688366807257      2.344297041554      2.342139934615
   20     -0.000075758616     -2.344145524320      2.342139934615
   20     -2.344145524320     -0.000075758616     -2.342139934615
   20      0.000075758616      2.344145524320     -2.342139934615
   12     -4.688366807257     -2.344297041554     -2.342139934615
   20      0.000715832567      2.343505450368      2.341468334827
   12      2.344937115504      4.687726733306      2.341468334827
   20     -2.343505450368     -0.000715832567      2.341468334827
   12      2.344861356887      2.343581208984      4.683608269443
   12      4.689082639826      4.687802491923      4.683608269443
   20      0.000640073951     -0.000640073951      4.683608269443
   12     -2.343429691752      2.343429691752     -0.000671599788
   20      0.000791591184      4.687650974688     -0.000671599788
   20     -4.687650974688     -0.000791591184     -0.000671599788
   12     -0.000715832567     -2.343505450368     -2.341468334827
   12      2.343505450368      0.000715832567     -2.341468334827
   20     -2.344937115504     -4.687726733306     -2.341468334827
   20      2.343429691752     -2.343429691752      0.000671599788
   12      4.687650974688      0.000791591184      0.000671599788
   12     -0.000791591184     -4.687650974688      0.000671599788
   20     -2.344861356887     -2.343581208984     -4.683608269443
   20     -0.000640073951      0.000640073951     -4.683608269443
   20     -4.689082639826     -4.687802491923     -4.683608269443
    8     -0.000320036976      0.000320036976     -2.341804134721
    8      2.343901245962      2.344541319913     -2.341804134721
    8     -2.344541319911     -2.343901245960     -2.341804134721
    8      2.343825487344      0.000395795592      0.000335799894
    8      4.688046770281      2.344617078528      0.000335799894
    8     -0.000395795592     -2.343825487344      0.000335799894
    8      4.687971011665      0.000471554208      2.342475734511
    8      7.032192294601      2.344692837145      2.342475734511
    8      2.343749728729     -2.343749728728      2.342475734510
    8      0.000395795592      2.343825487344     -0.000335799894
    8      2.344617078529      4.688046770282     -0.000335799894
    8     -2.343825487344     -0.000395795592     -0.000335799894
    8      2.344541319911      2.343901245960      2.341804134721
    8      4.688762602848      4.688122528897      2.341804134721
    8      0.000320036976     -0.000320036976      2.341804134721
    8      4.688686844234      2.343977004577      4.683944069338
    8      7.032908127169      4.688198287512      4.683944069338
    8      2.344465561299     -0.000244278357      4.683944069338
    8      0.001111628159      4.687330937710      2.341132534932
    8      2.345332911096      7.031552220647      2.341132534932
    8     -2.343109654776      2.343109654774      2.341132534932
    8      2.345257152480      4.687406696328      4.683272469548
    8      4.689478435415      7.031627979263      4.683272469548
    8      0.001035869546      2.343185413394      4.683272469548
    8      4.689402676800      4.687482454943      7.025412404165
    8      7.033623959736      7.031703737879      7.025412404165
    8      2.345181393868      2.343261172011      7.025412404165
    0    0
