   3   1   1 E -1.6031101764620E+04 DE 3.5E-09(  9)
  0.146293368997E-01  0.699699930708E+01  0.702985810942E+01
  0.699817187605E+01  0.123786164262E-02  0.703504459470E+01
  0.699628647033E+01  0.699479350376E+01  0.890530338123E-02
    1
  0.100000000000E+01  0.000000000000E+00  0.000000000000E+00
  0.000000000000E+00  0.100000000000E+01  0.000000000000E+00
  0.000000000000E+00  0.000000000000E+00  0.100000000000E+01
  0.000000000000E+00  0.000000000000E+00  0.000000000000E+00
   54
   20      0.004399361699     -0.019999965944     -0.011937720404
   20      2.351455114587      2.333370244091     -0.059196395313
   20     -2.327148345312     -2.319060735186     -0.051414900308
   20      2.346337563198     -0.062920801454      2.355996374551
   20      4.674422001377      2.325403274161      2.354605273236
   20      0.062219988755     -2.344289411980      2.355448319321
   20     -2.334191784979     -0.052459508862     -2.323329414519
   20      0.053562653080      2.320795469326     -2.340579570118
   12     -4.619725440061     -2.335892429240     -2.358849703501
   20     -0.076057695829      2.363412828104      2.356102430094
   20      2.312637723159      4.715960603772      2.350394044891
   20     -2.388610076637      0.090505370663      2.335869082700
   20      2.339002603265      2.348921232102      4.753795157180
   20      4.618494793198      4.668332461921      4.718226387920
   20      0.011730137100      0.015492866371      4.694072681791
   12     -2.436997619524      2.331420034644      0.046813669330
   20     -0.003551332452      4.663573677349     -0.011271319205
   12     -4.610194842073     -0.023435202761     -0.042546554323
   12      0.038467967695     -2.378728317956     -2.390104432549
   12      2.287086608164     -0.050021813127     -2.288705137756
   12     -2.376638423408     -4.562119078134     -2.365370421568
   12      2.324136646060     -2.355941407836      0.003092422785
   20      4.625603333753     -0.032141657624     -0.002521166415
   20      0.050231495058     -4.645432754320     -0.010785662648
   12     -2.379214854395     -2.420571963623     -4.650617857222
   20      0.038787780986     -0.009968075475     -4.660391716654
   12     -4.585327628236     -4.641735410108     -4.711840337709
    8      0.100683692153     -0.106838421743     -2.333990130387
    8      2.449863456856      2.388549782141     -2.416015769432
    8     -2.362700728301     -2.423575647092     -2.425464704503
    8      2.326969723126     -0.077251403128     -0.069127173125
    8      4.666385670310      2.336042631060     -0.060037058793
    8      0.106541116392     -2.330984263993     -0.007595091426
    8      4.659038669378     -0.079461218293      2.354698860390
    8      7.063943427032      2.337262213551      2.356688469131
    8      2.425410877368     -2.413959567437      2.361765005997
    8     -0.063364782107      2.324052742392     -0.014637262635
    8      2.351077129261      4.749483988689     -0.078292669926
    8     -2.441630462542      0.071580894658     -0.000509167425
    8      2.331415867615      2.335589105774      2.353288823693
    8      4.655273483043      4.676591384694      2.350521016472
    8     -0.005302150035      0.013780863619      2.355853252866
    8      4.671850834441      2.327184638116      4.748694738333
    8      7.060895172867      4.665538815308      4.690533239665
    8      2.343964049555     -0.085166957533      4.761155093345
    8     -0.078099008304      4.658116784782      2.359606024463
    8      2.351756710733      7.097864859864      2.350252533482
    8     -2.408558909137      2.417465760074      2.307421019989
    8      2.248613386904      4.731615587046      4.742362150821
    8      4.574056246274      7.071446438962      4.695536254619
    8     -0.072371897085      2.431517588618      4.678965026305
    8      4.550186742652      4.557203467354      7.083948528926
    8      7.084700405159      7.003692271937      7.028578297737
    8      2.449378122934      2.368826157886      7.112983191565
    0    0
