   3   1   1 E -1.6031074755208E+04 DE-5.6E-11( 11)
  0.115978036677E-01  0.691853803932E+01  0.702437211501E+01
  0.699397296299E+01  0.129675653765E-01  0.701612842726E+01
  0.701524357251E+01  0.692495086075E+01 -0.171672363820E-02
    1
  0.100000000000E+01  0.000000000000E+00  0.000000000000E+00
  0.000000000000E+00  0.100000000000E+01  0.000000000000E+00
  0.000000000000E+00  0.000000000000E+00  0.100000000000E+01
  0.000000000000E+00  0.000000000000E+00  0.000000000000E+00
   54
   20      0.026543372938     -0.020458860335     -0.025189437340
   20      2.342691070313      2.320230151715     -0.022164110170
   20     -2.337227625525     -2.319436934120     -0.019260623081
   20      2.339234425689     -0.030169262578      2.344160152474
   20      4.682889948713      2.310367885218      2.345042761121
   20      0.034625086319     -2.305722153136      2.366971473122
   20     -2.325674034956     -0.023247654539     -2.348417789394
   20      0.024026227721      2.347471673624     -2.343498250231
   12     -4.696595105207     -2.389625677682     -2.289150138566
   20     -0.000801733883      2.339223207728      2.333471970141
   20      2.309102723895      4.645624215099      2.341067550175
   20     -2.328720242364     -0.000233626438      2.351268357464
   20      2.303137755078      2.331845675389      4.687916142718
   12      4.685942178981      4.740351023515      4.743367741448
   12      0.007416426910     -0.107469086012      4.681806044614
   20     -2.345625533072      2.375708196765     -0.038983144752
   12      0.037413789601      4.749863979827     -0.051129448627
   20     -4.727599043345     -0.029861068284     -0.014941195447
   12      0.011001394930     -2.306593298040     -2.375901130767
   20      2.343355176442     -0.020543994496     -2.326596669903
   20     -2.333139235718     -4.627986358710     -2.333008540982
   12      2.331898764766     -2.331146601130     -0.075671048681
   12      4.686186083544     -0.110640296412      0.009352661289
   20     -0.019193430505     -4.660854141495      0.001222124941
   20     -2.338199469121     -2.272594900521     -4.693850541019
   12     -0.049682420013     -0.092853884911     -4.623776406980
   12     -4.585250351685     -4.645658352882     -4.538389687482
    8      0.019311729394     -0.030981044894     -2.359746400448
    8      2.349485959277      2.353468197623     -2.369866755794
    8     -2.331826616585     -2.313884079017     -2.351545604188
    8      2.379093962093     -0.045939610054     -0.009570361144
    8      4.680867708474      2.269628911971     -0.003550114839
    8      0.050713903354     -2.342716650518     -0.012533384373
    8      4.695061355998      0.002414831890      2.327871298420
    8      7.042901838154      2.266661586813      2.368561647931
    8      2.324181889943     -2.346492923364      2.353107681712
    8      0.011429726942      2.366687009780     -0.037918730788
    8      2.284604133862      4.618945253036     -0.052128664911
    8     -2.331462377709     -0.003295671414     -0.010087064437
    8      2.321403914645      2.322868688336      2.335614586468
    8      4.686607695874      4.625489118950      2.360883128159
    8      0.011584833737     -0.005776470667      2.350272620601
    8      4.662549603757      2.373063493435      4.683691156780
    8      7.057354165300      4.753431375831      4.756260919232
    8      2.274442681324     -0.044170482054      4.682972393628
    8      0.002737417871      4.706040024633      2.329652778745
    8      2.291503395518      6.959597579902      2.342046078215
    8     -2.354166895349      2.328250904411      2.322898471636
    8      2.301674396465      4.618217472716      4.693166782778
    8      4.754113998408      6.823287692891      4.707425143011
    8     -0.005497116641      2.301700082585      4.688670217135
    8      4.644232646703      4.790415016127      6.948143148754
    8      6.897016019744      6.778945298419      7.003855286541
    8      2.295988355283      2.362608629969      7.040662108953
    0    0
