   3   1   1 E -1.6031099905529E+04 DE 3.0E-09(  8)
  0.824552192610E-02  0.696408232764E+01  0.703333449072E+01
  0.702289791989E+01 -0.727988599039E-04  0.703465236099E+01
  0.702901252805E+01  0.696489318084E+01  0.492929519453E-03
    1
  0.100000000000E+01  0.000000000000E+00  0.000000000000E+00
  0.000000000000E+00  0.100000000000E+01  0.000000000000E+00
  0.000000000000E+00  0.000000000000E+00  0.100000000000E+01
  0.000000000000E+00  0.000000000000E+00  0.000000000000E+00
   54
   20      0.027302238981     -0.034041383742     -0.028953015364
   20      2.350914945174      2.329046794926     -0.020185534480
   20     -2.337604209114     -2.329741947291     -0.017562589114
   20      2.349975477050     -0.059681036563      2.351245492902
   20      4.711944298015      2.308045105947      2.346824664995
   20      0.056968142121     -2.331879839589      2.392075739917
   20     -2.327559347388     -0.037643381472     -2.362737968930
   20      0.019569991422      2.370219107609     -2.368994956575
   12     -4.758816670214     -2.340180276792     -2.297906630113
   20     -0.006564977579      2.355191446316      2.357180063645
   20      2.307155774031      4.683951054951      2.361025290911
   20     -2.339318388896      0.014994037934      2.377314189735
   20      2.315078328708      2.353191825407      4.706456277580
   12      4.742633288543      4.723972908604      4.778419998488
   12      0.002399515689     -0.121425401909      4.707204916779
   20     -2.361022698875      2.407656695314     -0.053929568783
   12      0.029461366200      4.737414941844     -0.063956105228
   20     -4.754142072935     -0.003881325444     -0.005715880524
   12      0.017056872758     -2.282946493930     -2.379443040597
   20      2.352221764949     -0.028878139531     -2.313732304968
   20     -2.333109949195     -4.662000512411     -2.320796736071
   12      2.305138136057     -2.338284660164     -0.070379015469
   12      4.733691210194     -0.107011198390      0.003358881291
   20      0.006034385540     -4.695438895787      0.006250998374
   20     -2.350057399100     -2.315133604926     -4.716603923408
   12     -0.027488225572     -0.037758255382     -4.662801037779
   12     -4.751548286658     -4.606626023866     -4.730243995930
    8      0.014686224622     -0.071993472707     -2.374174409520
    8      2.351439686359      2.404573654064     -2.394392832121
    8     -2.327813213505     -2.334236033665     -2.353688487283
    8      2.400746039606     -0.089034734626      0.010560622461
    8      4.696985710357      2.255590995982      0.001257074530
    8      0.093596093401     -2.344154508450     -0.012183451531
    8      4.753487989211     -0.011617696486      2.306357599906
    8      7.103224667500      2.242981491100      2.365422160863
    8      2.337349405872     -2.419145349421      2.354732946676
    8      0.002514660508      2.399710454254     -0.046177200072
    8      2.254883501015      4.650989347182     -0.080086687236
    8     -2.335896510365      0.002478706531      0.000671955333
    8      2.329752554177      2.329893869345      2.348111636580
    8      4.706584426297      4.653191871551      2.396018969826
    8      0.008180230985     -0.006189556351      2.374812813926
    8      4.689789564113      2.399965147941      4.688754543230
    8      7.077849834425      4.767078252319      4.800543145030
    8      2.262010371263     -0.073975131809      4.700217626943
    8      0.003447006421      4.761490883801      2.359694151842
    8      2.258230094798      7.052844515430      2.353029626983
    8     -2.388400469960      2.333909173548      2.328752706669
    8      2.283523334967      4.648920001348      4.713615495912
    8      4.803129485625      6.834866403552      4.744801027182
    8      0.002737786228      2.322049890423      4.702533564756
    8      4.665066102510      4.768699568762      6.925816800031
    8      6.912022536913      6.825294810299      7.033237154675
    8      2.331261241133      2.424748097699      7.086506248673
    0    0
