   3   1   1 E -1.6031094948439E+04 DE-9.2E-10( 10)
  0.576511714655E-02  0.701548170248E+01  0.703091847705E+01
  0.700514923100E+01 -0.174899688582E-02  0.703226003180E+01
  0.701865789003E+01  0.702437706604E+01 -0.926534264659E-02
    1
  0.100000000000E+01  0.000000000000E+00  0.000000000000E+00
  0.000000000000E+00  0.100000000000E+01  0.000000000000E+00
  0.000000000000E+00  0.000000000000E+00  0.100000000000E+01
  0.000000000000E+00  0.000000000000E+00  0.000000000000E+00
   54
   20      0.019260512156      0.011490291625     -0.014424116390
   20      2.367192795843      2.368375877610     -0.019915170556
   20     -2.355476394776     -2.380011569888     -0.020115377586
   20      2.351459039468     -0.013541158304      2.363351945108
   20      4.690739865354      2.345360135218      2.353909650908
   20      0.050765951405     -2.389097346309      2.357939798012
   20     -2.359326299614      0.034864680657     -2.320265399392
   12     -0.016775657826      2.376994690929     -2.302953949515
   12     -4.770148952327     -2.435840900205     -2.371831062441
   20     -0.002180552987      2.364350333175      2.351175622160
   12      2.344232587141      4.663801026300      2.373856063628
   20     -2.349093481378      0.024692150779      2.350211307051
   12      2.360728257277      2.424556002549      4.722409771684
   20      4.633385623549      4.637982472328      4.715797942689
   20      0.001729764437      0.029931461454      4.728398874272
   12     -2.299417313426      2.342733926337     -0.084563266557
   20     -0.018673795524      4.664348052018     -0.032624982040
   20     -4.687732505774      0.037224521030     -0.025304110849
   20      0.033932916474     -2.399173616848     -2.324017336438
   20      2.364513952893      0.014802546354     -2.320220518827
   12     -2.274760954891     -4.699911225597     -2.247185803829
   12      2.374732335438     -2.418175381196     -0.050099991871
   12      4.627156380232      0.077867165317     -0.030509027414
   12     -0.093014148257     -4.698494200698     -0.087820309147
   20     -2.374819763557     -2.367494004540     -4.729115232259
   20     -0.002712599197      0.031904466339     -4.698679723556
   20     -4.677815342507     -4.641103936947     -4.702283707940
    8      0.017016061547      0.063618181958     -2.315290636969
    8      2.339183039520      2.437661333696     -2.337605916952
    8     -2.443750205667     -2.444425699384     -2.343896266171
    8      2.446932546310     -0.069299296157      0.001868098141
    8      4.760756111943      2.269435679290     -0.084766035523
    8      0.080714315119     -2.456506142072     -0.014169030656
    8      4.657928018993      0.007072171383      2.291821504406
    8      7.016572103441      2.343491950841      2.348090650714
    8      2.338137764804     -2.343047950012      2.346935148940
    8     -0.041843847388      2.343538831880     -0.014688692578
    8      2.337705585480      4.686807265738     -0.021679080155
    8     -2.341887319004      0.069583830004      0.003203738752
    8      2.357873577250      2.445025296978      2.428671853138
    8      4.605446628558      4.671348393664      2.363110561069
    8      0.011755042871     -0.000572146620      2.357182252619
    8      4.706398285942      2.340332660683      4.806093068317
    8      7.103116049311      4.560914450732      4.690533102531
    8      2.329490487646      0.023779857524      4.698147329253
    8      0.084802436339      4.679965802761      2.324022095687
    8      2.342278605684      6.975479176337      2.337065315842
    8     -2.338335391164      2.337625215886      2.321656357798
    8      2.347559917535      4.583850103769      4.696815627633
    8      4.702694996221      7.102696550901      4.782504716089
    8     -0.021778161820      2.342072919946      4.726554971582
    8      4.546388044602      4.646418679485      7.009238676634
    8      6.921461045018      7.103226460565      7.003113870305
    8      2.328577113067      2.442963933087      6.902954078553
    0    0
