   3   1   1 E -1.6031095331233E+04 DE 2.4E-10( 11)
  0.580050906906E-03  0.701666094245E+01  0.701121233470E+01
  0.702659058185E+01 -0.116013336370E-01  0.701652496199E+01
  0.702835684387E+01  0.701716729554E+01 -0.688811918540E-02
    1
  0.100000000000E+01  0.000000000000E+00  0.000000000000E+00
  0.000000000000E+00  0.100000000000E+01  0.000000000000E+00
  0.000000000000E+00  0.000000000000E+00  0.100000000000E+01
  0.000000000000E+00  0.000000000000E+00  0.000000000000E+00
   54
   20      0.013599273957     -0.028299519408     -0.025176271656
   20      2.371366451582      2.358082489232     -0.036097767004
   20     -2.350606214755     -2.359244617500     -0.040427358409
   20      2.333830459967     -0.037701025046      2.346127997163
   20      4.681308682137      2.328241789649      2.335545823054
   20      0.019824345235     -2.337957366165      2.403360744632
   20     -2.366522904452     -0.037650496198     -2.340073500635
   20      0.003039430451      2.407387688347     -2.299450485687
   12     -4.702367974892     -2.364622890332     -2.291254838519
   20     -0.025787424502      2.367748783220      2.356747041548
   20      2.319906031975      4.693960961161      2.334457281764
   20     -2.339484729399      0.007673310495      2.404337105419
   20      2.281694523339      2.347771003375      4.727555387325
   12      4.675987545433      4.697215393244      4.772553401313
   12     -0.054017669379     -0.101290916331      4.783762324807
   20     -2.371100370680      2.399247006888     -0.000131487005
   12      0.045667326252      4.767670626675     -0.122139608390
   12     -4.715955577473     -0.093279741432     -0.078766458857
   12     -0.044851607537     -2.330653602217     -2.312042940627
   20      2.398976199846     -0.023047577394     -2.306178857939
   12     -2.293934776819     -4.600108526761     -2.300522008042
   12      2.466465983770     -2.256588964502     -0.061073742856
   12      4.642676353205     -0.056634319976     -0.105815625068
   20      0.003655133841     -4.717591598962     -0.060502924109
   20     -2.347181089482     -2.338744469519     -4.706601861366
   20      0.005109055778     -0.019959586305     -4.701790303754
   20     -4.669482604481     -4.654038682450     -4.682036290759
    8      0.002913485714     -0.075045534394     -2.352245513536
    8      2.426196676983      2.440943906496     -2.335311590506
    8     -2.305219233645     -2.431510574025     -2.332215751147
    8      2.415403644446     -0.095250710369     -0.005278265282
    8      4.692537342474      2.236170905278     -0.107932207057
    8      0.094188433203     -2.342604000317     -0.043728233375
    8      4.690198576673     -0.006660564568      2.322631366296
    8      7.024120317951      2.332494546365      2.343349715652
    8      2.344588112417     -2.344458567483      2.351873814401
    8     -0.000130132746      2.420356144036     -0.007414549494
    8      2.251233749335      4.766603527812     -0.119792642862
    8     -2.423810269750     -0.001954536620     -0.019625885109
    8      2.336284342923      2.339993907346      2.340187464022
    8      4.682264561288      4.670639947882      2.366531099756
    8     -0.004655799419     -0.009683236920      2.380092232442
    8      4.670003365723      2.406069592437      4.695792032906
    8      7.024640281496      4.743245122990      4.770038321772
    8      2.253124377330     -0.128755924731      4.785725848860
    8     -0.005104967855      4.687899280118      2.333029846168
    8      2.350941530807      7.014149712823      2.328278660907
    8     -2.337620407881      2.358717789012      2.389901740543
    8      2.384985923857      4.684393779425      4.769566599441
    8      4.793194676706      6.991201557371      4.785319540998
    8     -0.119231259383      2.387115809019      4.670970770279
    8      4.633276130223      4.781601417507      6.870106983404
    8      7.063854547752      6.907188041841      6.905500299340
    8      2.329881785275      2.349574579452      7.014104823632
    0    0
