   3   1   1 E -1.6031097076412E+04 DE-3.4E-10( 11)
  0.841799482357E-02  0.702232498952E+01  0.700961901403E+01
  0.699494548141E+01 -0.106050732126E-01  0.702228871916E+01
  0.700107299719E+01  0.703418558677E+01 -0.981018545132E-02
    1
  0.100000000000E+01  0.000000000000E+00  0.000000000000E+00
  0.000000000000E+00  0.100000000000E+01  0.000000000000E+00
  0.000000000000E+00  0.000000000000E+00  0.100000000000E+01
  0.000000000000E+00  0.000000000000E+00  0.000000000000E+00
   54
   20      0.006308211281     -0.002181470396      0.005909466529
   20      2.345514991440      2.353083866812     -0.041687063262
   20     -2.351691588638     -2.358421308330     -0.024979942618
   20      2.344972517130     -0.045961971073      2.322488925650
   20      4.691331433692      2.331655396483      2.336306031970
   20      0.055478448014     -2.363487105488      2.334809452896
   20     -2.366560031582     -0.009308572268     -2.316195320901
   20      0.043431719555      2.358493471603     -2.302994354923
   12     -4.559605016379     -2.273483301681     -2.292618584617
   20     -0.059116538184      2.379409069153      2.299694359611
   20      2.312603618541      4.724683354903      2.327310512227
   20     -2.365132108314      0.049380179217      2.333060041199
   20      2.310916125171      2.334892019861      4.736642090488
   20      4.664377908110      4.691767541324      4.732269504127
   20      0.001335574288     -0.000068286395      4.731773921358
   12     -2.390375617393      2.450913252142      0.029050226560
   12      0.089246915116      4.690210256782      0.016332202525
   12     -4.720571148314     -0.044440889028     -0.036898757084
   20     -0.020299360680     -2.354662651077     -2.312072462121
   12      2.395771454570     -0.034924824122     -2.284843312923
   12     -2.358867779957     -4.664278464631     -2.353518903608
   12      2.337984699445     -2.402862938965     -0.048156687390
   20      4.683384023555     -0.029658367634     -0.011692997542
   12     -0.012368841683     -4.712608212294     -0.019142105368
   12     -2.374986419244     -2.401028071297     -4.697876467829
   20      0.019000056558     -0.005592814426     -4.717482288496
   20     -4.639238983106     -4.681549162877     -4.703364816345
    8      0.061520431191      0.003806727997     -2.333086416712
    8      2.438963565652      2.327104226146     -2.329867239287
    8     -2.452901343582     -2.422958403428     -2.396550877807
    8      2.331962427266     -0.070851747107     -0.089325053733
    8      4.751041600597      2.341271032774     -0.060423893190
    8      0.066199247565     -2.426651857943      0.013489312014
    8      4.660747400273     -0.059961651325      2.332728904867
    8      7.001252043284      2.332943091895      2.279489183538
    8      2.432641952939     -2.332228160372      2.317054737872
    8     -0.063178608802      2.424046209663     -0.001253806735
    8      2.254839340184      4.754010879703     -0.081016050830
    8     -2.426162113296      0.062313219032      0.010839393693
    8      2.333159861244      2.347444232628      2.335320635366
    8      4.671915484833      4.690064619041      2.333600570363
    8     -0.003199193139      0.001728736478      2.333910088278
    8      4.661723299356      2.347699745204      4.746107391003
    8      7.097715473107      4.688957300883      4.746026463172
    8      2.321087565145     -0.082935575891      4.745109796854
    8     -0.069712396055      4.691141445049      2.298278411192
    8      2.345068198328      7.022876633718      2.317107435330
    8     -2.331423684083      2.426192025344      2.288059791914
    8      2.342914037525      4.757050199120      4.771378934317
    8      4.576292018589      7.099883260924      4.669051805564
    8     -0.110242860591      2.332218037270      4.719247433106
    8      4.632157055349      4.592393207740      7.089103566084
    8      7.105041864763      7.020331265701      7.003417881187
    8      2.307697199772      2.358716067290      6.999517897306
    0    0
