   3   1   1 E -1.6031086429909E+04 DE-6.0E-10( 11)
  0.288265532823E-01  0.699578987924E+01  0.703436168920E+01
  0.698367621837E+01  0.124608055055E-01  0.704366539735E+01
  0.701079899973E+01  0.702602150242E+01 -0.845704684705E-02
    1
  0.100000000000E+01  0.000000000000E+00  0.000000000000E+00
  0.000000000000E+00  0.100000000000E+01  0.000000000000E+00
  0.000000000000E+00  0.000000000000E+00  0.100000000000E+01
  0.000000000000E+00  0.000000000000E+00  0.000000000000E+00
   54
   20     -0.022437543824     -0.024664913776      0.010147053763
   20      2.341674303358      2.371791962727     -0.013542303034
   20     -2.338904456828     -2.338745729440     -0.002171790537
   20      2.357716091192     -0.012230757762      2.342028824274
   20      4.689851938969      2.329052684055      2.335552891441
   20     -0.008148790089     -2.339661497916      2.328843735823
   20     -2.365445224471     -0.016665108634     -2.373319581127
   20     -0.005595135374      2.332095980381     -2.338470261064
   20     -4.662412997248     -2.344408819793     -2.338614199442
   20     -0.064526858105      2.365490524890      2.319383773673
   20      2.294194095660      4.731885656572      2.292803185512
   12     -2.275391630876      0.014668994997      2.333890837703
   12      2.288851420259      2.248308163737      4.816940465318
   20      4.633570267487      4.694666400629      4.693579167348
   20      0.018283835777      0.056341728956      4.775917841004
   20     -2.401900852709      2.349489996104      0.051947705859
   12      0.070187208255      4.633523156017      0.099253524719
   12     -4.721941359877     -0.031099574623      0.024179098178
   20     -0.023587346281     -2.378501105635     -2.342729884077
   20      2.339704609329      0.004870435202     -2.337161994980
   12     -2.298003074928     -4.711308076976     -2.407629828387
   12      2.277402838757     -2.325867329411     -0.018799099250
   20      4.743170561869     -0.011794403927      0.016743629535
   12      0.062756537906     -4.636307145674     -0.023437819790
   12     -2.120914220908     -2.306702287315     -4.752405559337
   12      0.004605891576     -0.017411732045     -4.743129335165
   20     -4.668564054248     -4.703985230560     -4.749414614264
    8     -0.020448763514     -0.014701370886     -2.385237408293
    8      2.407950214616      2.338107238014     -2.358338317844
    8     -2.352554747677     -2.440042944005     -2.413817205498
    8      2.345674916514     -0.049636386971      0.001577346138
    8      4.772475735017      2.348315055627     -0.049588309594
    8      0.083689991336     -2.423393731996      0.010896203022
    8      4.761543292694     -0.086515528974      2.343338551466
    8      6.991705227106      2.275637063264      2.263573716571
    8      2.379090817081     -2.341594513012      2.273877984100
    8     -0.026360928455      2.391067556034      0.006546495498
    8      2.248192536017      4.771546980396     -0.026157641625
    8     -2.439771941186     -0.006681101749      0.026824064837
    8      2.333593355335      2.358632689386      2.382746641467
    8      4.659259086103      4.767752934224      2.326601818377
    8     -0.060896515494      0.010286616747      2.364814568333
    8      4.577667920760      2.350088511013      4.711689788483
    8      6.984395758773      4.711854990427      4.752175293821
    8      2.323043836031      0.069558207309      4.759031143679
    8     -0.110872197900      4.766569140054      2.275082652750
    8      2.337681664380      7.016465913133      2.246422282804
    8     -2.343227774693      2.313914377488      2.413260781433
    8      2.325142012667      4.601398952415      4.717764274037
    8      4.692909076309      7.120087403849      4.675279307241
    8      0.001152009243      2.337451252791      4.734068360316
    8      4.712406029361      4.683789757711      7.118206805391
    8      7.203298694522      7.017970376072      7.205754508532
    8      2.173922611625      2.333463433088      6.936286009521
    0    0
