   3   1   1 E -1.6031064033928E+04 DE 1.4E-10( 11)
  0.190182960910E-03  0.697893815373E+01  0.700561582241E+01
  0.698826932974E+01 -0.203368271631E-01  0.701912704796E+01
  0.698905560417E+01  0.698689825922E+01 -0.146505035694E-01
    1
  0.100000000000E+01  0.000000000000E+00  0.000000000000E+00
  0.000000000000E+00  0.100000000000E+01  0.000000000000E+00
  0.000000000000E+00  0.000000000000E+00  0.100000000000E+01
  0.000000000000E+00  0.000000000000E+00  0.000000000000E+00
   54
   20      0.005117140965     -0.011304852135     -0.010103015529
   20      2.342224350106      2.323561093639     -0.017260166206
   20     -2.329811581746     -2.325720734517      0.002206237934
   20      2.347764945749     -0.022943521220      2.362510385685
   20      4.653023574582      2.327611171526      2.347053802732
   20      0.010653171799     -2.338234998223      2.357979665346
   20     -2.337578709499     -0.007758994746     -2.346628423512
   20      0.011128731845      2.338568246158     -2.353367094484
   12     -4.629069761997     -2.356483596666     -2.372853794499
   20     -0.019032122035      2.338229582165      2.349451107897
   20      2.344734402870      4.682756433561      2.347735271239
   12     -2.381267703122     -0.006783869371      2.351753976441
   12      2.322459899063      2.390094891948      4.693737362244
   12      4.620487857477      4.758431186318      4.668883658355
   20     -0.021921026761     -0.027841489058      4.675960398443
   20     -2.349513719942      2.348795351905     -0.007889306903
   20     -0.008295854298      4.677196847780     -0.014475868225
   20     -4.650682378120      0.014456293057     -0.006543812379
   12      0.031806358704     -2.298511068306     -2.332621689637
   12      2.451181774984      0.051693701522     -2.341085588824
   20     -2.364086462577     -4.675286979614     -2.346602757657
   20      2.348702213751     -2.330532145066     -0.011646423277
   12      4.597242813959     -0.124700246094     -0.001370652213
   20     -0.000837989197     -4.664546530959     -0.000059300860
   12     -2.382185994312     -2.332910583763     -4.651109728968
   20      0.008434081465      0.005485888845     -4.667327673599
   12     -4.613737702317     -4.721900977983     -4.659213038424
    8      0.026654677198     -0.021232331561     -2.342547127712
    8      2.337151523177      2.319606094569     -2.368161950607
    8     -2.346028614826     -2.336579766487     -2.348049462160
    8      2.366090689461     -0.011548283495     -0.020551628466
    8      4.650508051305      2.309775729447     -0.010526223374
    8      0.008975892378     -2.333690433885     -0.007116053410
    8      4.656414368830     -0.039400553598      2.338544632405
    8      7.006096111884      2.320667954975      2.342684406289
    8      2.378358555048     -2.380430322265      2.361287815271
    8     -0.003466793190      2.336449396041     -0.011739892733
    8      2.340173938235      4.664510688851     -0.019194339218
    8     -2.342643446649      0.002080516390     -0.001939097985
    8      2.333685934464      2.337917977831      2.358831016844
    8      4.658715951237      4.694573070940      2.351771845063
    8     -0.016957075218     -0.015250741272      2.343971912492
    8      4.634276051725      2.343803585504      4.670255424843
    8      6.993796731522      4.647478531397      4.669546648975
    8      2.329430127979     -0.016380238794      4.678775157001
    8     -0.005985969661      4.675568330298      2.350480203457
    8      2.387919329447      7.035177526355      2.349994196326
    8     -2.385324163687      2.330149077078      2.330814115881
    8      2.348077473016      4.668423477532      4.673281206311
    8      4.577245605363      6.896792815359      4.654768901452
    8      0.000234632633      2.335432355556      4.672948184923
    8      4.651011049414      4.688223467557      7.005553786380
    8      6.973404557423      6.970022992601      7.002485879136
    8      2.334062526055      2.321187118381      7.002132562081
    0    0
