   3   1   1 E -1.6031094442562E+04 DE-3.8E-09(  9)
 -0.232056146109E-02  0.698531398676E+01  0.704349610559E+01
  0.701767796226E+01 -0.778697001644E-02  0.705492496057E+01
  0.701057476775E+01  0.699673113185E+01 -0.806569156676E-02
    1
  0.100000000000E+01  0.000000000000E+00  0.000000000000E+00
  0.000000000000E+00  0.100000000000E+01  0.000000000000E+00
  0.000000000000E+00  0.000000000000E+00  0.100000000000E+01
  0.000000000000E+00  0.000000000000E+00  0.000000000000E+00
   54
   20      0.004678542371     -0.023535259359     -0.018114016257
   20      2.328991013279      2.340800922483     -0.053383806282
   20     -2.375296768091     -2.300033607276      0.018155684277
   20      2.363736564505     -0.002447361079      2.398221312039
   20      4.672336057193      2.299396232801      2.327501722507
   20      0.007165423443     -2.325292374110      2.378350644365
   20     -2.348244887124     -0.033059497984     -2.353930979534
   20      0.030518701820      2.307036028506     -2.377834111593
   12     -4.694251991389     -2.327755945245     -2.281086370415
   20     -0.003582670696      2.370620284549      2.370164850487
   20      2.296660791408      4.745613772669      2.379594891154
   12     -2.361876290811     -0.018873679393      2.364518396418
   12      2.334138457692      2.302883415904      4.705060158452
   20      4.648104442468      4.710199552320      4.723782785648
   20     -0.013169620946     -0.007889912161      4.728381351757
   20     -2.351152791084      2.318843155611     -0.002278524874
   12      0.030497464906      4.763300103993     -0.054779948981
   12     -4.654020882975      0.002710536983     -0.055844664340
   12      0.042052002710     -2.278021829012     -2.350849038425
   12      2.363631911632     -0.002625340833     -2.393558392781
   20     -2.354622109086     -4.677517970750     -2.340810617779
   20      2.356499608831     -2.326960407096     -0.047339342406
   12      4.686526499057      0.004594295360      0.076282865154
   20      0.006709195872     -4.722094937829      0.020922268604
   20     -2.291385839125     -2.290831627572     -4.706449544959
   12     -0.035414531733     -0.018305620005     -4.764972255280
   20     -4.665536367644     -4.733031517912     -4.686384851718
    8      0.122706973848     -0.134111594274     -2.435763090322
    8      2.330538579297      2.312263331728     -2.359955519690
    8     -2.356210373886     -2.328845474683     -2.344767752490
    8      2.434012776409     -0.004326191459     -0.042197778938
    8      4.666940635138      2.255357325707      0.002825324144
    8     -0.005853214598     -2.338119232519      0.000326543378
    8      4.768698499998     -0.001108681860      2.344185445838
    8      7.011102557261      2.226754748130      2.346327682246
    8      2.348335726297     -2.333911833541      2.382473025192
    8     -0.000668231943      2.374034513425     -0.038082567578
    8      2.221560951216      4.788612307103     -0.069627560325
    8     -2.428007772972     -0.004506771082      0.002173114654
    8      2.342347855243      2.346333276080      2.401201828076
    8      4.664526474321      4.762411530543      2.366008642395
    8     -0.062882068261      0.003212246504      2.368509257505
    8      4.599208605161      2.326699397584      4.684939747795
    8      7.118381750738      4.665517947640      4.776599300367
    8      2.343492947096     -0.009596642801      4.777434258511
    8      0.002282880924      4.782697280414      2.351657306627
    8      2.388867559183      6.987976234387      2.370509249565
    8     -2.332634417371      2.258046782075      2.345540461382
    8      2.231776549897      4.681923666084      4.703257797338
    8      4.546994254933      6.992211014469      4.648535317429
    8      0.082174589543      2.393776697992      4.730215831027
    8      4.755642184583      4.749727978591      7.058598076638
    8      6.969865554011      6.867113895898      7.071812537748
    8      2.329801005921      2.186296503003      6.960542241883
    0    0
