   3   1   1 E -1.6031084936176E+04 DE 5.2E-09(  9)
  0.102481899619E-01  0.701167958292E+01  0.703093236808E+01
  0.699151507680E+01  0.143282134862E-02  0.703263240058E+01
  0.699996459627E+01  0.701602066651E+01 -0.109503618869E-02
    1
  0.100000000000E+01  0.000000000000E+00  0.000000000000E+00
  0.000000000000E+00  0.100000000000E+01  0.000000000000E+00
  0.000000000000E+00  0.000000000000E+00  0.100000000000E+01
  0.000000000000E+00  0.000000000000E+00  0.000000000000E+00
   54
   20      0.054320022907     -0.050122085856     -0.052550713489
   20      2.371885905969      2.348152158138     -0.071671568559
   20     -2.339249314691     -2.349720101522     -0.039943609916
   20      2.333005959163     -0.030688622603      2.401084632096
   20      4.648106902685      2.365670989794      2.382660387847
   20      0.053928503877     -2.368979604416      2.386700105330
   20     -2.366076688557     -0.041837555687     -2.314428499469
   20      0.078722614673      2.361868990462     -2.349225553270
   12     -4.652530919631     -2.344651763987     -2.330728210110
   20      0.006777780748      2.369850307286      2.401978070918
   20      2.346018525742      4.711394361194      2.390359397897
   20     -2.407863128147      0.023332045929      2.391301531810
   12      2.365934612156      2.405327391562      4.754668571638
   12      4.557543832657      4.635890824356      4.759675856634
   20      0.019483551280      0.023329277175      4.711819671421
   20     -2.423251172722      2.362496870186     -0.066857277538
   20      0.026685947568      4.704079017156     -0.038196379167
   12     -4.672010670150     -0.025952805082     -0.098899835436
   12      0.077997088847     -2.391501088133     -2.305061231456
   12      2.344671431086     -0.038379873492     -2.317944098866
   12     -2.439401905071     -4.583378295809     -2.378034626183
   12      2.268370021139     -2.436209679554     -0.139245444519
   20      4.609689486709     -0.019044559431     -0.076019449892
   20      0.078857967739     -4.640988300083     -0.051639107654
   20     -2.388208664444     -2.395867922256     -4.646157317091
   20      0.075609613321      0.004614099245     -4.658620995742
   12     -4.702429153737     -4.678625437568     -4.590749842556
    8      0.127853241025     -0.090912562019     -2.357004968850
    8      2.459743380652      2.383890895164     -2.438871503530
    8     -2.387376333095     -2.466400672032     -2.336190427677
    8      2.334548372714     -0.072313732909     -0.076686809858
    8      4.659631758181      2.347098029446     -0.073092051715
    8      0.113469204854     -2.352971037559     -0.059888658503
    8      4.640600882669     -0.017989770208      2.373438549840
    8      7.093141121519      2.350131707033      2.368369396051
    8      2.332656582419     -2.451020619046      2.400026886436
    8      0.024933254120      2.349180141023     -0.045469133013
    8      2.347635827647      4.753515751876     -0.066160610319
    8     -2.421165768205     -0.008279335158     -0.053078040523
    8      2.343487223919      2.360485117028      2.395686548275
    8      4.652189890734      4.685402990424      2.418701417901
    8      0.008521255141     -0.002821814550      2.373658077289
    8      4.563969556394      2.417987178967      4.679300639551
    8      7.038034001065      4.685668053126      4.691075587242
    8      2.337126171417     -0.001795244485      4.795181749580
    8      0.022011325795      4.678446023299      2.387342112239
    8      2.350690726369      7.123657535296      2.385003271726
    8     -2.457882123157      2.354007534256      2.388551829428
    8      2.327809459105      4.639958976536      4.786282054463
    8      4.517037722660      7.004523453115      4.679861709255
    8      0.072260829912      2.486867619627      4.689458909751
    8      4.542321581762      4.674629174813      6.952197813223
    8      7.094600973915      7.026522252952      7.001117891819
    8      2.343337113019      2.353572535504      6.968027091333
    0    0
