   3   1   1 E -1.6031034208881E+04 DE 1.5E-09(  2)
  0.815945269993E-02  0.703058782010E+01  0.702847522587E+01
  0.703130398723E+01 -0.354822949651E-04  0.702877175330E+01
  0.703606163798E+01  0.702951157521E+01  0.148160766939E-02
    1
  0.100000000000E+01  0.000000000000E+00  0.000000000000E+00
  0.000000000000E+00  0.100000000000E+01  0.000000000000E+00
  0.000000000000E+00  0.000000000000E+00  0.100000000000E+01
  0.000000000000E+00  0.000000000000E+00  0.000000000000E+00
   54
   20      0.000000000000      0.000000000000      0.000000000000
   20      2.345353879327      2.343170525069      0.000493869223
   20     -2.345353879327     -2.343170525069     -0.000493869223
   20      2.343767995742     -0.000011827432      2.342923917768
   20      4.689121875070      2.343158697638      2.343417786991
   20     -0.001585883585     -2.343182352501      2.342430048545
   20     -2.343767995742      0.000011827432     -2.342923917768
   20      0.001585883585      2.343182352501     -2.342430048545
   12     -4.689121875070     -2.343158697638     -2.343417786991
   20      0.002719817567      2.343529273366      2.342825075289
   20      2.348073696894      4.686699798435      2.343318944512
   20     -2.342634061761      0.000358748297      2.342331206066
   20      2.346487813309      2.343517445934      4.685748993057
   20      4.691841692636      4.686687971004      4.686242862281
   20      0.001133933982      0.000346920865      4.685255123834
   12     -2.341048178176      2.343541100798     -0.000098842479
   20      0.004305701152      4.686711625867      0.000395026744
   12     -4.686402057503      0.000370575728     -0.000592711702
   12     -0.002719817567     -2.343529273366     -2.342825075289
   12      2.342634061761     -0.000358748297     -2.342331206066
   20     -2.348073696894     -4.686699798435     -2.343318944512
   20      2.341048178176     -2.343541100798      0.000098842479
   12      4.686402057503     -0.000370575728      0.000592711702
   12     -0.004305701152     -4.686711625867     -0.000395026744
   12     -2.346487813309     -2.343517445934     -4.685748993057
   20     -0.001133933982     -0.000346920865     -4.685255123834
   12     -4.691841692636     -4.686687971004     -4.686242862281
    8     -0.000566966991     -0.000173460433     -2.342627561917
    8      2.344786912336      2.342997064636     -2.342133692694
    8     -2.345920846318     -2.343343985502     -2.343121431140
    8      2.343201028752     -0.000185287864      0.000296355851
    8      4.688554908080      2.342985237206      0.000790225074
    8     -0.002152850576     -2.343355812934     -0.000197513372
    8      4.686969024493     -0.000197115296      2.343220273618
    8      7.032322903822      2.342973409776      2.343714142841
    8      2.341615145167     -2.343367640365      2.342726404396
    8      0.002152850576      2.343355812934      0.000197513372
    8      2.347506729902      4.686526338002      0.000691382595
    8     -2.343201028752      0.000185287864     -0.000296355851
    8      2.345920846318      2.343343985502      2.343121431140
    8      4.691274725646      4.686514510571      2.343615300363
    8      0.000566966991      0.000173460433      2.342627561917
    8      4.689688842060      2.343332158070      4.686045348908
    8      7.035042721388      4.686502683142      4.686539218131
    8      2.344334962733      0.000161633001      4.685551479686
    8      0.004872668142      4.686885086302      2.343022588663
    8      2.350226547469      7.030055611371      2.343516457887
    8     -2.340481211185      2.343714561231      2.342528719439
    8      2.348640663885      4.686873258869      4.685946506430
    8      4.693994543213      7.030043783939      4.686440375654
    8      0.003286784557      2.343702733799      4.685452637206
    8      4.692408659626      4.686861431435      7.028870424197
    8      7.037762538955      7.030031956508      7.029364293420
    8      2.347054780300      2.343690906366      7.028376554973
    0    0
