   3   1   1 E -1.6031059885070E+04 DE 1.3E-10( 11)
  0.333553236940E-01  0.699871927868E+01  0.702332106183E+01
  0.702028725834E+01  0.139676788574E-01  0.703332541250E+01
  0.703063392667E+01  0.701399055920E+01  0.915414170546E-02
    1
  0.100000000000E+01  0.000000000000E+00  0.000000000000E+00
  0.000000000000E+00  0.100000000000E+01  0.000000000000E+00
  0.000000000000E+00  0.000000000000E+00  0.100000000000E+01
  0.000000000000E+00  0.000000000000E+00  0.000000000000E+00
   54
   20     -0.003888017797      0.003732251754     -0.000479777351
   20      2.350930223503      2.334887755150     -0.002587371324
   20     -2.345874836451     -2.336983085471     -0.007272937213
   20      2.342726711814     -0.001111721616      2.343866297249
   20      4.695149917957      2.334330785347      2.344926280234
   20      0.002558608770     -2.339996864588      2.338245300968
   20     -2.338894107978     -0.008296409141     -2.346885590639
   20      0.017442772628      2.321444826776     -2.347029578481
   20     -4.675627728250     -2.348643472900     -2.356237474213
   20     -0.009627358687      2.342060466362      2.348598778576
   20      2.340255639333      4.687343311192      2.349000886604
   20     -2.358843980283      0.022761921853      2.340709406177
   20      2.346684625381      2.326452794202      4.699102436258
   20      4.694889786601      4.683072733690      4.689955270841
   12     -0.004383998117     -0.002277911243      4.733116436029
   12     -2.371968752429      2.353896453780      0.001838242370
   20      0.014028393839      4.679354809269     -0.004784507698
   12     -4.703318536370      0.029932808187     -0.010092088664
   20     -0.020146935139     -2.334439345557     -2.339414654770
   12      2.312527201089      0.031366469337     -2.344558389532
   12     -2.342714144013     -4.692805627109     -2.355531703473
   20      2.337624602424     -2.341742191492      0.012310780922
   20      4.687518709044      0.016218610065      0.000969614808
   12     -0.005983300249     -4.704420790670      0.003785000876
   12     -2.333700917243     -2.374131703204     -4.690664381264
   12      0.056208551471     -0.020734410652     -4.706039966059
   12     -4.659663718854     -4.711685447820     -4.695587866895
    8      0.010728343247     -0.006590772697     -2.343253999300
    8      2.370058319315      2.312168959594     -2.354722786336
    8     -2.344137673045     -2.347519300354     -2.354270840518
    8      2.340048328001      0.002819735586     -0.003353440902
    8      4.697041359304      2.341258890280     -0.001805772521
    8     -0.007265596209     -2.344749079866      0.001658463589
    8      4.695898448277     -0.005819579033      2.343780029000
    8      7.050289524405      2.326830681041      2.334171243358
    8      2.351525976604     -2.345994884904      2.340802143941
    8     -0.001157917871      2.336612197528     -0.002615472259
    8      2.346703702366      4.684586825553     -0.001782383064
    8     -2.360039902885      0.012718011275     -0.005144672634
    8      2.343723247964      2.336082112590      2.347511825678
    8      4.685847363103      4.681887529285      2.347388843844
    8     -0.008076570892      0.007006177951      2.343433740276
    8      4.693157820380      2.336129878647      4.693808327427
    8      7.036229292737      4.686933109647      4.682540761871
    8      2.331617386116     -0.001809534168      4.689527701173
    8     -0.003256935154      4.683352236474      2.346802118027
    8      2.312007100641      7.048139128178      2.350554776830
    8     -2.370708586519      2.373991727195      2.341003839000
    8      2.351626798717      4.677593116005      4.692851296638
    8      4.696123186793      7.038161052838      4.689528529532
    8     -0.008835084547      2.325332019107      4.706276110472
    8      4.710187041773      4.669209507685      7.034532948233
    8      7.071626691809      7.043512054749      7.026313135194
    8      2.364373212751      2.298620009670      7.051307861247
    0    0
