   3   1   1 E -1.6031101308789E+04 DE-5.0E-10( 11)
  0.310736501730E-01  0.696444482510E+01  0.698959766888E+01
  0.701636674338E+01  0.386451606160E-02  0.700839377915E+01
  0.703163072677E+01  0.699195150892E+01 -0.461519141493E-02
    1
  0.100000000000E+01  0.000000000000E+00  0.000000000000E+00
  0.000000000000E+00  0.100000000000E+01  0.000000000000E+00
  0.000000000000E+00  0.000000000000E+00  0.100000000000E+01
  0.000000000000E+00  0.000000000000E+00  0.000000000000E+00
   54
   20      0.004478715768     -0.012953595560     -0.026858009551
   20      2.345177184156      2.328600545101     -0.042696298073
   20     -2.337597291590     -2.345347835911     -0.061890091480
   20      2.347993103367     -0.055105422790      2.396438716591
   20      4.718665671802      2.305779179521      2.318224802975
   20      0.043490197589     -2.367094573175      2.345587894483
   20     -2.314632629222     -0.045122219625     -2.370426839348
   20      0.048976598024      2.296490762090     -2.373647108643
   12     -4.726934884595     -2.317158532769     -2.365549458902
   20     -0.040397285000      2.357439231671      2.379070088381
   20      2.299714430621      4.714583436465      2.360983120070
   20     -2.358526598382      0.047233695900      2.326797105927
   20      2.320176481744      2.323318408755      4.725747316027
   20      4.703052161453      4.675321277351      4.681261261394
   12      0.053586261374     -0.107036597559      4.670729510207
   12     -2.316402899058      2.374008202647      0.073124035228
   20     -0.009749069029      4.689363280026     -0.007797687183
   20     -4.707449996524      0.042251447341     -0.001334447215
   12      0.055020078152     -2.252616088574     -2.320855836387
   12      2.298162977068     -0.017401583892     -2.378928422724
   20     -2.355985801583     -4.635894639844     -2.360322178341
   20      2.337954141506     -2.377979006591      0.032372411971
   20      4.711580693846     -0.000207032616      0.010355519975
   12     -0.072461478531     -4.704198502439     -0.033253860446
   12     -2.362891433692     -2.363171095916     -4.593894237931
   12      0.032189398352      0.126802237594     -4.626944511668
   12     -4.737591011638     -4.668061040326     -4.651067656733
    8      0.119147171627     -0.101742548757     -2.418770589926
    8      2.335906584010      2.324216811979     -2.446426893903
    8     -2.386843452703     -2.325768680351     -2.435509032724
    8      2.346579795503     -0.014122398788     -0.005793742602
    8      4.743256575090      2.334031789700     -0.016726482586
    8     -0.012143422971     -2.415229658677     -0.087141723784
    8      4.762070298171     -0.074896498366      2.349225967233
    8      7.084774783106      2.228691204970      2.253404611725
    8      2.404654240304     -2.427329028470      2.440925989281
    8     -0.040556781849      2.327381266536     -0.007635098334
    8      2.325456014715      4.672426388578     -0.077342387706
    8     -2.327251162986      0.050371473042     -0.027622739761
    8      2.326500704727      2.335018952232      2.347595452460
    8      4.695326471843      4.667021220665      2.327153000058
    8     -0.002981545942     -0.003586999099      2.362885711316
    8      4.707493593458      2.323373342534      4.711130968109
    8      7.126592840745      4.735352196898      4.663628857798
    8      2.241548818210     -0.073178200716      4.673392046919
    8     -0.066003489719      4.748914332908      2.429690588019
    8      2.281042415809      7.084416011978      2.418612647238
    8     -2.397761937500      2.433098066317      2.210078589485
    8      2.274405210726      4.722042537857      4.671057046857
    8      4.715134555724      6.986844157600      4.651711846262
    8      0.014096677951      2.310919220508      4.766785097512
    8      4.701705394131      4.567909510063      7.051004377861
    8      7.050184171642      7.081349738993      6.998827665105
    8      2.353887801615      2.311805678356      7.060826244262
    0    0
