   3   1   1 E -1.6031032944000E+04 DE 1.3E-10(  2)
  0.210552766883E-02  0.702785742582E+01  0.702785742582E+01
  0.703003766048E+01 -0.108670964560E-02  0.703102383402E+01
  0.703003766048E+01  0.703102383402E+01 -0.108670964560E-02
    2
  0.100000000000E+01  0.000000000000E+00  0.000000000000E+00
  0.000000000000E+00  0.100000000000E+01  0.000000000000E+00
  0.000000000000E+00  0.000000000000E+00  0.100000000000E+01
  0.000000000000E+00  0.000000000000E+00  0.000000000000E+00
  0.100000000000E+01  0.000000000000E+00  0.000000000000E+00
  0.000000000000E+00  0.000000000000E+00  0.100000000000E+01
  0.000000000000E+00  0.100000000000E+01  0.000000000000E+00
  0.000000000000E+00  0.000000000000E+00  0.000000000000E+00
   54
   20      0.000000000000      0.000000000000      0.000000000000
   20      2.343345886827      2.343674611341     -0.000362236549
   20     -2.343345886827     -2.343674611341      0.000362236549
   20      2.343345886827     -0.000362236549      2.343674611341
   20      4.686691773654      2.343312374792      2.343312374792
   20      0.000000000000     -2.344036847889      2.344036847889
   20     -2.343345886827      0.000362236549     -2.343674611341
   20      0.000000000000      2.344036847889     -2.344036847889
   12     -4.686691773654     -2.343312374792     -2.343312374792
   20      0.000701842556      2.342619141939      2.342619141939
   20      2.344047729383      4.686293753280      2.342256905391
   12     -2.342644044271     -0.001055469402      2.342981378488
   20      2.344047729383      2.342256905391      4.686293753280
   20      4.687393616210      4.685931516731      4.685931516731
   12      0.000701842556     -0.001417705950      4.686655989828
   12     -2.342644044271      2.342981378488     -0.001055469402
   12      0.000701842556      4.686655989828     -0.001417705950
   12     -4.685989931098     -0.000693232853     -0.000693232853
   12     -0.000701842556     -2.342619141939     -2.342619141939
   20      2.342644044271      0.001055469402     -2.342981378488
   20     -2.344047729383     -4.686293753280     -2.342256905391
   20      2.342644044271     -2.342981378488      0.001055469402
   20      4.685989931098      0.000693232853      0.000693232853
   12     -0.000701842556     -4.686655989828      0.001417705950
   20     -2.344047729383     -2.342256905391     -4.686293753280
   12     -0.000701842556      0.001417705950     -4.686655989828
   20     -4.687393616210     -4.685931516731     -4.685931516731
    8     -0.000350921278      0.000708852975     -2.343327994914
    8      2.342994965548      2.344383464315     -2.343690231463
    8     -2.343696808105     -2.342965758366     -2.342965758366
    8      2.342994965549      0.000346616427      0.000346616427
    8      4.686340852375      2.344021227766     -0.000015620122
    8     -0.000350921278     -2.343327994914      0.000708852975
    8      4.686340852375     -0.000015620122      2.344021227766
    8      7.029686739202      2.343658991218      2.343658991218
    8      2.342994965548     -2.343690231463      2.344383464315
    8      0.000350921278      2.343327994914     -0.000708852975
    8      2.343696808104      4.687002606254     -0.001071089524
    8     -2.342994965549     -0.000346616427     -0.000346616427
    8      2.343696808105      2.342965758366      2.342965758366
    8      4.687042694932      4.686640369706      2.342603521817
    8      0.000350921278     -0.000708852975      2.343327994914
    8      4.687042694932      2.342603521817      4.686640369706
    8      7.030388581758      4.686278133158      4.686278133158
    8      2.343696808104     -0.001071089524      4.687002606254
    8      0.001052763834      4.685947136854      2.341910288965
    8      2.344398650661      7.029621748194      2.341548052417
    8     -2.342293122993      2.342272525514      2.342272525514
    8      2.344398650661      4.685584900306      4.685584900306
    8      4.687744537488      7.029259511646      4.685222663757
    8      0.001052763834      2.341910288965      4.685947136854
    8      4.687744537488      4.685222663757      7.029259511646
    8      7.031090424314      7.028897275097      7.028897275097
    8      2.344398650661      2.341548052417      7.029621748194
    0    0
