   3   1   1 E -1.6031082391127E+04 DE-2.7E-09( 11)
  0.269401162976E-01  0.699613748260E+01  0.702032185360E+01
  0.701417652406E+01  0.447959374170E-02  0.703341926593E+01
  0.701103098201E+01  0.700162860317E+01  0.126885123020E-01
    1
  0.100000000000E+01  0.000000000000E+00  0.000000000000E+00
  0.000000000000E+00  0.100000000000E+01  0.000000000000E+00
  0.000000000000E+00  0.000000000000E+00  0.100000000000E+01
  0.000000000000E+00  0.000000000000E+00  0.000000000000E+00
   54
   20     -0.037187078349      0.010203534877      0.019827693244
   20      2.347152525912      2.363360113307     -0.013953273216
   20     -2.342866224739     -2.309229627168      0.004707679590
   20      2.330546616476     -0.024525755996      2.314595871765
   20      4.730423854807      2.312176573876      2.320565634395
   20      0.010759174824     -2.320651739655      2.331410007285
   20     -2.355461171377      0.026696431363     -2.283969138273
   20     -0.018209930335      2.342764857186     -2.295317048239
   20     -4.699317746343     -2.311682107663     -2.310322028001
   20     -0.052304140461      2.308830880949      2.332044176821
   20      2.306228154807      4.749722863083      2.290756280737
   12     -2.292996850632      0.050225765801      2.305357944636
   20      2.309011160759      2.312281264522      4.783636339971
   20      4.709902318624      4.706448707889      4.688642606120
   12     -0.061768198872      0.135165368954      4.724179383598
   12     -2.318683102824      2.341381629971      0.001406005650
   12      0.060060883010      4.658202764856      0.019258462272
   12     -4.673048979072     -0.003992429466      0.054335668436
   20     -0.017788277739     -2.371794488996     -2.286342890811
   20      2.361186960632      0.004171971816     -2.333421469904
   12     -2.247583989258     -4.728580508377     -2.303150315256
   12      2.283303108840     -2.381075063444      0.006648547646
   20      4.797182876214     -0.007147526379     -0.036676343075
   12     -0.018245360268     -4.682796598308     -0.059432833026
   20     -2.318742164772     -2.374615291655     -4.730573129603
   12     -0.058897730774     -0.123266336289     -4.706407126563
   20     -4.666994990005     -4.728837580533     -4.780705384517
    8     -0.008172896133      0.003307695587     -2.290901663425
    8      2.406958049237      2.330538629115     -2.321257105874
    8     -2.344944403734     -2.382045964209     -2.313076293724
    8      2.364481252157     -0.060064116590     -0.014998965441
    8      4.792426866760      2.331075362163     -0.069236435815
    8      0.095984124969     -2.416256819902      0.023556269195
    8      4.769363029711     -0.006561903499      2.311299434677
    8      7.010589998805      2.244133483878      2.255437646756
    8      2.339196838939     -2.340488671044      2.283651741599
    8     -0.097352245028      2.418040749376      0.015573852408
    8      2.226796971036      4.782738077352     -0.012165871504
    8     -2.456741012385      0.148387948211      0.144477659592
    8      2.327304121763      2.332724029030      2.302612588367
    8      4.687223810940      4.752067896156      2.330798869953
    8     -0.114204210879     -0.000388134217      2.332399728098
    8      4.687047111454      2.338116027827      4.778279364868
    8      7.029490923705      4.759324551652      4.733372842804
    8      2.237301124621      0.003871602499      4.767114876161
    8     -0.009869062496      4.758827807101      2.253817139666
    8      2.283055180098      7.002445239116      2.271930303208
    8     -2.314050557327      2.191131094187      2.302607409552
    8      2.339919036093      4.670938135678      4.735330507610
    8      4.837686164268      7.131920410679      4.598249306539
    8     -0.136236055385      2.167658049761      4.739517163399
    8      4.733586478221      4.551630287917      7.016893091039
    8      7.152875166841      7.009045093371      7.044973677278
    8      2.329286795268      2.334551322077      7.021574884594
    0    0
