   3   1   1 E -1.6031077142029E+04 DE 2.1E-10( 11)
  0.265288396651E-01  0.698553611323E+01  0.700551121081E+01
  0.695108659949E+01  0.135858468687E-01  0.701094965967E+01
  0.694732690312E+01  0.698094314143E+01  0.238345622143E-01
    1
  0.100000000000E+01  0.000000000000E+00  0.000000000000E+00
  0.000000000000E+00  0.100000000000E+01  0.000000000000E+00
  0.000000000000E+00  0.000000000000E+00  0.100000000000E+01
  0.000000000000E+00  0.000000000000E+00  0.000000000000E+00
   54
   20     -0.007351916964     -0.009494836073     -0.050474340111
   20      2.322519814543      2.354716283964     -0.048193999123
   20     -2.343435587390     -2.343986349342     -0.075245749111
   20      2.293146466073     -0.028855816098      2.350921606127
   20      4.647633495652      2.328092507037      2.351081502519
   20      0.023967736048     -2.324559959164      2.337162070088
   20     -2.352502424099     -0.060927374863     -2.299286085817
   20      0.048983555712      2.342128126985     -2.296680696666
   12     -4.636912932065     -2.261545911313     -2.322876016842
   20     -0.044245668209      2.348081938339      2.354832880523
   20      2.265837713566      4.694710539270      2.357559732415
   20     -2.330300633331      0.042682292156      2.335141574378
   20      2.242644044962      2.295889827075      4.755201520012
   20      4.673921112096      4.701522903040      4.718619488195
   12      0.030297695063      0.169741027321      4.728024760093
   12     -2.297781744282      2.319804147340     -0.002515503513
   12      0.091758172750      4.692612262979     -0.048921424958
   12     -4.772957473051      0.032008603139     -0.052919438093
   12     -0.021881553613     -2.386715397597     -2.260645383826
   12      2.299810642763     -0.019960316209     -2.358564233726
   12     -2.244235043096     -4.670389785649     -2.310521668859
   20      2.294180137486     -2.369092048290     -0.041662312256
   20      4.688720691148      0.013653108906     -0.062157712703
   12     -0.025095429883     -4.600725546018     -0.076552586184
   20     -2.287211699607     -2.392638199327     -4.669570272062
   20      0.049498296477     -0.034869068701     -4.664652384749
   20     -4.603559940010     -4.693989260989     -4.666888367040
    8      0.068687005819     -0.065717038347     -2.311730993493
    8      2.421132088461      2.320252934265     -2.320588834769
    8     -2.310667017673     -2.429715699371     -2.340557592442
    8      2.314660069232     -0.006749328167     -0.065254220445
    8      4.717703985758      2.332696035920     -0.050891008611
    8     -0.022895302898     -2.400592158104     -0.082454744880
    8      4.647348442735     -0.017400625294      2.346339795527
    8      6.964274156487      2.324804959658      2.329477880939
    8      2.317359476993     -2.346893955915      2.347536896121
    8     -0.053869263629      2.393190790974     -0.017750563974
    8      2.216140793017      4.733119560244     -0.095148485500
    8     -2.394912981548      0.039023201883     -0.035819673952
    8      2.287645981793      2.330715170886      2.354142123355
    8      4.630692526470      4.671590539686      2.356022672774
    8      0.002646112697     -0.000074329009      2.372159416881
    8      4.635590361441      2.325309832004      4.752015391878
    8      7.093913668857      4.768949964427      4.786506859323
    8      2.163723385957     -0.129770797476      4.751766183317
    8      0.018753157428      4.647700177388      2.347810076539
    8      2.319960482008      6.988408571349      2.359992778866
    8     -2.290060820083      2.316973307716      2.332830543053
    8      2.239345085394      4.697815492877      4.697185973982
    8      4.644014992886      7.086845295703      4.686036067805
    8     -0.126591855136      2.351784755957      4.787120707465
    8      4.737781060195      4.592952889112      6.982733076100
    8      7.091358091078      7.020000469723      6.916622164151
    8      2.323059327800      2.227179240871      7.015009998382
    0    0
