   3   1   1 E -1.6031087150431E+04 DE 1.6E-09( 11)
  0.661222382355E-01  0.696896735901E+01  0.698779863293E+01
  0.699486221539E+01  0.224732317734E-01  0.702225373790E+01
  0.700506553395E+01  0.700843633404E+01  0.179490224063E-01
    1
  0.100000000000E+01  0.000000000000E+00  0.000000000000E+00
  0.000000000000E+00  0.100000000000E+01  0.000000000000E+00
  0.000000000000E+00  0.000000000000E+00  0.100000000000E+01
  0.000000000000E+00  0.000000000000E+00  0.000000000000E+00
   54
   20      0.000683265292     -0.000357377731     -0.038186079496
   20      2.335168229296      2.331594219492     -0.023625275345
   20     -2.321381225090     -2.348175198253     -0.043229405616
   20      2.319264463998     -0.001301684496      2.350607047237
   20      4.681447236247      2.343279304927      2.339437496183
   20      0.011247921746     -2.345613619478      2.332300474505
   20     -2.327629892056     -0.014903691608     -2.320855552012
   20      0.031192418509      2.320395342557     -2.335130484173
   20     -4.665237356889     -2.363753966430     -2.339540821223
   20     -0.024934257078      2.338821559593      2.335401884068
   20      2.319206251348      4.698895748567      2.332669778361
   20     -2.350988361655      0.048890503253      2.331047385779
   20      2.299785360979      2.321927559749      4.741511841350
   20      4.697522215522      4.696422114072      4.708413655446
   12      0.011561688033     -0.082392116272      4.687054220964
   12     -2.369262441590      2.306343106588     -0.006199955823
   12      0.047273930485      4.650458903732     -0.079908625328
   12     -4.729496430686      0.112915559130     -0.035126864570
   12     -0.029829658688     -2.344358307010     -2.264436915493
   12      2.305777505693      0.080658419673     -2.304446242558
   12     -2.297485505911     -4.723463091231     -2.305749234016
   20      2.301450828878     -2.365059071581      0.003503861143
   20      4.698773334144      0.023952598090     -0.040493468887
   12     -0.039055983622     -4.566753812985      0.015232124294
   20     -2.330195156056     -2.387164747922     -4.671848888695
   20      0.046226570263      0.000129154020     -4.684388382729
   12     -4.710894982000     -4.682139903150     -4.633160912415
    8      0.063083999903     -0.040922957332     -2.335134052339
    8      2.414688501562      2.246337826179     -2.391465907961
    8     -2.279159658126     -2.398684882983     -2.335090008252
    8      2.326975197530      0.001966543936     -0.044163477916
    8      4.729975956526      2.337782213616     -0.037895859697
    8     -0.007944388587     -2.385832329515     -0.053201631342
    8      4.682406311379      0.009013654290      2.343762928265
    8      7.047158434484      2.342790548844      2.313658712883
    8      2.322385438438     -2.371579051076      2.345382882785
    8     -0.024997144704      2.368038668946     -0.018948910070
    8      2.304571531671      4.700589876879     -0.027696508696
    8     -2.374222035923      0.044277748011     -0.029377852351
    8      2.315561177522      2.340656143492      2.342093859512
    8      4.673503197243      4.683962868112      2.343520307308
    8      0.005285264148      0.009276774984      2.363132792791
    8      4.674270971914      2.342371653502      4.726868170049
    8      7.028324064157      4.720821972618      4.735309281155
    8      2.265826728905      0.000763844222      4.724741553313
    8      0.032894920379      4.643784318386      2.320739129984
    8      2.349252767543      7.090907352863      2.344389488245
    8     -2.353715397704      2.304458890115      2.312678974483
    8      2.287562661731      4.699390901147      4.698029902597
    8      4.700170706167      7.086386601131      4.672242348119
    8     -0.077998609293      2.348311763929      4.764081232231
    8      4.770255443397      4.601729776542      6.989118107113
    8      7.146216540330      6.995797194081      6.911759561661
    8      2.364702394398      2.227800741465      7.096618584722
    0    0
