   3   1   1 E -1.6031105702715E+04 DE-3.6E-09(  9)
  0.355419112949E-02  0.700634536021E+01  0.701249093372E+01
  0.700168696480E+01  0.439345139003E-03  0.700878682406E+01
  0.700027571061E+01  0.699457266101E+01  0.845794455256E-02
    1
  0.100000000000E+01  0.000000000000E+00  0.000000000000E+00
  0.000000000000E+00  0.100000000000E+01  0.000000000000E+00
  0.000000000000E+00  0.000000000000E+00  0.100000000000E+01
  0.000000000000E+00  0.000000000000E+00  0.000000000000E+00
   54
   20      0.014576041217     -0.019907153551     -0.005174954947
   20      2.347643096683      2.371788265816     -0.026503449364
   20     -2.353602054708     -2.355813146720     -0.044854001149
   20      2.376228999937     -0.071453290747      2.342127376563
   20      4.720506663644      2.295776044534      2.333767709345
   20      0.067697087827     -2.374759482824      2.327932229074
   20     -2.352313543394     -0.058691458969     -2.338541076263
   20      0.050463152036      2.343240044704     -2.352985563149
   12     -4.643634289287     -2.342629312207     -2.324242775073
   20     -0.043629519561      2.376560993257      2.311026102581
   20      2.290880962473      4.720768336970      2.304667221105
   20     -2.376497612033      0.053329780147      2.343054348077
   20      2.308937067830      2.330256304080      4.745711102982
   20      4.684203931303      4.674041082254      4.698800094094
   20      0.016847525090      0.000007554686      4.751588688219
   20     -2.391238462797      2.376306929948      0.041605450231
   12      0.039804444451      4.746838646672      0.025977587069
   12     -4.785262268008     -0.017194368894      0.023057111550
   20     -0.045968750698     -2.352572527596     -2.354605132782
   20      2.337145582809      0.034810219665     -2.366574069312
   12     -2.342869006633     -4.613779657178     -2.397819036926
   12      2.226037769381     -2.378301742699     -0.001663297487
   20      4.729385018445     -0.029119155908      0.021278235190
   12      0.050870156163     -4.697236801490      0.044662082470
   12     -2.384997028441     -2.382740036210     -4.688596539247
   12      0.045367788531      0.004088222712     -4.775674934471
   12     -4.651004771476     -4.602170052097     -4.727608439723
    8      0.004292846342     -0.008218632924     -2.383289932732
    8      2.429077277647      2.431379206357     -2.405261928781
    8     -2.440260092174     -2.444989684143     -2.417083640760
    8      2.350199765611     -0.061653954470     -0.008825043116
    8      4.748452060910      2.329081015792     -0.046847780469
    8      0.078266033068     -2.409325659892     -0.002813720599
    8      4.748896405801     -0.092870117622      2.337254444085
    8      7.086738886375      2.244743325613      2.270720293875
    8      2.404746151979     -2.433603334424      2.313860644856
    8     -0.002510798528      2.393558254251      0.000997817323
    8      2.256408936304      4.743665700401     -0.082622992703
    8     -2.395011537407      0.001154726055      0.007446075137
    8      2.327207503657      2.331812823775      2.322470879368
    8      4.674044556346      4.668865090580      2.327612530622
    8      0.012414030405     -0.004969710722      2.352924823761
    8      4.665578431128      2.329508583516      4.693417038214
    8      7.100496244323      4.666989318437      4.754275057163
    8      2.331632316111     -0.083935121102      4.761308083970
    8     -0.083430931515      4.752601575123      2.271508631364
    8      2.246132442842      7.089928083888      2.260251294750
    8     -2.427753088036      2.434930952437      2.427285126385
    8      2.334387781132      4.673983241622      4.697210529862
    8      4.678374553093      7.059727410122      4.700624070941
    8     -0.061359002855      2.333438020050      4.742560401762
    8      4.672271180154      4.664484279107      7.093007356570
    8      7.128831260535      6.971616552788      7.124471911138
    8      2.221124705436      2.392761965672      7.110936619831
    0    0
