   3   1   1 E -1.6031033679087E+04 DE 1.6E-09(  2)
  0.303180305448E-02  0.702570569413E+01  0.703011213622E+01
  0.703018077671E+01 -0.379686623665E-02  0.703061473112E+01
  0.703527959574E+01  0.702403871039E+01 -0.166950201544E-02
    1
  0.100000000000E+01  0.000000000000E+00  0.000000000000E+00
  0.000000000000E+00  0.100000000000E+01  0.000000000000E+00
  0.000000000000E+00  0.000000000000E+00  0.100000000000E+01
  0.000000000000E+00  0.000000000000E+00  0.000000000000E+00
   54
   20      0.000000000000      0.000000000000      0.000000000000
   20      2.345093198580      2.341346236795     -0.000556500672
   20     -2.345093198580     -2.341346236795      0.000556500672
   20      2.343393592238     -0.001265622079      2.343538243707
   20      4.688486790817      2.340080614717      2.342981743035
   20     -0.001699606342     -2.342611858874      2.344094744379
   20     -2.343393592238      0.001265622079     -2.343538243707
   20      0.001699606342      2.342611858874     -2.344094744379
   12     -4.688486790817     -2.340080614717     -2.342981743035
   20      0.001010601018      2.341901898045      2.343370712073
   20      2.346103799598      4.683248134840      2.342814211401
   20     -2.344082597561      0.000555661249      2.343927212745
   20      2.344404193256      2.340636275966      4.686908955780
   12      4.689497391836      4.681982512762      4.686352455108
   20     -0.000689005324     -0.000709960829      4.687465456452
   20     -2.342382991220      2.343167520124     -0.000167531634
   12      0.002710207360      4.684513756919     -0.000724032305
   12     -4.687476189799      0.001821283328      0.000388969038
   12     -0.001010601018     -2.341901898045     -2.343370712073
   12      2.344082597561     -0.000555661249     -2.343927212745
   20     -2.346103799598     -4.683248134840     -2.342814211401
   20      2.342382991220     -2.343167520124      0.000167531634
   20      4.687476189799     -0.001821283328     -0.000388969038
   12     -0.002710207360     -4.684513756919      0.000724032305
   12     -2.344404193256     -2.340636275966     -4.686908955780
   12      0.000689005324      0.000709960829     -4.687465456452
   20     -4.689497391836     -4.681982512762     -4.686352455108
    8      0.000344502662      0.000354980415     -2.343732728226
    8      2.345437701243      2.341701217212     -2.344289228898
    8     -2.344748695918     -2.340991256381     -2.343176227554
    8      2.343738094900     -0.000910641664     -0.000194484519
    8      4.688831293481      2.340435595133     -0.000750985191
    8     -0.001355103680     -2.342256878460      0.000362016153
    8      4.687131687136     -0.002176263743      2.343343759186
    8      7.032224885716      2.339169973053      2.342787258514
    8      2.342038488557     -2.343522500539      2.343900259858
    8      0.001355103680      2.342256878460     -0.000362016153
    8      2.346448302261      4.683603115256     -0.000918516824
    8     -2.343738094900      0.000910641664      0.000194484519
    8      2.344748695918      2.340991256381      2.343176227554
    8      4.689841894498      4.682337493177      2.342619726882
    8     -0.000344502662     -0.000354980415      2.343732728226
    8      4.688142288155      2.339725634302      4.686714471260
    8      7.033235486734      4.681071871097      4.686157970588
    8      2.343049089575     -0.001620602494      4.687270971932
    8      0.002365704698      4.684158776504      2.343008695919
    8      2.347458903278      7.025505013299      2.342452195248
    8     -2.342727493881      2.342812539708      2.343565196591
    8      2.345759296936      4.682893154425      4.686546939626
    8      4.690852495515      7.024239391221      4.685990438955
    8      0.000666098356      2.341546917629      4.687103440298
    8      4.689152889174      4.681627532347      7.030085183334
    8      7.034246087752      7.022973769142      7.029528682662
    8      2.344059690594      2.340281295551      7.030641684006
    0    0
