   3   1   1 E -1.6031098377191E+04 DE 9.3E-09(  9)
  0.579113820570E-02  0.698778977774E+01  0.703978593177E+01
  0.702893685301E+01 -0.209088416686E-03  0.703941984375E+01
  0.701851972860E+01  0.696966325111E+01  0.174689342613E-01
    1
  0.100000000000E+01  0.000000000000E+00  0.000000000000E+00
  0.000000000000E+00  0.100000000000E+01  0.000000000000E+00
  0.000000000000E+00  0.000000000000E+00  0.100000000000E+01
  0.000000000000E+00  0.000000000000E+00  0.000000000000E+00
   54
   20     -0.009181737905     -0.006600314923     -0.010747082553
   20      2.315695898262      2.340259349188     -0.024890735016
   20     -2.324262272365     -2.320960091781     -0.033342654619
   20      2.332622863128     -0.084231751127      2.358397909106
   20      4.682026898510      2.319598358254      2.367446285100
   20      0.052786401543     -2.341489913180      2.381346050006
   20     -2.353644310166     -0.025284186844     -2.339410908034
   20     -0.009191636044      2.387166547540     -2.312913173209
   12     -4.636739325035     -2.337431714743     -2.285576528896
   20     -0.055071463492      2.370947244075      2.366014795181
   20      2.309637041683      4.661894791355      2.354127912864
   20     -2.343670172157      0.040152958923      2.338330906661
   20      2.325399964424      2.364312501059      4.707886767642
   12      4.764377987369      4.635884533824      4.757597467435
   12      0.018363694552     -0.135673346871      4.717030256348
   12     -2.358145499057      2.499170612296      0.026893863234
   12     -0.117988324987      4.624907903804     -0.087509240427
   20     -4.689681141987      0.032349146642     -0.000968681515
   12      0.010447856673     -2.290198956747     -2.306632804963
   20      2.345600076133     -0.031284389114     -2.322761926122
   20     -2.323301179657     -4.609296119312     -2.394615232655
   12      2.335433660644     -2.376578622812     -0.031502385120
   20      4.696207551466     -0.113901290216     -0.021075683421
   20      0.050241503864     -4.655073041552     -0.056879738230
   12     -2.308633297964     -2.369399861861     -4.738324310732
   20     -0.014615264165     -0.033476298953     -4.701949236201
   12     -4.603659541074     -4.543919941710     -4.694757961329
    8     -0.010213216551     -0.090238302149     -2.352695817826
    8      2.335380248456      2.458658153764     -2.417282254580
    8     -2.321850026241     -2.309135859416     -2.401846359837
    8      2.340453192193     -0.105128687834      0.014794325811
    8      4.687624408981      2.307465649351      0.000484639631
    8      0.086151419587     -2.328364973745     -0.032094681214
    8      4.662608154818     -0.100986463649      2.334856611089
    8      7.092207036105      2.319401563923      2.350132973011
    8      2.441328155976     -2.434556801408      2.339002928938
    8     -0.070552334103      2.419517934236      0.003985730527
    8      2.268445761989      4.649702097151     -0.060276432338
    8     -2.335877035470      0.076246990372     -0.003341531406
    8      2.330025043423      2.319235834346      2.356796209462
    8      4.692240241536      4.641412228558      2.401743351310
    8     -0.000651558420     -0.002783563730      2.419282602369
    8      4.681291511676      2.437682136083      4.755160497341
    8      6.997577951756      4.711380188930      4.770707087091
    8      2.258924125420     -0.105779474650      4.713721081132
    8     -0.108552252455      4.660662155610      2.312458916191
    8      2.343251542208      7.057838568116      2.359778015593
    8     -2.411025108880      2.455357291310      2.337469491483
    8      2.270116871836      4.662923064318      4.726011237076
    8      4.771342496574      6.842804398005      4.700625666277
    8      0.006956835834      2.371081647004      4.699770450985
    8      4.659751033909      4.569009137022      7.007380084535
    8      7.030971608207      6.858263156488      6.976969752979
    8      2.450632398645      2.464085558702      7.110227687847
    0    0
