   3   1   1 E -1.6031098851791E+04 DE-3.1E-09(  8)
  0.834913597964E-02  0.701906579169E+01  0.704612939195E+01
  0.699765135582E+01  0.503625736283E-02  0.704194372498E+01
  0.700071121648E+01  0.701159972673E+01  0.839580188048E-02
    1
  0.100000000000E+01  0.000000000000E+00  0.000000000000E+00
  0.000000000000E+00  0.100000000000E+01  0.000000000000E+00
  0.000000000000E+00  0.000000000000E+00  0.100000000000E+01
  0.000000000000E+00  0.000000000000E+00  0.000000000000E+00
   54
   20     -0.003840124923      0.007472569595     -0.024212828916
   20      2.353785361273      2.348704538075     -0.048219005079
   20     -2.356689876838     -2.330603711964     -0.058582908700
   20      2.339412033449     -0.032042649299      2.411094641853
   20      4.684474017191      2.315699726656      2.362288696644
   20      0.027963459010     -2.313748942357      2.385578091642
   20     -2.329168244199     -0.060868941367     -2.369004892795
   20      0.051960059029      2.314924593715     -2.354605489698
   12     -4.654483632090     -2.301270232578     -2.347436122920
   20     -0.066926324163      2.380610117172      2.405704784767
   20      2.273712066280      4.746737319787      2.357686061617
   20     -2.364927762591      0.063736809434      2.355579221806
   20      2.306288001129      2.317474480447      4.752027822172
   20      4.666284321167      4.718804843831      4.717503067376
   12      0.016113485764     -0.016712254926      4.724706975794
   12     -2.361829250266      2.299026657198     -0.036305840673
   20      0.002702209379      4.721124798024     -0.019819705952
   12     -4.713032647674     -0.013864228743     -0.048902423069
   12     -0.076428307628     -2.253367948859     -2.449251210365
   12      2.284570245009     -0.072266054067     -2.361313576893
   12     -2.308831978855     -4.656081260208     -2.370664890800
   20      2.353835329152     -2.340260745580     -0.012940287049
   20      4.691201164255      0.001422559370     -0.009047041002
   20      0.002270310510     -4.713371261430     -0.027845548320
   12     -2.322860487543     -2.412802924123     -4.630548312153
   12      0.058445519327     -0.055533177293     -4.665847615026
   20     -4.612194573905     -4.702880727099     -4.674465061761
    8      0.107102884826     -0.109891318026     -2.419681014438
    8      2.439764963375      2.322341088940     -2.339658968525
    8     -2.328200742652     -2.448596277217     -2.446585111042
    8      2.333492093979      0.002868662187     -0.031809145275
    8      4.671128063918      2.336903667292     -0.051754497760
    8     -0.002306984379     -2.329538106880     -0.026101746150
    8      4.740173900711     -0.077903264341      2.363329400409
    8      7.014914329911      2.270282882281      2.366828348151
    8      2.425563527832     -2.335731152032      2.441094500378
    8     -0.057172000388      2.345488619046     -0.025454195675
    8      2.332417806992      4.762162302902     -0.067090274943
    8     -2.406981373508      0.065188966579     -0.033642959822
    8      2.319251376008      2.346192973373      2.385147897751
    8      4.656883271598      4.700173387093      2.362939598117
    8     -0.002959566333      0.022763125524      2.412580597576
    8      4.680091425296      2.323619167912      4.751271997134
    8      7.084570624355      4.766151331766      4.699177781922
    8      2.226990090832     -0.114733050427      4.795387516456
    8     -0.110807516361      4.802995922888      2.400098294146
    8      2.253939416918      7.011990042915      2.334207987087
    8     -2.322233725353      2.421845751703      2.340284653407
    8      2.256070881775      4.759842787427      4.700846915149
    8      4.667644615387      7.115933545974      4.696987260987
    8     -0.095937215866      2.334778038056      4.708148917592
    8      4.676547759661      4.622558076227      7.069534090107
    8      7.103407121444      7.019509009961      7.030299016695
    8      2.425043286064      2.263397856479      7.054566672737
    0    0
