   3   1   1 E -1.6031097910042E+04 DE-7.8E-10( 11)
  0.122838974432E-01  0.698480814368E+01  0.702852079995E+01
  0.698838505515E+01 -0.136215925769E-01  0.704692488557E+01
  0.699232096314E+01  0.700167781329E+01 -0.116166160198E-01
    1
  0.100000000000E+01  0.000000000000E+00  0.000000000000E+00
  0.000000000000E+00  0.100000000000E+01  0.000000000000E+00
  0.000000000000E+00  0.000000000000E+00  0.100000000000E+01
  0.000000000000E+00  0.000000000000E+00  0.000000000000E+00
   54
   20      0.007576696101     -0.018581273990     -0.003215858919
   20      2.336458745689      2.343925576396     -0.015126357295
   20     -2.354877408473     -2.340466664430     -0.007295551525
   20      2.324102142227     -0.057918740527      2.324903932147
   20      4.682724862659      2.319374308769      2.363664947936
   20      0.019669389228     -2.351093711105      2.374372913049
   20     -2.341012005731     -0.019480317804     -2.370912961239
   20     -0.007699030648      2.358454141174     -2.353407989258
   20     -4.689340334357     -2.329180961372     -2.345712979685
   20     -0.069101994498      2.358733564800      2.342582428051
   20      2.283934114825      4.714805461853      2.303546110564
   20     -2.364263558847      0.029451164690      2.379903035538
   20      2.312575448417      2.329303400560      4.728238351998
   12      4.708198866267      4.647614100542      4.677155300722
   12     -0.072312795852     -0.013912376616      4.711457367249
   20     -2.379641560835      2.404100105969     -0.012914707261
   12      0.054375117215      4.708292118931     -0.000394568537
   12     -4.790867842387     -0.033959523533      0.011074736205
   20     -0.012050479925     -2.329819095665     -2.370942765392
   20      2.374822550562      0.008481353195     -2.360685436075
   12     -2.351945968561     -4.627728660717     -2.310654374948
   12      2.342581023374     -2.332246721686      0.064684971047
   20      4.722955115933     -0.078976123314     -0.005503460650
   20      0.032999796640     -4.726909088398      0.019774815841
   12     -2.263798586050     -2.338518086793     -4.654007579063
   12      0.142590003461      0.032211777234     -4.753850566950
   12     -4.597143313946     -4.637234385646     -4.674258379285
    8      0.022255012290     -0.001048390361     -2.366317352652
    8      2.415534742403      2.354541629824     -2.391363050013
    8     -2.349326992119     -2.409608136516     -2.400565776219
    8      2.344362629438     -0.082513810364     -0.014450456956
    8      4.673406111689      2.309696841472     -0.047215869235
    8      0.065052346495     -2.349244887771      0.002419627131
    8      4.737613340940     -0.104996541239      2.357912383904
    8      7.061329902676      2.247823635667      2.358741507683
    8      2.419426086586     -2.430503907614      2.275461024860
    8     -0.006974655690      2.407276643023     -0.014614725974
    8      2.230254064009      4.715656734895     -0.002928024388
    8     -2.409428517323      0.001822697866     -0.004569297584
    8      2.323844213176      2.328412527747      2.361974121277
    8      4.652168976837      4.674257636029      2.366396212453
    8     -0.014662572615     -0.006000177146      2.357192098020
    8      4.653502797697      2.391820852970      4.705878625560
    8      6.892107498640      4.745911563940      4.734683710875
    8      2.240391230027     -0.018947285775      4.763005379443
    8     -0.090118318787      4.766950510777      2.325739359843
    8      2.246183290710      7.098218948588      2.244842876189
    8     -2.434293121050      2.438771648381      2.393421418391
    8      2.419593750979      4.673293053324      4.688955785564
    8      4.779810168022      6.991795113357      4.678820260247
    8     -0.092489282490      2.241698319242      4.679004806899
    8      4.679868200255      4.655818032095      7.020568895184
    8      7.135011401711      6.865009839895      7.037257468610
    8      2.322523323812      2.353255204989      7.114504429377
    0    0
