   3   1   1 E -1.6031096688985E+04 DE-9.2E-09(  9)
  0.798879840628E-02  0.701224506375E+01  0.702930363711E+01
  0.700598979877E+01  0.193039659897E-02  0.702829701527E+01
  0.701307138797E+01  0.701281283133E+01  0.601251348267E-03
    1
  0.100000000000E+01  0.000000000000E+00  0.000000000000E+00
  0.000000000000E+00  0.100000000000E+01  0.000000000000E+00
  0.000000000000E+00  0.000000000000E+00  0.100000000000E+01
  0.000000000000E+00  0.000000000000E+00  0.000000000000E+00
   54
   20     -0.005825664481     -0.027044371019     -0.058890702272
   20      2.330499814663      2.372505550728     -0.029730523927
   20     -2.324968492251     -2.369770704631     -0.042340682476
   20      2.350119845891     -0.066817351612      2.352096397533
   20      4.727419930492      2.329507569803      2.345840053029
   20      0.033752134087     -2.363625994895      2.350092848783
   20     -2.323645055115     -0.063713851871     -2.369539914030
   12      0.027699525421      2.426179799709     -2.262228008342
   12     -4.711335725286     -2.410822752972     -2.355782081437
   20     -0.059571910567      2.381405482066      2.357978672500
   20      2.303249090278      4.695671789601      2.340803510255
   12     -2.334991979782      0.011770226159      2.436271488271
   20      2.295020644748      2.378592145140      4.717684229272
   20      4.697315932533      4.682826142087      4.673636264508
   20     -0.023949977868      0.006794803053      4.717236688399
   20     -2.333039573837      2.378756417004      0.044993821497
   12      0.037570384399      4.634624403958     -0.043999432439
   20     -4.682387130240     -0.018942784256     -0.014786604300
   12      0.028020059937     -2.386629276024     -2.271759845742
   20      2.317370823846      0.021744979389     -2.347260884490
   12     -2.248192331292     -4.646936270440     -2.369421735750
   12      2.283595820318     -2.332975573676     -0.046540303309
   20      4.688260371178     -0.027158603678     -0.008003015871
   12     -0.062430636228     -4.632330846731     -0.074677628868
   12     -2.322114986828     -2.311014965464     -4.718851787635
   20     -0.012854697169     -0.024769513535     -4.686387119677
   20     -4.661085528302     -4.623773093059     -4.685284010584
    8     -0.007487591648     -0.030697428875     -2.342447335414
    8      2.306967940199      2.474600741023     -2.340466246357
    8     -2.314364565783     -2.470880708642     -2.429263308021
    8      2.328183498774     -0.076142855993     -0.037658803232
    8      4.777335660887      2.341290778531     -0.059371068675
    8      0.098718154088     -2.431768427988     -0.057766793601
    8      4.667506635618     -0.082478276454      2.343987107833
    8      7.013115510600      2.345314510371      2.345383527520
    8      2.423647791119     -2.333843094793      2.371134841813
    8      0.001489104338      2.408470615221     -0.052417500131
    8      2.236257716384      4.672216394146     -0.028365143786
    8     -2.323772216327     -0.020628257659      0.046844706970
    8      2.334447867657      2.344608767993      2.336993330869
    8      4.686333088760      4.733771262820      2.340833702148
    8     -0.086336216309     -0.014614395594      2.349048273493
    8      4.751769514092      2.342593714308      4.723825063601
    8      7.110473155685      4.590016239754      4.788743664534
    8      2.324388295477     -0.068601239455      4.697104062718
    8     -0.106373832422      4.666422366990      2.309369673758
    8      2.417855276617      7.020463036370      2.354514416736
    8     -2.333850513632      2.356438533972      2.425066658609
    8      2.268463208242      4.678789284348      4.738449229425
    8      4.669154905896      7.099587504914      4.625235607669
    8     -0.084278390763      2.450533589808      4.731263171928
    8      4.694577746824      4.671696039092      7.102930093381
    8      7.017978034823      7.010308652313      7.021979827357
    8      2.236024465443      2.429926611194      7.005808112712
    0    0
