   3   1   1 E -1.6031094257180E+04 DE 2.2E-10( 11)
  0.165345621011E-03  0.700040526829E+01  0.700045464992E+01
  0.700171283178E+01  0.659027624714E-02  0.700051068092E+01
  0.700256463838E+01  0.700754285007E+01 -0.530252981133E-03
    1
  0.100000000000E+01  0.000000000000E+00  0.000000000000E+00
  0.000000000000E+00  0.100000000000E+01  0.000000000000E+00
  0.000000000000E+00  0.000000000000E+00  0.100000000000E+01
  0.000000000000E+00  0.000000000000E+00  0.000000000000E+00
   54
   20     -0.004893641964      0.005428981981     -0.035771329637
   20      2.308611321370      2.403175992147     -0.071396651798
   20     -2.359388289082     -2.341852761291     -0.060848791276
   20      2.326836348161     -0.041156425864      2.377630750161
   20      4.682059069389      2.350320275976      2.368857815006
   20     -0.008058090974     -2.335159515763      2.426370926643
   20     -2.345513958218     -0.069588588063     -2.371815936647
   12     -0.029560140400      2.436481588038     -2.276451276503
   12     -4.654458982142     -2.360969550975     -2.326779838771
   20     -0.051012413703      2.385892698201      2.374175098921
   20      2.285356771555      4.696166449581      2.311503744828
   20     -2.325819422440      0.002813274441      2.393109509339
   20      2.303396279516      2.330873543604      4.708854377051
   12      4.760121944561      4.653695317449      4.710422137930
   12     -0.021602143335     -0.074581247121      4.753573327290
   20     -2.312115103080      2.371569688169     -0.024349437865
   12     -0.051805540233      4.667645026061     -0.106388788937
   12     -4.746408237906     -0.110430379758     -0.081138591893
   12     -0.068644646647     -2.347966794894     -2.345006885634
   20      2.345173943444      0.014689325908     -2.330815110773
   12     -2.256461458249     -4.536948057679     -2.380302701773
   20      2.362422612030     -2.330799054078     -0.014695953155
   20      4.739128325724     -0.040534000566     -0.052662547983
   20      0.006272901391     -4.685491908626     -0.054875535772
   12     -2.195725270914     -2.331110204468     -4.619561967139
   20     -0.001853859380     -0.054161557700     -4.661892786992
   20     -4.658051637948     -4.644304692464     -4.624949995570
    8     -0.012625756423     -0.034697046270     -2.345136881599
    8      2.322279702756      2.473644833366     -2.348724674838
    8     -2.268613939940     -2.433921274648     -2.433324478672
    8      2.345694440240     -0.000387779588     -0.018610594414
    8      4.680823122036      2.356919687997     -0.078880362862
    8     -0.011344299153     -2.334799520961     -0.045094965672
    8      4.675038260697     -0.073612799438      2.331799043588
    8      7.005032505044      2.341795324315      2.407269850631
    8      2.407441603884     -2.330511531939      2.457137658774
    8     -0.012526516336      2.425058523570     -0.077750692557
    8      2.240730953983      4.783365417617     -0.123596544235
    8     -2.374195815918     -0.007539277429     -0.023214347761
    8      2.312119768337      2.353718260983      2.344451749516
    8      4.667788455880      4.674397511736      2.380939503041
    8     -0.009409407858     -0.009403538663      2.422668700601
    8      4.744845402628      2.401064172873      4.687053338681
    8      6.927135901206      4.630701959874      4.789210587719
    8      2.206484389470     -0.138689919840      4.759242799964
    8     -0.103307116319      4.666322209316      2.305695695337
    8      2.329507019523      6.991510645479      2.342965203499
    8     -2.335150666211      2.446193620387      2.437111554275
    8      2.310436467757      4.666919323530      4.660179237779
    8      4.795656991513      6.976912128108      4.674661863072
    8     -0.103987192852      2.373686238344      4.674424381110
    8      4.785751767276      4.665530317000      6.974382309996
    8      7.129445032335      6.892907915988      6.871823904291
    8      2.336934916967      2.294639951780      6.990480452036
    0    0
