   3   1   1 E -1.6031103061182E+04 DE 1.3E-09( 10)
 -0.127495069658E-01  0.697643081994E+01  0.697327285019E+01
  0.701865817439E+01 -0.111107906688E-01  0.696414784223E+01
  0.702157884752E+01  0.696351833689E+01 -0.745865345882E-02
    1
  0.100000000000E+01  0.000000000000E+00  0.000000000000E+00
  0.000000000000E+00  0.100000000000E+01  0.000000000000E+00
  0.000000000000E+00  0.000000000000E+00  0.100000000000E+01
  0.000000000000E+00  0.000000000000E+00  0.000000000000E+00
   54
   20     -0.027073098505      0.000886828609     -0.040244416705
   20      2.303706971093      2.331360014118     -0.065702191163
   20     -2.335968945883     -2.321429715483     -0.004580232914
   20      2.357983347517     -0.011757567949      2.350365751384
   20      4.709855434761      2.323663995268      2.327359645889
   20      0.000119589337     -2.327193500742      2.349864994838
   20     -2.316620663767     -0.003256778424     -2.310504264111
   20      0.014070406903      2.332200185876     -2.333945602461
   12     -4.671465753597     -2.288849589888     -2.292793470320
   20     -0.031880864442      2.357454843351      2.326769415747
   20      2.316736888780      4.699844800092      2.350671865702
   12     -2.281292489089      0.002320879310      2.358243832675
   20      2.337403978965      2.369741123644      4.697152861175
   12      4.706882852216      4.692406028603      4.675937448227
   20     -0.018578370598     -0.034055099463      4.694434155668
   12     -2.277814759542      2.376582592739     -0.025815921840
   12     -0.021952197465      4.606516899187     -0.077952301622
   20     -4.697818481265      0.017774557795      0.054309077718
   12      0.032448670140     -2.268930561753     -2.298457144086
   12      2.299844289887     -0.116972667307     -2.449938954484
   20     -2.343156860602     -4.661009484668     -2.322624736026
   20      2.352790284801     -2.350449026860     -0.045005078408
   20      4.721378260906     -0.042152004829     -0.024435852564
   12     -0.035120827671     -4.617760126615      0.011700515109
   20     -2.296731258500     -2.336036794143     -4.655706072169
   12     -0.071151976421     -0.026721220701     -4.705539731429
   20     -4.680046256087     -4.688212917198     -4.632809331164
    8      0.064065178545     -0.096976815108     -2.408775951182
    8      2.343546198508      2.333913593676     -2.331236984779
    8     -2.348121738638     -2.321039526276     -2.326437919170
    8      2.347330287963     -0.013078573793     -0.056600104149
    8      4.758491302169      2.308497540308     -0.004679973094
    8      0.013212272252     -2.401379273402     -0.076261570386
    8      4.758700514312     -0.007506994825      2.327404942349
    8      7.006157585880      2.247286061448      2.241144499748
    8      2.357752334696     -2.324736605840      2.393732821368
    8     -0.075035711339      2.409172007646      0.004266279366
    8      2.263299626363      4.644318809355     -0.078345246439
    8     -2.328264135648      0.080609398264      0.082119743383
    8      2.335552490627      2.337341345900      2.332063262101
    8      4.699807272160      4.739413144113      2.399712000269
    8     -0.061922372803      0.005288722273      2.325804744462
    8      4.677494719974      2.410929874461      4.731550101458
    8      7.056963898536      4.639616110635      4.728034080603
    8      2.336158704904     -0.081669185815      4.660234240251
    8     -0.006896832417      4.749716522881      2.333188426209
    8      2.255300787117      6.966860709608      2.416525960096
    8     -2.343964744720      2.232848633312      2.251620581188
    8      2.299735237004      4.748137968671      4.645706762268
    8      4.581723202771      6.842840123660      4.535471392609
    8      0.000037870735      2.408432169971      4.754366694944
    8      4.761395664909      4.546974674992      6.846442450601
    8      7.017365536427      6.932791084155      7.064851183576
    8      2.307260495100      2.325205434881      6.982172495010
    0    0
