   3   1   1 E -1.6031100444376E+04 DE 3.5E-08(  8)
  0.570273275494E-02  0.700036285444E+01  0.700671500771E+01
  0.700617771720E+01 -0.571160320718E-02  0.700964075791E+01
  0.700087962012E+01  0.699267130212E+01  0.528992082842E-02
    1
  0.100000000000E+01  0.000000000000E+00  0.000000000000E+00
  0.000000000000E+00  0.100000000000E+01  0.000000000000E+00
  0.000000000000E+00  0.000000000000E+00  0.100000000000E+01
  0.000000000000E+00  0.000000000000E+00  0.000000000000E+00
   54
   20      0.002006895206      0.015841445639     -0.013166235040
   20      2.354357285449      2.318424804602     -0.062231179792
   20     -2.344296198951     -2.362648419307     -0.005382942479
   20      2.334390976226     -0.033560251663      2.340916147762
   20      4.716009131595      2.308421306694      2.320619411500
   20      0.034066343217     -2.365936767345      2.370615993233
   20     -2.336254938776      0.005482724220     -2.310063986904
   20      0.026262805787      2.362697746020     -2.386207115410
   12     -4.681059833949     -2.302527371474     -2.379173595871
   20     -0.030335495702      2.317137553858      2.347395067024
   20      2.313673605592      4.710518640335      2.380734670207
   20     -2.368450882205      0.007596484177      2.367775814904
   20      2.345896664059      2.327187069078      4.694320337954
   12      4.635174412495      4.702073686562      4.746860356452
   12      0.030123550871     -0.055233332242      4.690810617161
   12     -2.344375053029      2.347878962693      0.004170291217
   20     -0.037435662910      4.726756181467     -0.046200434329
   20     -4.736688177094      0.040627891689      0.004720760477
   20      0.011263432476     -2.327433660750     -2.330584113808
   12      2.269598396985     -0.015198904897     -2.326067265079
   20     -2.363029157210     -4.726442489583     -2.299904208928
   20      2.383323438420     -2.365973695550     -0.000443646205
   12      4.818713467558      0.104498801656     -0.045677726553
   12     -0.041321420800     -4.753649383423      0.042499294225
   20     -2.349580250455     -2.345678546125     -4.700141346419
   12      0.038385240364      0.062783637513     -4.645911111726
   12     -4.698186819334     -4.605382570385     -4.693968581775
    8      0.081987986671      0.011636487736     -2.356382077382
    8      2.333513630167      2.323143324910     -2.416950050694
    8     -2.414224117788     -2.348352459430     -2.307040363642
    8      2.395498105500      0.001164597021     -0.080425354002
    8      4.737508339494      2.230792601593      0.004786385102
    8      0.001905617142     -2.408280467509      0.002707662440
    8      4.767613862503     -0.013897496725      2.317651535458
    8      7.110567611605      2.211854616884      2.229314336097
    8      2.354680555259     -2.412398127510      2.421065595117
    8     -0.066462170703      2.351297516823     -0.031240022283
    8      2.311081289579      4.676547741032     -0.044098262790
    8     -2.353409651441      0.058397202548      0.006592622602
    8      2.350499169334      2.324156461636      2.361666182506
    8      4.675539590275      4.654734100017      2.395933842165
    8     -0.000264106617     -0.006451091754      2.358940856326
    8      4.682962923759      2.397769304749      4.694492122310
    8      7.047378337444      4.785627883310      4.669510700554
    8      2.241919916867     -0.090762807465      4.691574320288
    8     -0.005627108963      4.733238820670      2.338327489939
    8      2.218393856134      7.082791238208      2.427439599574
    8     -2.439622396609      2.324079079497      2.244711495051
    8      2.416841722195      4.753491605385      4.696014917753
    8      4.686708659068      6.894599475031      4.718982461051
    8     -0.007233818751      2.239581765648      4.748103383793
    8      4.682726271535      4.649623655444      6.894375969406
    8      6.873808647328      7.097613463130      6.958324919050
    8      2.390895838423      2.322691455760      7.086710051398
    0    0
