   3   1   1 E -1.6031036349631E+04 DE-4.9E-10(  2)
  0.329637830204E-02  0.702535177105E+01  0.703014829556E+01
  0.702987181109E+01 -0.463831739241E-02  0.703180829867E+01
  0.703281040759E+01  0.702417539095E+01 -0.166431376359E-02
    1
  0.100000000000E+01  0.000000000000E+00  0.000000000000E+00
  0.000000000000E+00  0.100000000000E+01  0.000000000000E+00
  0.000000000000E+00  0.000000000000E+00  0.100000000000E+01
  0.000000000000E+00  0.000000000000E+00  0.000000000000E+00
   54
   20      0.000000000000      0.000000000000      0.000000000000
   20      2.344270135862      2.341391796983     -0.000554771255
   20     -2.344270135862     -2.341391796983      0.000554771255
   20      2.343290603696     -0.001546105797      2.343936099556
   20      4.687560739559      2.339845691186      2.343381328302
   20     -0.000979532166     -2.342937902781      2.344490870811
   20     -2.343290603696      0.001546105797     -2.343936099556
   12      0.000979532166      2.342937902781     -2.344490870811
   12     -4.687560739559     -2.339845691186     -2.343381328302
   20      0.001098792767      2.341783923682      2.343382765185
   12      2.345368928630      4.683175720666      2.342827993930
   20     -2.343171343095      0.000392126699      2.343937536440
   20      2.344389396464      2.340237817885      4.687318864741
   12      4.688659532326      4.681629614868      4.686764093487
   20      0.000119260601     -0.001153979099      4.687873635996
   12     -2.342191810929      2.343330029480     -0.000553334371
   20      0.002078324933      4.684721826463     -0.001108105626
   20     -4.686461946791      0.001938232496      0.000001436883
   20     -0.001098792767     -2.341783923682     -2.343382765185
   20      2.343171343095     -0.000392126699     -2.343937536440
   12     -2.345368928630     -4.683175720666     -2.342827993930
   20      2.342191810929     -2.343330029480      0.000553334371
   12      4.686461946791     -0.001938232496     -0.000001436883
   12     -0.002078324933     -4.684721826463      0.001108105626
   12     -2.344389396464     -2.340237817885     -4.687318864741
   20     -0.000119260601      0.001153979099     -4.687873635996
   20     -4.688659532326     -4.681629614868     -4.686764093487
    8     -0.000059630301      0.000576989549     -2.343936817998
    8      2.344210505563      2.341968786534     -2.344491589252
    8     -2.344329766163     -2.340814807434     -2.343382046743
    8      2.343230973396     -0.000969116248     -0.000000718442
    8      4.687501109259      2.340422680736     -0.000555489696
    8     -0.001039162467     -2.342360913232      0.000554052813
    8      4.686521577093     -0.002515222046      2.343935381115
    8      7.030791712956      2.338876574939      2.343380609862
    8      2.342251441230     -2.343907019029      2.344490152370
    8      0.001039162467      2.342360913232     -0.000554052813
    8      2.345309298330      4.683752710216     -0.001108824067
    8     -2.343230973396      0.000969116248      0.000000718442
    8      2.344329766163      2.340814807434      2.343382046743
    8      4.688599902026      4.682206604419      2.342827275489
    8      0.000059630301     -0.000576989549      2.343936817998
    8      4.687620369861      2.339268701637      4.687318146301
    8      7.031890505724      4.680660498621      4.686763375047
    8      2.343350233997     -0.002123095347      4.687872917554
    8      0.002137955234      4.684144836916      2.342828712374
    8      2.346408091097      7.025536633899      2.342273941119
    8     -2.342132180628      2.342753039933      2.343383483629
    8      2.345428558930      4.682598731118      4.686764811930
    8      4.689698694793      7.023990528101      4.686210040675
    8      0.001158423068      2.341206934135      4.687319583185
    8      4.688719162628      4.681052625321      7.030700911488
    8      7.032989298491      7.022444422304      7.030146140233
    8      2.344449026765      2.339660828338      7.031255682742
    0    0
