   3   1   1 E -1.6031093962765E+04 DE 4.7E-10( 11)
  0.105559506745E-01  0.697971770091E+01  0.703262888461E+01
  0.702221891668E+01  0.111821154261E-01  0.702601481086E+01
  0.703627070167E+01  0.698125421482E+01  0.280545319770E-02
    1
  0.100000000000E+01  0.000000000000E+00  0.000000000000E+00
  0.000000000000E+00  0.100000000000E+01  0.000000000000E+00
  0.000000000000E+00  0.000000000000E+00  0.100000000000E+01
  0.000000000000E+00  0.000000000000E+00  0.000000000000E+00
   54
   20     -0.013688192653      0.044105507163     -0.037444036923
   20      2.370051514360      2.356658748896     -0.006442027337
   20     -2.354756580092     -2.362349360245      0.001670098130
   20      2.379813190409     -0.046601829266      2.358965880135
   20      4.680347726163      2.333887462591      2.330530644172
   20      0.001409098425     -2.357315447518      2.357135189811
   20     -2.366196177004     -0.013570028619     -2.361776079273
   12     -0.097675316476      2.411284395402     -2.275386843568
   12     -4.586843385621     -2.378708495204     -2.375825279086
   20     -0.012844007509      2.363117986716      2.357968662245
   12      2.401217544269      4.690861139599      2.362237578911
   20     -2.355046505968      0.014598944936      2.384473388580
   20      2.367478581509      2.347717412985      4.685699019398
   12      4.578663619774      4.576713976541      4.707417077010
   20     -0.030601501136     -0.018820351146      4.721849816688
   12     -2.260454398750      2.395652411138     -0.063697721444
   20     -0.030879901931      4.648352767259     -0.015519377562
   20     -4.698499347816     -0.002975792435      0.012597590939
   20     -0.026271360925     -2.355225365033     -2.346917188900
   20      2.386016652922      0.018450069188     -2.365353573217
   12     -2.302673655182     -4.575086374785     -2.386898651833
   20      2.391198412370     -2.345207895293     -0.014523815006
   12      4.764245623616      0.049395106080     -0.015383508972
   12     -0.096321150711     -4.712629232615     -0.006358955206
   12     -2.406140538010     -2.367870820333     -4.760624258328
   20     -0.023344469008      0.001383272858     -4.703456084534
   20     -4.675990597572     -4.628284817962     -4.663551842445
    8      0.000968240658      0.076700992255     -2.344653060565
    8      2.363310536630      2.466353030703     -2.339905933664
    8     -2.405247514991     -2.428083287911     -2.336774994422
    8      2.420140618739      0.016235603045     -0.031547597981
    8      4.782810389850      2.234385271871     -0.050505823237
    8     -0.027233585954     -2.405424545145     -0.036832267150
    8      4.663342339017     -0.096724691486      2.284554213696
    8      7.017959037006      2.326106048937      2.325659093703
    8      2.397001460731     -2.322531176145      2.342600873517
    8     -0.058128845100      2.329561883634     -0.007385457641
    8      2.353260744493      4.666712847897      0.017765703888
    8     -2.349026538046      0.070978725069     -0.008827568485
    8      2.365734947003      2.409649315502      2.373963490071
    8      4.633013407528      4.666953650026      2.410674687455
    8      0.002984278006     -0.001325617666      2.352902673269
    8      4.766745378253      2.417623975404      4.775500098095
    8      6.972299299989      4.526905940971      4.675067214233
    8      2.324217115403     -0.110368568216      4.689375306968
    8     -0.003371534246      4.666785456527      2.349438286157
    8      2.353802815557      6.880578462927      2.347109022999
    8     -2.325272836156      2.457298203752      2.390065933546
    8      2.456964308533      4.655200360764      4.636478151942
    8      4.708201207524      6.977203911047      4.783621572786
    8     -0.088765400552      2.310055106259      4.738794168332
    8      4.697468175872      4.591438217397      7.005508614181
    8      6.923358778483      7.094245004711      7.022176431732
    8      2.381953358892      2.310645627157      7.030312633192
    0    0
