   3   1   1 E -1.6031100720813E+04 DE 5.7E-10( 11)
  0.357163256098E-03  0.700605900930E+01  0.701815121054E+01
  0.700223152725E+01 -0.846027813783E-02  0.702064818148E+01
  0.700178053777E+01  0.700202673497E+01 -0.185461489646E-02
    1
  0.100000000000E+01  0.000000000000E+00  0.000000000000E+00
  0.000000000000E+00  0.100000000000E+01  0.000000000000E+00
  0.000000000000E+00  0.000000000000E+00  0.100000000000E+01
  0.000000000000E+00  0.000000000000E+00  0.000000000000E+00
   54
   20     -0.004707916029     -0.019422700185     -0.021265732852
   20      2.323069289933      2.348498188683     -0.071270217899
   20     -2.349888456713     -2.316431349886      0.026569548439
   20      2.333721642953     -0.010278136293      2.382241684346
   20      4.668965455759      2.305644837747      2.352701509984
   20      0.017052072421     -2.328549763808      2.347883788807
   20     -2.345991075257     -0.018012776757     -2.334882129548
   20      0.032547396649      2.325470007249     -2.365793651150
   12     -4.693515300853     -2.296414131693     -2.268454817585
   20     -0.000459940643      2.376868134742      2.335664293466
   20      2.310189686869      4.712953451044      2.358227793284
   12     -2.382948294986      0.026551751804      2.394213119310
   12      2.309208509305      2.378055413747      4.775132399753
   20      4.618047751382      4.674865357149      4.658148981696
   20      0.013903649623     -0.002661217776      4.699578870146
   20     -2.375452784334      2.349809822620      0.008607989565
   12      0.083242505243      4.716932736893     -0.033325759897
   12     -4.669085114579     -0.068277125679     -0.054857868981
   12      0.110124691594     -2.260045578836     -2.315185620432
   12      2.315371926881     -0.045133996144     -2.360558316802
   20     -2.346121257747     -4.667832489149     -2.348062293193
   12      2.272290454097     -2.293266903123     -0.093452882544
   20      4.672559141733     -0.045961081092      0.004194137755
   20      0.051514756427     -4.679032223285     -0.027078919735
   20     -2.322502015537     -2.331905567300     -4.677708656461
   12      0.040107411402     -0.086654707643     -4.692174732755
   20     -4.668408967757     -4.709368493992     -4.684584760231
    8      0.124485038362     -0.107948359888     -2.413893884070
    8      2.332519131527      2.333350292516     -2.343949753846
    8     -2.360604445074     -2.346768348849     -2.340684693993
    8      2.323238316844     -0.092025153734     -0.057510889880
    8      4.672939551180      2.328707334292      0.009400252955
    8      0.102339286375     -2.335759011648     -0.028442559328
    8      4.736257594061     -0.004738971722      2.344470903677
    8      6.990912966335      2.237603172629      2.326973340383
    8      2.325584806673     -2.334150864659      2.367293480185
    8      0.001012232287      2.407385353028     -0.020217215008
    8      2.251311950566      4.742327171982     -0.081146766426
    8     -2.455582832608     -0.000461627236      0.022615563560
    8      2.340036994876      2.342206701535      2.369260634023
    8      4.669368890666      4.762194634552      2.341404452280
    8     -0.096538504706      0.012385416496      2.347443090290
    8      4.582662810421      2.331440373831      4.696325481998
    8      7.092186168321      4.666985892295      4.768706909820
    8      2.314810944488     -0.032469268378      4.769315154678
    8      0.012079803191      4.772847381087      2.328390209935
    8      2.348944053981      7.001800141514      2.343512840653
    8     -2.333222959510      2.239928686406      2.341244477165
    8      2.249654912293      4.686643041783      4.774961196082
    8      4.570899018629      7.005224350263      4.624436135380
    8      0.123301645308      2.437294763772      4.664317410638
    8      4.652760622108      4.665990251665      7.018182693289
    8      7.109437022599      6.896720726997      7.100836654455
    8      2.326031290229      2.345199058021      6.898498621689
    0    0
