   3   1   1 E -1.6031088684715E+04 DE 5.9E-10( 11)
 -0.116943891066E-01  0.702366087493E+01  0.701557606780E+01
  0.699058729178E+01 -0.274276473368E-02  0.701247539039E+01
  0.698554927601E+01  0.702144106254E+01 -0.364007802290E-02
    1
  0.100000000000E+01  0.000000000000E+00  0.000000000000E+00
  0.000000000000E+00  0.100000000000E+01  0.000000000000E+00
  0.000000000000E+00  0.000000000000E+00  0.100000000000E+01
  0.000000000000E+00  0.000000000000E+00  0.000000000000E+00
   54
   20      0.017649476168     -0.017382876527     -0.062361626175
   20      2.281396172195      2.399521222176     -0.047624339805
   20     -2.347368270841     -2.368079414735     -0.039356985259
   20      2.296746839180     -0.041458985356      2.351982629155
   20      4.659657502485      2.356875733721      2.355564716571
   20      0.068265203657     -2.365946254573      2.413266804075
   20     -2.325746110041     -0.035057615975     -2.335342197928
   12      0.064065737471      2.372740739865     -2.320279782046
   12     -4.609301313133     -2.394089344442     -2.412685159640
   20     -0.020650008055      2.380504931969      2.357139943887
   12      2.237336038615      4.674907904839      2.335335408904
   20     -2.344397572582      0.014568024569      2.378738710792
   20      2.265736673895      2.385177774957      4.670152874798
   20      4.680427701161      4.695659162984      4.695004019857
   12     -0.022173021662      0.003881367133      4.662165038015
   20     -2.342354613120      2.389646153506      0.000812074043
   12      0.107753139186      4.691549657242     -0.119862695622
   20     -4.713181463378     -0.034665535560     -0.001152895072
   12      0.050576194697     -2.368275231543     -2.362133453811
   20      2.318111632044      0.007617605531     -2.381248359616
   12     -2.261299049448     -4.650182419585     -2.350741406105
   12      2.267756130523     -2.393820641059     -0.019034260507
   20      4.675187152702     -0.023907961884     -0.032594826616
   20      0.019883182294     -4.672741222743     -0.046372170877
   20     -2.332344564052     -2.387066598866     -4.628400009177
   20      0.042620691711     -0.031871148034     -4.648924976230
   12     -4.653274136158     -4.607048793737     -4.575717353363
    8      0.016382474158     -0.013928407443     -2.342963093273
    8      2.294527964417      2.442137063420     -2.401044070827
    8     -2.305097793885     -2.430129076598     -2.334777782697
    8      2.324017507721     -0.046263265332     -0.031208916629
    8      4.652290166232      2.345760770495     -0.067110816770
    8      0.094704256651     -2.358874983726     -0.027438299813
    8      4.663125449512     -0.025155822380      2.369998990479
    8      7.099074579406      2.331733678662      2.425592696353
    8      2.329947500339     -2.412049684880      2.394923366383
    8      0.005996830187      2.417002904353     -0.094478196522
    8      2.216751611454      4.687850925005     -0.044443142643
    8     -2.341684023218     -0.013279766118     -0.019136422789
    8      2.293610467525      2.397440416856      2.347732094529
    8      4.618600315119      4.674838159423      2.363966975255
    8      0.003317665460     -0.005535310027      2.384324266590
    8      4.696091334077      2.360423489014      4.686941554195
    8      7.124876010126      4.705399768497      4.816593706962
    8      2.220904122379     -0.076472436929      4.687012780221
    8      0.103993979418      4.673206351776      2.419659281229
    8      2.315933064930      7.005695780243      2.346358523875
    8     -2.432025472457      2.344875453313      2.379190828133
    8      2.203676962398      4.692892037119      4.648705247370
    8      4.728731989215      7.093795473725      4.680010535314
    8     -0.102317691072      2.370991964940      4.675036622965
    8      4.650307637154      4.680318770073      7.010938608016
    8      6.982317075117      6.926228130612      6.949347950900
    8      2.300856476184      2.440657659353      7.049788201691
    0    0
