   3   1   1 E -1.6031106322363E+04 DE-4.1E-09(  9)
  0.117087114514E-01  0.699648787255E+01  0.701906285105E+01
  0.698855572445E+01  0.419558527980E-02  0.701904231352E+01
  0.699312268618E+01  0.699536432185E+01  0.549018219196E-02
    1
  0.100000000000E+01  0.000000000000E+00  0.000000000000E+00
  0.000000000000E+00  0.100000000000E+01  0.000000000000E+00
  0.000000000000E+00  0.000000000000E+00  0.100000000000E+01
  0.000000000000E+00  0.000000000000E+00  0.000000000000E+00
   54
   20      0.010805757003     -0.006564948384     -0.007014503247
   20      2.351770594767      2.331349063682     -0.071026589254
   20     -2.340338719570     -2.353953810438     -0.045318768209
   20      2.363204301184     -0.058855322055      2.341681387026
   20      4.703252879724      2.306723206722      2.333595410344
   20      0.053185816713     -2.361316651433      2.324937855811
   20     -2.339289232633     -0.028048040275     -2.334661682076
   20      0.044629356968      2.308546488485     -2.346843675553
   12     -4.586724258499     -2.310558067254     -2.308624062682
   20     -0.056148190493      2.360762570049      2.336419699389
   20      2.289932944229      4.722204857690      2.327899331796
   20     -2.383854631219      0.058464951685      2.321232453034
   20      2.325037900796      2.331195358032      4.751417923295
   20      4.622224803858      4.673053409964      4.710946042959
   20      0.009741272986      0.019707312693      4.717852275992
   12     -2.355528024613      2.426388261719      0.014202402705
   20     -0.003073714002      4.693500040752      0.034971173202
   12     -4.632865646854     -0.033190523005     -0.018913922847
   20     -0.026095102122     -2.333606374349     -2.355374568848
   12      2.333517991490     -0.039029308870     -2.280867936650
   12     -2.368274548916     -4.648918704046     -2.316021639745
   12      2.299221284110     -2.321272313919      0.002435823300
   20      4.668777992063     -0.006850886840      0.001419387763
   12      0.017247421003     -4.681645670016      0.019592766792
   12     -2.369910768086     -2.373802862668     -4.641096481591
   12      0.021332720261      0.027847951177     -4.706408991740
   20     -4.643683258674     -4.665377890211     -4.696866568871
    8      0.101010552316     -0.003682149860     -2.368205517170
    8      2.429246598314      2.328190249104     -2.336119505844
    8     -2.455025006154     -2.442864737982     -2.431648789562
    8      2.335814753801     -0.078192469919     -0.068689163890
    8      4.735261495173      2.330188304045     -0.064434134212
    8      0.094615973454     -2.426830123571      0.003041242872
    8      4.750035229867     -0.087245505744      2.337058656085
    8      6.992438348086      2.230825267905      2.258856183245
    8      2.411334672482     -2.330063551133      2.321266581655
    8     -0.055561711673      2.339650523024     -0.020366877368
    8      2.331060686032      4.742694627432     -0.066528476401
    8     -2.428066882879      0.070904872696     -0.006067440107
    8      2.333670969209      2.332019307295      2.351195768732
    8      4.658106789355      4.666352901822      2.329806365662
    8     -0.001302379523      0.003448362950      2.330647830440
    8      4.670352477365      2.333786090796      4.744043534207
    8      7.057244214786      4.667728657065      4.678592536922
    8      2.333489569723     -0.094563113855      4.757130396419
    8     -0.090466389203      4.757731994349      2.338389194759
    8      2.260909334622      6.993363788635      2.301786972883
    8     -2.322509662192      2.435587094908      2.308007819131
    8      2.330759008957      4.749559935300      4.759152639839
    8      4.561261934131      7.085029751156      4.675502760722
    8     -0.075906275898      2.329136650416      4.747946950962
    8      4.555155928331      4.569920330999      7.097254649418
    8      7.110341333221      7.097002966775      7.095889120865
    8      2.338873546217      2.345782885026      7.013105218056
    0    0
