   3   1   1 E -1.6031036365836E+04 DE-3.3E-11(  2)
  0.501555790425E-02  0.703162744241E+01  0.702922065545E+01
  0.702729217566E+01 -0.117474223358E-02  0.702919375215E+01
  0.703262517354E+01  0.703078598853E+01 -0.337222047533E-03
    1
  0.100000000000E+01  0.000000000000E+00  0.000000000000E+00
  0.000000000000E+00  0.100000000000E+01  0.000000000000E+00
  0.000000000000E+00  0.000000000000E+00  0.100000000000E+01
  0.000000000000E+00  0.000000000000E+00  0.000000000000E+00
   54
   20      0.000000000000      0.000000000000      0.000000000000
   20      2.344208391181      2.343595329509     -0.000112407349
   20     -2.344208391181     -2.343595329509      0.000112407349
   20      2.342430725221     -0.000391580745      2.343064584052
   20      4.686639116401      2.343203748765      2.342952176702
   20     -0.001777665960     -2.343986910254      2.343176991401
   20     -2.342430725221      0.000391580745     -2.343064584052
   12      0.001777665960      2.343986910254     -2.343176991401
   12     -4.686639116401     -2.343203748765     -2.342952176702
   20      0.001671852635      2.343875814138      2.343073551818
   12      2.345880243815      4.687471143647      2.342961144469
   20     -2.342536538546      0.000280484629      2.343185959167
   20      2.344102577856      2.343484233393      4.686138135870
   20      4.688310969036      4.687079562903      4.686025728520
   12     -0.000105813325     -0.000111096116      4.686250543219
   20     -2.340758872586      2.344267394882      0.000008967766
   20      0.003449518594      4.687862724392     -0.000103439583
   12     -4.684967263767      0.000672065373      0.000121375116
   12     -0.001671852635     -2.343875814138     -2.343073551818
   20      2.342536538546     -0.000280484629     -2.343185959167
   20     -2.345880243815     -4.687471143647     -2.342961144469
   12      2.340758872586     -2.344267394882     -0.000008967766
   12      4.684967263767     -0.000672065373     -0.000121375116
   12     -0.003449518594     -4.687862724392      0.000103439583
   20     -2.344102577856     -2.343484233393     -4.686138135870
   20      0.000105813325      0.000111096116     -4.686250543219
   20     -4.688310969036     -4.687079562903     -4.686025728520
    8      0.000052906662      0.000055548058     -2.343125271609
    8      2.344261297843      2.343650877567     -2.343237678959
    8     -2.344155484518     -2.343539781451     -2.343012864260
    8      2.342483631883     -0.000336032687     -0.000060687558
    8      4.686692023064      2.343259296823     -0.000173094907
    8     -0.001724759297     -2.343931362196      0.000051719791
    8      4.684914357102     -0.000727613431      2.343003896492
    8      7.029122748283      2.342867716079      2.342891489142
    8      2.340705965923     -2.344322942940      2.343116303842
    8      0.001724759297      2.343931362196     -0.000051719791
    8      2.345933150478      4.687526691705     -0.000164127141
    8     -2.342483631883      0.000336032687      0.000060687558
    8      2.344155484518      2.343539781451      2.343012864260
    8      4.688363875699      4.687135110961      2.342900456911
    8     -0.000052906662     -0.000055548058      2.343125271609
    8      4.686586209737      2.343148200707      4.686077448310
    8      7.030794600917      4.686743530217      4.685965040960
    8      2.342377818557     -0.000447128802      4.686189855660
    8      0.003396611932      4.687807176332      2.343021832025
    8      2.347605003112      7.031402505842      2.342909424676
    8     -2.340811779249      2.344211846822      2.343134239373
    8      2.345827337153      4.687415595588      4.686086416077
    8      4.690035728333      7.031010925098      4.685974008727
    8      0.001618945972      2.343820266078      4.686198823425
    8      4.688258062372      4.687024014843      7.029151000125
    8      7.032466453552      7.030619344353      7.029038592776
    8      2.344049671191      2.343428685332      7.029263407475
    0    0
