   3   1   1 E -1.6031086152785E+04 DE-2.8E-10( 11)
  0.483867003951E-01  0.697819604602E+01  0.706096128852E+01
  0.699674576317E+01  0.395040823309E-01  0.706285400463E+01
  0.704249536377E+01  0.701879302989E+01  0.378554118539E-03
    1
  0.100000000000E+01  0.000000000000E+00  0.000000000000E+00
  0.000000000000E+00  0.100000000000E+01  0.000000000000E+00
  0.000000000000E+00  0.000000000000E+00  0.100000000000E+01
  0.000000000000E+00  0.000000000000E+00  0.000000000000E+00
   54
   20      0.039435594046      0.005980134759      0.011792066427
   20      2.323751981410      2.360531561787      0.016953825812
   20     -2.358967352898     -2.378034078002      0.003567840306
   20      2.341961024510     -0.040216432516      2.353402236114
   20      4.721048876910      2.304481095581      2.352216058849
   20      0.061144028813     -2.440765155451      2.359014776400
   20     -2.316767334172     -0.004170307075     -2.368253234638
   12      0.056646070754      2.323856389479     -2.398145114691
   12     -4.710987442668     -2.289422595091     -2.358872380267
   12      0.061143517079      2.319418777651      2.367086310153
   12      2.284580297014      4.650778992343      2.343531290250
   20     -2.361719058639     -0.006350110853      2.350419824689
   20      2.305770683287      2.383020535434      4.707344953257
   20      4.675481675385      4.671982791690      4.721608938289
   20     -0.006303349216      0.003072442770      4.732003077045
   20     -2.314271002581      2.358692735936      0.025961710730
   20      0.045458075303      4.674725210798      0.040062940272
   20     -4.723121026284      0.009662603606      0.043565403060
   20      0.025929577260     -2.349609463948     -2.380964235527
   20      2.303694464062      0.028326524782     -2.392910413335
   20     -2.364055234248     -4.679929413827     -2.356879514010
   12      2.268973831830     -2.387758407825     -0.039248202658
   12      4.662059576956      0.083652422741      0.036089720598
   12      0.001602139403     -4.598425088310      0.003444099702
   20     -2.324911949532     -2.344600702615     -4.727971011407
   12      0.075081641343      0.103179643513     -4.659315141571
   12     -4.845818188759     -4.721216937154     -4.778071484033
    8      0.015471798904      0.099338612106     -2.432812119826
    8      2.229634951229      2.489960529074     -2.451130183067
    8     -2.403224884400     -2.359904744856     -2.386151661595
    8      2.425391422721     -0.061282466186      0.002056765580
    8      4.758124408617      2.258316451710      0.018508469815
    8      0.099902680955     -2.435185436808     -0.001261348742
    8      4.728248665387      0.020724313307      2.306787572256
    8      7.106354873020      2.193825323137      2.332476761674
    8      2.347458457765     -2.456352471977      2.345246961934
    8      0.038742778078      2.332891142757      0.025867345258
    8      2.352542162017      4.668896219185      0.034049954025
    8     -2.336461361415     -0.005294273651      0.012762505892
    8      2.252613698098      2.406122773202      2.345160055604
    8      4.655958922705      4.642931338307      2.350761406183
    8      0.023088414272      0.023041024946      2.358374811311
    8      4.731251230024      2.362169454966      4.711919336533
    8      7.112119599652      4.602447416945      4.728770360397
    8      2.319774109951     -0.036102324269      4.727634343575
    8      0.181470678571      4.633439889125      2.349850404872
    8      2.245464866842      7.015492384671      2.337729920163
    8     -2.310716929356      2.316628750932      2.341844622857
    8      2.357205531126      4.668687521681      4.688174970337
    8      4.700439445281      7.008057891214      4.732637969569
    8      0.018565631070      2.320050894709      4.705741514803
    8      4.613680839143      4.762018712409      7.062527999624
    8      6.948245492122      7.160729379414      7.160997317403
    8      2.256136624264      2.491707735811      7.142911916457
    0    0
