   3   1   1 E -1.6031090801480E+04 DE-5.0E-09(  9)
  0.111523687117E-01  0.701733507501E+01  0.699469665122E+01
  0.702758310326E+01 -0.676754973609E-02  0.700455998944E+01
  0.702923708545E+01  0.702283732693E+01 -0.208250000265E-02
    1
  0.100000000000E+01  0.000000000000E+00  0.000000000000E+00
  0.000000000000E+00  0.100000000000E+01  0.000000000000E+00
  0.000000000000E+00  0.000000000000E+00  0.100000000000E+01
  0.000000000000E+00  0.000000000000E+00  0.000000000000E+00
   54
   20      0.010433120098     -0.023508769951     -0.059045838512
   20      2.376519462885      2.344235311088     -0.051517026262
   20     -2.311303581504     -2.387544880496     -0.043990698875
   20      2.332839464872     -0.004264652242      2.401028835125
   20      4.694306739559      2.333164905910      2.343593760157
   20      0.001499813702     -2.351095488890      2.362893887097
   20     -2.361828416917     -0.028657301688     -2.343134207312
   20      0.027288717521      2.355601984254     -2.358990233012
   12     -4.696728791794     -2.337999105663     -2.323189863738
   20      0.009241614901      2.343576519728      2.438396717413
   20      2.329604377499      4.700711311560      2.427262864456
   20     -2.352930441976     -0.006163760121      2.411403425353
   12      2.277467641304      2.371659260795      4.700991498080
   12      4.654959400158      4.699659964232      4.665152374570
   12      0.023750378157     -0.014165890682      4.663017039898
   20     -2.372965885604      2.365772528582     -0.051698445766
   20      0.009330499549      4.740877121059     -0.017876551037
   20     -4.746358676693      0.016718532198     -0.047114845041
   12      0.028430341270     -2.355382235403     -2.335656274261
   12      2.328093759737     -0.049771408228     -2.355626995554
   12     -2.355167940043     -4.647200425366     -2.320088578342
   20      2.309039467126     -2.358696137822     -0.098426397737
   20      4.724320312245      0.014897818824     -0.069480911603
   12      0.023993866689     -4.718190206804     -0.125124820069
   20     -2.325958244816     -2.343323720786     -4.619426517000
   12      0.033868064529      0.016334115322     -4.587506340073
   20     -4.704509251340     -4.697254766561     -4.624325395822
    8      0.102198726151     -0.068557083385     -2.425025458020
    8      2.434125796072      2.367054303724     -2.331345905975
    8     -2.344120906763     -2.444862306921     -2.333907166045
    8      2.349460959179     -0.003984662929     -0.077770327205
    8      4.766286169882      2.339924843492     -0.088205823192
    8     -0.001546706694     -2.407798179093     -0.102739507445
    8      4.743902390363     -0.005828653180      2.365873232842
    8      7.024861523158      2.238943985817      2.281798391002
    8      2.327274855456     -2.351622478852      2.390916094742
    8      0.015273296238      2.352808564797     -0.012359888631
    8      2.346056563689      4.689731068995     -0.057203894057
    8     -2.359362131811     -0.001369348223     -0.040637025863
    8      2.334300406253      2.344888709179      2.412858771869
    8      4.703926187706      4.676527335529      2.412628450774
    8     -0.005149976402     -0.004536957203      2.405049910527
    8      4.616183057951      2.417065138428      4.663192144112
    8      7.062008882209      4.779522237363      4.677255312120
    8      2.225126556036     -0.024083524552      4.672801786766
    8      0.008368613754      4.771823055607      2.466081884571
    8      2.261029995033      7.022061928649      2.434655344622
    8     -2.330106635900      2.337370905217      2.428516994828
    8      2.341698612587      4.676786784362      4.664312360931
    8      4.687530005304      6.987605785250      4.656930386423
    8      0.042810414434      2.342669540181      4.774631463599
    8      4.702891990382      4.678740907668      6.915918255554
    8      7.030506597260      7.125705293622      6.964774977996
    8      2.253105455771      2.333744018530      6.886762403968
    0    0
