   3   1   1 E -1.6031082563528E+04 DE-1.2E-09( 11)
 -0.155253902656E-01  0.703672801250E+01  0.702963831712E+01
  0.702411421533E+01 -0.174143079412E-01  0.703847868593E+01
  0.702058969444E+01  0.704795052030E+01 -0.198610099254E-01
    1
  0.100000000000E+01  0.000000000000E+00  0.000000000000E+00
  0.000000000000E+00  0.100000000000E+01  0.000000000000E+00
  0.000000000000E+00  0.000000000000E+00  0.100000000000E+01
  0.000000000000E+00  0.000000000000E+00  0.000000000000E+00
   54
   20      0.018131001396     -0.003020553533     -0.066867953112
   20      2.310527558106      2.355885475806     -0.067554323323
   20     -2.365210423625     -2.348349909783     -0.017594984117
   20      2.325258880776     -0.033504980288      2.365513350010
   20      4.683627185257      2.384684163431      2.371214351196
   20      0.007804069801     -2.346574562624      2.405645231339
   20     -2.315642385132      0.023433509171     -2.332111330422
   12     -0.002420521211      2.408772421646     -2.302791134182
   12     -4.742755743513     -2.292937837922     -2.337983038497
   20     -0.009679804784      2.355687596337      2.393269285875
   12      2.396103338201      4.707964385511      2.404065889455
   20     -2.357406076722     -0.031612843232      2.403202488066
   20      2.343249791214      2.412415250746      4.728661375123
   12      4.629907210621      4.770777765876      4.706950940567
   12      0.005782110849     -0.068173369092      4.699616896845
   12     -2.248001337619      2.541814263238     -0.090789226255
   20     -0.021913563373      4.673899878601     -0.086843625088
   20     -4.683738472103     -0.001216347348     -0.006081339598
   12      0.040340285283     -2.362040482654     -2.365438928523
   12      2.322579516281     -0.080487401026     -2.362363080831
   20     -2.349465638285     -4.718570913825     -2.331851516311
   12      2.390135767410     -2.369859237038     -0.039375867048
   20      4.665458885558     -0.070856437034     -0.069582365969
   20      0.034919318097     -4.691336570056     -0.037342281576
   20     -2.361065732440     -2.370835435818     -4.685357486286
   20      0.037685055545     -0.024110405212     -4.641179169697
   20     -4.681306019594     -4.680131518686     -4.637688063019
    8      0.112975283675     -0.033772837274     -2.360372258226
    8      2.221060902162      2.376640880642     -2.357729464944
    8     -2.363799927797     -2.339971122389     -2.336735526556
    8      2.349644201818     -0.095810743876     -0.080235075398
    8      4.676340771627      2.338207947456     -0.032574499059
    8      0.056289311635     -2.362012767757     -0.033023377062
    8      4.684101477005     -0.024344563441      2.363841975617
    8      7.029497821740      2.341020874012      2.411210158135
    8      2.337984814390     -2.353280724169      2.379789368380
    8     -0.047616115792      2.355534060732     -0.104897361433
    8      2.328563329465      4.706376296912     -0.046018200308
    8     -2.345872646114      0.057774517894     -0.009995831495
    8      2.330418232471      2.413288582775      2.353718203489
    8      4.590114758533      4.702190872074      2.364639546287
    8      0.002795484731     -0.010383930049      2.400051055239
    8      4.783763499735      2.477996733203      4.751682550350
    8      7.077824745384      4.729139494958      4.667476313418
    8      2.266640676074     -0.055038714062      4.698063546974
    8      0.079022569174      4.686163269811      2.401902053701
    8      2.331237838888      6.948613564690      2.417740991314
    8     -2.359932767303      2.336537313334      2.374777827870
    8      2.262752391665      4.694225339016      4.683715066618
    8      4.684944255467      6.900265410791      4.685246745749
    8      0.010079824074      2.366451570313      4.708162902143
    8      4.540540705645      4.566490340638      6.908085671256
    8      7.012433198359      7.011042802458      6.967275226900
    8      2.406594445063      2.427628637982      7.042010265480
    0    0
