   3   1   1 E -1.6031057618307E+04 DE 1.8E-10( 11)
  0.203127614183E-01  0.700253604371E+01  0.700756723783E+01
  0.702581190269E+01 -0.490388299288E-02  0.702453920264E+01
  0.702347794574E+01  0.701218491092E+01  0.289562504635E-02
    1
  0.100000000000E+01  0.000000000000E+00  0.000000000000E+00
  0.000000000000E+00  0.100000000000E+01  0.000000000000E+00
  0.000000000000E+00  0.000000000000E+00  0.100000000000E+01
  0.000000000000E+00  0.000000000000E+00  0.000000000000E+00
   54
   20      0.000641719656     -0.015618343480     -0.013261174304
   20      2.339279799003      2.337318725426     -0.013247374894
   20     -2.340825457177     -2.330665230969     -0.004873032427
   20      2.347920818217     -0.020491571283      2.339652642600
   20      4.683640088600      2.335243762437      2.340306599339
   20      0.013832953163     -2.344142249605      2.331514495768
   20     -2.350109465771     -0.011674093640     -2.336228480608
   20      0.005107088426      2.334837737788     -2.343729368151
   12     -4.662266506619     -2.317376119615     -2.335248287162
   20     -0.008583461636      2.339201133624      2.336052656904
   20      2.343843159600      4.691706744293      2.339594992090
   12     -2.337054048095      0.000967257257      2.313225165062
   20      2.338721036508      2.342380206818      4.700333347334
   20      4.674958317371      4.677689493193      4.677443562924
   20      0.007957570301     -0.005122963373      4.686521330204
   12     -2.368151835141      2.334071345815      0.019942783418
   20      0.003975847792      4.675579258636     -0.004527281793
   12     -4.651862377610      0.025543410358     -0.010564937752
   12     -0.014206721524     -2.287889444959     -2.281292891807
   12      2.347604591250     -0.084665851352     -2.337492466906
   20     -2.347748352107     -4.666736206531     -2.336727498572
   12      2.305783773746     -2.380717228086     -0.001394970616
   20      4.668151307566     -0.010242621243      0.005469120429
   12      0.016935222855     -4.552594133524     -0.002777916980
   12     -2.328109879542     -2.352540560341     -4.687919188742
   20     -0.000755386144     -0.003374084873     -4.674100350129
   20     -4.673465736621     -4.672127115877     -4.695035362534
    8      0.006781014970     -0.029048994820     -2.339499276478
    8      2.343176343087      2.340432285851     -2.344204707734
    8     -2.345118502195     -2.335484305740     -2.337162716086
    8      2.341746389852     -0.025638175017     -0.015674499964
    8      4.685796037724      2.337604750447      0.000271584324
    8      0.023522223758     -2.367529892982     -0.022015336835
    8      4.677389845400     -0.021991647932      2.343644633379
    8      7.026252899501      2.332097257995      2.332513388947
    8      2.366636988859     -2.348218829931      2.331625024222
    8     -0.010082844926      2.334647896393     -0.006680716944
    8      2.343140655648      4.695380362463     -0.011948584889
    8     -2.358181014160      0.015535916841      0.013941231399
    8      2.338374178377      2.338669503069      2.340964746664
    8      4.684691798515      4.689135945815      2.337901288412
    8     -0.000871310731     -0.010821571697      2.333463683797
    8      4.681097570320      2.334362887092      4.687365723750
    8      7.039757405148      4.674559152392      4.683156002504
    8      2.342311450011     -0.024336629190      4.697924961529
    8     -0.013965477534      4.678004880694      2.338233389205
    8      2.366443141137      7.009098636465      2.333383702624
    8     -2.325127881895      2.333807883350      2.308486680824
    8      2.330804691551      4.705627358867      4.705670874704
    8      4.676821805828      7.006741844189      4.677146883295
    8      0.000826486828      2.350457641393      4.699428613858
    8      4.668261496762      4.642664131515      7.025177533586
    8      7.044719160797      7.016322299895      7.020416568157
    8      2.362793125584      2.333534978076      7.012342505872
    0    0
