   3   1   1 E -1.6031073731906E+04 DE 2.3E-10( 11)
 -0.199770990615E-01  0.699819112666E+01  0.698306128757E+01
  0.696076963719E+01 -0.123348480913E-01  0.697031387353E+01
  0.698412999700E+01  0.700135918619E+01 -0.284890500662E-01
    1
  0.100000000000E+01  0.000000000000E+00  0.000000000000E+00
  0.000000000000E+00  0.100000000000E+01  0.000000000000E+00
  0.000000000000E+00  0.000000000000E+00  0.100000000000E+01
  0.000000000000E+00  0.000000000000E+00  0.000000000000E+00
   54
   20      0.005355685953     -0.018853405381     -0.004218328943
   20      2.338133348283      2.337917826924     -0.031596524664
   20     -2.344425082173     -2.311630908034      0.005356937995
   20      2.336181420087     -0.037364617240      2.361539618938
   20      4.648454146776      2.355156797699      2.335229979730
   20      0.012486200214     -2.332624205324      2.325721164858
   20     -2.356016398984     -0.008911528359     -2.310162403997
   20      0.020006483865      2.365127175220     -2.323803536926
   12     -4.641122034941     -2.312802463515     -2.324043423563
   20     -0.008915810117      2.337308657453      2.355508143130
   20      2.367251597949      4.710059751949      2.346557083592
   12     -2.420146772236     -0.078327547264      2.357189024176
   12      2.392241009172      2.344883523235      4.827350976464
   12      4.638983035311      4.452479046137      4.600350659523
   20     -0.007730501001     -0.024934591173      4.676277474015
   20     -2.403393906815      2.362371028638     -0.010362507956
   20     -0.003019042370      4.698071359221     -0.010435093093
   12     -4.721050958263      0.002486514438     -0.102718251140
   20      0.045379588755     -2.339746292290     -2.300852434147
   12      2.315123741128     -0.062548136490     -2.328473907009
   20     -2.334740038265     -4.680265408131     -2.321793415465
   12      2.396078635587     -2.363337229196     -0.094739582469
   20      4.627139278860     -0.043157820677     -0.035744050467
   12      0.000718371919     -4.536394511402     -0.072410670381
   12     -2.337723436574     -2.302899880966     -4.566133659249
   20      0.049910530116      0.016112302000     -4.670103032603
   20     -4.626511639860     -4.646408399164     -4.658688556652
    8      0.057145362134      0.003164756478     -2.320202868734
    8      2.344321214599      2.350386666296     -2.346442674641
    8     -2.377838444737     -2.334888884457     -2.364611347155
    8      2.321626490911     -0.060326070769     -0.056119920877
    8      4.680194975280      2.329164227485     -0.022640189749
    8      0.052852461144     -2.371492410947     -0.010322588723
    8      4.644693644204     -0.054036635456      2.325801770375
    8      6.980972255129      2.342162305676      2.273054531787
    8      2.374345018000     -2.341255884694      2.323959175482
    8     -0.003221954339      2.349682844484     -0.010680451032
    8      2.327935473233      4.736500518972     -0.047679175010
    8     -2.408389786215      0.001480015013      0.008640634725
    8      2.351447030968      2.342728644855      2.381811780685
    8      4.666233407104      4.746482896570      2.358362537906
    8     -0.028734789616     -0.024532926883      2.350484102122
    8      4.561731538470      2.384698666347      4.647586390598
    8      6.977851767987      4.673192546497      4.631920526029
    8      2.310795758657     -0.023770775161      4.726471694639
    8     -0.017995665575      4.683154770208      2.343416957049
    8      2.418295030709      7.019984081152      2.299999255945
    8     -2.352331704485      2.348203927405      2.332809552231
    8      2.429726969072      4.676514371971      4.727909300055
    8      4.566507988377      6.901882297594      4.584059161125
    8      0.049782470325      2.324183647000      4.736869580503
    8      4.528930851530      4.670582370696      6.942239580851
    8      7.010135795106      7.034041223416      6.943297769907
    8      2.206490797741      2.352815363371      6.877190729862
    0    0
