   3   1   1 E -1.6031103693162E+04 DE-4.0E-09(  9)
 -0.571698404729E-02  0.702685173918E+01  0.701523568381E+01
  0.702418521291E+01 -0.503522631042E-02  0.700783312594E+01
  0.702979339171E+01  0.701852752690E+01 -0.482360980842E-02
    1
  0.100000000000E+01  0.000000000000E+00  0.000000000000E+00
  0.000000000000E+00  0.100000000000E+01  0.000000000000E+00
  0.000000000000E+00  0.000000000000E+00  0.100000000000E+01
  0.000000000000E+00  0.000000000000E+00  0.000000000000E+00
   54
   20     -0.007330229772      0.009815635690     -0.029657754296
   20      2.308237350968      2.352206011370     -0.073381768545
   20     -2.349080230305     -2.317719391657     -0.005030499506
   20      2.343661104313     -0.012580806569      2.365666032473
   20      4.681019201498      2.319688842084      2.354498798159
   20      0.011736579630     -2.327907110446      2.349885912150
   20     -2.344880571066      0.001410381329     -2.310302530577
   20     -0.003136737114      2.329848360044     -2.331484821472
   12     -4.727235780967     -2.278618538119     -2.249619105213
   20     -0.020052081634      2.389083710791      2.327800070576
   20      2.320843079233      4.715190595510      2.377121296091
   12     -2.312034834462      0.045401325750      2.293133111646
   12      2.355693471967      2.371835201986      4.705438228052
   20      4.649482392271      4.671891929717      4.719313257209
   20     -0.004238344265     -0.007788971714      4.679500755667
   12     -2.397764150460      2.357672635603      0.015163906671
   12      0.075510426691      4.670580205419      0.012736070788
   20     -4.685110846849      0.022508673646      0.013287122536
   12      0.145932353838     -2.284037641941     -2.335685173054
   12      2.323102038746     -0.054423980409     -2.411105690864
   20     -2.348332180619     -4.686752024976     -2.356863549304
   12      2.298729116116     -2.404270370994     -0.102598814075
   20      4.676531822619     -0.057933471183     -0.006590151478
   20      0.042107850168     -4.679325306533     -0.021425625441
   20     -2.318255788429     -2.354296275191     -4.691599312189
   12     -0.004829879750     -0.099393252213     -4.629300013229
   20     -4.660897985337     -4.700053331376     -4.641417406193
    8      0.094548230032     -0.097541440812     -2.417926901338
    8      2.335891244401      2.351885048395     -2.337032277409
    8     -2.352312241022     -2.345902069615     -2.331870389834
    8      2.346541060361     -0.074817355159     -0.065845563822
    8      4.688681963366      2.332199784864     -0.015485592912
    8      0.089619298681     -2.331706653571     -0.047228974572
    8      4.742480419854     -0.005146424439      2.350170837259
    8      7.018627853834      2.261915381963      2.338555369901
    8      2.339499607045     -2.341596724205      2.364619634871
    8     -0.085534454291      2.452959116163     -0.017696581031
    8      2.255796012893      4.679795281344     -0.076691306742
    8     -2.345237853088      0.083986360089      0.092366686816
    8      2.336301779718      2.359833465415      2.370179426300
    8      4.677599230514      4.752555812501      2.341419062770
    8     -0.070048660094      0.017695442820      2.324751231711
    8      4.581342170193      2.330352211881      4.729952957543
    8      7.115071825623      4.675239927589      4.756765742976
    8      2.332448071294     -0.017268017248      4.690439955888
    8      0.007806608499      4.795343386211      2.337502321286
    8      2.314558352012      7.013047543075      2.381297898954
    8     -2.343457398329      2.240207219760      2.264017036268
    8      2.283719375153      4.671418728948      4.781727517327
    8      4.584071633651      7.009039363948      4.581140462513
    8      0.101984741232      2.432002922603      4.678100351784
    8      4.672637713014      4.579387486175      7.013563756695
    8      7.013769081038      6.921307048395      7.056490709849
    8      2.431364479968      2.443322296265      6.921337680094
    0    0
