   3   1   1 E -1.6031088710320E+04 DE-1.3E-09( 10)
  0.786676354042E-02  0.701552509104E+01  0.701466671788E+01
  0.699316272829E+01 -0.919668793595E-02  0.702488343174E+01
  0.700107181113E+01  0.702821020861E+01 -0.114694607091E-01
    1
  0.100000000000E+01  0.000000000000E+00  0.000000000000E+00
  0.000000000000E+00  0.100000000000E+01  0.000000000000E+00
  0.000000000000E+00  0.000000000000E+00  0.100000000000E+01
  0.000000000000E+00  0.000000000000E+00  0.000000000000E+00
   54
   20      0.014168316371      0.008048644657     -0.018514139496
   20      2.384712549185      2.324583857370     -0.055168563137
   20     -2.329911637095     -2.384403177052     -0.035382643038
   20      2.385818838036     -0.021273240242      2.388572500743
   20      4.674823059402      2.332888216012      2.348418581855
   20      0.014529645086     -2.358396182976      2.369345636307
   20     -2.365815945538     -0.000772417255     -2.330202281093
   20      0.013341130460      2.368746443167     -2.336766410773
   12     -4.546010337518     -2.389334524929     -2.382063795893
   20     -0.034904971969      2.360587136231      2.357377884050
   20      2.360131753668      4.676556082115      2.366120912002
   20     -2.349480272791      0.022416038704      2.384405999921
   12      2.427908591238      2.358378412875      4.760441691637
   12      4.616755112604      4.626759585016      4.717299961854
   20     -0.055183806914      0.019843816152      4.735767872312
   12     -2.330923518327      2.407810004800     -0.058818247876
   20     -0.045648757625      4.689836007375     -0.022929549364
   20     -4.670563898606      0.039967047960     -0.048359522501
   20      0.007534845113     -2.380023639052     -2.322001518720
   12      2.408165331471      0.019569429378     -2.303721435793
   12     -2.468720452437     -4.629694667769     -2.323326331611
   20      2.411669327094     -2.364313951954     -0.040334571419
   12      4.626270760297      0.015548303427     -0.059303661033
   12     -0.082887202085     -4.719895294265     -0.062254938728
   12     -2.417785110095     -2.407011572355     -4.648744151540
   20     -0.025201229790      0.013574365767     -4.694764288219
   20     -4.621087556766     -4.648697529113     -4.683027268151
    8      0.038559299623     -0.001033791147     -2.341751188895
    8      2.451587607090      2.362698424905     -2.355153242903
    8     -2.426379009821     -2.427006959071     -2.399997599651
    8      2.413539484532     -0.002518525117     -0.040931218284
    8      4.735412747992      2.279393116438     -0.090729570348
    8      0.020851767528     -2.399324788674     -0.002831650903
    8      4.651617805922     -0.048380870262      2.309038790374
    8      6.990964163396      2.346427366930      2.312545796761
    8      2.415645006180     -2.356427175856      2.392318678529
    8     -0.033428924653      2.348216723842     -0.016140125307
    8      2.348002401651      4.679187134940     -0.053257112994
    8     -2.331045361502      0.038140325848     -0.008723348227
    8      2.356987484118      2.336353224553      2.384365865045
    8      4.660798642634      4.671879048697      2.361757403187
    8     -0.013689292624      0.003798741017      2.364898341756
    8      4.595665094855      2.406564496059      4.736794545035
    8      6.974421621098      4.685042975027      4.696165781599
    8      2.327166989853      0.007156696407      4.702147292670
    8     -0.044717117813      4.674528945991      2.344889130846
    8      2.344312882703      7.043127497083      2.356184721958
    8     -2.324288326211      2.428449094459      2.346307374434
    8      2.454643755290      4.658003066868      4.674569131698
    8      4.524257937145      7.039742835846      4.800138132595
    8     -0.071169328571      2.338839786130      4.736747296657
    8      4.676667719192      4.616779702972      6.986323336406
    8      6.905405472697      7.099922913160      7.008222258760
    8      2.365960778556      2.344566551659      6.920396556979
    0    0
