   3   1   1 E -1.6031097819662E+04 DE 2.3E-09(  9)
  0.714213354025E-02  0.698547692392E+01  0.700464770392E+01
  0.702742026936E+01 -0.547659042847E-02  0.701169975983E+01
  0.701819198844E+01  0.697661332400E+01  0.102671068363E-01
    1
  0.100000000000E+01  0.000000000000E+00  0.000000000000E+00
  0.000000000000E+00  0.100000000000E+01  0.000000000000E+00
  0.000000000000E+00  0.000000000000E+00  0.100000000000E+01
  0.000000000000E+00  0.000000000000E+00  0.000000000000E+00
   54
   20      0.005535765830      0.003297555324     -0.032191911609
   20      2.346512223188      2.365745642213     -0.010546867288
   20     -2.352082260879     -2.350002952176     -0.035193400503
   20      2.357553903994     -0.037707185239      2.358468736217
   20      4.694354521869      2.322007588724      2.348970220092
   20      0.040286693162     -2.365521508391      2.363544031031
   20     -2.363535417445     -0.001345091498     -2.352794160515
   12     -0.009740888168      2.365244318728     -2.281637843638
   12     -4.694859228926     -2.399851397302     -2.354091778358
   20      0.004624164160      2.388695726002      2.308423715935
   12      2.331160789204      4.623138545249      2.364285292543
   20     -2.347507710652      0.012923732765      2.368524835543
   12      2.315439529809      2.412875043576      4.715842982348
   20      4.670636430466      4.615850727500      4.708036654132
   20      0.027771326756      0.010675598791      4.708700634110
   20     -2.370302246612      2.388726241716     -0.011005454824
   12      0.096219981273      4.616530511364      0.028834680250
   20     -4.706373151494     -0.007774549214     -0.029176817503
   20      0.000563851595     -2.375807100524     -2.347004925705
   20      2.344147669110      0.004405052522     -2.329643503447
   12     -2.344710216899     -4.573206865370     -2.350748891342
   12      2.255581814895     -2.379557560748     -0.094044473838
   20      4.713652551217     -0.035963849604      0.018235327123
   12      0.063998981702     -4.604158147116     -0.113522812750
   12     -2.468286517321     -2.323669867425     -4.639005297320
   20      0.004746442551     -0.020179957579     -4.688082617617
   20     -4.697275060122     -4.608848124072     -4.681612803897
    8      0.005599889556      0.061290546147     -2.327127559809
    8      2.340360746919      2.411433529488     -2.336952686939
    8     -2.429668631920     -2.456135074522     -2.428390441861
    8      2.328337776280     -0.081527890862     -0.005079388786
    8      4.771778643006      2.325776805605     -0.079794875541
    8      0.091713975401     -2.406502369213      0.018074793642
    8      4.680443683999     -0.099531593567      2.358967806973
    8      7.019716011648      2.317383248247      2.355195470646
    8      2.415054099741     -2.335735606066      2.396003976606
    8      0.011112571438      2.424729396319     -0.085862396010
    8      2.258185198848      4.648929567110     -0.012097495329
    8     -2.337176358942      0.003181105177     -0.003085443590
    8      2.347145190874      2.437729481793      2.418519003987
    8      4.612805622085      4.655221247316      2.342496196019
    8      0.003579102131      0.003160612417      2.336682789407
    8      4.657828115344      2.318266326493      4.679695629115
    8      7.105167218724      4.526217637307      4.775276967794
    8      2.352487605867     -0.012220841559      4.669684483205
    8      0.069708587256      4.660902565763      2.277761440654
    8      2.351092703092      6.911585723718      2.339440889894
    8     -2.347909752247      2.426529220488      2.365009567639
    8      2.340674194279      4.576222246591      4.682846683809
    8      4.687279021476      7.053368341312      4.685680328238
    8      0.052899424520      2.327224676167      4.753026890106
    8      4.654272163826      4.648725045100      7.103204347291
    8      7.044573670117      6.971273228495      7.005968110821
    8      2.232220345465      2.440742155276      6.893056930488
    0    0
