   3   1   1 E -1.6031032246301E+04 DE 1.3E-10(  2)
  0.318617401341E-02  0.702941091851E+01  0.703083117026E+01
  0.702756008183E+01 -0.592264354966E-03  0.702893043928E+01
  0.703522515576E+01  0.702693749926E+01 -0.402398971113E-03
    1
  0.100000000000E+01  0.000000000000E+00  0.000000000000E+00
  0.000000000000E+00  0.100000000000E+01  0.000000000000E+00
  0.000000000000E+00  0.000000000000E+00  0.100000000000E+01
  0.000000000000E+00  0.000000000000E+00  0.000000000000E+00
   54
   20      0.000000000000      0.000000000000      0.000000000000
   20      2.345075051921      2.342312499753     -0.000134132990
   20     -2.345075051921     -2.342312499753      0.000134132990
   20      2.342520027277     -0.000197421452      2.342976813094
   20      4.687595079198      2.342115078301      2.342842680103
   20     -0.002555024643     -2.342509921205      2.343110946084
   20     -2.342520027277      0.000197421452     -2.342976813094
   20      0.002555024643      2.342509921205     -2.343110946084
   12     -4.687595079198     -2.342115078301     -2.342842680103
   20      0.001062058004      2.343136972835      2.343610390086
   20      2.346137109925      4.685449472588      2.343476257096
   20     -2.344012993916      0.000824473082      2.343744523077
   20      2.343582085282      2.342939551383      4.686587203180
   20      4.688657137202      4.685252051136      4.686453070190
   12     -0.001492966639      0.000627051631      4.686721336170
   12     -2.341457969273      2.343334394287      0.000633576993
   12      0.003617082648      4.685646894040      0.000499444002
   12     -4.686533021193      0.001021894534      0.000767709983
   20     -0.001062058004     -2.343136972835     -2.343610390086
   12      2.344012993916     -0.000824473082     -2.343744523077
   12     -2.346137109925     -4.685449472588     -2.343476257096
   20      2.341457969273     -2.343334394287     -0.000633576993
   20      4.686533021193     -0.001021894534     -0.000767709983
   20     -0.003617082648     -4.685646894040     -0.000499444002
   12     -2.343582085282     -2.342939551383     -4.686587203180
   12      0.001492966639     -0.000627051631     -4.686721336170
   20     -4.688657137202     -4.685252051136     -4.686453070190
    8      0.000746483319     -0.000313525815     -2.343360668085
    8      2.345821535239      2.341998973937     -2.343494801076
    8     -2.344328568601     -2.342626025568     -2.343226535095
    8      2.343266510597     -0.000510947267     -0.000383854991
    8      4.688341562517      2.341801552486     -0.000517987982
    8     -0.001808541324     -2.342823447020     -0.000249722001
    8      4.685786537873     -0.000708368719      2.342592958101
    8      7.030861589793      2.341604131034      2.342458825111
    8      2.340711485953     -2.343020868472      2.342727091093
    8      0.001808541324      2.342823447020      0.000249722001
    8      2.346883593245      4.685135946773      0.000115589011
    8     -2.343266510597      0.000510947267      0.000383854991
    8      2.344328568601      2.342626025568      2.343226535095
    8      4.689403620522      4.684938525321      2.343092402104
    8     -0.000746483319      0.000313525815      2.343360668085
    8      4.686848595877      2.342428604117      4.686203348188
    8      7.031923647797      4.684741103869      4.686069215196
    8      2.341773543957      0.000116104364      4.686337481178
    8      0.002870599328      4.685960419857      2.343860112089
    8      2.347945651250      7.028272919611      2.343725979099
    8     -2.342204452592      2.343647920103      2.343994245079
    8      2.345390626606      4.685762998405      4.686836925183
    8      4.690465678527      7.028075498159      4.686702792193
    8      0.000315574685      2.343450498652      4.686971058173
    8      4.687910653881      4.685565576954      7.029813738275
    8      7.032985705802      7.027878076708      7.029679605284
    8      2.342835601961      2.343253077200      7.029947871265
    0    0
