   3   1   1 E -1.6031092874680E+04 DE-3.9E-09(  9)
  0.937353209988E-02  0.697458370767E+01  0.701458225238E+01
  0.702924556741E+01  0.576430368740E-02  0.701132229812E+01
  0.704071468894E+01  0.697630477564E+01  0.866627569453E-03
    1
  0.100000000000E+01  0.000000000000E+00  0.000000000000E+00
  0.000000000000E+00  0.100000000000E+01  0.000000000000E+00
  0.000000000000E+00  0.000000000000E+00  0.100000000000E+01
  0.000000000000E+00  0.000000000000E+00  0.000000000000E+00
   54
   20     -0.023357788697     -0.022835108192     -0.029145286090
   20      2.336614399918      2.341657122379     -0.049264662102
   20     -2.315069290967     -2.343039648029      0.005524455728
   20      2.352928337526     -0.000740916191      2.368795532361
   20      4.719067343489      2.314204599971      2.346088716782
   20     -0.007408709685     -2.323463012063      2.362743460702
   20     -2.360497569149     -0.022154072210     -2.354474481913
   20     -0.011516784131      2.357729760286     -2.364860684525
   12     -4.719196736339     -2.372653836122     -2.285689671561
   20      0.009899956591      2.357478559426      2.357374281772
   20      2.345124992916      4.664420278275      2.370279661563
   12     -2.309651165157     -0.064657531702      2.356840006645
   12      2.331559767239      2.429102695165      4.687378888584
   12      4.610693087287      4.729129676302      4.673413046684
   20     -0.005926080192     -0.016447974459      4.757955067393
   20     -2.336314892749      2.361817039851     -0.021472085963
   12     -0.042817171502      4.708549324984     -0.073731102306
   20     -4.725898448598     -0.011940372643      0.020898583338
   12     -0.007840438990     -2.363735884694     -2.347133584932
   20      2.362612174703     -0.064774789666     -2.366238198324
   20     -2.297163689294     -4.677275606844     -2.317085243638
   20      2.334875167388     -2.347981946587     -0.066378991707
   12      4.639366983373      0.038589045081      0.006251415424
   12      0.035534174688     -4.632652151902      0.029168726913
   20     -2.301455520316     -2.286522808660     -4.696673931409
   12     -0.111275985924      0.006337775605     -4.853146306940
   20     -4.688603686947     -4.679988081352     -4.673416034289
    8      0.014126617748     -0.080110597519     -2.369901682797
    8      2.365912586250      2.386442234860     -2.352404874871
    8     -2.326235273984     -2.340474232101     -2.341359706451
    8      2.354273477986     -0.012686299777     -0.068584861525
    8      4.790805020568      2.231866885619      0.000345727245
    8     -0.012251097288     -2.397742691950     -0.057556135367
    8      4.733108136372      0.009439264379      2.267771747333
    8      7.035567536470      2.250313975855      2.268770388723
    8      2.333477977667     -2.323443894234      2.361089752628
    8     -0.004170676463      2.392201794927     -0.018267994619
    8      2.309718448210      4.650772908773     -0.024637712411
    8     -2.365022268107     -0.005616631553      0.014833009688
    8      2.354244987747      2.326864173039      2.396331610374
    8      4.710485669008      4.752337839606      2.421392977614
    8     -0.052798393908      0.000752243052      2.391402740865
    8      4.609490996672      2.408703973537      4.660490095552
    8      7.106818254812      4.652841329373      4.788360782642
    8      2.328729532955     -0.011289813484      4.699314411318
    8      0.022612396291      4.743124417971      2.352387130723
    8      2.376012162672      6.961729055631      2.342971794568
    8     -2.312162483933      2.274851725065      2.341676070160
    8      2.357348209077      4.535495798582      4.672792712181
    8      4.719883162696      6.833892185267      4.680335895603
    8      0.125982895660      2.443880920264      4.806310568554
    8      4.775495401646      4.771646247838      6.922333246270
    8      6.909670686285      6.946516917326      7.144722393163
    8      2.281595658424      2.324475675124      6.975548635975
    0    0
