   3   1   1 E -1.6031104191486E+04 DE-4.0E-09(  8)
 -0.165241606595E-01  0.700954462131E+01  0.700954462131E+01
  0.699302046065E+01  0.214109216118E-17  0.699302046065E+01
  0.699302046065E+01  0.699302046065E+01  0.214128575127E-17
    6
  0.100000000000E+01  0.000000000000E+00  0.000000000000E+00
  0.000000000000E+00  0.100000000000E+01  0.000000000000E+00
  0.000000000000E+00  0.000000000000E+00  0.100000000000E+01
  0.000000000000E+00  0.000000000000E+00  0.000000000000E+00
  0.000000000000E+00  0.000000000000E+00 -0.100000000000E+01
 -0.100000000000E+01  0.000000000000E+00  0.000000000000E+00
  0.000000000000E+00  0.100000000000E+01  0.000000000000E+00
  0.000000000000E+00  0.000000000000E+00  0.000000000000E+00
  0.000000000000E+00 -0.100000000000E+01  0.000000000000E+00
  0.000000000000E+00  0.000000000000E+00  0.100000000000E+01
 -0.100000000000E+01  0.000000000000E+00  0.000000000000E+00
  0.000000000000E+00  0.000000000000E+00  0.000000000000E+00
  0.000000000000E+00 -0.100000000000E+01  0.000000000000E+00
 -0.100000000000E+01  0.000000000000E+00  0.000000000000E+00
  0.000000000000E+00  0.000000000000E+00  0.100000000000E+01
  0.000000000000E+00  0.000000000000E+00  0.000000000000E+00
  0.100000000000E+01  0.000000000000E+00  0.000000000000E+00
  0.000000000000E+00  0.000000000000E+00  0.100000000000E+01
  0.000000000000E+00  0.100000000000E+01  0.000000000000E+00
  0.000000000000E+00  0.000000000000E+00  0.000000000000E+00
  0.000000000000E+00  0.000000000000E+00 -0.100000000000E+01
  0.000000000000E+00  0.100000000000E+01  0.000000000000E+00
 -0.100000000000E+01  0.000000000000E+00  0.000000000000E+00
  0.000000000000E+00  0.000000000000E+00  0.000000000000E+00
   54
   20      0.022691707802     -0.022691707802     -0.022691707802
   20      2.336855027099      2.325198687839     -0.038342731469
   20     -2.325198687839     -2.336855027099     -0.038342731469
   20      2.336855027099     -0.038342731469      2.325198687839
   20      4.665095131260      2.327925329387      2.327925329387
   20      0.038342731469     -2.336855027099      2.325198687839
   20     -2.325198687839     -0.038342731469     -2.336855027099
   20      0.038342731469      2.325198687839     -2.336855027099
   20     -4.636022548533     -2.356997912114     -2.356997912114
   20     -0.062206015134      2.376583968788      2.376583968788
   20      2.289030807303      4.703989653344      2.358445378052
   20     -2.376583968788      0.062206015134      2.376583968788
   20      2.289030807303      2.358445378052      4.703989653344
   20      4.634575082595      4.703989653344      4.703989653344
   12      0.045846968614     -0.045846968614      4.701799774213
   20     -2.376583968788      2.376583968788      0.062206015134
   12      0.045846968614      4.701799774213     -0.045846968614
   12     -4.701799774213     -0.045846968614     -0.045846968614
   12      0.004940828431     -2.321795489404     -2.321795489404
   12      2.321795489404     -0.004940828431     -2.321795489404
   12     -2.305444776877     -4.687575683771     -2.386345261170
   12      2.321795489404     -2.321795489404     -0.004940828431
   20      4.668417195911     -0.030891726977     -0.030891726977
   20      0.030891726977     -4.668417195911     -0.030891726977
   12     -2.305444776877     -2.386345261170     -4.687575683771
   20      0.030891726977     -0.030891726977     -4.668417195911
   12     -4.606675199477     -4.687575683771     -4.687575683771
    8      0.068611246799     -0.068611246799     -2.318958652295
    8      2.399716341908      2.246067553318     -2.399716341907
    8     -2.246067553316     -2.399716341907     -2.399716341907
    8      2.318958652295     -0.068611246799     -0.068611246799
    8      4.667776316888      2.325244143760     -0.064871959363
    8      0.068611246799     -2.318958652295     -0.068611246799
    8      4.667776316888     -0.064871959363      2.325244143760
    8      7.057892420011      2.325244143760      2.325244143760
    8      2.399716341908     -2.399716341907      2.246067553318
    8     -0.001341943406      2.401346052836      0.001341943406
    8      2.254806286330      4.738214174317      0.002884859282
    8     -2.401346052836      0.001341943406      0.001341943406
    8      2.311466704835      2.339243135542      2.339243135542
    8      4.653777325103      4.681553755810      2.339243135542
    8     -0.001341943406      0.001341943406      2.401346052836
    8      4.653777325103      2.339243135542      4.681553755810
    8      6.990135601364      4.738214174317      4.738214174317
    8      2.254806286330      0.002884859282      4.738214174317
    8     -0.090270549443      4.680390722076      2.331613277827
    8      2.312629738572      7.083291010091      2.331613277827
    8     -2.448535633887      2.448535633890      2.448535633890
    8      2.225764664957      4.767255795693      4.767255795693
    8      4.661407182821      7.083291010091      4.680390722076
    8     -0.090270549443      2.331613277827      4.680390722076
    8      4.661407182821      4.680390722076      7.083291010091
    8      7.100245684925      6.885795236370      6.885795236370
    8      2.312629738572      2.331613277827      7.083291010091
    0    0
