   3   1   1 E -1.6031091119125E+04 DE-6.2E-10( 10)
  0.174413648507E-01  0.700737235299E+01  0.701043329672E+01
  0.702804379166E+01  0.843114909385E-02  0.701127303333E+01
  0.703283029133E+01  0.700789177107E+01  0.901501484345E-02
    1
  0.100000000000E+01  0.000000000000E+00  0.000000000000E+00
  0.000000000000E+00  0.100000000000E+01  0.000000000000E+00
  0.000000000000E+00  0.000000000000E+00  0.100000000000E+01
  0.000000000000E+00  0.000000000000E+00  0.000000000000E+00
   54
   20      0.006599067000      0.013429028630     -0.006332824389
   20      2.392418550287      2.322567180726     -0.089843499002
   20     -2.386218914901     -2.331515223669     -0.054293113765
   20      2.370282462981     -0.030978144366      2.353437333407
   20      4.711094316676      2.315514023873      2.361433368809
   20      0.016478248988     -2.368615127172      2.372420183919
   20     -2.348826424712     -0.004662299743     -2.289219001525
   20      0.049955565068      2.327379912110     -2.342474132857
   12     -4.606419839105     -2.303613472584     -2.382518037117
   20     -0.044093722996      2.346678274301      2.326929329042
   20      2.340728509715      4.768629845177      2.343469686892
   20     -2.437381647935      0.064248891202      2.367246358744
   20      2.392822322020      2.333920828835      4.731773034279
   12      4.647709656760      4.589432284556      4.768675181985
   20     -0.030302016943     -0.021170042753      4.727512298588
   12     -2.395989246103      2.299628152417     -0.005625266709
   20     -0.026273034517      4.719010174463     -0.040455293320
   12     -4.668877219213     -0.006265863499      0.023611240407
   20     -0.005686601101     -2.323073722322     -2.376985675604
   12      2.379460889896      0.144065380192     -2.315093778559
   12     -2.471033814182     -4.661196699544     -2.360870618587
   20      2.409198920432     -2.360703874806     -0.031239979498
   12      4.603637453232      0.061936416742     -0.093216520133
   20      0.000125740461     -4.749605226674      0.018104391532
   20     -2.366765611072     -2.367337293083     -4.705336107400
   12      0.046111571640     -0.025986538298     -4.681270160763
   12     -4.663106821822     -4.762034462605     -4.620735499831
    8      0.103119524851      0.004343798415     -2.339816309615
    8      2.511279339518      2.347716668092     -2.487819169599
    8     -2.416271444498     -2.393459245292     -2.357237855553
    8      2.409621241658      0.004974315420     -0.058370302084
    8      4.687079161883      2.233657646725     -0.092190209089
    8      0.002597921207     -2.354974334449      0.005700246829
    8      4.767517092131      0.002004452535      2.353687870341
    8      7.102713785483      2.226183590940      2.354852419708
    8      2.352932742290     -2.425137791021      2.400523046198
    8     -0.042395390920      2.338266983036     -0.031405258823
    8      2.344116411905      4.761340318755     -0.107185268119
    8     -2.420161664737      0.080174848056      0.005050437339
    8      2.363346914157      2.339872834307      2.350375952642
    8      4.678212727898      4.696360726140      2.374980700134
    8     -0.014669048051      0.002697515664      2.349465654799
    8      4.715730082040      2.416078051100      4.770549024109
    8      7.025270267446      4.675588660449      4.666251591722
    8      2.342999924942     -0.082765389071      4.763823311125
    8     -0.005824703645      4.743600883162      2.321048331716
    8      2.211800665804      7.157648977189      2.341311740051
    8     -2.435186448915      2.323454420692      2.325879803410
    8      2.432815024571      4.737760196988      4.691837160688
    8      4.560573188282      7.043684666335      4.804357623538
    8     -0.049797493175      2.322745727079      4.670513932933
    8      4.700072955603      4.695921153535      6.891199833402
    8      7.044676538508      7.013051585926      7.096679543440
    8      2.464601838494      2.206155066402      7.075079302227
    0    0
