   3   1   1 E -1.6031068191202E+04 DE 7.9E-10( 11)
  0.154241280983E-02  0.690910330768E+01  0.690160312959E+01
  0.701895942032E+01 -0.527267209116E-01  0.694891174522E+01
  0.702528209448E+01  0.695654561502E+01 -0.525716481914E-01
    1
  0.100000000000E+01  0.000000000000E+00  0.000000000000E+00
  0.000000000000E+00  0.100000000000E+01  0.000000000000E+00
  0.000000000000E+00  0.000000000000E+00  0.100000000000E+01
  0.000000000000E+00  0.000000000000E+00  0.000000000000E+00
   54
   20     -0.005940209888     -0.009283972370     -0.027508564953
   20      2.359429761965      2.330715371367     -0.037284482997
   20     -2.340501010031     -2.340004890909     -0.020565402250
   20      2.355415097549     -0.012175141781      2.353057933318
   20      4.686715291589      2.308005773113      2.306139924237
   20      0.007906152221     -2.352232874106      2.339256311136
   20     -2.352180397078      0.021086679038     -2.291458171271
   20      0.005025950233      2.351410951082     -2.338130585371
   12     -4.652263021405     -2.336710456202     -2.330291976807
   20     -0.002909852693      2.338026768718      2.331780790225
   20      2.332820990029      4.628861516279      2.283867388102
   20     -2.342164145992     -0.002710838665      2.327899723479
   12      2.236833542754      2.317208179300      4.575185637035
   12      4.643884948374      4.552418076450      4.660139323418
   20      0.018088567819      0.012884038397      4.694477990957
   12     -2.372816859599      2.272872596714     -0.073313738886
   20      0.012826361404      4.663415946941     -0.033477502650
   12     -4.732506712171      0.045076520268     -0.050517653630
   12      0.029948820507     -2.380529666546     -2.245240788768
   20      2.352482997703     -0.005824223588     -2.342882527374
   12     -2.298836025551     -4.510616745059     -2.203046571402
   20      2.351959084055     -2.382622071869     -0.033281654778
   20      4.720955881217      0.006993729257     -0.007942237016
   12     -0.174303567387     -4.575764159223      0.067771180612
   20     -2.329058996009     -2.308390286411     -4.602645610053
   12      0.029064463814     -0.018434437275     -4.721489662698
   20     -4.671061941571     -4.636831061826     -4.613543097821
    8     -0.001781357290     -0.020623856030     -2.359302821148
    8      2.378663932004      2.360843052816     -2.346604972753
    8     -2.343957704773     -2.360175381630     -2.310880039989
    8      2.347480622626     -0.015541964633     -0.026734294875
    8      4.706388593636      2.312223380131     -0.059249756412
    8      0.004816471553     -2.381332650243     -0.045418362733
    8      4.702730358143     -0.015110428607      2.339273774595
    8      7.022041024318      2.263417401608      2.264261026961
    8      2.345048367528     -2.360146198507      2.351206899448
    8     -0.003371549995      2.333795477857     -0.023387987772
    8      2.348779696901      4.670935010021     -0.069181197621
    8     -2.360272814921      0.030549854616     -0.006361670899
    8      2.336998195631      2.318004645790      2.325868797119
    8      4.687879346718      4.614744081304      2.299465358554
    8      0.003715815461     -0.003811448004      2.334219434895
    8      4.646222465659      2.351645476700      4.676708247130
    8      7.038928541005      4.622336227647      4.616643041109
    8      2.351694517436      0.006842552737      4.709118610194
    8      0.004669139464      4.642934290092      2.330532598842
    8      2.328178206715      6.940242887917      2.242350635606
    8     -2.332969784722      2.310613850432      2.311389697142
    8      2.355413279516      4.547034482720      4.570383487678
    8      4.704435044286      6.930953529779      4.596208233224
    8     -0.053856001174      2.378945269717      4.706130107014
    8      4.705281563279      4.537871913910      6.868021106046
    8      7.093255696569      6.979224703683      6.990588954882
    8      2.320800836797      2.184888425124      6.838539639773
    0    0
