   3   1   1 E -1.6031088741822E+04 DE 5.5E-09(  9)
 -0.501576670284E-02  0.697369965974E+01  0.697656110102E+01
  0.700858719051E+01 -0.117311422542E-01  0.699011524430E+01
  0.701395326512E+01  0.699944901841E+01 -0.235266201856E-01
    1
  0.100000000000E+01  0.000000000000E+00  0.000000000000E+00
  0.000000000000E+00  0.100000000000E+01  0.000000000000E+00
  0.000000000000E+00  0.000000000000E+00  0.100000000000E+01
  0.000000000000E+00  0.000000000000E+00  0.000000000000E+00
   54
   20      0.002802950192     -0.023543506343     -0.036775061307
   20      2.356735675559      2.364048723863     -0.062800050035
   20     -2.343997180630     -2.329524051562     -0.007504132449
   20      2.321126195267     -0.063376277268      2.349851331887
   20      4.686034802166      2.335638347922      2.371187721013
   20      0.011483375345     -2.347703198614      2.368807569305
   20     -2.322458158437     -0.041292449960     -2.325213043267
   20      0.035093185690      2.354715339765     -2.369493945341
   12     -4.684690083512     -2.390042108727     -2.376070274109
   20     -0.093640101690      2.332284657794      2.344665117210
   20      2.361586463038      4.734185415035      2.363785808641
   12     -2.414628395674      0.087540393118      2.381920496773
   20      2.357515140773      2.394474390443      4.712416396565
   12      4.722987788316      4.663358038281      4.638470288225
   20     -0.061652299298     -0.016340912022      4.658648945040
   12     -2.290507702931      2.357365039950      0.001533272366
   20     -0.050690495728      4.665201165421     -0.038347687523
   20     -4.639986343836      0.051253979490      0.058927896651
   12     -0.077004521231     -2.307893860358     -2.313872522925
   20      2.379363231611     -0.002042120497     -2.408255239045
   12     -2.399549655093     -4.611200576670     -2.356054744138
   12      2.440672585745     -2.385300613397     -0.180981507942
   20      4.670423011925     -0.032164832586     -0.035860954500
   20      0.034694696030     -4.626230774607      0.031236376700
   20     -2.372267334458     -2.424456360686     -4.639633212703
   12     -0.028825002895     -0.028396997388     -4.652496399631
   12     -4.559256103156     -4.655852144137     -4.586835303983
    8      0.008873459463     -0.100856971600     -2.448400537986
    8      2.444568397346      2.446863333857     -2.441742118190
    8     -2.348411782752     -2.456231137518     -2.329508554829
    8      2.352313521493     -0.074226618116     -0.030469306280
    8      4.678971832555      2.342079147592     -0.057360467630
    8      0.013258939060     -2.328913271729     -0.036241648032
    8      4.698293657139     -0.051769328966      2.354495175518
    8      7.077774481185      2.261629097766      2.347358495354
    8      2.346574318730     -2.468393812574      2.390241404929
    8     -0.046519397598      2.334764006759     -0.051534694830
    8      2.323164528734      4.696607869578     -0.046623214571
    8     -2.320968256360      0.077854998441      0.065445389756
    8      2.329116881202      2.353360460586      2.347210419819
    8      4.683448450607      4.751780760568      2.395359312718
    8     -0.076707199025     -0.012176695422      2.328918316512
    8      4.687784165275      2.405553344493      4.729426859657
    8      6.993420046961      4.660830127587      4.640156446757
    8      2.339661107238     -0.070684620701      4.679747242570
    8     -0.046835215442      4.734420484321      2.408518801848
    8      2.333054480102      7.084161525897      2.332794045246
    8     -2.506569181800      2.139286760195      2.378197213158
    8      2.431883050197      4.679721822086      4.760394572390
    8      4.671794135655      6.988561384059      4.556538466343
    8     -0.089031421541      2.407089681252      4.647017649913
    8      4.541947762566      4.532469028789      6.866992602402
    8      7.015565076245      6.993161261365      7.013233058047
    8      2.501069539853      2.444731566721      7.052751691049
    0    0
