   3   1   1 E -1.6031080818347E+04 DE 6.6E-10( 11)
  0.913862665462E-02  0.700212817643E+01  0.698193002585E+01
  0.698797645888E+01  0.301635645997E-01  0.695376401874E+01
  0.702831837932E+01  0.700740501099E+01 -0.326441230570E-02
    1
  0.100000000000E+01  0.000000000000E+00  0.000000000000E+00
  0.000000000000E+00  0.100000000000E+01  0.000000000000E+00
  0.000000000000E+00  0.000000000000E+00  0.100000000000E+01
  0.000000000000E+00  0.000000000000E+00  0.000000000000E+00
   54
   20      0.001162161741     -0.001121702968     -0.039561481825
   20      2.320992645352      2.372544727504     -0.053471335320
   20     -2.341844878946     -2.364971542982     -0.032023226646
   20      2.330574909156     -0.032901529846      2.354563844140
   20      4.713682411756      2.327699174937      2.364627266249
   20      0.017450736855     -2.365023767043      2.402496634544
   20     -2.310244402179     -0.061297286674     -2.374687451582
   12     -0.010904887625      2.391714063989     -2.409325968669
   12     -4.751505341664     -2.388237246347     -2.408287372530
   20     -0.049183859016      2.369199294986      2.376651308155
   20      2.316071616670      4.699708083572      2.343480695731
   20     -2.334895710605      0.026181569714      2.384200900357
   20      2.304888415716      2.357948010429      4.646228603664
   12      4.694425475499      4.709611730433      4.636240534237
   12     -0.116092832554      0.044258501183      4.637717665337
   20     -2.334965842589      2.358351075602     -0.006827527624
   20     -0.016879573827      4.691045899149     -0.012557681064
   20     -4.709576970750     -0.013709349180     -0.005844468381
   12      0.052249392668     -2.371865493998     -2.340398357666
   20      2.333368097637      0.045973838226     -2.384595233392
   12     -2.253372428713     -4.624632683542     -2.336446914308
   20      2.351011787330     -2.343904519332     -0.010864427385
   20      4.702322669035     -0.001817138538     -0.018990729354
   20     -0.006417387279     -4.684111034712     -0.002625934124
   12     -2.300682504744     -2.413432526090     -4.587799497300
   12      0.047013649150     -0.052363713442     -4.583639327992
   12     -4.628979068574     -4.667057199253     -4.553137411491
    8     -0.004267015480     -0.013199464579     -2.434146100033
    8      2.327170204442      2.488654039602     -2.469309298027
    8     -2.314294183419     -2.469856874765     -2.430745658166
    8      2.335551884653      0.007404556956     -0.032179569506
    8      4.684915914236      2.344258212664     -0.041181262561
    8     -0.005337968862     -2.351108403417     -0.032430946070
    8      4.717038308901     -0.055418683462      2.327509955179
    8      7.099254495801      2.253957979988      2.437679553662
    8      2.417460093728     -2.411901915960      2.439239949365
    8     -0.021222600383      2.362660610391     -0.046630121280
    8      2.324046823815      4.669103630967     -0.031320629792
    8     -2.331622785739     -0.015213815874     -0.019455307915
    8      2.322369179576      2.349006295906      2.348379588892
    8      4.690850696535      4.670828841907      2.372780791795
    8     -0.001813807764     -0.003213661579      2.389546409888
    8      4.713787923057      2.389939143888      4.635115783885
    8      6.998889143888      4.681123191740      4.646931892304
    8      2.264787411320     -0.048848040012      4.631605649078
    8     -0.060140591893      4.727865784390      2.408713134038
    8      2.300062550289      7.066511451818      2.338622880623
    8     -2.372116927139      2.412199776842      2.406713732185
    8      2.337034208899      4.692317431174      4.641369007723
    8      4.756190951362      7.014921501777      4.642600881431
    8     -0.086870688319      2.353704668894      4.667158268678
    8      4.677165127857      4.682567467941      6.959386627948
    8      6.995370543864      7.019772526933      6.962334411215
    8      2.330523419119      2.352809894176      6.992520614950
    0    0
