   3   1   1 E -1.6031086259602E+04 DE 5.2E-10( 11)
  0.566316403319E-01  0.696161049920E+01  0.703977420049E+01
  0.699548149834E+01  0.441171555878E-01  0.704556672100E+01
  0.702913177453E+01  0.699466150627E+01  0.162527665008E-01
    1
  0.100000000000E+01  0.000000000000E+00  0.000000000000E+00
  0.000000000000E+00  0.100000000000E+01  0.000000000000E+00
  0.000000000000E+00  0.000000000000E+00  0.100000000000E+01
  0.000000000000E+00  0.000000000000E+00  0.000000000000E+00
   54
   20      0.023565223056     -0.019412805459     -0.072036570079
   20      2.350478101926      2.376500831278     -0.053157524646
   20     -2.316823562231     -2.382003634007     -0.069472477769
   20      2.340655283277     -0.021346894714      2.350765521675
   20      4.702816168417      2.320349162788      2.332930669178
   20      0.038730111648     -2.366899058289      2.345720277128
   20     -2.333270976557     -0.055223501044     -2.335833730804
   12      0.042474775548      2.428993793791     -2.268746695910
   12     -4.647712918300     -2.369572108847     -2.280153159309
   20      0.001839985110      2.369430021584      2.346239577068
   20      2.316254747155      4.682933874560      2.334580272443
   20     -2.342092457026      0.003287556949      2.333537857020
   20      2.282889632479      2.358756870678      4.768242951609
   20      4.703651756549      4.680052125664      4.758164921010
   20     -0.001437318703     -0.008286026207      4.793808336254
   20     -2.335354013323      2.347849176459     -0.016776403923
   12      0.079149126275      4.655865931904     -0.039317780236
   12     -4.717360046890     -0.111542777669     -0.036306078754
   12      0.002971552483     -2.411302274867     -2.300106238113
   20      2.318609690820      0.031252944254     -2.305627679303
   12     -2.253952198699     -4.594118746087     -2.282095935809
   12      2.246235229616     -2.322063800248     -0.079065030484
   12      4.669116968519     -0.018799560787     -0.015681797146
   12     -0.020494183146     -4.585183066526     -0.064625383622
   20     -2.351690805229     -2.336806837230     -4.713090930670
   20     -0.005569250624     -0.009784424971     -4.707002569346
   20     -4.735761642694     -4.640646753565     -4.730231925393
    8     -0.001592735017     -0.014036025425     -2.343987656668
    8      2.301836980540      2.441162212722     -2.367274093954
    8     -2.311839065204     -2.439917970553     -2.356533994366
    8      2.386284447369     -0.036296629499     -0.010239228528
    8      4.774955135242      2.275599843838     -0.070760949745
    8      0.116611794158     -2.430724812293     -0.092101357343
    8      4.661931569202      0.013769980076      2.332475477302
    8      7.001240769748      2.363621543788      2.340067359464
    8      2.307184256371     -2.309315693549      2.333520625842
    8      0.016531625973      2.401811697818     -0.050245360948
    8      2.286231992235      4.729704257996     -0.096681627285
    8     -2.368380216861     -0.032183487533     -0.043979726453
    8      2.331779351553      2.347320372521      2.339609497605
    8      4.708043999710      4.652224532803      2.341618709666
    8      0.004590110219     -0.010260799701      2.345658845235
    8      4.709207553930      2.357536199038      4.731791945238
    8      7.126551636112      4.572713765096      4.828099271349
    8      2.313019924173     -0.065611931971      4.786750835917
    8      0.034390992381      4.637694433395      2.341525306913
    8      2.362517860880      6.973193060536      2.330759083271
    8     -2.313738861649      2.324729166414      2.360289983011
    8      2.285761256668      4.668300257322      4.750323850608
    8      4.717317964497      7.045362867579      4.784948940325
    8     -0.102824112580      2.428203537113      4.806947537402
    8      4.686195236992      4.764440235077      7.043247745846
    8      7.052867858440      6.979309609313      7.061808706156
    8      2.221005804903      2.361120983399      7.034869398061
    0    0
