   3   1   1 E -1.6031051785911E+04 DE 4.6E-08(  8)
  0.298971085404E-01  0.699726920269E+01  0.700940761848E+01
  0.700761554904E+01  0.555177425752E-02  0.702620771099E+01
  0.702147798390E+01  0.702230646996E+01 -0.230898686007E-02
    1
  0.100000000000E+01  0.000000000000E+00  0.000000000000E+00
  0.000000000000E+00  0.100000000000E+01  0.000000000000E+00
  0.000000000000E+00  0.000000000000E+00  0.100000000000E+01
  0.000000000000E+00  0.000000000000E+00  0.000000000000E+00
   54
   20      0.000199645781     -0.006230643922     -0.004779973906
   20      2.342498006454      2.339117343766     -0.002864200478
   20     -2.332610532274     -2.349530857493     -0.003301242054
   20      2.340819393959     -0.013344111682      2.343051463840
   20      4.694032300488      2.324641148605      2.334110481480
   20      0.001238140466     -2.346852199184      2.344109544578
   20     -2.320896268742     -0.020546455690     -2.349260596721
   12     -0.003778240713      2.363203289759     -2.341223074695
   12     -4.674971301844     -2.345438868809     -2.403644849918
   20      0.002555196370      2.337388694294      2.350337240591
   20      2.346143435108      4.682264611574      2.340162384110
   12     -2.341739251797     -0.007660501081      2.360228614191
   20      2.341747245064      2.328698766926      4.676448356346
   20      4.696229756179      4.677106626488      4.673252579233
   12     -0.016782559610     -0.018663032717      4.686274212825
   20     -2.322835717498      2.329520964149     -0.003059788854
   20      0.004035894468      4.690202904061     -0.002314612963
   20     -4.675862089679     -0.007636438352     -0.007000429433
   12     -0.026739641900     -2.319460086157     -2.341790292178
   20      2.331446559176      0.007671406763     -2.340053851746
   20     -2.341534761648     -4.680433480034     -2.337640885371
   20      2.327090170076     -2.334525136473      0.003683139393
   12      4.702574676698     -0.008373118556      0.008419884045
   12     -0.037699830745     -4.683854843155     -0.006836674158
   12     -2.371841784570     -2.215573211811     -4.620842413001
   12     -0.035451180292      0.030048769441     -4.655815824015
   20     -4.687129751570     -4.678215991673     -4.674366398273
    8      0.004670385724     -0.005269226428     -2.352442946857
    8      2.332316400756      2.351362328365     -2.340420531716
    8     -2.325273539535     -2.351286637162     -2.345566590823
    8      2.340554482366     -0.002846205870     -0.001640558127
    8      4.691969499163      2.325952380398     -0.004332142411
    8      0.000007382605     -2.350668237577     -0.006628216918
    8      4.696389320292     -0.030123812965      2.326639290016
    8      7.021584979097      2.327978254556      2.340898115016
    8      2.336051629887     -2.342514381247      2.345523634644
    8      0.004309877160      2.338203104511     -0.004326973323
    8      2.343716943794      4.680933008850     -0.005966749403
    8     -2.329506632141     -0.011005371847     -0.002545128443
    8      2.344233763759      2.332168301469      2.341339571806
    8      4.690681336042      4.677614209961      2.337499022371
    8     -0.004657480939     -0.007897345372      2.349558182276
    8      4.691893363118      2.328965391097      4.672966107696
    8      7.031222770027      4.681192185815      4.680580651315
    8      2.332806555359     -0.019213263390      4.681204076627
    8     -0.000336207177      4.710134526995      2.354707616191
    8      2.353708569610      7.012414257877      2.336976262045
    8     -2.321925895114      2.325711298797      2.339817455519
    8      2.349352216954      4.672841575989      4.672169221311
    8      4.709355004144      7.006129966687      4.671766475720
    8      0.010825135477      2.325512162676      4.687204893670
    8      4.684923988217      4.684950745998      7.023333790103
    8      6.994026975797      7.050817026098      7.010924960924
    8      2.341819554801      2.327491717770      7.015356259653
    0    0
