   3   1   1 E -1.6031102489662E+04 DE-7.0E-09(  9)
  0.597144391006E-02  0.702474293138E+01  0.701874999229E+01
  0.700246743745E+01 -0.876406324548E-02  0.702817476256E+01
  0.699049505929E+01  0.701489711058E+01  0.104238440503E-01
    1
  0.100000000000E+01  0.000000000000E+00  0.000000000000E+00
  0.000000000000E+00  0.100000000000E+01  0.000000000000E+00
  0.000000000000E+00  0.000000000000E+00  0.100000000000E+01
  0.000000000000E+00  0.000000000000E+00  0.000000000000E+00
   54
   20     -0.036429548490      0.011142472895     -0.075680013772
   20      2.298132013018      2.350671662842     -0.044419855889
   20     -2.331602779288     -2.333920545219     -0.018811329779
   20      2.322985178852     -0.032058124900      2.391261177921
   20      4.688587917257      2.317761635676      2.324304232835
   20     -0.012972344374     -2.330233051526      2.394762921419
   20     -2.321707432463     -0.016198147055     -2.338940607000
   12      0.001767381336      2.387001397137     -2.297121816981
   12     -4.799258923773     -2.338480487171     -2.323543404928
   20     -0.039186372029      2.332634125860      2.363570162457
   20      2.319606406172      4.704255854620      2.333506495266
   12     -2.318781394157      0.033768041740      2.287373293983
   20      2.303929233613      2.337131696198      4.686690753840
   20      4.735052548389      4.704990410359      4.739381756589
   12     -0.052436008343      0.011863727327      4.763280825553
   12     -2.260424962347      2.294542664076      0.003125548325
   12     -0.050023076146      4.610610955613     -0.062863265847
   20     -4.713820379372      0.017572733810     -0.019429460430
   12      0.049211246591     -2.394443018549     -2.300792512968
   20      2.336345725986     -0.005391031196     -2.334182972620
   20     -2.300094884997     -4.693247846183     -2.332867038460
   20      2.379490536666     -2.364833781253      0.027972064757
   12      4.745570560156      0.052705105847      0.010846225760
   12     -0.033083984418     -4.670746093442     -0.115936161451
   20     -2.307134910223     -2.351129630995     -4.711365835036
   20     -0.010008427741     -0.004537502838     -4.706588576370
   20     -4.681239944269     -4.673268689783     -4.685043391247
    8      0.008876747446     -0.016626420305     -2.349352864726
    8      2.209319840247      2.441501090324     -2.339380463460
    8     -2.283461290477     -2.347371268474     -2.343938528070
    8      2.392670350426      0.004371719817     -0.023993772360
    8      4.758778026257      2.248500668636      0.002354421481
    8      0.007864262775     -2.432193820241     -0.072628516675
    8      4.677857999259     -0.009735363459      2.324684668475
    8      6.981645899731      2.343507802763      2.368407526029
    8      2.330219541410     -2.341146342992      2.418512634900
    8     -0.093502028344      2.424705103734     -0.074989326610
    8      2.220211480644      4.674613805825     -0.069711160206
    8     -2.331300424746      0.094342293584      0.071047337731
    8      2.332282536491      2.330604735585      2.359167007770
    8      4.661655842335      4.770783965801      2.340255624469
    8     -0.070743753036     -0.002331058905      2.368347475740
    8      4.780897855789      2.332123391808      4.774161798076
    8      7.090348901081      4.667136213633      4.800596149667
    8      2.221126745147     -0.104160483458      4.706381526473
    8      0.019875892711      4.671542719103      2.368981096278
    8      2.410450110894      7.021976259566      2.311579598857
    8     -2.334956238168      2.226849098757      2.229062871450
    8      2.290036913493      4.679876294811      4.695316339663
    8      4.778849759915      7.025929722012      4.678357933757
    8      0.008229591412      2.401131475072      4.794792247492
    8      4.810402467755      4.678775040930      7.043203749286
    8      6.880025838926      7.055404430607      6.905081929210
    8      2.325066487959      2.340666295806      7.013282174402
    0    0
