   3   1   1 E -1.6031051659618E+04 DE 3.5E-10( 11)
  0.983458428650E-02  0.700017000791E+01  0.699895270299E+01
  0.700131698581E+01  0.903971442974E-02  0.699316605980E+01
  0.702587106481E+01  0.701124526898E+01 -0.798057125335E-02
    1
  0.100000000000E+01  0.000000000000E+00  0.000000000000E+00
  0.000000000000E+00  0.100000000000E+01  0.000000000000E+00
  0.000000000000E+00  0.000000000000E+00  0.100000000000E+01
  0.000000000000E+00  0.000000000000E+00  0.000000000000E+00
   54
   20      0.005201877794     -0.008926056678     -0.006725933109
   20      2.341989331976      2.337428704610     -0.007109990608
   20     -2.337621407112     -2.344852569892     -0.000255186598
   20      2.330982589548     -0.003689368069      2.331740153239
   20      4.675464035781      2.341135252919      2.329838031970
   20     -0.000999742669     -2.341852326290      2.334370823879
   20     -2.338716837085     -0.002696080784     -2.326829614331
   20      0.006222367724      2.342325635782     -2.335607070368
   12     -4.685280500651     -2.386071642205     -2.322928358665
   20     -0.004137307590      2.335642860617      2.333649421955
   20      2.340441354654      4.674477709776      2.332036725384
   20     -2.334669080116     -0.006116332523      2.337897097050
   20      2.333541313290      2.351157350312      4.675094285381
   12      4.686555082712      4.685586190001      4.690106839362
   12     -0.008233117863     -0.015821554448      4.687883355190
   12     -2.341264086434      2.391298505254      0.024316750144
   20     -0.009084728285      4.679904917721     -0.014811982692
   20     -4.684156210101      0.008896289086      0.001756413219
   12      0.060065786250     -2.412221560055     -2.336862579745
   20      2.346544196817     -0.002640565213     -2.332056978855
   20     -2.342352326019     -4.673891851456     -2.328634880349
   12      2.393945764001     -2.346651266030      0.020140718294
   12      4.663525888540      0.005605879132     -0.028389552525
   12      0.006557949991     -4.675635441615     -0.016208722246
   20     -2.352945738244     -2.340846608691     -4.671283984775
   20     -0.004520264181      0.006022396798     -4.669501621050
   12     -4.677887615783     -4.633754261219     -4.691841303032
    8      0.002339616637     -0.007275645590     -2.333236153391
    8      2.346185126540      2.346130339545     -2.342711672588
    8     -2.342186688142     -2.341966403747     -2.327740890846
    8      2.347946056880     -0.009079959937     -0.007519310523
    8      4.686530598600      2.329136326664     -0.003974864683
    8      0.019741348107     -2.365295048840     -0.002639446547
    8      4.661436779137      0.006121832091      2.325857097357
    8      7.018155320349      2.341414650370      2.324214210409
    8      2.324829677556     -2.350547674837      2.331585190599
    8     -0.003996797594      2.337235943787     -0.010780759331
    8      2.340074823172      4.677706415917     -0.006676899982
    8     -2.335828156401     -0.000353802331      0.000408741573
    8      2.335409660743      2.340289978462      2.331885918146
    8      4.684602764485      4.673044179225      2.329884430018
    8     -0.000375596317     -0.006951847403      2.334023088689
    8      4.669013013213      2.358922182722      4.670382183926
    8      7.009701359246      4.693151982277      4.652215065260
    8      2.317521164760      0.004185989691      4.670503860406
    8     -0.004743711060      4.671762560923      2.331520223244
    8      2.347363663585      7.011919160947      2.332197548881
    8     -2.345560957778      2.326768467270      2.325761810874
    8      2.354628791385      4.671293281676      4.679717672290
    8      4.707126668506      6.991066472427      4.675422597644
    8     -0.002001161921      2.341039486797      4.681708741154
    8      4.635097867850      4.679279947854      6.962170820614
    8      6.988435232693      7.038708845197      6.975851025262
    8      2.335986815908      2.370525592920      7.018808777367
    0    0
