   3   1   1 E -1.6031053074893E+04 DE 4.0E-10( 11)
  0.238904030527E-01  0.699925558386E+01  0.700324317237E+01
  0.702102788843E+01 -0.489021598148E-02  0.702401680102E+01
  0.702620970288E+01  0.701944197936E+01 -0.384836449407E-02
    1
  0.100000000000E+01  0.000000000000E+00  0.000000000000E+00
  0.000000000000E+00  0.100000000000E+01  0.000000000000E+00
  0.000000000000E+00  0.000000000000E+00  0.100000000000E+01
  0.000000000000E+00  0.000000000000E+00  0.000000000000E+00
   54
   20     -0.004964449032     -0.002124330023     -0.007147372574
   20      2.347122870647      2.336726789287     -0.005851175388
   20     -2.335228518291     -2.348824968758     -0.007596563387
   20      2.337392732042     -0.002986938266      2.341836338268
   20      4.689021295700      2.327893770634      2.338363044681
   20     -0.006538026528     -2.345093129913      2.340218064260
   20     -2.340700890446     -0.001226487137     -2.339012864091
   20     -0.005436654049      2.341247977255     -2.345206325178
   20     -4.685865595801     -2.334446619683     -2.338534458808
   20     -0.005719763761      2.338204675751      2.342612014586
   20      2.343634792866      4.680122411238      2.335478377333
   20     -2.330558799223     -0.005043697302      2.338458810832
   20      2.337919690455      2.330025534699      4.685427613841
   12      4.700029324564      4.679546583365      4.693141267777
   12     -0.023754282479      0.000557272887      4.701204235865
   12     -2.350953296187      2.348582993259     -0.003851456538
   20     -0.002789437405      4.700570064623     -0.010069448342
   12     -4.726881269929      0.020709207981      0.008689016128
   12     -0.037944841681     -2.329802155076     -2.320349802728
   20      2.345484505153      0.003258741832     -2.333106719356
   12     -2.264881259857     -4.716387259083     -2.331522527684
   20      2.335481607126     -2.341078465059     -0.002526175906
   12      4.769980403830      0.064412416171      0.005395137153
   12     -0.021563904871     -4.749164122545     -0.018074940618
   20     -2.346800265835     -2.331871825397     -4.678070754377
   12      0.006623868433     -0.011804169389     -4.698979149108
   20     -4.689604309132     -4.683338553400     -4.681214493801
    8      0.000291300185     -0.007214897609     -2.344507629116
    8      2.346450748669      2.340188661052     -2.341304423822
    8     -2.335633830613     -2.347101894094     -2.341861273155
    8      2.346558839475     -0.000974938716     -0.000436478178
    8      4.709083219165      2.316113730811     -0.007929491876
    8     -0.001439406590     -2.352011640370     -0.009428384897
    8      4.687969002253     -0.005014841054      2.338742592273
    8      7.017494098300      2.318966367445      2.333479299510
    8      2.334174764418     -2.341752652768      2.342442369624
    8     -0.005565712051      2.343274169595     -0.006436033709
    8      2.346567946086      4.689259750590     -0.008435774233
    8     -2.346765705231      0.001741996960     -0.005047436560
    8      2.341523219954      2.335067753909      2.340739980308
    8      4.689511959306      4.673364262589      2.338004270093
    8     -0.007154406815     -0.002929368993      2.341966288049
    8      4.679597185026      2.339362144624      4.685519889751
    8      7.012294046864      4.690459110114      4.676800778437
    8      2.324629078413     -0.002088061115      4.687552090811
    8     -0.001971882805      4.686712543939      2.342073573718
    8      2.352139141663      7.007694312794      2.326789650487
    8     -2.330197634770      2.329016846556      2.329786432431
    8      2.352189099239      4.668053497494      4.674452410906
    8      4.735575910552      7.018882916923      4.677876775053
    8     -0.025937284073      2.334006220914      4.704337461511
    8      4.692502354846      4.672230214404      6.998107668368
    8      7.019600307908      7.077697467882      7.012667788878
    8      2.354084088966      2.310463670718      7.009690152545
    0    0
