   3   1   1 E -1.6031034525323E+04 DE 3.1E-11(  2)
  0.469859619085E-02  0.703129160764E+01  0.702776211848E+01
  0.702949348259E+01 -0.404156008677E-02  0.702930350887E+01
  0.703133079789E+01  0.702938151603E+01 -0.336480542799E-03
    1
  0.100000000000E+01  0.000000000000E+00  0.000000000000E+00
  0.000000000000E+00  0.100000000000E+01  0.000000000000E+00
  0.000000000000E+00  0.000000000000E+00  0.100000000000E+01
  0.000000000000E+00  0.000000000000E+00  0.000000000000E+00
   54
   20      0.000000000000      0.000000000000      0.000000000000
   20      2.343776932631      2.343127172011     -0.000112160181
   20     -2.343776932631     -2.343127172011      0.000112160181
   20      2.343164494195     -0.001347186696      2.343101169624
   20      4.686941426827      2.341779985315      2.342989009443
   20     -0.000612438436     -2.344474358707      2.343213329805
   20     -2.343164494195      0.001347186696     -2.343101169624
   20      0.000612438436      2.344474358707     -2.343213329805
   12     -4.686941426827     -2.341779985315     -2.342989009443
   20      0.001566198730      2.343763869214      2.342587372827
   20      2.345343131362      4.686891041225      2.342475212646
   12     -2.342210733901      0.000636697203      2.342699533008
   12      2.344730692925      2.342416682518      4.685688542451
   20      4.688507625557      4.685543854529      4.685576382270
   20      0.000953760294     -0.000710489493      4.685800702632
   12     -2.341598295465      2.345111055909     -0.000513796797
   20      0.002178637167      4.688238227920     -0.000625956978
   20     -4.685375228096      0.001983883898     -0.000401636616
   12     -0.001566198730     -2.343763869214     -2.342587372827
   12      2.342210733901     -0.000636697203     -2.342699533008
   12     -2.345343131362     -4.686891041225     -2.342475212646
   20      2.341598295465     -2.345111055909      0.000513796797
   12      4.685375228096     -0.001983883898      0.000401636616
   20     -0.002178637167     -4.688238227920      0.000625956978
   20     -2.344730692925     -2.342416682518     -4.685688542451
   20     -0.000953760294      0.000710489493     -4.685800702632
   12     -4.688507625557     -4.685543854529     -4.685576382270
    8     -0.000476880147      0.000355244746     -2.342900351316
    8      2.343300052482      2.343482416755     -2.343012511497
    8     -2.344253812778     -2.342771927265     -2.342788191135
    8      2.342687614048     -0.000991941949      0.000200818308
    8      4.686464546678      2.342135230060      0.000088658127
    8     -0.001089318583     -2.344119113960      0.000312978489
    8      4.685852108244     -0.002339128645      2.343301987933
    8      7.029629040875      2.340788043366      2.343189827751
    8      2.342075175613     -2.345466300656      2.343414148114
    8      0.001089318583      2.344119113960     -0.000312978489
    8      2.344866251213      4.687246285969     -0.000425138670
    8     -2.342687614048      0.000991941949     -0.000200818308
    8      2.344253812778      2.342771927265      2.342788191135
    8      4.688030745408      4.685899099274      2.342676030954
    8      0.000476880147     -0.000355244746      2.342900351316
    8      4.687418306974      2.341424740569      4.685889360759
    8      7.031195239605      4.684551912580      4.685777200578
    8      2.343641374343     -0.001702431442      4.686001520941
    8      0.002655517314      4.687882983174      2.342274394338
    8      2.346432449942      7.031010155183      2.342162234157
    8     -2.341121415318      2.344755811163      2.342386554519
    8      2.345820011509      4.686535796477      4.685375563961
    8      4.689596944139      7.029662968487      4.685263403780
    8      0.002043078877      2.343408624466      4.685487724142
    8      4.688984505705      4.685188609781      7.028476733585
    8      7.032761438335      7.028315781792      7.028364573404
    8      2.345207573073      2.342061437769      7.028588893765
    0    0
