   3   1   1 E -1.6031032316915E+04 DE 1.8E-09(  2)
  0.630617766260E-02  0.702588875565E+01  0.703363583273E+01
  0.703459479900E+01 -0.428427352146E-03  0.703309340605E+01
  0.703835868186E+01  0.702335554854E+01  0.169504251423E-02
    1
  0.100000000000E+01  0.000000000000E+00  0.000000000000E+00
  0.000000000000E+00  0.100000000000E+01  0.000000000000E+00
  0.000000000000E+00  0.000000000000E+00  0.100000000000E+01
  0.000000000000E+00  0.000000000000E+00  0.000000000000E+00
   54
   20      0.000000000000      0.000000000000      0.000000000000
   20      2.346119560621      2.341118516181      0.000565014171
   20     -2.346119560621     -2.341118516181     -0.000565014171
   20      2.344864932999     -0.000142809117      2.344364468684
   20      4.690984493620      2.340975707063      2.344929482855
   20     -0.001254627622     -2.341261325298      2.343799454512
   20     -2.344864932999      0.000142809117     -2.344364468684
   20      0.001254627622      2.341261325298     -2.343799454512
   12     -4.690984493620     -2.340975707063     -2.344929482855
   20      0.002102059221      2.341962918550      2.344545277578
   20      2.348221619842      4.683081434730      2.345110291750
   20     -2.344017501400      0.000844402369      2.343980263407
   20      2.346966992220      2.341820109432      4.688909746262
   12      4.693086552841      4.682938625613      4.689474760433
   20      0.000847431598      0.000701593252      4.688344732090
   20     -2.342762873778      2.342105727667      0.000180808895
   12      0.003356686843      4.683224243848      0.000745823066
   12     -4.688882434399      0.000987211486     -0.000384205277
   12     -0.002102059221     -2.341962918550     -2.344545277578
   20      2.344017501400     -0.000844402369     -2.343980263407
   12     -2.348221619842     -4.683081434730     -2.345110291750
   12      2.342762873778     -2.342105727667     -0.000180808895
   20      4.688882434399     -0.000987211486      0.000384205277
   20     -0.003356686843     -4.683224243848     -0.000745823066
   12     -2.346966992220     -2.341820109432     -4.688909746262
   20     -0.000847431598     -0.000701593252     -4.688344732090
   12     -4.693086552841     -4.682938625613     -4.689474760433
    8     -0.000423715799     -0.000350796626     -2.344172366045
    8      2.345695844820      2.340767719553     -2.343607351874
    8     -2.346543276421     -2.341469312807     -2.344737380217
    8      2.344441217200     -0.000493605743      0.000192102638
    8      4.690560777819      2.340624910436      0.000757116810
    8     -0.001678343422     -2.341612121924     -0.000372911533
    8      4.689306150200     -0.000636414861      2.344556571323
    8      7.035425710820      2.340482101319      2.345121585494
    8      2.343186589578     -2.341754931041      2.343991557152
    8      0.001678343422      2.341612121924      0.000372911533
    8      2.347797904041      4.682730638103      0.000937925704
    8     -2.344441217200      0.000493605743     -0.000192102638
    8      2.346543276421      2.341469312807      2.344737380217
    8      4.692662837041      4.682587828986      2.345302394388
    8      0.000423715799      0.000350796626      2.344172366045
    8      4.691408209420      2.341326503689      4.689101848900
    8      7.037527770040      4.682445019870      4.689666863071
    8      2.345288648798      0.000207987508      4.688536834729
    8      0.003780402642      4.683575040473      2.344918189110
    8      2.349899963264      7.024693556654      2.345483203283
    8     -2.342339157979      2.342456524292      2.344353174939
    8      2.348645335641      4.683432231355      4.689282657794
    8      4.694764896263      7.024550747536      4.689847671965
    8      0.002525775020      2.342313715174      4.688717643621
    8      4.693510268640      4.683289422237      7.033647126476
    8      7.039629829261      7.024407938419      7.034212140647
    8      2.347390708018      2.342170906056      7.033082112304
    0    0
