   3   1   1 E -1.6031047760080E+04 DE 2.7E-10( 11)
  0.415062222757E-02  0.702022335533E+01  0.702263017616E+01
  0.699994630093E+01  0.562674912285E-02  0.701531981530E+01
  0.700446426454E+01  0.701014886758E+01  0.815521567163E-02
    1
  0.100000000000E+01  0.000000000000E+00  0.000000000000E+00
  0.000000000000E+00  0.100000000000E+01  0.000000000000E+00
  0.000000000000E+00  0.000000000000E+00  0.100000000000E+01
  0.000000000000E+00  0.000000000000E+00  0.000000000000E+00
   54
   20      0.003357766134     -0.001183231373     -0.002312897340
   20      2.342735178735      2.341635836208     -0.001591184316
   20     -2.333515432832     -2.338139697384     -0.005139276989
   20      2.328883405272      0.002506324712      2.339998563682
   20      4.670547061892      2.339816456265      2.343733538747
   20      0.004213524200     -2.333325158136      2.335589504317
   20     -2.346628886288     -0.001102741929     -2.336857489655
   20      0.005062031559      2.342425802658     -2.340332831080
   12     -4.665448356681     -2.337776362710     -2.330544810806
   20      0.002317016751      2.338418289997      2.342823886327
   20      2.342047764664      4.676893880878      2.345897643169
   20     -2.331361925381      0.005005382565      2.339006061875
   12      2.331500426847      2.339555154955      4.701966129924
   12      4.665943641710      4.672520209097      4.694182801417
   12      0.005850130025      0.009013431797      4.687798943905
   20     -2.342575217849      2.346623250246     -0.006857873964
   20      0.011750195265      4.690203335637     -0.002234847734
   12     -4.833751953918      0.028569302641     -0.010627057321
   20      0.005649437660     -2.353950295573     -2.333019849252
   20      2.346768523245     -0.006897488544     -2.336898926048
   12     -2.334586958161     -4.678439416040     -2.335535188895
   12      2.380053445187     -2.415244955440     -0.002672527866
   20      4.682968327819      0.007050302350      0.000057800255
   12      0.012040812029     -4.706724747259     -0.018483145072
   20     -2.337251050224     -2.339645900148     -4.677029866584
   12      0.010812482023     -0.004593043936     -4.687453462691
   20     -4.672985344687     -4.676568615515     -4.684223276630
    8      0.003953993267     -0.004720629741     -2.336949628777
    8      2.346226240794      2.342322779631     -2.338634306092
    8     -2.343817106447     -2.348239250441     -2.334310656971
    8      2.343134572894     -0.003255907609     -0.000874000956
    8      4.681652356095      2.340571918314     -0.001180915698
    8      0.009963432241     -2.346770418621     -0.000238018688
    8      4.671574169763      0.003943741893      2.345584472313
    8      7.006273064864      2.332593384375      2.340011602638
    8      2.331258754745     -2.332915484690      2.336201760469
    8      0.003762229669      2.343705238186     -0.003016662220
    8      2.342645010089      4.684326479867     -0.002250014649
    8     -2.342622377261      0.001743546418     -0.003785654906
    8      2.336962709749      2.339813408408      2.345843066636
    8      4.672841248665      4.675956363961      2.347149305552
    8      0.001736018233      0.003638423509      2.338908510027
    8      4.657830898568      2.352624981771      4.677349893011
    8      7.010214666058      4.695491344707      4.675095380561
    8      2.277170938461      0.011831488496      4.670179587420
    8      0.007325809562      4.680876300375      2.347613264900
    8      2.335236478838      7.013616280718      2.343623893620
    8     -2.334839943503      2.342751460050      2.340756128140
    8      2.359817236568      4.654583399587      4.685719218276
    8      4.691356656635      7.022270988136      4.683179928259
    8      0.002905270656      2.316650786265      4.691858723316
    8      4.666723735599      4.695563548521      7.010887730507
    8      7.035451249518      7.042785868243      7.028875535891
    8      2.309391985339      2.353590027808      7.000634928138
    0    0
