   3   1   1 E -1.6031051476110E+04 DE 5.4E-10( 11)
 -0.267085422985E-02  0.701833198794E+01  0.700336647731E+01
  0.700952820665E+01 -0.860568858614E-02  0.700238492574E+01
  0.701163889048E+01  0.701309182481E+01 -0.417932353305E-02
    1
  0.100000000000E+01  0.000000000000E+00  0.000000000000E+00
  0.000000000000E+00  0.100000000000E+01  0.000000000000E+00
  0.000000000000E+00  0.000000000000E+00  0.100000000000E+01
  0.000000000000E+00  0.000000000000E+00  0.000000000000E+00
   54
   20      0.009997863111     -0.006887226481     -0.005516392412
   20      2.346255083066      2.339848461370     -0.009746097201
   20     -2.330141293506     -2.338544438691      0.000950231840
   20      2.336890810729     -0.009848979155      2.337523014890
   20      4.675236140605      2.338181300409      2.341206235390
   20      0.007079316452     -2.343260814457      2.339292220247
   20     -2.336422096664     -0.003630273887     -2.335456817589
   20      0.012042037623      2.343316695696     -2.340515872116
   12     -4.664450556696     -2.397157987906     -2.332802439505
   20     -0.005912975540      2.338491269020      2.341231540797
   20      2.348157952309      4.683330753298      2.359889530704
   12     -2.415730803165      0.065207672059      2.329043039074
   12      2.336273811514      2.421255786146      4.667607368683
   12      4.611511005547      4.678493618450      4.650982205097
   20     -0.009502100546      0.001814801790      4.663241228976
   20     -2.346421079146      2.345258844091     -0.006070419842
   20      0.001191366456      4.680923633366     -0.005483668674
   20     -4.667162008842      0.011225144117      0.000770300337
   12      0.051045566363     -2.349429175774     -2.339951238778
   12      2.359748423522     -0.029069051864     -2.362008708658
   12     -2.409627786242     -4.699258688943     -2.335482219271
   12      2.326311277260     -2.353130883945     -0.033636046716
   20      4.666289041693     -0.007656307623     -0.008882768895
   20      0.009442126708     -4.671581455656     -0.002329876254
   20     -2.345510937146     -2.350214396526     -4.666063462550
   20      0.013160337923      0.000470965613     -4.658390308890
   12     -4.642019485137     -4.697336427457     -4.643637984860
    8      0.018286238946     -0.009169214783     -2.336265020903
    8      2.368054876697      2.346699300386     -2.361274256386
    8     -2.339063575871     -2.354063511357     -2.331577683532
    8      2.343703744254     -0.013480422405     -0.012688375311
    8      4.676589324943      2.338839564811     -0.007715022658
    8      0.017751610911     -2.342583410044     -0.003893853898
    8      4.672975987330     -0.010565808032      2.337731531868
    8      7.023200393962      2.335177761819      2.337399674466
    8      2.335487108813     -2.365538777641      2.330180312672
    8      0.003616863780      2.340564814706     -0.007564872557
    8      2.345362368350      4.681401373001     -0.005258577112
    8     -2.336086451195      0.001789494881     -0.003236198129
    8      2.339901147566      2.337800828745      2.346868759156
    8      4.684307829232      4.686119076739      2.351670087778
    8     -0.003956426242     -0.003538702176      2.336228625819
    8      4.666420391953      2.341253110850      4.665923231406
    8      7.015316137584      4.673129717737      4.662633428424
    8      2.335550649858     -0.006129689999      4.666820074768
    8     -0.001548068518      4.677155986334      2.344286728293
    8      2.357767063070      7.035836613189      2.359051261579
    8     -2.366879520038      2.325105460443      2.337305427665
    8      2.348829655045      4.676158239540      4.737589625668
    8      4.633885177108      7.026162925122      4.652018323444
    8     -0.001096210446      2.350567926964      4.667608880183
    8      4.652448275124      4.670985527580      6.993582386910
    8      7.011880394477      7.014179068410      6.997876673076
    8      2.342797068082      2.358011466865      7.006010591315
    0    0
