   3   1   1 E -1.6031095349046E+04 DE-5.7E-09(  9)
 -0.100349578462E-02  0.701989628851E+01  0.701059219945E+01
  0.701862855948E+01 -0.387609326005E-03  0.701668950253E+01
  0.701004130158E+01  0.702309026939E+01  0.282197232857E-02
    1
  0.100000000000E+01  0.000000000000E+00  0.000000000000E+00
  0.000000000000E+00  0.100000000000E+01  0.000000000000E+00
  0.000000000000E+00  0.000000000000E+00  0.100000000000E+01
  0.000000000000E+00  0.000000000000E+00  0.000000000000E+00
   54
   20      0.032808374372     -0.010199551471     -0.081892988559
   20      2.325739623679      2.359629156427     -0.055194318023
   20     -2.334632590486     -2.336048609687     -0.023056039230
   20      2.320526846876     -0.037625220300      2.360680445615
   20      4.689604974802      2.331970510676      2.371983629487
   20      0.037935610650     -2.361043421353      2.391246002396
   20     -2.352542675780      0.000414231099     -2.336255916393
   12      0.121739828205      2.365361890242     -2.332442180554
   12     -4.772743715908     -2.333381699498     -2.309608060062
   20      0.001159869886      2.356826080445      2.375181265698
   20      2.296331722550      4.688262554680      2.393725360233
   20     -2.355721736657      0.025495412608      2.370932711328
   12      2.257604436777      2.395027733187      4.669493140219
   20      4.675164112792      4.683822279193      4.692809789078
   12      0.098970191830     -0.052326474993      4.711743115718
   20     -2.366903458941      2.391837962283     -0.025927479926
   12      0.036669427352      4.692606564674     -0.106993163220
   20     -4.697985071323      0.026177117906     -0.023686437715
   12      0.114032320694     -2.370202919229     -2.293736747090
   12      2.272572742667     -0.023806629931     -2.336596777078
   20     -2.352873248062     -4.681462507251     -2.349409338524
   12      2.254256512832     -2.414641253355     -0.122343612387
   20      4.671637347781     -0.045560848158     -0.014775142310
   20      0.062071924498     -4.680042848229     -0.053187291671
   20     -2.356620697829     -2.362260311873     -4.661333325495
   20      0.022701873622     -0.007674633016     -4.633503349992
   12     -4.692620935971     -4.631249020300     -4.582740549160
    8      0.117669123677     -0.009509790935     -2.342642678871
    8      2.236727240968      2.390317685654     -2.408743050717
    8     -2.326812117101     -2.343380140782     -2.334712790794
    8      2.334503931751     -0.077527820229     -0.121438920077
    8      4.685147218972      2.345133765754     -0.015039589370
    8      0.085719567416     -2.338713740106     -0.055537627048
    8      4.667674630995     -0.007375628705      2.353665388968
    8      7.115856615638      2.342343141431      2.434800948413
    8      2.332036187483     -2.445033702187      2.388357677713
    8      0.003088903536      2.433824343036     -0.100978902952
    8      2.240448631053      4.686007007243     -0.094395561070
    8     -2.339271963739      0.004199088081     -0.020886635495
    8      2.350496491954      2.338652612545      2.390393000878
    8      4.663925774820      4.680999450393      2.370349408110
    8      0.008065516194     -0.006277464260      2.379613495077
    8      4.637959545085      2.343502177355      4.679839387399
    8      7.113874886411      4.698671450244      4.773366609961
    8      2.214137045304     -0.011888051368      4.677839076852
    8      0.007063445761      4.674294953626      2.374766366670
    8      2.343005988983      7.092565728404      2.428675187525
    8     -2.405650146244      2.339481544274      2.330072342215
    8      2.212464402497      4.646747030525      4.753491408305
    8      4.667131423432      7.022623139781      4.691595649820
    8      0.123813285094      2.357999588621      4.671518768577
    8      4.675429819780      4.682831882161      7.001819614084
    8      7.015183956665      6.930743452511      6.952457817233
    8      2.335925626475      2.450558020748      6.982107400609
    0    0
