   3   1   1 E -1.6031034122442E+04 DE-5.1E-10(  2)
  0.722512055870E-02  0.702916545106E+01  0.702647916269E+01
  0.703406856657E+01 -0.137334219831E-02  0.702723359201E+01
  0.703790607153E+01  0.702785695326E+01  0.904026168549E-03
    1
  0.100000000000E+01  0.000000000000E+00  0.000000000000E+00
  0.000000000000E+00  0.100000000000E+01  0.000000000000E+00
  0.000000000000E+00  0.000000000000E+00  0.100000000000E+01
  0.000000000000E+00  0.000000000000E+00  0.000000000000E+00
   54
   20      0.000000000000      0.000000000000      0.000000000000
   20      2.345968690509      2.342618984421      0.000301342056
   20     -2.345968690509     -2.342618984421     -0.000301342056
   20      2.344689522189     -0.000457780733      2.342411197336
   20      4.690658212698      2.342161203688      2.342712539392
   20     -0.001279168320     -2.343076765154      2.342109855280
   20     -2.344689522189      0.000457780733     -2.342411197336
   20      0.001279168320      2.343076765154     -2.342109855280
   20     -4.690658212698     -2.342161203688     -2.342712539392
   20      0.002408373520      2.343055150352      2.342159720897
   20      2.348377064028      4.685674134774      2.342461062954
   12     -2.343560316989      0.000436165931      2.341858378841
   12      2.347097895709      2.342597369620      4.684570918233
   20      4.693066586217      4.685216354041      4.684872260289
   20      0.001129205200     -0.000021614802      4.684269576177
   20     -2.342281148670      2.343512931085     -0.000251476438
   12      0.003687541839      4.686131915507      0.000049865618
   12     -4.688249839178      0.000893946664     -0.000552818495
   20     -0.002408373520     -2.343055150352     -2.342159720897
   20      2.343560316989     -0.000436165931     -2.341858378841
   12     -2.348377064028     -4.685674134774     -2.342461062954
   12      2.342281148670     -2.343512931085      0.000251476438
   12      4.688249839178     -0.000893946664      0.000552818495
   12     -0.003687541839     -4.686131915507     -0.000049865618
   20     -2.347097895709     -2.342597369620     -4.684570918233
   12     -0.001129205200      0.000021614802     -4.684269576177
   20     -4.693066586217     -4.685216354041     -4.684872260289
    8     -0.000564602600      0.000010807401     -2.342134788088
    8      2.345404087909      2.342629791822     -2.341833446032
    8     -2.346533293109     -2.342608177020     -2.342436130145
    8      2.344124919589     -0.000446973332      0.000276409247
    8      4.690093610097      2.342172011088      0.000577751303
    8     -0.001843770920     -2.343065957753     -0.000024932809
    8      4.688814441780     -0.000904754065      2.342687606585
    8      7.034783132290      2.341714230356      2.342988948643
    8      2.342845751271     -2.343523738486      2.342386264528
    8      0.001843770920      2.343065957753      0.000024932809
    8      2.347812461428      4.685684942175      0.000326274865
    8     -2.344124919589      0.000446973332     -0.000276409247
    8      2.346533293109      2.342608177020      2.342436130145
    8      4.692501983618      4.685227161443      2.342737472201
    8      0.000564602600     -0.000010807401      2.342134788088
    8      4.691222815300      2.342150396288      4.684847327482
    8      7.037191505810      4.684769380709      4.685148669539
    8      2.345254124789     -0.000468588134      4.684545985424
    8      0.004252144439      4.686121108105      2.342184653705
    8      2.350220834949      7.028740092526      2.342485995760
    8     -2.341716546070      2.343502123685      2.341883311651
    8      2.348941666628      4.685663327372      4.684595851041
    8      4.694910357138      7.028282311794      4.684897193096
    8      0.002972976120      2.343044342953      4.684294508987
    8      4.693631188818      4.685205546639      7.027007048378
    8      7.039599879329      7.027824531061      7.027308390434
    8      2.347662498308      2.342586562220      7.026705706322
    0    0
