   3   1   1 E -1.6031096782162E+04 DE 2.4E-09(  7)
 -0.253307020534E-03  0.699798144261E+01  0.701870378768E+01
  0.700630438485E+01 -0.222392692839E-02  0.702633535479E+01
  0.699780355779E+01  0.700515022484E+01 -0.205522383055E-02
    1
  0.100000000000E+01  0.000000000000E+00  0.000000000000E+00
  0.000000000000E+00  0.100000000000E+01  0.000000000000E+00
  0.000000000000E+00  0.000000000000E+00  0.100000000000E+01
  0.000000000000E+00  0.000000000000E+00  0.000000000000E+00
   54
   20     -0.003020207152      0.018323563286     -0.012222229629
   20      2.356908408361      2.320926472601     -0.074451796626
   20     -2.360371629712     -2.346141832300     -0.030336017898
   20      2.330729235971     -0.022865751006      2.367260477549
   20      4.687804471502      2.321930566604      2.358628790955
   20      0.008534847814     -2.327697584814      2.391907016835
   20     -2.362274938657      0.004459714699     -2.308378729133
   20      0.021620057666      2.353627130117     -2.360992729556
   12     -4.633200578553     -2.258172970224     -2.307289765419
   20     -0.049353727550      2.319538265929      2.365756396203
   20      2.324485077443      4.722558509712      2.342337806318
   20     -2.368597575963      0.018945511619      2.385083841776
   20      2.343793362770      2.313477029353      4.720363800252
   12      4.645922975316      4.704990522603      4.750710836622
   12      0.009013065177     -0.057103370085      4.720659217385
   12     -2.359072666658      2.293513946304     -0.053077354744
   20     -0.033650847726      4.721233090941     -0.026389830379
   12     -4.705541257506     -0.010815901395     -0.031573111391
   20     -0.000825748878     -2.322888827560     -2.369270573557
   12      2.400753702555     -0.027792536978     -2.299889021828
   12     -2.365346399036     -4.714568290173     -2.297386428932
   20      2.399684167214     -2.332175339020     -0.036699885367
   12      4.687189813021      0.154650553714     -0.122248884186
   20     -0.005032597208     -4.754913037617     -0.011605543255
   20     -2.334292694252     -2.345096063507     -4.723478554300
   12      0.013218920118      0.002544053370     -4.681127710954
   20     -4.652177404878     -4.712626061351     -4.655081471392
    8      0.074555789637     -0.001661033453     -2.380324119595
    8      2.446949104920      2.306471123121     -2.337613730149
    8     -2.421977528161     -2.406770067293     -2.347499583047
    8      2.414973166371     -0.003372651090     -0.054084420844
    8      4.669190984201      2.232719543282     -0.092497928175
    8      0.005750148846     -2.341669347393     -0.002986936618
    8      4.765252469787      0.002472872629      2.334206384677
    8      7.000083591278      2.238023642057      2.344333729676
    8      2.350770082644     -2.333264078568      2.401776079875
    8     -0.076698247689      2.334407420618     -0.024070639776
    8      2.330437427328      4.773533367818     -0.093618744777
    8     -2.419454387233      0.079866478377      0.006326778151
    8      2.328949665657      2.331697511102      2.351217891418
    8      4.669617682570      4.668944612232      2.385445831047
    8      0.001055650367     -0.000795368974      2.409028818036
    8      4.678221433234      2.412476593281      4.760380755410
    8      7.001296737504      4.789249960992      4.685689694898
    8      2.246341070125     -0.092380068327      4.775961290603
    8     -0.005424413721      4.751372017544      2.326250155713
    8      2.218427736806      6.994715202684      2.329401184751
    8     -2.332520132113      2.324740630312      2.340937538451
    8      2.431208588943      4.770836616717      4.675979318030
    8      4.631684011551      7.024034276125      4.781991278639
    8     -0.087500083177      2.232995332643      4.681337025488
    8      4.666460531338      4.660189085998      6.917165497991
    8      6.997603503743      6.997062992604      6.996962438411
    8      2.435191444350      2.220326802459      7.020523500266
    0    0
