   3   1   1 E -1.6031052515632E+04 DE 5.7E-08(  8)
  0.278920137474E-01  0.701602556476E+01  0.700777132817E+01
  0.702557686191E+01  0.953151177182E-02  0.701779380206E+01
  0.703276962834E+01  0.702772793340E+01  0.817870609204E-02
    1
  0.100000000000E+01  0.000000000000E+00  0.000000000000E+00
  0.000000000000E+00  0.100000000000E+01  0.000000000000E+00
  0.000000000000E+00  0.000000000000E+00  0.100000000000E+01
  0.000000000000E+00  0.000000000000E+00  0.000000000000E+00
   54
   20      0.012436805473     -0.004425038516     -0.009269253886
   20      2.347266320185      2.344311629942     -0.018385933500
   20     -2.347049265020     -2.338019996872     -0.011263051049
   20      2.350026984452     -0.004984040713      2.331479776873
   20      4.691227903907      2.341058425777      2.329125108413
   20      0.013077645890     -2.348526257791      2.330160113919
   20     -2.339487149410     -0.004299957783     -2.339369248652
   20      0.011896302502      2.336163568173     -2.348524876615
   12     -4.675166539212     -2.354482249986     -2.317071731142
   20      0.011455835375      2.344773934063      2.327102222172
   20      2.340271594194      4.700140809896      2.330858851464
   20     -2.346318265833      0.006379866882      2.328101932869
   20      2.344791570362      2.344169986307      4.687138572789
   20      4.690324364247      4.695252920184      4.682744319588
   20      0.007225197407     -0.005008162546      4.692847031164
   20     -2.335958809711      2.345079548063     -0.001056204191
   12      0.016423214772      4.733921963478     -0.005910413557
   12     -4.708137785154      0.010669238559      0.073705189449
   20     -0.004409455725     -2.333142333927     -2.335364279582
   12      2.357837641116     -0.008960430210     -2.338534069870
   20     -2.357168158252     -4.678337599578     -2.336378415088
   12      2.319856096328     -2.321051830849      0.006915502381
   12      4.656793075288     -0.064653107695      0.042983549154
   12     -0.019474203493     -4.735075187205      0.070143072949
   20     -2.351321526651     -2.333462249778     -4.684596979814
   12      0.014151660354      0.006160996322     -4.725097298947
   12     -4.687913348839     -4.729548688680     -4.715046269005
    8      0.014202997760     -0.003736986961     -2.341520659197
    8      2.346212953892      2.345097679265     -2.352128749592
    8     -2.353165955471     -2.336823257555     -2.338070485931
    8      2.361021062506     -0.013505458509     -0.018668553845
    8      4.688912735832      2.339204778367     -0.006078273147
    8      0.010005161482     -2.347883515593     -0.007623240074
    8      4.686752618631      0.004231402535      2.323644869296
    8      7.039424506939      2.327272105673      2.320724799460
    8      2.346754833909     -2.347949802289      2.331458644947
    8      0.010934183200      2.345935383090     -0.011640370240
    8      2.332630446156      4.704384263888     -0.018139501119
    8     -2.343908690919      0.001835442991     -0.006256419192
    8      2.347076354853      2.344683838497      2.331247861808
    8      4.689609548066      4.690331438659      2.334356189836
    8      0.010055239270     -0.002704723220      2.328542038789
    8      4.687920058382      2.346990679506      4.676644857707
    8      7.045873397506      4.684628379298      4.692275190685
    8      2.348221222342     -0.006604309776      4.690845078201
    8      0.012672543403      4.695449479855      2.325654141665
    8      2.328632153568      7.056544373014      2.331888958125
    8     -2.333631803579      2.343581599521      2.329504884465
    8      2.348663070329      4.696649324704      4.685783628568
    8      4.684886441203      7.029793489754      4.680672196956
    8      0.011239850645      2.340696190160      4.682460387430
    8      4.691949735181      4.706447338228      7.012438589132
    8      7.022084264811      7.011132890657      7.077349239803
    8      2.340386633559      2.339994765415      7.049044740621
    0    0
