   3   1   1 E -1.6031101162904E+04 DE-3.6E-09(  9)
 -0.692577555110E-02  0.699208181129E+01  0.701554054210E+01
  0.698930732827E+01  0.194921752931E-02  0.699970839799E+01
  0.700063054054E+01  0.698071784937E+01 -0.260893524789E-02
    1
  0.100000000000E+01  0.000000000000E+00  0.000000000000E+00
  0.000000000000E+00  0.100000000000E+01  0.000000000000E+00
  0.000000000000E+00  0.000000000000E+00  0.100000000000E+01
  0.000000000000E+00  0.000000000000E+00  0.000000000000E+00
   54
   20      0.010581763669     -0.031058803224      0.011293088356
   20      2.387201204316      2.325637981289     -0.022049102982
   20     -2.321043462843     -2.361261450972      0.004523917410
   20      2.343111138194     -0.024866337201      2.363463933221
   20      4.682129154011      2.313955025403      2.349390010966
   20     -0.001615292731     -2.342629806602      2.345015013364
   20     -2.341859964346     -0.014160599168     -2.333516012008
   20      0.011924171718      2.341514950104     -2.339653320142
   12     -4.568175137256     -2.425673802009     -2.334201067732
   20     -0.002994653203      2.314249783685      2.350673146924
   20      2.343771257465      4.689356766846      2.368764851572
   12     -2.265837961178      0.029940799281      2.409292684118
   12      2.395741847106      2.439665459221      4.747728567514
   12      4.540761059274      4.672686540631      4.694096169689
   20     -0.039234626306      0.017981397512      4.689014538863
   20     -2.369173408203      2.359685832862     -0.004136825071
   20     -0.026928141517      4.714030777072     -0.014878726135
   20     -4.686964621599      0.026731281458     -0.009226177535
   20      0.027510991008     -2.380362522384     -2.311148271052
   20      2.404328540600     -0.025753965344     -2.308208246002
   12     -2.375615341920     -4.659913516755     -2.320393204370
   12      2.285642353608     -2.338613631299     -0.110135512507
   12      4.663073349597      0.035733587558     -0.032782747902
   12     -0.046473165026     -4.653699124654     -0.057138897799
   20     -2.351426082562     -2.325224849917     -4.706091786597
   12     -0.084637531792      0.038334037281     -4.743214238424
   20     -4.673602389054     -4.671547503013     -4.690162799674
    8      0.011734914810     -0.012530908445     -2.325236660885
    8      2.438887606683      2.405191837947     -2.350563368605
    8     -2.423425162814     -2.430962354039     -2.343072126640
    8      2.432373439531     -0.078414513535      0.020649008367
    8      4.748171656049      2.238906366508     -0.091896484983
    8      0.089911270897     -2.414191149129      0.023163295360
    8      4.749971479026     -0.000927465477      2.319716540954
    8      6.981601043127      2.230009597947      2.274026164596
    8      2.328399972110     -2.341463666135      2.336530286004
    8      0.007984479815      2.335924360784     -0.002119404920
    8      2.336061496670      4.652887254690     -0.060601787968
    8     -2.339679689097      0.001848959981      0.000088703551
    8      2.358933584278      2.338355224140      2.390419999348
    8      4.655032556781      4.728550389333      2.378349115354
    8     -0.093065664504     -0.003754533850      2.349659412875
    8      4.577009903725      2.406748531534      4.678774324573
    8      6.980573393678      4.647420634128      4.646006893750
    8      2.327467730436     -0.012506665082      4.675602844684
    8     -0.005293270880      4.732399275157      2.353619000321
    8      2.351398175663      6.989552619174      2.346607824461
    8     -2.331158434902      2.243074779828      2.394049750248
    8      2.432606628059      4.567929182119      4.748331405826
    8      4.675899887526      7.000861450803      4.680605351573
    8     -0.000094243690      2.331667994272      4.719290725538
    8      4.564105992957      4.761850667392      6.898948658874
    8      6.897667145187      7.078434526046      7.113360806508
    8      2.230283477488      2.424769248127      6.886250756950
    0    0
