   3   1   1 E -1.6031049304670E+04 DE-3.3E-09(  9)
  0.121070576292E-02  0.702963563612E+01  0.702671528825E+01
  0.703037065673E+01  0.000000000000E+00  0.702779310081E+01
  0.702915995097E+01  0.702963563612E+01  0.107781255756E-02
    2
  0.100000000000E+01  0.000000000000E+00  0.000000000000E+00
  0.000000000000E+00  0.100000000000E+01  0.000000000000E+00
  0.000000000000E+00  0.000000000000E+00  0.100000000000E+01
  0.000000000000E+00  0.000000000000E+00  0.000000000000E+00
  0.100000000000E+01  0.000000000000E+00  0.000000000000E+00
  0.000000000000E+00 -0.100000000000E+01  0.000000000000E+00
  0.000000000000E+00  0.000000000000E+00  0.100000000000E+01
  0.000000000000E+00  0.000000000000E+00  0.000000000000E+00
   54
   20     -0.127187962363      0.000000000000     -0.002473591339
   20      2.387897218215      2.373885761277     -0.045200235292
   20     -2.326699674547     -2.376624937593     -0.014165505407
   20      2.358846346231     -0.000000000000      2.326841241892
   20      4.669490279700      2.327661620920      2.350084202734
   20      0.004581346558     -2.349818036750      2.347897643504
   20     -2.368289130712      0.000000000000     -2.348786020087
   20      0.006806863867      2.342995227324     -2.336295159331
   12     -4.703977306966     -2.364384356241     -2.327107435705
   20      0.004581346558      2.349818036750      2.347897643504
   20      2.338688277195      4.704609504339      2.361601506613
   12     -2.331998753478      0.000000000000      2.369713292634
   12      2.326393349769      2.364384356241      4.700685665100
   12      4.675035396164      4.673835638038      4.723718522711
   20      0.053514505148      0.000000000000      4.704226789034
   20     -2.326699674547      2.376624937593     -0.014165505407
   12     -0.027974679420      4.687997781413     -0.013452085383
   20     -4.686943187132      0.000000000000      0.002340008764
   20      0.006806863867     -2.342995227324     -2.336295159331
   20      2.357386190172     -0.000000000000     -2.342243233767
   12     -2.355335260570     -4.673835638038     -2.304074578094
   20      2.387897218215     -2.373885761277     -0.045200235292
   12      4.701569414750     -0.000000000000     -0.001657742249
   12     -0.027974679420     -4.687997781413     -0.013452085383
   20     -2.360880377035     -2.327661620920     -4.677708898071
   12      0.002848044737     -0.000000000000     -4.693274311901
   20     -4.691682379540     -4.704609504339     -4.666191594192
    8     -0.012221942989     -0.000000000000     -2.361064805887
    8      2.365983680835      2.357085497058     -2.342006588320
    8     -2.356854368319     -2.358772249265     -2.340965578717
    8      2.356972926481     -0.000000000000     -0.023172801951
    8      4.705352526235      2.321515354805     -0.015465771441
    8      0.001285353342     -2.367523408277     -0.014281849643
    8      4.693731513187     -0.000000000000      2.330697930082
    8      7.023309297405      2.316983345484      2.348229263678
    8      2.349506388132     -2.346222012634      2.353293909126
    8      0.001285353342      2.367523408277     -0.014281849643
    8      2.345182713813      4.677257062552     -0.010992600018
    8     -2.343865694072      0.000000000000      0.001579657300
    8      2.349506388133      2.346222012634      2.353293909126
    8      4.685627879473      4.695907544888      2.347978294628
    8     -0.021048411416      0.000000000000      2.330244898780
    8      4.673516288416      2.358772249265      4.686827522089
    8      7.035677287074      4.688242992680      4.699701553535
    8      2.339386806147     -0.000000000000      4.687267865626
    8     -0.005850653567      4.712652290638      2.347151451126
    8      2.334580678596      7.029635636124      2.333703814920
    8     -2.343532071497      2.333728091233      2.346900482076
    8      2.367194386599      4.672550139064      4.684708699934
    8      4.698254091311      7.029635636124      4.691448992231
    8      0.006517336102      2.341392643440      4.698623740981
    8      4.706563231996      4.708120281318      7.011249516811
    8      7.024181910835      7.029635636124      7.050482422371
    8      2.346393419575      2.352378573569      7.015722688233
    0    0
