   3   1   1 E -1.6031101041483E+04 DE 4.5E-10( 11)
  0.707799355252E-02  0.699453678688E+01  0.702710053826E+01
  0.701939066796E+01 -0.269373472139E-02  0.703060820768E+01
  0.701310935890E+01  0.698472535580E+01  0.106033265747E-01
    1
  0.100000000000E+01  0.000000000000E+00  0.000000000000E+00
  0.000000000000E+00  0.100000000000E+01  0.000000000000E+00
  0.000000000000E+00  0.000000000000E+00  0.100000000000E+01
  0.000000000000E+00  0.000000000000E+00  0.000000000000E+00
   54
   20     -0.006223921789     -0.018098406385     -0.028547814395
   20      2.350298887955      2.345100298811     -0.024642787706
   20     -2.327740352948     -2.310682585505     -0.021755507023
   20      2.327153897107     -0.058795807587      2.340676142146
   20      4.704693874013      2.321879021258      2.368043283515
   20      0.051198687714     -2.347512708799      2.379217562094
   20     -2.371321398360     -0.017408153389     -2.311408346067
   20      0.004667649799      2.365458006566     -2.347903423823
   12     -4.707416864949     -2.293895476995     -2.240863744638
   20     -0.026413798493      2.333927727363      2.375035641366
   20      2.323726712224      4.705653938525      2.363440633270
   20     -2.364064648861      0.020321693993      2.342337661487
   20      2.332145261071      2.336931879857      4.734508739914
   12      4.659404676651      4.662986114347      4.718796145523
   12      0.025582758789     -0.106787866015      4.672841481722
   12     -2.426987575350      2.328400788867      0.022189327147
   20     -0.019290022915      4.700946544463     -0.001213197027
   12     -4.809993798890      0.011354236985      0.091766571216
   12      0.017381741919     -2.266026323293     -2.375306313202
   20      2.328382934700     -0.033763190004     -2.347440057431
   20     -2.327525749762     -4.639826919834     -2.377155576307
   12      2.376030740783     -2.335291337607     -0.101022350689
   20      4.728890058191     -0.046245898375     -0.048754027445
   20      0.085543403177     -4.683687180094     -0.033555272446
   20     -2.373525619906     -2.349878184487     -4.700531703669
   12      0.068399542356      0.048958239218     -4.617994908737
   12     -4.656826660212     -4.666264540159     -4.747299928568
    8     -0.007097697001     -0.082589509932     -2.407623447613
    8      2.348755241149      2.414834557128     -2.375234249800
    8     -2.338980577508     -2.326570539301     -2.343185092635
    8      2.350877614360     -0.073622383315     -0.004357736854
    8      4.703632172901      2.323312494614     -0.004929718440
    8      0.094021089422     -2.336078401516     -0.057186903928
    8      4.741713224795     -0.011599478005      2.347503765337
    8      7.107127367894      2.237654002610      2.356916904868
    8      2.341605892314     -2.422559139886      2.312038758647
    8     -0.040570662705      2.340701137682     -0.001433557763
    8      2.353140481209      4.739197424832     -0.045020829348
    8     -2.425182734964      0.074020302290      0.002855082823
    8      2.340025112096      2.329613894489      2.368684883298
    8      4.695278237378      4.659988447490      2.402848449570
    8     -0.003901303319     -0.009086880630      2.377507676248
    8      4.676493610808      2.403248275850      4.749609845481
    8      7.044306136269      4.764317035532      4.718382672030
    8      2.222082550840     -0.105373513686      4.764407653260
    8     -0.006264441273      4.737471217120      2.392817848012
    8      2.233747908267      7.089120430464      2.272563772844
    8     -2.435226085971      2.328666897625      2.263342597653
    8      2.313151203899      4.662484867080      4.707576372127
    8      4.760623495864      6.893315577446      4.683400768946
    8      0.012732545049      2.337527810138      4.671111183438
    8      4.565754882579      4.579805112260      6.939106637979
    8      7.124797432534      6.992639426741      7.027156630083
    8      2.439287980989      2.346364858976      7.105086129824
    0    0
