   3   1   1 E -1.6031100848662E+04 DE 5.2E-09(  9)
  0.811085500938E-03  0.701604500869E+01  0.704087850740E+01
  0.702294948969E+01 -0.109323679541E-01  0.704616359502E+01
  0.702228988075E+01  0.701347306142E+01 -0.294433222135E-02
    1
  0.100000000000E+01  0.000000000000E+00  0.000000000000E+00
  0.000000000000E+00  0.100000000000E+01  0.000000000000E+00
  0.000000000000E+00  0.000000000000E+00  0.100000000000E+01
  0.000000000000E+00  0.000000000000E+00  0.000000000000E+00
   54
   20      0.020817433109     -0.021763439988     -0.015572888789
   20      2.346224986728      2.335448180972     -0.043317494092
   20     -2.346054691354     -2.344033448883     -0.013762030928
   20      2.344751193140     -0.037605171869      2.398259113384
   20      4.682327196330      2.349521747987      2.371744121959
   20      0.041270546504     -2.334728981702      2.377454707465
   20     -2.408411467590     -0.003382131411     -2.342144950786
   20      0.009072413507      2.383855849708     -2.363121935231
   12     -4.647060092676     -2.266852982678     -2.359102726698
   20     -0.010476078364      2.343589605995      2.385229043069
   20      2.348967229551      4.699805436429      2.376103052227
   20     -2.365123913584     -0.010162477753      2.387450249206
   12      2.320470202631      2.272354437621      4.755686493254
   12      4.602427233685      4.690254397569      4.686195286120
   12      0.160873371978      0.003043909630      4.761998581951
   20     -2.418129587792      2.386739457329     -0.016087806187
   20     -0.021772139326      4.726760625857     -0.056449706171
   12     -4.792245933772     -0.024037886947     -0.131958103849
   20      0.030902757100     -2.369786739917     -2.315490766504
   12      2.357976916854     -0.041127682487     -2.319505672443
   20     -2.327559197961     -4.704314797660     -2.330400671525
   12      2.391880080275     -2.322724209950     -0.091557409872
   20      4.687576337403     -0.046869903132     -0.026584940932
   12      0.097928468082     -4.708402318297     -0.025765524789
   12     -2.394316923969     -2.352230215261     -4.638677467474
   20      0.019843115360      0.006905977845     -4.707299622157
   20     -4.676401693468     -4.647358182663     -4.716261631829
    8      0.054538193790     -0.008279268086     -2.339668834023
    8      2.345264157568      2.336994175687     -2.345459228040
    8     -2.437204920954     -2.345184998730     -2.419659318053
    8      2.329317686414     -0.088985386362     -0.090894078837
    8      4.739309372512      2.325300100643     -0.006956761189
    8      0.091524921396     -2.419424392026      0.013535884155
    8      4.674660437680     -0.081472385009      2.361876963234
    8      7.023503034985      2.339434239463      2.307991502285
    8      2.445996369012     -2.332062617716      2.411815827733
    8     -0.006419903954      2.354815410938     -0.037053530262
    8      2.331634315890      4.757661620246     -0.084912209146
    8     -2.420248765648      0.008465043373     -0.021602280669
    8      2.340674965169      2.339567341176      2.401677951016
    8      4.686469440318      4.677954167745      2.381054096390
    8      0.011241672146      0.003772130239      2.414082119564
    8      4.569429248891      2.431576945050      4.701687372807
    8      7.065111661008      4.788039934425      4.706858331191
    8      2.244803392573     -0.039100456743      4.789952780419
    8     -0.049324031155      4.680231067210      2.342425002963
    8      2.342330546644      7.016304272037      2.347938293254
    8     -2.343833173162      2.411096592544      2.359584530691
    8      2.420468429535      4.707253409575      4.787351052651
    8      4.629970419394      6.894085070480      4.702297844061
    8      0.108693360558      2.251911638902      4.767212954695
    8      4.566604383003      4.661329674714      7.020218585468
    8      7.139582013760      7.104120108921      6.997245841566
    8      2.247372062003      2.345333164653      6.922779973627
    0    0
