   3   1   1 E -1.6031047263541E+04 DE 3.4E-08(  8)
  0.120453656898E-01  0.698144600333E+01  0.699464618645E+01
  0.701516918019E+01 -0.697451592770E-02  0.701883385243E+01
  0.701511111091E+01  0.701287148827E+01 -0.144134859883E-01
    1
  0.100000000000E+01  0.000000000000E+00  0.000000000000E+00
  0.000000000000E+00  0.100000000000E+01  0.000000000000E+00
  0.000000000000E+00  0.000000000000E+00  0.100000000000E+01
  0.000000000000E+00  0.000000000000E+00  0.000000000000E+00
   54
   20     -0.006985558661      0.006759297998     -0.005196334498
   20      2.336408955490      2.338975899590     -0.006259412754
   20     -2.342723691219     -2.326555299136      0.005617517369
   20      2.335985925326     -0.003453039654      2.341155853504
   20      4.679152939660      2.338605687693      2.335546534807
   12     -0.007852422846     -2.299493346011      2.359742144969
   20     -2.344293292036      0.009630376483     -2.340038824532
   12     -0.001198958485      2.351499901146     -2.359482094813
   12     -4.703802812392     -2.327887547427     -2.343314685750
   20      0.002598148710      2.323809134713      2.332873421513
   20      2.344055736611      4.665726855490      2.328981265409
   12     -2.376270813799      0.102989454854      2.325242918179
   12      2.338374989494      2.341656703519      4.688318512452
   20      4.684161674539      4.656202760864      4.670451401228
   20      0.007136147872     -0.018559095688      4.674520831405
   12     -2.343521164231      2.221844504575     -0.017822047780
   20      0.005754974399      4.663097406764     -0.014653840550
   12     -4.594836444213     -0.021461014441     -0.001227962218
   12      0.008183666191     -2.369119092756     -2.340772487436
   20      2.333983197184      0.007444873580     -2.332683160102
   20     -2.341700378071     -4.665939058850     -2.324360303040
   20      2.337042494878     -2.337840667762      0.003368294642
   12      4.672643825514      0.032045153408      0.016251783781
   20      0.000679008279     -4.670339476284      0.014280703224
   20     -2.343469443569     -2.330412652657     -4.673964056247
   20     -0.003185206705      0.011250238352     -4.674530237198
   20     -4.676772108768     -4.671703278977     -4.663220719136
    8     -0.005537496962      0.009587348243     -2.337756848752
    8      2.330973301393      2.347339459493     -2.338890129427
    8     -2.343589358555     -2.327967743135     -2.332505321330
    8      2.338127685617      0.001017782707      0.000419823973
    8      4.676017591829      2.340974236553     -0.003234223198
    8     -0.002870793219     -2.332507683755      0.005639506994
    8      4.673379687402     -0.000267135686      2.337257579500
    8      7.015966945561      2.342539910578      2.343344078386
    8      2.332443286023     -2.339233209472      2.345933193388
    8     -0.003356579399      2.335512133750     -0.012941154245
    8      2.334759009067      4.678093352418     -0.012906927418
    8     -2.358102937155      0.034095066198     -0.005593886849
    8      2.340664340834      2.335041561456      2.335387508713
    8      4.683373678288      4.677484045534      2.333035885280
    8     -0.004076390458     -0.009929237769      2.334510388519
    8      4.678970284575      2.333288764191      4.675815142520
    8      7.030904239359      4.648065773361      4.659222943729
    8      2.337533457422     -0.004901487075      4.680984306943
    8      0.004754781893      4.660437334956      2.327740393788
    8      2.359643383606      6.990475082130      2.328875355858
    8     -2.330758742712      2.301762291029      2.329644995256
    8      2.341185622033      4.649507302176      4.664123960894
    8      4.685679957756      6.992065281691      4.663154536697
    8      0.011211800155      2.321120455368      4.673219828189
    8      4.685076647158      4.648084581854      7.001654214077
    8      7.022770489795      6.989108461441      6.998708295685
    8      2.355772175106      2.293474982896      7.002131024420
    0    0
