   3   1   1 E -1.6031094647509E+04 DE-3.6E-10( 11)
 -0.440008900850E-03  0.699928393777E+01  0.704115710918E+01
  0.700897309516E+01 -0.201773784648E-02  0.703473872034E+01
  0.700883928117E+01  0.698813383103E+01  0.336181145627E-02
    1
  0.100000000000E+01  0.000000000000E+00  0.000000000000E+00
  0.000000000000E+00  0.100000000000E+01  0.000000000000E+00
  0.000000000000E+00  0.000000000000E+00  0.100000000000E+01
  0.000000000000E+00  0.000000000000E+00  0.000000000000E+00
   54
   20     -0.016123543393      0.000836718766     -0.025983605151
   20      2.333213083864      2.340401941596     -0.019288579667
   20     -2.357289545736     -2.302718783340     -0.009401100657
   20      2.344849691521     -0.034461809960      2.373700571400
   20      4.699080678112      2.288735060686      2.332454923284
   20      0.022793157186     -2.319154992717      2.394192717173
   20     -2.323053406658     -0.041580678121     -2.367459221431
   12      0.047319505063      2.319692784223     -2.358805474761
   12     -4.770231716470     -2.290913304001     -2.391289846642
   20     -0.035017544756      2.338913150227      2.419521978329
   20      2.321009366103      4.725907636472      2.334846146639
   12     -2.271838102850      0.024616808997      2.317830575079
   20      2.308435878522      2.309150356996      4.735667319358
   20      4.727442346005      4.702481973355      4.690484981449
   12     -0.002982500772      0.002174975993      4.738287081710
   20     -2.338507730431      2.318188199924      0.048580438254
   20      0.008603348079      4.728361295365     -0.017664271909
   12     -4.668205857685     -0.001156727616     -0.066172971867
   12      0.006545951306     -2.313280984894     -2.437428388724
   20      2.314868641633     -0.000874200832     -2.367130731649
   20     -2.325980271846     -4.670645395415     -2.390835855346
   20      2.358927965441     -2.326034890296      0.000964978933
   12      4.738484467891     -0.052541697362      0.021862654669
   20     -0.006133775671     -4.726646751023     -0.032263067161
   12     -2.336127407143     -2.234222562335     -4.712084862254
   12     -0.047069444314     -0.042245117311     -4.631308683098
   20     -4.669794171982     -4.699024542217     -4.691250806607
    8      0.003237105627     -0.014487868838     -2.399520802431
    8      2.238163398128      2.387224326323     -2.369087132939
    8     -2.297791454078     -2.330945108637     -2.377560808223
    8      2.376117882412     -0.001340632141      0.005197636101
    8      4.666144131709      2.245619241832     -0.005462720432
    8      0.004083308652     -2.333725921663     -0.028209829968
    8      4.760300430337     -0.087376929247      2.331839341547
    8      7.005895514876      2.237474879236      2.425870076820
    8      2.446501425113     -2.328537887090      2.447144014796
    8     -0.002575767436      2.342859995582     -0.021769824208
    8      2.339033378468      4.761270209766     -0.040857767975
    8     -2.377039861311      0.000243383462      0.015179888697
    8      2.330215949992      2.330031456543      2.354103087240
    8      4.693649464206      4.740844545674      2.336399570829
    8     -0.093940430809     -0.000357087087      2.401693050627
    8      4.749565719391      2.326915368032      4.704874358299
    8      7.123054785208      4.689941146521      4.691448658237
    8      2.212938199856     -0.109562723801      4.761004965077
    8     -0.113077929713      4.780801155769      2.429380030617
    8      2.282688801278      6.980585339327      2.264622492817
    8     -2.339166676740      2.296489388370      2.337808032260
    8      2.268558195139      4.667755294007      4.702338993652
    8      4.756362279170      6.983780440914      4.692638553853
    8      0.005852934658      2.318600174472      4.690390550376
    8      4.677173519726      4.781172356180      7.114954347631
    8      6.960133598954      6.989917680868      6.971932676984
    8      2.338878689580      2.235149449760      7.030281044796
    0    0
