   3   1   1 E -1.6031093126784E+04 DE 5.4E-09(  9)
  0.532969510923E-01  0.691952585164E+01  0.700061388759E+01
  0.702104328549E+01  0.293383749622E-01  0.701626149279E+01
  0.703546471967E+01  0.694408650831E+01  0.206621022387E-01
    1
  0.100000000000E+01  0.000000000000E+00  0.000000000000E+00
  0.000000000000E+00  0.100000000000E+01  0.000000000000E+00
  0.000000000000E+00  0.000000000000E+00  0.100000000000E+01
  0.000000000000E+00  0.000000000000E+00  0.000000000000E+00
   54
   20     -0.009030894643     -0.012849145191     -0.047284377131
   20      2.383761068435      2.330492391839     -0.042654720470
   20     -2.333517586021     -2.354899681869     -0.076911461034
   20      2.359317899212     -0.031409211381      2.366555681566
   20      4.725893376814      2.274441580237      2.318075487630
   20      0.028727180573     -2.360348301955      2.316852991215
   20     -2.338364943028     -0.062412079838     -2.330521293464
   20      0.036496236550      2.302089689689     -2.362159940741
   12     -4.649033858007     -2.398744365692     -2.356534347431
   20     -0.028506642402      2.340515015117      2.367361305546
   20      2.318933421721      4.677815567861      2.301695838598
   20     -2.371808391613      0.059221653521      2.300645599347
   20      2.343187516574      2.284161419343      4.737011973626
   20      4.700673144575      4.638743850733      4.724754292987
   20     -0.001047554199      0.052032248477      4.746584515362
   12     -2.390437133097      2.204569167233      0.015202224153
   20      0.021166132217      4.680256654459      0.029283812879
   12     -4.623111637049      0.052764134684      0.053034545226
   12     -0.048178332884     -2.363499147879     -2.345612487685
   20      2.329338488775      0.046561706078     -2.369020673197
   12     -2.380277773486     -4.555609507092     -2.295557354418
   20      2.327871723253     -2.367347498804      0.011524058798
   12      4.693163529252      0.165009802239      0.021372152470
   12     -0.078948743752     -4.639026307620     -0.009846295340
   20     -2.370190861689     -2.353725263836     -4.668544230680
   12     -0.021003144338     -0.012314276301     -4.662796844788
   12     -4.594699366287     -4.662984528059     -4.675975670582
    8      0.007714120919     -0.054479700887     -2.417206179870
    8      2.429220262795      2.423844699748     -2.437583453808
    8     -2.344469155912     -2.438157774064     -2.351587956856
    8      2.385519766110     -0.002758387109     -0.020168675857
    8      4.755229306369      2.239095311297     -0.077859330543
    8     -0.005417767387     -2.394978042046     -0.066630249668
    8      4.729797590228      0.012650981846      2.326494010931
    8      7.075099932519      2.226209710102      2.280225605700
    8      2.337015406527     -2.392187324550      2.383038500099
    8     -0.021982938837      2.322812511814     -0.026537970867
    8      2.360216641234      4.710652426397     -0.066105408001
    8     -2.388141294712      0.044338666679     -0.035718055106
    8      2.344545975706      2.313362885180      2.333271611947
    8      4.692004137201      4.631806953683      2.314429458948
    8     -0.002739212352      0.011437503627      2.342574392259
    8      4.695822492854      2.289434115828      4.714567063364
    8      7.078569796730      4.653761858692      4.708578997064
    8      2.342388875963     -0.041624380469      4.753787170030
    8      0.013573861491      4.693506649264      2.381620128350
    8      2.283438303308      7.076091518123      2.271695063418
    8     -2.405221211981      2.292222886973      2.325804406470
    8      2.320860499062      4.615426108881      4.690833540079
    8      4.700046451024      7.047850656644      4.735860974653
    8     -0.070905121972      2.417185424825      4.791915379640
    8      4.709763927761      4.627286858361      7.022482541897
    8      7.025859961609      7.076188283801      7.110633914400
    8      2.415938841436      2.183792338474      7.113968410688
    0    0
