   3   1   1 E -1.6031096843637E+04 DE-5.8E-10( 11)
  0.206823248404E-01  0.690375703679E+01  0.697974558424E+01
  0.702731134687E+01 -0.295302439649E-01  0.702154947896E+01
  0.701419638015E+01  0.692776424491E+01 -0.113422655291E-01
    1
  0.100000000000E+01  0.000000000000E+00  0.000000000000E+00
  0.000000000000E+00  0.100000000000E+01  0.000000000000E+00
  0.000000000000E+00  0.000000000000E+00  0.100000000000E+01
  0.000000000000E+00  0.000000000000E+00  0.000000000000E+00
   54
   20      0.007955958862     -0.027215671492     -0.013669080676
   20      2.373681058769      2.301438663349     -0.032274710167
   20     -2.327949110691     -2.316857208493     -0.026144931471
   20      2.349574557385     -0.071022989344      2.336132342459
   20      4.707850153546      2.257166694631      2.311369155166
   20      0.038820330724     -2.341744620316      2.336466993015
   20     -2.330223452779     -0.043451949472     -2.337013790977
   20      0.022332425612      2.306883201992     -2.362730574112
   12     -4.682348797611     -2.401095531870     -2.357890306541
   20     -0.054910815361      2.296678692702      2.340098943948
   20      2.339129323080      4.678094071556      2.329944174351
   12     -2.336543770582      0.117598099079      2.304537655602
   20      2.336837794696      2.335628601744      4.696380632080
   20      4.679346361081      4.643954683161      4.684998159466
   20     -0.021045497004      0.004526261631      4.687240945687
   12     -2.419038972656      2.299257508872      0.031679580169
   20     -0.045894076542      4.637547406606     -0.001794427575
   20     -4.657237637391      0.050879637233      0.025645294781
   12      0.020999206262     -2.309895023178     -2.353174526948
   20      2.361743155435      0.043184236297     -2.349542950949
   12     -2.395135463907     -4.592433891876     -2.307832619932
   12      2.363792549647     -2.267207953898      0.002172691087
   12      4.674336153248     -0.015133731593      0.031457619316
   20     -0.000542162588     -4.621021470688      0.006483012848
   20     -2.386314837619     -2.368030539053     -4.673258801084
   12     -0.051451680282     -0.009450394015     -4.653316462087
   12     -4.655518806371     -4.607924140891     -4.626622847913
    8      0.011283957554     -0.067670374029     -2.407871622073
    8      2.412440080723      2.434266350311     -2.414554705769
    8     -2.358789981361     -2.417228094857     -2.335902524595
    8      2.394447266771     -0.064850473402     -0.009381171555
    8      4.686309482612      2.244648479792     -0.073616826184
    8      0.084192829508     -2.323090649443     -0.045264697826
    8      4.704252344814     -0.061489808801      2.311906320405
    8      7.080995463023      2.212255545489      2.323618637264
    8      2.332115087157     -2.445208537419      2.338287889470
    8     -0.034661019545      2.302423904077      0.000401660053
    8      2.331174140335      4.636658731504     -0.043802620508
    8     -2.317978591605      0.056939258932      0.045626566822
    8      2.347360372842      2.303506767714      2.331480860682
    8      4.697558974571      4.659954514113      2.317723574337
    8     -0.029729841490     -0.019587962473      2.349498653863
    8      4.692974315216      2.281450961357      4.700411792237
    8      7.058876654255      4.603361304653      4.680498256266
    8      2.349398962310     -0.058631114459      4.703404409528
    8     -0.026184407542      4.677473927299      2.382892137864
    8      2.357555596374      7.048715215937      2.314620932369
    8     -2.420293200770      2.168035082670      2.298009783695
    8      2.346393799046      4.632876964725      4.678251084759
    8      4.691633724201      7.038359251459      4.675956048164
    8     -0.050181851455      2.364604717395      4.673391114478
    8      4.622737752318      4.592257943700      6.998336684743
    8      6.966631333101      6.919686087189      7.045736826813
    8      2.437098043425      2.408889033692      7.085787354719
    0    0
