   3   1   1 E -1.6031078210503E+04 DE-5.8E-11( 11)
  0.303496019964E-01  0.697957512853E+01  0.700132418896E+01
  0.700804995625E+01  0.435121314363E-02  0.701936910449E+01
  0.702139949715E+01  0.700540243768E+01 -0.295992325715E-02
    1
  0.100000000000E+01  0.000000000000E+00  0.000000000000E+00
  0.000000000000E+00  0.100000000000E+01  0.000000000000E+00
  0.000000000000E+00  0.000000000000E+00  0.100000000000E+01
  0.000000000000E+00  0.000000000000E+00  0.000000000000E+00
   54
   20      0.025384385949     -0.043012795527     -0.042092836191
   20      2.357255995862      2.329580310804     -0.016637937756
   20     -2.330103632786     -2.347163407361     -0.029084381292
   20      2.336334449094     -0.016213138829      2.319647730935
   20      4.690078197653      2.315486940104      2.322477331466
   20     -0.009536770737     -2.319619812380      2.358973442520
   20     -2.319976557146     -0.027923143239     -2.350816741820
   20     -0.015167618164      2.354652591675     -2.333389485787
   20     -4.702445319181     -2.302717722039     -2.310668452758
   20     -0.017337411261      2.358556566877      2.348643346386
   20      2.313377616347      4.708688289837      2.329581863215
   20     -2.318839319828     -0.008245623001      2.367660346085
   20      2.308808013836      2.347321105935      4.719740087220
   12      4.709626479582      4.713475848141      4.718416998740
   12      0.110127263782     -0.116727074141      4.715883821139
   20     -2.343720417912      2.376626190105     -0.049518053723
   12      0.021845537448      4.808070540972     -0.056972250423
   12     -4.744509941471     -0.064676471059      0.004402292395
   12     -0.037725015063     -2.257047287928     -2.297621579694
   20      2.365629742543     -0.037907098209     -2.306521668586
   12     -2.268504689215     -4.643587873517     -2.289413007964
   12      2.323323000280     -2.244983881309     -0.026889533843
   12      4.718526875191     -0.072360286022      0.048306686696
   20     -0.023766990411     -4.733056523723     -0.026561185885
   20     -2.304866644397     -2.287621516770     -4.691575184241
   12     -0.155676727026     -0.100552334836     -4.678449062093
   20     -4.692049859405     -4.675051141862     -4.693353173359
    8      0.020300647910     -0.071360198835     -2.398259201442
    8      2.381461602807      2.339999724156     -2.322272326442
    8     -2.275500049702     -2.378141071532     -2.341048152454
    8      2.399360617889     -0.083785477473     -0.011120995426
    8      4.674538067710      2.263605132470     -0.069355057430
    8      0.032164650922     -2.362952051232     -0.060942671413
    8      4.752531556048     -0.003106697840      2.313600235368
    8      7.006742193279      2.295031635421      2.339783291609
    8      2.331498456345     -2.315532924432      2.321706102503
    8      0.006011436063      2.378254723081     -0.023757790271
    8      2.284023123991      4.745275715358     -0.015724194264
    8     -2.367309795934     -0.009472042197     -0.032998722627
    8      2.332148128082      2.338951203148      2.333261601421
    8      4.689937763127      4.675501033974      2.366211696795
    8     -0.005232160772     -0.011327740070      2.352139365455
    8      4.673342038689      2.380749414033      4.681444476201
    8      6.914847158816      4.782794905141      4.756986829402
    8      2.272344216497     -0.012889649096      4.718094703737
    8      0.013715481690      4.762708783982      2.336199387174
    8      2.308712948677      6.989021628303      2.323063730632
    8     -2.316639183967      2.343634103853      2.342828129140
    8      2.350829617626      4.679151499466      4.720261497733
    8      4.814004616441      6.965357229471      4.779325105079
    8     -0.091310351262      2.317420469850      4.678844698302
    8      4.719087503402      4.791867646809      6.946869194363
    8      7.020123162508      6.815246548735      6.996307677640
    8      2.331271658860      2.321984709833      6.994182143739
    0    0
