   3   1   1 E -1.6031032370254E+04 DE 4.6E-10(  2)
 -0.303601745061E-02  0.703033174350E+01  0.703044560297E+01
  0.703046291164E+01  0.311317527877E-02  0.703040794517E+01
  0.702703236523E+01  0.703307473256E+01  0.272153462812E-03
    1
  0.100000000000E+01  0.000000000000E+00  0.000000000000E+00
  0.000000000000E+00  0.100000000000E+01  0.000000000000E+00
  0.000000000000E+00  0.000000000000E+00  0.100000000000E+01
  0.000000000000E+00  0.000000000000E+00  0.000000000000E+00
   54
   20      0.000000000000      0.000000000000      0.000000000000
   20      2.342344121743      2.344358244187      0.000090717821
   20     -2.342344121743     -2.344358244187     -0.000090717821
   20      2.343487637213      0.001037725093      2.343469315057
   20      4.685831758956      2.345395969280      2.343560032878
   20      0.001143515470     -2.343320519094      2.343378597236
   20     -2.343487637213     -0.001037725093     -2.343469315057
   12     -0.001143515470      2.343320519094     -2.343378597236
   12     -4.685831758956     -2.345395969280     -2.343560032878
   20     -0.001012005817      2.343443914500      2.343481867656
   20      2.341332115926      4.687802158687      2.343572585477
   20     -2.343356127560     -0.000914329687      2.343391149835
   20      2.342475631396      2.344481639593      4.686951182713
   20      4.684819753139      4.688839883780      4.687041900534
   12      0.000131509653      0.000123395406      4.686860464892
   20     -2.344499643030      2.342406189407      0.000012552599
   12     -0.002155521287      4.686764433594      0.000103270420
   20     -4.686843764773     -0.001952054780     -0.000078165222
   12      0.001012005817     -2.343443914500     -2.343481867656
   20      2.343356127560      0.000914329687     -2.343391149835
   12     -2.341332115926     -4.687802158687     -2.343572585477
   12      2.344499643030     -2.342406189407     -0.000012552599
   20      4.686843764773      0.001952054780      0.000078165222
   20      0.002155521287     -4.686764433594     -0.000103270420
   12     -2.342475631396     -2.344481639593     -4.686951182713
   12     -0.000131509653     -0.000123395406     -4.686860464892
   20     -4.684819753139     -4.688839883780     -4.687041900534
    8     -0.000065754827     -0.000061697703     -2.343430232446
    8      2.342278366916      2.344296546484     -2.343339514625
    8     -2.342409876569     -2.344419941890     -2.343520950267
    8      2.343421882386      0.000976027390      0.000039082611
    8      4.685766004130      2.345334271578      0.000129800432
    8      0.001077760643     -2.343382216797     -0.000051635210
    8      4.686909519599      0.002013752483      2.343508397668
    8      7.029253641343      2.346371996671      2.343599115490
    8      2.344565397856     -2.342344491704      2.343417679847
    8     -0.001077760643      2.343382216797      0.000051635210
    8      2.341266361099      4.687740460984      0.000142353031
    8     -2.343421882386     -0.000976027390     -0.000039082611
    8      2.342409876569      2.344419941890      2.343520950267
    8      4.684753998312      4.688778186077      2.343611668088
    8      0.000065754827      0.000061697703      2.343430232446
    8      4.685897513783      2.345457666983      4.686990265325
    8      7.028241635527      4.689815911171      4.687080983146
    8      2.343553392040      0.001099422796      4.686899547503
    8     -0.002089766460      4.686826131298      2.343533502867
    8      2.340254355282      7.031184375484      2.343624220687
    8     -2.344433888203      2.342467887111      2.343442785046
    8      2.341397870753      4.687863856390      4.687002817923
    8      4.683741992495      7.032222100576      4.687093535743
    8     -0.000946250990      2.343505612204      4.686912100103
    8      4.684885507967      4.688901581483      7.030472132980
    8      7.027229629710      7.033259825669      7.030562850801
    8      2.342541386223      2.344543337296      7.030381415160
    0    0
