   3   1   1 E -1.6031107562558E+04 DE 5.2E-09(  9)
  0.133610304511E-01  0.700299157084E+01  0.700453624731E+01
  0.698511827881E+01 -0.826105008368E-02  0.701807568679E+01
  0.698064203335E+01  0.700675593563E+01  0.207461105168E-02
    1
  0.100000000000E+01  0.000000000000E+00  0.000000000000E+00
  0.000000000000E+00  0.100000000000E+01  0.000000000000E+00
  0.000000000000E+00  0.000000000000E+00  0.100000000000E+01
  0.000000000000E+00  0.000000000000E+00  0.000000000000E+00
   54
   20     -0.003396453388     -0.014042882250     -0.016111399160
   20      2.353268370346      2.323503755727     -0.020338429875
   20     -2.297958080145     -2.341998989225     -0.028017703628
   20      2.316796150439     -0.032909582629      2.303346019780
   20      4.681162455964      2.296373423925      2.300751781923
   20      0.042677993151     -2.357894535275      2.340631270878
   20     -2.322452667396     -0.004770138788     -2.340998000111
   20      0.003595122157      2.317979502228     -2.371425282321
   20     -4.643003752428     -2.334907766276     -2.342082002735
   20     -0.050590305170      2.345727354539      2.406204798240
   20      2.301105199955      4.713875131371      2.347058303014
   20     -2.359681178828      0.055672658075      2.341786217871
   20      2.289197325834      2.330143801248      4.735720911184
   20      4.640325574247      4.685954588085      4.732625127701
   12     -0.058253339168     -0.009744859047      4.726933517128
   12     -2.427956209867      2.289432568489      0.016957868709
   20     -0.042462469484      4.727203000759     -0.002943884989
   12     -4.646197288042      0.016218848725      0.019206883313
   12      0.001281495417     -2.274074262419     -2.344830078856
   20      2.341419328536      0.000634371071     -2.331367106601
   12     -2.279693430359     -4.686235007971     -2.278301799500
   12      2.349125585830     -2.342518401979      0.023305571556
   12      4.670857487382      0.046676410488     -0.012470548851
   20      0.040660082932     -4.715974405107     -0.031103832467
   20     -2.327183872466     -2.358778699126     -4.696280114582
   12      0.061330786614      0.012545843424     -4.697325142130
   12     -4.609809813803     -4.614225118665     -4.760613795771
    8      0.001262026109     -0.083745807794     -2.406461895555
    8      2.433040010904      2.336735963274     -2.404059457738
    8     -2.214103366399     -2.416453529997     -2.326116125105
    8      2.419300067863     -0.078709877378      0.002078371371
    8      4.653925427988      2.247038828362     -0.081824503878
    8      0.120262919257     -2.338038323492     -0.060382461878
    8      4.727895160404      0.005153576412      2.249330444600
    8      7.070966685514      2.228199986028      2.337619694210
    8      2.330662083797     -2.428026844926      2.279323323420
    8     -0.069663805936      2.334012982457      0.007388428860
    8      2.340518856574      4.750879128939      0.003215943679
    8     -2.417987119007      0.077031349238     -0.009314259913
    8      2.309946208996      2.331506720428      2.324847952031
    8      4.660361792013      4.669950140167      2.342745165802
    8     -0.017226932736     -0.010184502422      2.378220376146
    8      4.652849973206      2.329175700331      4.744077796950
    8      6.979824598903      4.741252334413      4.685727863685
    8      2.234893724795     -0.002670192406      4.774774033796
    8      0.007019003470      4.772056666026      2.401245226076
    8      2.225827377600      7.095865617360      2.243115325516
    8     -2.417781992892      2.325820095148      2.311637891198
    8      2.223308874550      4.665832350521      4.740137126256
    8      4.768698260076      7.097265023127      4.777522237640
    8     -0.105847756068      2.299849111195      4.674185039868
    8      4.533452321800      4.657088852101      7.006068887505
    8      6.980670531590      6.994809664935      7.000957477005
    8      2.449807011158      2.331127432303      7.094710401931
    0    0
