   3   1   1 E -1.6031107257426E+04 DE 8.6E-10( 10)
 -0.115884689390E-01  0.701207475918E+01  0.701207475918E+01
  0.699044244986E+01  0.212894175732E-02  0.699783981605E+01
  0.699044244986E+01  0.699783981605E+01  0.212894175732E-02
    2
  0.100000000000E+01  0.000000000000E+00  0.000000000000E+00
  0.000000000000E+00  0.100000000000E+01  0.000000000000E+00
  0.000000000000E+00  0.000000000000E+00  0.100000000000E+01
  0.000000000000E+00  0.000000000000E+00  0.000000000000E+00
  0.100000000000E+01  0.000000000000E+00  0.000000000000E+00
  0.000000000000E+00  0.000000000000E+00  0.100000000000E+01
  0.000000000000E+00  0.100000000000E+01  0.000000000000E+00
  0.000000000000E+00  0.000000000000E+00  0.000000000000E+00
   54
   20      0.007975778780      0.001264879376      0.001264879376
   20      2.338919428142      2.314301452669     -0.034860451432
   20     -2.340326066938     -2.331388408591     -0.008208904480
   20      2.338919428142     -0.034860451432      2.314301452669
   20      4.675268660457      2.317167782504      2.317167782504
   20      0.032722875705     -2.342166944762      2.324551089265
   20     -2.340326066938     -0.008208904480     -2.331388408591
   20      0.032722875705      2.324551089265     -2.342166944762
   12     -4.692382012294     -2.297276471662     -2.297276471662
   12     -0.060920335291      2.277911830560      2.277911830560
   20      2.294641354066      4.716813224962      2.363739090315
   12     -2.313505958416      0.043992602765      2.307591708609
   20      2.294641354066      2.363739090315      4.716813224962
   20      4.637400932568      4.710176116764      4.710176116764
   20     -0.047519759201      0.040012001174      4.669316950915
   12     -2.313505958416      2.307591708609      0.043992602765
   20     -0.047519759201      4.669316950915      0.040012001174
   20     -4.666318662908      0.037591813672      0.037591813672
   20      0.040796274757     -2.350894472065     -2.350894472065
   12      2.375564681844     -0.062537909111     -2.359143423904
   20     -2.345450878307     -4.700445126118     -2.343015096999
   12      2.375564681844     -2.359143423904     -0.062537909111
   12      4.681287484502      0.032579440327      0.032579440327
   12     -0.030340670761     -4.690419791235      0.067230198405
   20     -2.345450878307     -2.343015096999     -4.700445126118
   12     -0.030340670761      0.067230198405     -4.690419791235
   20     -4.637944623790     -4.681361736607     -4.681361736607
    8      0.066910421053     -0.005854464662     -2.440231395194
    8      2.331326346358      2.353289706001     -2.334216005781
    8     -2.435570270670     -2.338444123076     -2.338444123076
    8      2.455789672632     -0.097297011782     -0.097297011782
    8      4.743319787250      2.246748035445      0.003676551805
    8      0.066910421053     -2.440231395194     -0.005854464662
    8      4.743319787250      0.003676551805      2.246748035445
    8      6.981871786397      2.228080089615      2.228080089615
    8      2.331326346358     -2.334216005781      2.353289706001
    8     -0.050333099814      2.313957992795      0.068613576449
    8      2.302378239332      4.678968277227     -0.063994018418
    8     -2.337063883258      0.088921333995      0.088921333995
    8      2.243137433470      2.331860380970      2.331860380970
    8      4.668633919704      4.758557870938      2.330103528358
    8     -0.050333099814      0.068613576449      2.313957992795
    8      4.668633919704      2.330103528358      4.758557870938
    8      7.098997317860      4.678600627868      4.678600627868
    8      2.302378239332     -0.063994018418      4.678968277227
    8     -0.024478855088      4.680201969663      2.340686997069
    8      2.364870159466      7.007659531316      2.442848472295
    8     -2.210015800402      2.228736959481      2.228736959481
    8      2.328475941614      4.752959150819      4.752959150819
    8      4.564877533303      7.009006375807      4.656363084314
    8     -0.024478855088      2.340686997069      4.680201969663
    8      4.564877533303      4.656363084314      7.009006375807
    8      6.886629328701      7.111870887806      7.111870887806
    8      2.364870159466      2.442848472295      7.007659531316
    0    0
