   3   1   1 E -1.6031081677675E+04 DE-1.7E-09( 11)
  0.207490510161E-01  0.702383280577E+01  0.701236133864E+01
  0.698425418814E+01  0.784357832255E-02  0.703036230771E+01
  0.696364021898E+01  0.702828510992E+01  0.208332034199E-01
    1
  0.100000000000E+01  0.000000000000E+00  0.000000000000E+00
  0.000000000000E+00  0.100000000000E+01  0.000000000000E+00
  0.000000000000E+00  0.000000000000E+00  0.100000000000E+01
  0.000000000000E+00  0.000000000000E+00  0.000000000000E+00
   54
   20      0.008006057701     -0.022415279672     -0.059636208256
   20      2.303313828528      2.391598191698     -0.059068898236
   20     -2.305775485403     -2.378277540392     -0.072999605415
   20      2.293857033861     -0.038328730312      2.361509972510
   20      4.676118556885      2.337793905357      2.360474369114
   20      0.059029285121     -2.364286853143      2.379675047152
   20     -2.346997412014     -0.055146827193     -2.332744352919
   12      0.026750471769      2.371482716385     -2.261289180307
   12     -4.704390838484     -2.381677908295     -2.286339112083
   20     -0.026116432942      2.370026511921      2.361740469307
   20      2.287567960944      4.706637503588      2.335715490518
   20     -2.305979126930      0.016009388145      2.349130758671
   20      2.221850121903      2.348603080091      4.762409590966
   20      4.690891421977      4.688524893532      4.724661916056
   12      0.024357175914      0.062087449474      4.779148598945
   20     -2.344315358059      2.357901733159     -0.022624373564
   12      0.093279857866      4.611860487222     -0.086812430702
   12     -4.732359741461     -0.113407117301     -0.074278524754
   12      0.021727825006     -2.386999374622     -2.271549518985
   20      2.302611790068      0.021336774142     -2.320600726869
   12     -2.219979194319     -4.584328544200     -2.339323004189
   12      2.194711454413     -2.369195921715     -0.069740484770
   20      4.713233169694     -0.005369108254     -0.035914798180
   12      0.064272697858     -4.476083205230     -0.089587078063
   20     -2.319396208358     -2.373012618080     -4.667803173618
   20      0.015350935707     -0.016037638574     -4.693990158485
   20     -4.686735623756     -4.658686874227     -4.686875300956
    8     -0.013362683678     -0.016710607247     -2.347070418592
    8      2.272356850123      2.450261903883     -2.335873715461
    8     -2.294210052364     -2.450047333498     -2.339235224056
    8      2.321032224989     -0.034696032586     -0.022009824350
    8      4.746105071038      2.343020727515     -0.062950106511
    8      0.125507463979     -2.446290171055     -0.083805512914
    8      4.661141876937     -0.016094199570      2.346870381823
    8      6.969256172382      2.351358939091      2.364399185127
    8      2.315481170392     -2.345421895949      2.369850187076
    8     -0.004676125832      2.399621679537     -0.061390718331
    8      2.231882423792      4.762744648381     -0.082855193020
    8     -2.371577561902     -0.024967762313     -0.036306888141
    8      2.293787591060      2.350825357787      2.347855651121
    8      4.671895091750      4.677594273259      2.363978536825
    8      0.002502704356     -0.001022426131      2.374157972221
    8      4.680981634338      2.335723328120      4.723618455751
    8      7.127640232885      4.659887502472      4.844447484464
    8      2.174024186880     -0.117194951245      4.785144198458
    8      0.021504638510      4.670118739781      2.335968113821
    8      2.305818580747      7.020125434492      2.319332071070
    8     -2.317241367736      2.361186272232      2.350542151833
    8      2.244052166136      4.689207656071      4.734145214840
    8      4.764543199077      7.090490731157      4.709950935198
    8     -0.108778874990      2.430145440803      4.789861807879
    8      4.689288463183      4.690174471483      7.007847961860
    8      7.141346888174      7.006477841249      6.872266464021
    8      2.203709373936      2.372698061807      7.033977369045
    0    0
