   3   1   1 E -1.6031107525370E+04 DE-2.3E-09(  9)
 -0.110139703359E-01  0.697810353572E+01  0.705589055098E+01
  0.697810353572E+01 -0.110139703359E-01  0.705589055098E+01
  0.696708956539E+01  0.696708956539E+01  0.000000000000E+00
    4
  0.100000000000E+01  0.000000000000E+00  0.000000000000E+00
  0.000000000000E+00  0.100000000000E+01  0.000000000000E+00
  0.000000000000E+00  0.000000000000E+00  0.100000000000E+01
  0.000000000000E+00  0.000000000000E+00  0.000000000000E+00
  0.000000000000E+00 -0.100000000000E+01  0.000000000000E+00
 -0.100000000000E+01  0.000000000000E+00  0.000000000000E+00
  0.000000000000E+00  0.000000000000E+00 -0.100000000000E+01
  0.000000000000E+00  0.000000000000E+00  0.000000000000E+00
  0.100000000000E+01  0.000000000000E+00  0.000000000000E+00
  0.000000000000E+00  0.100000000000E+01  0.000000000000E+00
  0.000000000000E+00  0.000000000000E+00 -0.100000000000E+01
  0.000000000000E+00  0.000000000000E+00  0.000000000000E+00
  0.000000000000E+00 -0.100000000000E+01  0.000000000000E+00
 -0.100000000000E+01  0.000000000000E+00  0.000000000000E+00
  0.000000000000E+00  0.000000000000E+00  0.100000000000E+01
  0.000000000000E+00  0.000000000000E+00  0.000000000000E+00
   54
   20     -0.020370545122      0.020370545122     -0.000000000000
   20      2.297611849396      2.340867359512     -0.000000000000
   20     -2.340867359512     -2.297611849396     -0.000000000000
   20      2.353772033347     -0.029995785633      2.352094546791
   20      4.673286250127      2.293803315266      2.352094439072
   20      0.029995785633     -2.353772033347      2.352094546791
   12     -2.324465462085     -0.000426708017     -2.352367425804
   12      0.000426708017      2.324465462085     -2.352367425804
   12     -4.654606179879     -2.312483385514     -2.340720403782
   12      0.000426708017      2.324465462085      2.352367425804
   12      2.312483385514      4.654606179879      2.340720403782
   12     -2.324465462085     -0.000426708017      2.352367425804
   20      2.314206119149      2.340901071837      4.701501445491
   20      4.626188493556      4.652883446244      4.701501445491
   20     -0.020237267859      0.020237267859      4.700818888331
   20     -2.311872528098      2.311872528098     -0.000000000000
   20      0.011855040260      4.635423897555      0.000000000000
   20     -4.635423897555     -0.011855040260      0.000000000000
   20      0.029995785633     -2.353772033347     -2.352094546791
   20      2.353772033347     -0.029995785633     -2.352094546791
   20     -2.293803315266     -4.673286250127     -2.352094439072
   12      2.332288493100     -2.332288493100      0.000000000000
   12      4.659539027184     -0.016412414388     -0.000000000000
   12      0.016412414388     -4.659539027184     -0.000000000000
   20     -2.340901071837     -2.314206119149     -4.701501445491
   20     -0.020237267859      0.020237267859     -4.700818888331
   20     -4.652883446244     -4.626188493556     -4.701501445491
    8     -0.108658069526      0.108658069526     -2.348549301092
    8      2.212643435705      2.429175503748     -2.350946817505
    8     -2.429175503744     -2.212643435701     -2.350946817505
    8      2.436296485688     -0.113342483952      0.000000000000
    8      4.757444859678      2.209644705715      0.000000000000
    8      0.113342483952     -2.436296485688     -0.000000000000
    8      4.650706844818     -0.007991140507      2.353241766841
    8      6.975080705896      2.316382720572      2.353241766841
    8      2.321285155569     -2.321285155569      2.353241634033
    8      0.000274767636      2.316891413335     -0.000000000000
    8      2.329006148876      4.638083416516      0.000000000000
    8     -2.316891413335     -0.000274767636      0.000000000000
    8      2.212643435701      2.429175503744      2.350946817505
    8      4.537914061645      4.754446129688      2.350946817505
    8     -0.108658069526      0.108658069526      2.348549301092
    8      4.728413876967      2.238675688427      4.698703068785
    8      7.055457265824      4.559358961402      4.708336053889
    8      2.407730603991     -0.088367700431      4.708336053889
    8      0.077353730095      4.570372931731      2.347554497086
    8      2.396716633655      6.889735835290      2.347554497086
    8     -2.249689658763      2.249689658755      2.357187482190
    8      2.310271185233      4.656818380153      4.702648916942
    8      4.639692874485      6.970112395219      4.702648784134
    8     -0.003022829829      2.327396690904      4.702648784134
    8      4.563933731872      4.727211506367      7.055890550975
    8      6.881688963670      7.052490167109      7.055890550975
    8      2.239878059019      2.403155833513      7.055890550975
    0    0
