   3   1   1 E -1.6031105933655E+04 DE 5.0E-09(  9)
  0.104857694265E-01  0.701858831895E+01  0.701810754088E+01
  0.701858831895E+01  0.104857694265E-01  0.701810754088E+01
  0.701429877598E+01  0.701429877598E+01  0.147233397896E-01
    2
  0.100000000000E+01  0.000000000000E+00  0.000000000000E+00
  0.000000000000E+00  0.100000000000E+01  0.000000000000E+00
  0.000000000000E+00  0.000000000000E+00  0.100000000000E+01
  0.000000000000E+00  0.000000000000E+00  0.000000000000E+00
  0.000000000000E+00  0.100000000000E+01  0.000000000000E+00
  0.100000000000E+01  0.000000000000E+00  0.000000000000E+00
  0.000000000000E+00  0.000000000000E+00  0.100000000000E+01
  0.000000000000E+00  0.000000000000E+00  0.000000000000E+00
   54
   20     -0.003096269892     -0.003096269892     -0.003734653536
   20      2.362028764986      2.362028764986     -0.031469505865
   20     -2.350503625384     -2.350503625384     -0.048091902537
   20      2.361300457754     -0.027713051631      2.382600422771
   20      4.702691503977      2.329317311171      2.350497773117
   20      0.035812860527     -2.379843562966      2.350232735806
   20     -2.374345456665     -0.021931147946     -2.343038185374
   20      0.017315394784      2.362309224986     -2.373251490895
   12     -4.603316911932     -2.395531625603     -2.362649165827
   20     -0.027713051631      2.361300457754      2.382600422771
   20      2.329317311171      4.702691503977      2.350497773117
   20     -2.379843562966      0.035812860527      2.350232735806
   12      2.353565811957      2.353565811957      4.703310034181
   12      4.630654623490      4.630654623490      4.640997740799
   20      0.020047231579      0.020047231579      4.715520510776
   20     -2.408083373577      2.355778591940      0.005292546826
   20     -0.006083902272      4.734893716828      0.016861958207
   12     -4.769055586984      0.038099224165     -0.004939064262
   20     -0.021931147946     -2.374345456665     -2.343038185374
   20      2.362309224986      0.017315394784     -2.373251490895
   12     -2.395531625603     -4.603316911932     -2.362649165827
   20      2.355778591940     -2.408083373577      0.005292546826
   20      4.734893716828     -0.006083902272      0.016861958207
   12      0.038099224165     -4.769055586984     -0.004939064262
   12     -2.366642787637     -2.366642787637     -4.588209224676
   12      0.058625069562      0.058625069562     -4.726613772195
   12     -4.707084604535     -4.707084604535     -4.641217065857
    8      0.000926902527      0.000926902527     -2.397036578017
    8      2.433049313767      2.433049313767     -2.419229314261
    8     -2.443403714795     -2.443403714795     -2.438064862569
    8      2.352972461698     -0.006470435763     -0.014562234854
    8      4.744458047355      2.342733457108     -0.061342727567
    8      0.003522121464     -2.406679462837      0.000202286038
    8      4.752446312138     -0.070472513942      2.354697607829
    8      7.117834927750      2.249404079459      2.268580225016
    8      2.428150201355     -2.433405547889      2.429304980807
    8     -0.006470435763      2.352972461698     -0.014562234854
    8      2.342733457108      4.744458047355     -0.061342727567
    8     -2.406679462837      0.003522121464      0.000202286038
    8      2.349249929756      2.349249929756      2.384094773475
    8      4.686782065885      4.686782065885      2.403437019772
    8      0.001056729963      0.001056729963      2.353474310145
    8      4.606390703419      2.426189986513      4.674775209666
    8      7.019751352469      4.679200415470      4.684352576652
    8      2.337983092854      0.023907825129      4.747002778816
    8     -0.070472513942      4.752446312138      2.354697607829
    8      2.249404079459      7.117834927750      2.268580225016
    8     -2.433405547889      2.428150201355      2.429304980807
    8      2.426189986513      4.606390703419      4.674775209666
    8      4.679200415470      7.019751352469      4.684352576652
    8      0.023907825129      2.337983092854      4.747002778816
    8      4.675550146241      4.675550146241      7.029077575316
    8      7.129785552155      7.129785552155      7.073198318324
    8      2.245056059654      2.245056059654      7.010543028198
    0    0
