   3   1   1 E -1.6031103556935E+04 DE-2.8E-09( 10)
  0.512323055634E-02  0.700988230547E+01  0.705020148395E+01
  0.700822396869E+01  0.103154854980E-02  0.704834709224E+01
  0.699058213859E+01  0.698264718668E+01  0.259205031627E-01
    1
  0.100000000000E+01  0.000000000000E+00  0.000000000000E+00
  0.000000000000E+00  0.100000000000E+01  0.000000000000E+00
  0.000000000000E+00  0.000000000000E+00  0.100000000000E+01
  0.000000000000E+00  0.000000000000E+00  0.000000000000E+00
   54
   20     -0.012638213808      0.027972543938     -0.012494438506
   20      2.334263899927      2.344071121714     -0.049311547390
   20     -2.383039704639     -2.332011312976     -0.047751646051
   20      2.347739234077     -0.041295477842      2.381615983673
   20      4.692349672261      2.302912105077      2.370192269138
   20      0.032183332462     -2.310064250024      2.377743061649
   20     -2.366067345913     -0.027951893908     -2.347883640335
   20      0.043395871944      2.347750237106     -2.329465612359
   12     -4.646042570609     -2.273724027150     -2.323064846558
   20     -0.064767041032      2.371915414436      2.334548680597
   20      2.281119347033      4.731432027927      2.359227654618
   20     -2.377394268365      0.069929847902      2.342652017190
   20      2.320803105898      2.294066472014      4.746333902291
   20      4.700828180112      4.706266600129      4.751770687340
   12      0.050897097428     -0.040576720521      4.748466418882
   12     -2.327151330717      2.391257428118      0.004706422093
   12      0.045514347134      4.720714304936      0.011346618093
   12     -4.722190293237     -0.035492597927     -0.065701925934
   20     -0.044573270161     -2.329300499085     -2.401321506832
   12      2.306573009471     -0.019028962027     -2.330611052222
   12     -2.441068044570     -4.665603925765     -2.427454353247
   20      2.388381964949     -2.353617461614     -0.018813660773
   20      4.720162919199     -0.034828821110      0.010659716674
   20      0.011435714613     -4.745477385383     -0.024936624254
   12     -2.299948113503     -2.403746140715     -4.675188593557
   12      0.064615953548     -0.066752806906     -4.640042501002
   20     -4.624512155050     -4.686506759573     -4.683956056701
    8      0.053134440201      0.002015814809     -2.373423323301
    8      2.437613359026      2.281956026784     -2.338882774888
    8     -2.456576124951     -2.417464996513     -2.439219408845
    8      2.345494555235     -0.011436366214     -0.036303900348
    8      4.671521008933      2.305093608741     -0.047721024802
    8     -0.004552432954     -2.342422818205     -0.019236956233
    8      4.734161918174     -0.078836642692      2.372947920649
    8      7.007679607611      2.259687389138      2.378155362893
    8      2.424390110541     -2.333147148366      2.415956218349
    8     -0.076823996940      2.404502882335     -0.013632454672
    8      2.242934983463      4.739968310632     -0.052563514088
    8     -2.425011716565      0.076494148612     -0.031260964699
    8      2.321827030185      2.339384696457      2.354602282076
    8      4.656540731284      4.681956124169      2.368275848244
    8      0.004018204703      0.011495347766      2.396247817004
    8      4.678283900058      2.339975871279      4.757936380752
    8      7.123389311929      4.787666799134      4.774504452475
    8      2.262059759385     -0.084430191144      4.771781256551
    8     -0.100689745817      4.807230049568      2.277631335620
    8      2.196642669093      6.990153169147      2.357413612884
    8     -2.324337732898      2.445307181223      2.327104337721
    8      2.333796867528      4.748943736295      4.702793412984
    8      4.663966215936      7.107687017632      4.709253240986
    8     -0.077866520483      2.257195914607      4.699567558889
    8      4.771130163719      4.565626483041      7.118701783038
    8      7.092714699470      6.895725247764      7.020184730296
    8      2.431369455945      2.248387966388      7.048032201017
    0    0
