   3   1   1 E -1.6031074409659E+04 DE 1.3E-10( 11)
 -0.193408008092E-01  0.698711782345E+01  0.700096235548E+01
  0.691058334329E+01  0.110848899236E-01  0.697780314384E+01
  0.692751575941E+01  0.698608716407E+01 -0.106618023530E-01
    1
  0.100000000000E+01  0.000000000000E+00  0.000000000000E+00
  0.000000000000E+00  0.100000000000E+01  0.000000000000E+00
  0.000000000000E+00  0.000000000000E+00  0.100000000000E+01
  0.000000000000E+00  0.000000000000E+00  0.000000000000E+00
   54
   20     -0.026103799652      0.005398826033     -0.021425517731
   20      2.293652135201      2.323155049965     -0.029474657959
   20     -2.298501137994     -2.348997340205     -0.014233487448
   20      2.275594776866     -0.027986728404      2.355815055005
   20      4.663234846158      2.303323274172      2.325020339814
   20      0.022077196112     -2.364143987038      2.348067349238
   20     -2.300103218703     -0.016487537803     -2.292844359788
   12     -0.014374451357      2.357877792424     -2.323171603487
   12     -4.785509283114     -2.383946408260     -2.318603239488
   20     -0.058964153523      2.308663104855      2.359394807594
   20      2.311068539211      4.673238955567      2.340343608745
   12     -2.363377330769      0.114418633052      2.316701304353
   20      2.283759939192      2.319686143759      4.716691622590
   20      4.670070487122      4.669453030115      4.674893449352
   12     -0.037892805551      0.078174744609      4.627042318095
   12     -2.181358031473      2.373109498994     -0.028006166718
   20     -0.016129271023      4.660404969646     -0.049383217139
   20     -4.632397014695      0.030942716694      0.008400562777
   12      0.032069434353     -2.343060461762     -2.269951347466
   20      2.335367699845      0.032207226641     -2.371061505728
   20     -2.298502200965     -4.678635582417     -2.344193080464
   20      2.320928711885     -2.359154140446     -0.007619623888
   12      4.697723097422      0.087458299263      0.008312673492
   12     -0.191238422609     -4.714771281650     -0.074887299738
   20     -2.308868523458     -2.363503754385     -4.653411438976
   20      0.014054958995      0.034743825564     -4.665901672438
   12     -4.434414668235     -4.665846776957     -4.608449283481
    8      0.008429803392      0.008631330910     -2.338208083908
    8      2.221788945212      2.410494191345     -2.411954501293
    8     -2.303028526458     -2.357706343624     -2.323982953445
    8      2.332240037018      0.000961685727     -0.012606389045
    8      4.677405421151      2.260654041188     -0.022802853170
    8     -0.005012883401     -2.400645020365     -0.064721316492
    8      4.615098133486     -0.000823083818      2.311481251530
    8      7.003690831907      2.311543416428      2.317331628424
    8      2.284374169224     -2.393163688243      2.366344547880
    8     -0.072139981068      2.326976676588     -0.047696256985
    8      2.292885825916      4.658014363833     -0.046093820285
    8     -2.318758883804      0.052348686330      0.027986278098
    8      2.289771299411      2.314782499679      2.345409781238
    8      4.643872913473      4.674168973792      2.338194940180
    8     -0.101077206355     -0.015846632467      2.353222451942
    8      4.693314033485      2.313579049672      4.716579722453
    8      7.008416573603      4.647843848905      4.646454469229
    8      2.221475605409     -0.034265579805      4.687969151352
    8     -0.011875686675      4.657450769131      2.371789432387
    8      2.366939856293      7.062943747102      2.325502966494
    8     -2.372898446968      2.249626937299      2.273154375685
    8      2.273507711638      4.661801932960      4.669831341166
    8      4.721021458038      7.014416064489      4.661039524110
    8     -0.035345856762      2.316840132786      4.757345980273
    8      4.616838740843      4.663059159148      6.975982560167
    8      6.828163244065      7.094164972071      6.926044237944
    8      2.333447717229      2.325730225408      7.044802581303
    0    0
