   3   1   1 E -1.6031070784279E+04 DE 1.4E-10( 11)
  0.649016297105E-01  0.695575139558E+01  0.696809877785E+01
  0.700143355335E+01  0.838281285419E-02  0.701542744691E+01
  0.699873016512E+01  0.699554355321E+01  0.163949261651E-01
    1
  0.100000000000E+01  0.000000000000E+00  0.000000000000E+00
  0.000000000000E+00  0.100000000000E+01  0.000000000000E+00
  0.000000000000E+00  0.000000000000E+00  0.100000000000E+01
  0.000000000000E+00  0.000000000000E+00  0.000000000000E+00
   54
   20     -0.010351642850     -0.003302651138     -0.031848847608
   20      2.353110727775      2.327692185121     -0.025260224759
   20     -2.306150994249     -2.341726599720     -0.043319918878
   20      2.332237016906     -0.003067962749      2.341181469153
   20      4.672492869609      2.349633345120      2.348548790572
   20     -0.003903588784     -2.326364745269      2.348728353444
   20     -2.327774240543     -0.005003530866     -2.339231560149
   20     -0.008675933282      2.336238481118     -2.328458623420
   20     -4.651053460893     -2.329057558825     -2.340770665703
   20     -0.042020664758      2.351339996197      2.351637275283
   20      2.344866725062      4.688058469061      2.355656143700
   20     -2.327984146817      0.005428994441      2.333329435959
   20      2.307637375225      2.342982605972      4.700821634881
   12      4.705315931873      4.622488168621      4.637126428938
   12     -0.016582654228      0.043914104987      4.645213881140
   12     -2.339731694350      2.406662567838     -0.022107700579
   20     -0.014164460344      4.671439616718     -0.038544306852
   12     -4.702123355070      0.068084499006     -0.010454969630
   12     -0.097602933652     -2.296446201243     -2.288633666213
   12      2.380184703067     -0.088051733108     -2.272423071901
   12     -2.235029248199     -4.852896324875     -2.246484392044
   20      2.336535756356     -2.342432344943     -0.012209641606
   20      4.681761969730      0.010491756078     -0.024493408146
   12     -0.060049731286     -4.689172415618     -0.090336028205
   12     -2.295152667784     -2.394589934430     -4.650632966962
   20      0.001152177864      0.006865572544     -4.637802724867
   20     -4.657233020393     -4.677508982616     -4.662578718416
    8      0.031600121152     -0.032282345728     -2.323987634939
    8      2.378283865219      2.299453851670     -2.328471330291
    8     -2.270043239901     -2.396474057376     -2.399032822172
    8      2.331812390013     -0.002860138984     -0.040905770878
    8      4.715066245537      2.337881395102     -0.043595646366
    8      0.000493632816     -2.371557062233     -0.042448112058
    8      4.672966511563     -0.010476106198      2.348459888977
    8      6.986615226932      2.338810938439      2.342416057671
    8      2.361790345986     -2.330691932457      2.353876000883
    8     -0.015841925130      2.337197772158     -0.022100557756
    8      2.349084638759      4.696632712643     -0.019313272159
    8     -2.360721911508      0.033428580349     -0.029061585274
    8      2.326519181311      2.344131942929      2.343786451628
    8      4.683076178632      4.671491242142      2.367967693623
    8     -0.009082637461      0.005286546741      2.347882167242
    8      4.659280368829      2.380789402438      4.710153108879
    8      6.967391292748      4.711973280799      4.680016433776
    8      2.295345659158      0.014071532497      4.701410402039
    8     -0.041270309672      4.668638546306      2.349823948735
    8      2.377451554448      6.969332791805      2.342178687775
    8     -2.303001457557      2.371039490226      2.346076493757
    8      2.370923113956      4.709118729486      4.691685257469
    8      4.708949662436      6.969027216020      4.647111512610
    8     -0.120911298428      2.344429825981      4.782726920272
    8      4.722176688237      4.588456967207      6.961313625705
    8      7.092136325101      7.039209189975      6.943217078857
    8      2.362993027684      2.250790238034      6.991808204026
    0    0
