   3   1   1 E -1.6031102923903E+04 DE-6.0E-09(  9)
  0.168805516625E-01  0.700756485326E+01  0.701134402382E+01
  0.700741090092E+01 -0.146891982815E-02  0.702400005915E+01
  0.700736371312E+01  0.701199714103E+01  0.641197361266E-02
    1
  0.100000000000E+01  0.000000000000E+00  0.000000000000E+00
  0.000000000000E+00  0.100000000000E+01  0.000000000000E+00
  0.000000000000E+00  0.000000000000E+00  0.100000000000E+01
  0.000000000000E+00  0.000000000000E+00  0.000000000000E+00
   54
   20     -0.031267804208      0.007656608967     -0.019363621403
   20      2.318400030969      2.362594617693     -0.030807803314
   20     -2.345338822040     -2.317510268449     -0.023227071975
   20      2.363861072386     -0.045850529405      2.358673939338
   20      4.701075956063      2.296613812215      2.316347479154
   20      0.043435277935     -2.348021831755      2.348278457091
   20     -2.330634716694     -0.047198573093     -2.387077299085
   20      0.020245705372      2.348409746098     -2.343171606494
   12     -4.720187931629     -2.350645128175     -2.389298534373
   20     -0.064259908221      2.394773113065      2.342468543194
   20      2.292709229495      4.730309333282      2.317821638564
   12     -2.333775831879      0.060862319687      2.287203046964
   20      2.344976439989      2.352548322733      4.678097074446
   20      4.695744359660      4.694105363202      4.687958232908
   20     -0.026235523137     -0.027494511923      4.711388681492
   12     -2.346987588255      2.323864952766      0.103662425900
   12     -0.100772391079      4.698598689359     -0.009335904616
   20     -4.674801270261      0.006721034729      0.029347028947
   12     -0.005375657341     -2.285910920106     -2.358921011618
   20      2.343523844704      0.009015442985     -2.378907399454
   20     -2.347796941917     -4.646262016826     -2.369438986215
   20      2.401784719501     -2.367367082664      0.035104803252
   12      4.715524660981     -0.064230579754      0.179273166101
   20      0.028916025702     -4.703810060224      0.031244345116
   12     -2.321754906775     -2.288745644287     -4.774592610086
   12     -0.017692518203     -0.069474134868     -4.690513033381
   12     -4.592181497006     -4.709552096355     -4.623806751297
    8     -0.010747634190     -0.094778931513     -2.429421032598
    8      2.318127751734      2.423998499796     -2.400578446910
    8     -2.303267028313     -2.333239521157     -2.379559357613
    8      2.395988116879     -0.005035039891      0.008292286148
    8      4.674207136766      2.283506431832     -0.003170179829
    8      0.003770373198     -2.341141220955     -0.043439874843
    8      4.707802363863     -0.081231604304      2.249814165716
    8      7.086050642092      2.261948213680      2.349514693675
    8      2.449706747922     -2.426145618069      2.377285490253
    8     -0.085344747905      2.405904670946      0.005378492687
    8      2.245826497308      4.685074133803     -0.075333797470
    8     -2.325561073545      0.053562234952      0.066018172909
    8      2.319524699111      2.346183728554      2.338561911274
    8      4.677778221684      4.732250739386      2.329493542695
    8     -0.071005654831      0.001591975029      2.347565408629
    8      4.678908162310      2.333977763739      4.720381602452
    8      7.096601194375      4.681138386163      4.761727044088
    8      2.334251375692     -0.075413733925      4.701073389245
    8     -0.098861034770      4.793592973578      2.338859592675
    8      2.372190569972      7.113965961121      2.346249960516
    8     -2.413636559499      2.298727098400      2.229137309256
    8      2.281669019337      4.678683700360      4.657828501563
    8      4.677525198890      7.020160066247      4.656811045684
    8      0.008664145666      2.399532557451      4.681731821300
    8      4.780700111764      4.663480115702      7.122124338353
    8      6.880002071847      6.911810229049      7.130846526109
    8      2.450443564226      2.335315046247      7.072302419518
    0    0
