   3   1   1 E -1.6031094183864E+04 DE-2.8E-10( 11)
 -0.195356950720E-01  0.703392296121E+01  0.700036369629E+01
  0.698196478067E+01 -0.130843721614E-01  0.700104490463E+01
  0.698175831281E+01  0.704065971978E+01 -0.184150066498E-01
    1
  0.100000000000E+01  0.000000000000E+00  0.000000000000E+00
  0.000000000000E+00  0.100000000000E+01  0.000000000000E+00
  0.000000000000E+00  0.000000000000E+00  0.100000000000E+01
  0.000000000000E+00  0.000000000000E+00  0.000000000000E+00
   54
   20      0.011903497398     -0.001979324845     -0.012019457696
   20      2.327737037286      2.360192485622     -0.094359250252
   20     -2.340285950338     -2.326402877794     -0.019679526959
   20      2.333473151140     -0.031484165586      2.367111147242
   20      4.657258936801      2.354205386536      2.345484076542
   20      0.003695817280     -2.352945937410      2.394080908342
   20     -2.316709169118     -0.020102040988     -2.303081175845
   20      0.020992091099      2.390508125456     -2.325510279662
   12     -4.659476323870     -2.336591028283     -2.351326385446
   20     -0.094187059724      2.365387773226      2.313166906851
   20      2.328180310873      4.740841398608      2.355195760147
   12     -2.482219730917      0.051801772755      2.289594141655
   20      2.335844293721      2.380368042335      4.689769983395
   12      4.633131188842      4.781534259385      4.719507752903
   20     -0.095011065657     -0.064080414523      4.700282637651
   12     -2.435010112647      2.335900715843      0.010836072902
   12     -0.073627570252      4.708175685937     -0.107801009038
   20     -4.649831294328      0.010212866590      0.037896997496
   12      0.041775214836     -2.309309382193     -2.316598405907
   12      2.417205895903     -0.111810584063     -2.369169739337
   20     -2.391595246434     -4.718307774304     -2.371686654443
   20      2.414872540071     -2.345974918440     -0.023877287785
   12      4.785328916614     -0.036847023402      0.009245109026
   20      0.032238801043     -4.698188287529      0.008565482328
   20     -2.303292935089     -2.375453140245     -4.690238996976
   20      0.048135347871     -0.026993076793     -4.665239761978
   12     -4.619987171046     -4.726071796305     -4.638488676703
    8      0.110057242722     -0.089320241321     -2.321854240852
    8      2.331910888024      2.382921639248     -2.463640044957
    8     -2.325400986400     -2.354066868750     -2.340682756536
    8      2.427162340613     -0.003375411760     -0.065639932278
    8      4.655666195827      2.289962745517     -0.039496305059
    8     -0.001925925693     -2.344217503682     -0.052791621071
    8      4.663552690037     -0.021591861759      2.295640895622
    8      7.050940801420      2.345403357268      2.349193860553
    8      2.359101963869     -2.436715417967      2.411944578751
    8     -0.103898422106      2.443406013178     -0.030076846002
    8      2.243365196208      4.713249354785     -0.116248336727
    8     -2.320775657749      0.059444321567      0.072506705374
    8      2.314714309288      2.359096973753      2.325402401639
    8      4.648943858179      4.783811423568      2.394372472189
    8     -0.075660904864     -0.015752064651      2.338455364473
    8      4.654906817144      2.439946097809      4.751941982266
    8      7.012103191001      4.681278569996      4.776425228175
    8      2.306968519833     -0.069074275957      4.704001441663
    8     -0.006022733727      4.691303840653      2.336275641633
    8      2.472292382627      7.123302490597      2.411404790106
    8     -2.496338290809      2.265874177568      2.229188641617
    8      2.356959127907      4.756774358431      4.672073274339
    8      4.487410762111      6.922292465328      4.664750230378
    8     -0.042557924383      2.384940225544      4.674337989720
    8      4.783154338070      4.665549803084      6.939722040695
    8      6.871470045003      6.959653955386      6.980685486505
    8      2.440204057323      2.346057482731      7.073917863506
    0    0
