   3   1   1 E -1.6031093934660E+04 DE-4.2E-10( 11)
  0.397492371863E-01  0.694511877111E+01  0.700049393684E+01
  0.700896962806E+01  0.535058989610E-02  0.702702055802E+01
  0.703170816490E+01  0.698876113238E+01 -0.113415502969E-01
    1
  0.100000000000E+01  0.000000000000E+00  0.000000000000E+00
  0.000000000000E+00  0.100000000000E+01  0.000000000000E+00
  0.000000000000E+00  0.000000000000E+00  0.100000000000E+01
  0.000000000000E+00  0.000000000000E+00  0.000000000000E+00
   54
   20      0.002717259795     -0.015963879986     -0.002417138698
   20      2.366193293666      2.332804132907     -0.017923220547
   20     -2.373320220501     -2.314645120924     -0.001687662106
   20      2.399039614375     -0.025338529785      2.314085203362
   20      4.688416361382      2.290981056063      2.311134637974
   20     -0.002156855835     -2.313873705108      2.342868811120
   20     -2.341457264438      0.001199099891     -2.345071855544
   20      0.004746722131      2.332248023989     -2.348215650368
   20     -4.665825163455     -2.319168002594     -2.338860429143
   20     -0.031058641946      2.347683534106      2.307853794195
   20      2.324936881620      4.690234851624      2.313126284635
   12     -2.350140064910     -0.005662177722      2.301272730507
   12      2.356493987808      2.308729846510      4.738605487684
   20      4.680916252254      4.694129956538      4.713715759354
   20     -0.011797989699      0.017933575276      4.708062195918
   20     -2.374037794421      2.360244897327      0.019206527941
   12     -0.018698591978      4.740570162264      0.029348456724
   12     -4.719313721334     -0.052454296062      0.015273272391
   20     -0.026532358279     -2.340830630824     -2.351776686527
   20      2.381598781559     -0.003499665822     -2.314500904836
   12     -2.359702860845     -4.673159007607     -2.333346462050
   12      2.364704322481     -2.314606541343      0.056286446246
   12      4.687220342523     -0.040740136363      0.059060716567
   20      0.013599492794     -4.711255181031      0.023765150709
   12     -2.336577537382     -2.275716631459     -4.716487434848
   12     -0.084832516087     -0.056686190892     -4.760533801205
   20     -4.639549485568     -4.679838075982     -4.695505318836
    8      0.003917468149     -0.006795941586     -2.352839957664
    8      2.415586257457      2.328256237511     -2.346958354499
    8     -2.359536910379     -2.375129299369     -2.411926268971
    8      2.433449741667     -0.073159722351     -0.003853351507
    8      4.679858617738      2.249998934341     -0.062844109276
    8      0.019580406831     -2.340357631624     -0.000812482485
    8      4.801737552502     -0.103813219102      2.267919536595
    8      7.024105700672      2.271559804447      2.334168681693
    8      2.398199140333     -2.323017814873      2.289189280993
    8     -0.004429101868      2.377470750882     -0.006018796988
    8      2.290858370783      4.747201219537     -0.030454922732
    8     -2.397737899601      0.009144724208      0.048271468422
    8      2.365507872823      2.324799093948      2.345494229207
    8      4.678667112242      4.716872845327      2.334372873417
    8     -0.044043759669      0.004067413885      2.330661764227
    8      4.609186622713      2.338408330067      4.675523065779
    8      7.027697134124      4.682283505369      4.720179808849
    8      2.359416611994      0.080482332855      4.736650313076
    8     -0.076705002082      4.743131167433      2.296224951730
    8      2.369922402316      6.958806927270      2.264483872057
    8     -2.323109947962      2.296480136002      2.386931137968
    8      2.365007069583      4.581487149112      4.722802571172
    8      4.708876791085      7.046306938355      4.687595216063
    8      0.013214837734      2.300405976704      4.676004532728
    8      4.700448704394      4.785443948328      7.118962781912
    8      7.003002683901      6.842191367035      7.052143958988
    8      2.363660912478      2.290690683538      6.973567539160
    0    0
