   3   1   1 E -1.6031106207490E+04 DE 4.6E-09(  8)
 -0.602762377450E-02  0.700687175718E+01  0.700196767798E+01
  0.699926246960E+01  0.143068357702E-01  0.698818837881E+01
  0.700045814116E+01  0.700132427066E+01  0.581992582856E-02
    1
  0.100000000000E+01  0.000000000000E+00  0.000000000000E+00
  0.000000000000E+00  0.100000000000E+01  0.000000000000E+00
  0.000000000000E+00  0.000000000000E+00  0.100000000000E+01
  0.000000000000E+00  0.000000000000E+00  0.000000000000E+00
   54
   20     -0.010633498692      0.001758512840     -0.035178771930
   20      2.362789669026      2.362734114306     -0.040761199647
   20     -2.330604354812     -2.330704249648     -0.071642432212
   20      2.343558264865     -0.042385568903      2.364858441764
   20      4.693958919544      2.305275893957      2.304190090518
   20      0.029110975230     -2.336657702154      2.334447716137
   20     -2.350944268996     -0.053174243100     -2.331859558553
   20      0.009464420037      2.330973430500     -2.351247211955
   12     -4.663567685349     -2.323683752974     -2.301085099371
   20     -0.054083608630      2.362819396662      2.403842665140
   20      2.286834277229      4.701327695301      2.316312660981
   20     -2.345302652126      0.059649961966      2.320799915918
   20      2.280780181063      2.298782566161      4.724124836030
   20      4.674505088248      4.669712688321      4.679817487391
   12      0.013621110082     -0.029736415633      4.718987552366
   12     -2.329210831394      2.339617029158      0.036550898811
   20     -0.005585129868      4.701908612927      0.027581602849
   12     -4.769298997010      0.062936947421     -0.000333287807
   12      0.006814389182     -2.312437183585     -2.359391362786
   20      2.330004459041      0.001496325839     -2.345666273929
   12     -2.289541699552     -4.564275962880     -2.330348221437
   20      2.351952309845     -2.397503913146      0.004914171291
   20      4.742238100777     -0.001482216955     -0.008276157183
   12     -0.036369785225     -4.753018617291     -0.078377038774
   12     -2.315999929093     -2.326925183371     -4.579523300354
   12     -0.002361251004     -0.031461198872     -4.670253675299
   20     -4.638114235110     -4.678625937499     -4.694022415104
    8     -0.006901651580     -0.073185249783     -2.386416399425
    8      2.414274746727      2.414472604031     -2.332838667640
    8     -2.321112643224     -2.417437447213     -2.412152042194
    8      2.355325040529     -0.009870383162     -0.018312100185
    8      4.747129405963      2.345590999914     -0.073051039977
    8      0.009573597212     -2.390264272394     -0.062180378960
    8      4.756164632100     -0.085341988437      2.329863780143
    8      6.996206982369      2.260792590714      2.264147166685
    8      2.422560102351     -2.334441206615      2.401667526749
    8     -0.069134702188      2.339839266335     -0.015737852473
    8      2.327452284350      4.760994934725     -0.071534488164
    8     -2.404624937658      0.096991666275     -0.008025803016
    8      2.319071153615      2.330619289892      2.338818147161
    8      4.666815326800      4.678902898556      2.321799915938
    8      0.006090766459      0.013593240946      2.372775182292
    8      4.662571784998      2.328546016489      4.711244551603
    8      7.067025339174      4.757072652628      4.680313278059
    8      2.218097727579     -0.085838792897      4.739417437708
    8     -0.102153800984      4.756814433401      2.437340761304
    8      2.221357445231      7.002349140626      2.295441037300
    8     -2.318343643004      2.431013633320      2.326157229131
    8      2.257986486096      4.650130421851      4.647125467627
    8      4.763226243179      7.077370103943      4.663489228636
    8     -0.090179172436      2.341067513814      4.768880759932
    8      4.664735792822      4.565772147780      7.051148329805
    8      7.066039466888      7.096788689511      6.980506423964
    8      2.358350430753      2.231998952645      6.993542436908
    0    0
