   3   1   1 E -1.6031094471916E+04 DE 9.4E-10( 11)
  0.718994161206E-02  0.700698208757E+01  0.700662894739E+01
  0.699554945268E+01 -0.125023130824E-02  0.700825950887E+01
  0.700201153148E+01  0.700857403278E+01 -0.112389787318E-02
    1
  0.100000000000E+01  0.000000000000E+00  0.000000000000E+00
  0.000000000000E+00  0.100000000000E+01  0.000000000000E+00
  0.000000000000E+00  0.000000000000E+00  0.100000000000E+01
  0.000000000000E+00  0.000000000000E+00  0.000000000000E+00
   54
   20      0.016734662029      0.003150498243     -0.011528328536
   20      2.344157350475      2.342495828045     -0.078150863682
   20     -2.367704733505     -2.339955865244     -0.033465878629
   20      2.345809674123     -0.044827687783      2.311189963951
   20      4.673792227760      2.317872811706      2.298914863122
   20      0.055203235088     -2.362284268539      2.347510762220
   20     -2.362560206443     -0.004912847882     -2.302563777857
   20      0.049635240956      2.351105367393     -2.326696819807
   12     -4.677085890832     -2.356985137343     -2.238227888931
   20     -0.040462665476      2.356070072921      2.303758892168
   20      2.314804867361      4.718550369438      2.323135266843
   20     -2.387746109859      0.060324663360      2.351084032310
   20      2.351090310094      2.328295909096      4.736886298909
   20      4.656384412794      4.697402969483      4.749238364988
   20     -0.015950183754     -0.020645484353      4.726686832416
   12     -2.441403558504      2.325573964509      0.018114036907
   12      0.014635337016      4.673709742563     -0.040225790158
   12     -4.629108288982      0.019994517287     -0.007472204073
   20      0.009022138572     -2.343539456492     -2.322524789944
   12      2.396187970257     -0.012977891413     -2.312179604198
   12     -2.450817142102     -4.675341744016     -2.319704820542
   12      2.338814322451     -2.195524389008     -0.067351282151
   12      4.663635792710      0.045084432779     -0.011650120849
   20      0.039054989851     -4.711044270754      0.009957020466
   20     -2.384257163257     -2.378283748750     -4.706271352762
   20      0.030746227991     -0.006970869965     -4.711084582982
   12     -4.612457799572     -4.700953251305     -4.736129469856
    8      0.068878565576     -0.000659216184     -2.332168193953
    8      2.457459820182      2.345564402783     -2.428435762906
    8     -2.424220729234     -2.407971116433     -2.321903159522
    8      2.430566119446     -0.069675693965     -0.075065841188
    8      4.666234275300      2.257952367574     -0.083199990620
    8      0.073669815731     -2.347157102009     -0.009532648875
    8      4.650614908654     -0.004915231832      2.283507285980
    8      7.074360759011      2.330699785979      2.330138591864
    8      2.322479128727     -2.422627396149      2.312637701927
    8     -0.063450586125      2.396944265029     -0.009081653170
    8      2.256540159794      4.750206693979     -0.081005115092
    8     -2.405614441212      0.063383013595      0.003662444257
    8      2.335588921677      2.336882627221      2.316153348053
    8      4.655945401688      4.679973656514      2.322160789475
    8     -0.011594043951     -0.003955781458      2.329258801339
    8      4.671570302983      2.342473271344      4.736563466025
    8      7.108413238162      4.669936594679      4.775217272686
    8      2.325207611948     -0.079710260159      4.753681811579
    8      0.001795200493      4.669755512050      2.299067108556
    8      2.340031347817      7.094073239970      2.321325339640
    8     -2.412712072227      2.330713356933      2.331511868530
    8      2.347441307701      4.742471900284      4.766465833132
    8      4.550079426917      7.098958336303      4.786058871323
    8     -0.038229781267      2.325966255372      4.678944286683
    8      4.642012280043      4.685868252503      7.000304172370
    8      7.000876276888      6.892979072568      7.007681825044
    8      2.467280933994      2.300861460239      7.096743300283
    0    0
