   3   1   1 E -1.6031090510276E+04 DE 2.3E-10( 11)
  0.627814713412E-02  0.702121771756E+01  0.699924622480E+01
  0.703417514404E+01 -0.612053443886E-02  0.700525429193E+01
  0.703503713136E+01  0.702166517542E+01 -0.827349058056E-03
    1
  0.100000000000E+01  0.000000000000E+00  0.000000000000E+00
  0.000000000000E+00  0.100000000000E+01  0.000000000000E+00
  0.000000000000E+00  0.000000000000E+00  0.100000000000E+01
  0.000000000000E+00  0.000000000000E+00  0.000000000000E+00
   54
   20      0.001136810638      0.010059674979     -0.073552518667
   20      2.344990824849      2.338041043999     -0.070228166184
   20     -2.328489936186     -2.372110240519     -0.047285518269
   20      2.326463764993     -0.006524874427      2.396616369819
   20      4.715191161123      2.336185027035      2.355687998441
   20      0.017629888983     -2.359218140447      2.371550483539
   20     -2.343560923554      0.014994425237     -2.325812319438
   12      0.034756222040      2.355874689813     -2.317399976872
   12     -4.778534543275     -2.422810513817     -2.334249317413
   20     -0.016999856233      2.343353273296      2.408987085379
   20      2.331289599352      4.685805717323      2.396531930281
   20     -2.346140204977      0.046451325244      2.373673690350
   12      2.227356306227      2.342916378477      4.737433182946
   20      4.691778659839      4.667967484847      4.673441808036
   12      0.064447068359      0.055982326953      4.674509659761
   12     -2.330034087241      2.307604797572     -0.102933263746
   20      0.004864326194      4.677715315921     -0.069028174109
   20     -4.697586040921      0.052775731604     -0.058683272809
   12      0.065663665460     -2.421397135591     -2.296576246758
   12      2.224795093342      0.076831069527     -2.341174134145
   12     -2.312821919998     -4.640495579808     -2.296934942762
   20      2.328903550661     -2.391431636889     -0.080975421447
   20      4.703656248167      0.022221072805     -0.055366307551
   12     -0.019311261098     -4.692208609263     -0.135468222599
   20     -2.350674327585     -2.382607566624     -4.630987249875
   20      0.014141770116      0.021620095949     -4.632197521634
   20     -4.696100855098     -4.675647816935     -4.625622433882
    8      0.116585200142      0.031347470505     -2.339953768036
    8      2.293773954679      2.340308649949     -2.325283752288
    8     -2.336895145292     -2.462511494500     -2.332072713185
    8      2.345587695722     -0.008054816619     -0.075601128780
    8      4.776859572337      2.334801447646     -0.087386584597
    8     -0.006469433025     -2.431787520753     -0.088076685349
    8      4.686639841539     -0.004493511052      2.354116147779
    8      7.033428671027      2.339625392480      2.360348689028
    8      2.343470097309     -2.351757538107      2.425435061861
    8     -0.068003725363      2.340348487178     -0.059061437072
    8      2.350111452764      4.685832850700     -0.064849477823
    8     -2.333068896808      0.080927814378     -0.012724421640
    8      2.349996002504      2.338687833055      2.396598669178
    8      4.691506817010      4.678943431514      2.357199496645
    8      0.008557484680      0.008888442495      2.437839883493
    8      4.772659753928      2.338078584206      4.772000449097
    8      7.147824768315      4.640981173764      4.667461029731
    8      2.237610160799      0.058386836583      4.669109218420
    8      0.004480843652      4.673267583035      2.388030780780
    8      2.340041918587      7.035677411119      2.384661849305
    8     -2.338302729584      2.342184612341      2.370974399676
    8      2.229735332601      4.638115842702      4.657194717952
    8      4.698857322154      7.143474978347      4.669710413993
    8      0.052991303219      2.344315019722      4.781873339767
    8      4.696423234058      4.584471167880      6.976039214042
    8      7.036112383765      7.109332516352      6.926124193666
    8      2.332382016535      2.344090612265      6.912864468469
    0    0
