   3   1   1 E -1.6031092148918E+04 DE 2.0E-09(  9)
  0.479949263730E-02  0.702628648654E+01  0.701470850647E+01
  0.703341215335E+01  0.101907551935E-02  0.701207804258E+01
  0.703601033421E+01  0.701985644727E+01  0.458314510351E-02
    1
  0.100000000000E+01  0.000000000000E+00  0.000000000000E+00
  0.000000000000E+00  0.100000000000E+01  0.000000000000E+00
  0.000000000000E+00  0.000000000000E+00  0.100000000000E+01
  0.000000000000E+00  0.000000000000E+00  0.000000000000E+00
   54
   20     -0.002052130369      0.010070134154     -0.077998868495
   20      2.340400400504      2.338991281618     -0.072724675367
   20     -2.329688875961     -2.373105779260     -0.051432611507
   20      2.323513844125     -0.006532544934      2.399898902878
   20      4.713781154822      2.336309932918      2.358340285704
   20      0.016277586490     -2.359783066763      2.373062591281
   20     -2.347813639244      0.010843835340     -2.329018362197
   12      0.027249874000      2.324912675225     -2.303440374171
   12     -4.763249529930     -2.433819634684     -2.360986314492
   20     -0.019452715800      2.344150456854      2.414869507667
   20      2.329104563081      4.687042456452      2.405735956907
   20     -2.347258644209      0.050985799574      2.373303980688
   12      2.223979191469      2.328624575545      4.758820667542
   20      4.690073379423      4.669918367188      4.682535116236
   12      0.069332518359      0.109677933885      4.708925359465
   12     -2.273018879516      2.376739328833     -0.101005565753
   20      0.001033716431      4.677863432494     -0.066285023706
   20     -4.703078690157      0.055446336119     -0.059695355778
   12      0.067596585310     -2.437628633646     -2.305897008332
   12      2.265046308908      0.092966421916     -2.364106211652
   12     -2.326645575831     -4.699675992744     -2.300469846572
   20      2.328170577511     -2.393727861742     -0.090352625517
   20      4.703482343752      0.025854881930     -0.060123832769
   12     -0.051072580645     -4.680551468789     -0.118707059251
   20     -2.349299368345     -2.389730757554     -4.635028666423
   20      0.013327190241      0.018091225003     -4.634431479919
   20     -4.695924058032     -4.679777605381     -4.635234779467
    8      0.121689740209      0.031762648578     -2.338113895468
    8      2.277593605234      2.342862874641     -2.325313979553
    8     -2.334649593968     -2.474982049176     -2.331636300774
    8      2.341395734731     -0.008357439015     -0.081522516767
    8      4.782325742676      2.337037161606     -0.095671081779
    8     -0.006679542470     -2.439733597953     -0.099312536611
    8      4.683839198873     -0.003037871269      2.355466988735
    8      7.027261857102      2.338874465876      2.371827710866
    8      2.346083136623     -2.349139225771      2.434383338263
    8     -0.077730544240      2.340721649991     -0.056819531800
    8      2.345530696269      4.685476410546     -0.063921665067
    8     -2.336075486454      0.089349880468     -0.014167140545
    8      2.348332472009      2.338849497763      2.402836777914
    8      4.690348527685      4.679357792331      2.361167022942
    8      0.007885456436      0.008233333958      2.448219123230
    8      4.773904540393      2.337926646815      4.783794533169
    8      7.153946922558      4.637304907016      4.678203980344
    8      2.222273121814      0.071601221110      4.672300610182
    8      0.003559726922      4.674231694770      2.397566920673
    8      2.344739031338      7.035324109607      2.394907974764
    8     -2.333208234722      2.344263122734      2.376503650796
    8      2.218391828376      4.633830898319      4.667325394998
    8      4.701275824327      7.154945027375      4.677615604588
    8      0.068714375427      2.343406926858      4.774959438708
    8      4.694346571940      4.581503788567      6.990108905248
    8      7.033152794431      7.131303051687      6.936313774082
    8      2.331936860955      2.345156384970      6.915586815523
    0    0
