   3   1   1 E -1.6031091258126E+04 DE 6.4E-09(  9)
  0.416863662808E-01  0.698079999662E+01  0.700845463955E+01
  0.699034853177E+01  0.812166025077E-02  0.703237095101E+01
  0.697733091649E+01  0.698765306070E+01  0.259299913781E-01
    1
  0.100000000000E+01  0.000000000000E+00  0.000000000000E+00
  0.000000000000E+00  0.100000000000E+01  0.000000000000E+00
  0.000000000000E+00  0.000000000000E+00  0.100000000000E+01
  0.000000000000E+00  0.000000000000E+00  0.000000000000E+00
   54
   20      0.038800356834     -0.020192794206     -0.046937653217
   20      2.349641650745      2.337434242426     -0.056782930766
   20     -2.340488191087     -2.358242934015     -0.045330375264
   20      2.346780197329     -0.012217294851      2.365555243900
   20      4.683073600171      2.318976741600      2.382564841065
   20      0.022362328127     -2.350731369945      2.372624298294
   20     -2.301845739304     -0.054819411303     -2.357172678589
   20      0.086350863399      2.331286118433     -2.354302717618
   12     -4.692118752157     -2.338001780771     -2.402502408180
   20     -0.031145028345      2.386376827136      2.347812249644
   20      2.275246442062      4.716770797009      2.360695524390
   20     -2.379342294139      0.023633719489      2.373862305203
   20      2.319411416027      2.383378343469      4.683159907843
   12      4.583454343193      4.714781805598      4.754233426222
   20     -0.070277903502     -0.031845507987      4.723254356050
   20     -2.308323749251      2.378816786083     -0.053854738254
   12     -0.072727392053      4.659493982027     -0.065343377184
   20     -4.705181696705     -0.008933381353     -0.014111725264
   12      0.025051155130     -2.242919151261     -2.349421996184
   12      2.401251243784     -0.105647347512     -2.343513181160
   12     -2.388356258625     -4.583913779494     -2.343290754739
   20      2.347358938156     -2.299598215241     -0.019326374876
   12      4.677494565261     -0.104340993983     -0.012498267982
   20     -0.032817917692     -4.688275643764      0.018960091087
   20     -2.314341330849     -2.331059114706     -4.671144044423
   12      0.051033794418     -0.030959474844     -4.617474237701
   12     -4.628274322451     -4.722069543370     -4.607535399807
    8      0.135416604919     -0.119391812887     -2.441967771076
    8      2.492751832435      2.358004809430     -2.472853516413
    8     -2.317609872983     -2.424985691481     -2.351297276643
    8      2.421200425925     -0.000037052309     -0.035069137618
    8      4.639710366662      2.268522562924     -0.030891403716
    8     -0.005059645213     -2.337611396756     -0.056774928377
    8      4.733495976023     -0.007950683447      2.374111920244
    8      7.069794281454      2.272062018394      2.383391359949
    8      2.343498653833     -2.380335101146      2.413648603555
    8      0.033111680349      2.376932073940     -0.042511593998
    8      2.240794573723      4.667748111240     -0.081189533799
    8     -2.325554084799     -0.007221365654     -0.049640589170
    8      2.313653245338      2.353798858826      2.359661624423
    8      4.641946105360      4.671132426068      2.391401497483
    8     -0.014908787967     -0.000193093487      2.356164043711
    8      4.693421512236      2.379352235956      4.677544350735
    8      7.009861020113      4.660863585571      4.764995529945
    8      2.309086075455     -0.044506531821      4.689782824291
    8     -0.000140172085      4.755917746291      2.341400180117
    8      2.262995967339      7.055284402566      2.424384442037
    8     -2.376952284402      2.355469084274      2.353494305401
    8      2.338088951032      4.773237087726      4.682251692175
    8      4.540367423700      6.914276574590      4.794217350250
    8     -0.087243314682      2.393732780635      4.693178706298
    8      4.757557202700      4.768902820023      6.976696636497
    8      6.899627719676      6.883834900706      7.126660868866
    8      2.351164390830      2.340565254259      7.037430551072
    0    0
