   3   1   1 E -1.6031049907336E+04 DE 3.9E-10( 11)
  0.102755621071E-01  0.702588094247E+01  0.702753487846E+01
  0.701506879035E+01  0.294269330552E-01  0.700171315770E+01
  0.704098260930E+01  0.701918925449E+01  0.100088270098E-01
    1
  0.100000000000E+01  0.000000000000E+00  0.000000000000E+00
  0.000000000000E+00  0.100000000000E+01  0.000000000000E+00
  0.000000000000E+00  0.000000000000E+00  0.100000000000E+01
  0.000000000000E+00  0.000000000000E+00  0.000000000000E+00
   54
   20      0.004651985467     -0.009282748905     -0.002451905632
   20      2.343099440835      2.341273661227     -0.002413079342
   20     -2.354223816522     -2.337682257437     -0.007832234646
   20      2.343457126896     -0.002729868339      2.338349091436
   20      4.688079559574      2.345019454058      2.338812143898
   20     -0.000356348555     -2.340988713543      2.339841238078
   20     -2.336338024026     -0.018357520208     -2.333324641055
   20      0.009767438174      2.329878080234     -2.327196206353
   12     -4.701210471053     -2.337424285944     -2.344416803213
   20      0.002947574798      2.348178946837      2.342821956666
   20      2.335973187643      4.693653321417      2.335636871632
   20     -2.352017918978      0.001204519900      2.341275393476
   20      2.342943089823      2.352917052410      4.685486859778
   12      4.700179747868      4.677486212692      4.743158531344
   20      0.005215764027     -0.005343388558      4.697245355570
   20     -2.337747691361      2.342763253926      0.002798406460
   12      0.080076778216      4.656358194774      0.069961590706
   12     -4.745976018820      0.007271391957     -0.035965784472
   12      0.006456008625     -2.326587273043     -2.331934796354
   20      2.340550704589     -0.008733477497     -2.336782512131
   20     -2.354180866047     -4.680294353418     -2.342796282700
   12      2.335429257798     -2.316993906934     -0.057628472269
   12      4.729536874944      0.020196112093     -0.046590177663
   20      0.000936203043     -4.680695106142      0.001636331760
   20     -2.342518345844     -2.345075391891     -4.685307393279
   12     -0.017255714891      0.009471642507     -4.710103194858
   12     -4.741307175413     -4.668048059841     -4.713211115786
    8      0.005947104685     -0.018586840541     -2.345238499606
    8      2.341476431250      2.340543988882     -2.336668675534
    8     -2.344319768618     -2.345908456454     -2.337621213566
    8      2.349468280894     -0.011892056878      0.001168300606
    8      4.688468944498      2.335254716204      0.004316880598
    8      0.001976828702     -2.342649622549     -0.007176194511
    8      4.683610074526      0.009539384857      2.324885268791
    8      7.040786128709      2.340043838428      2.346392620811
    8      2.339437125054     -2.340767438099      2.332420544503
    8      0.004839873666      2.342350853669      0.001146864475
    8      2.323065783782      4.691138266974     -0.012319161104
    8     -2.348030376780     -0.004950907298     -0.000909540374
    8      2.341994143632      2.346456667190      2.338048422052
    8      4.687461200875      4.684518087812      2.344559993064
    8      0.000801144579     -0.003025326652      2.341093902201
    8      4.681610364729      2.361204125784      4.674469610861
    8      7.040017976733      4.681661635254      4.697778558649
    8      2.345663840904     -0.002824376255      4.688712851958
    8      0.003061132693      4.696479729874      2.332481653529
    8      2.331565409347      7.034991721579      2.333963428638
    8     -2.343827881245      2.344892614882      2.340971611954
    8      2.347473324686      4.687941861805      4.688395857691
    8      4.694213113939      7.014901070573      4.708779982092
    8      0.005014881542      2.351202728033      4.689712888421
    8      4.678013002944      4.721010032876      6.981975437791
    8      7.064323595212      7.009766648124      7.059855735092
    8      2.348191296185      2.364508644709      7.026389584123
    0    0
