   3   1   1 E -1.6031079552120E+04 DE-9.6E-11( 11)
  0.454260246060E-01  0.698626311666E+01  0.699659435979E+01
  0.699628347704E+01  0.277468000668E-01  0.700585107864E+01
  0.701270183618E+01  0.700681157570E+01  0.168482032621E-01
    1
  0.100000000000E+01  0.000000000000E+00  0.000000000000E+00
  0.000000000000E+00  0.100000000000E+01  0.000000000000E+00
  0.000000000000E+00  0.000000000000E+00  0.100000000000E+01
  0.000000000000E+00  0.000000000000E+00  0.000000000000E+00
   54
   20      0.024379236634      0.010265454173     -0.025596123181
   20      2.364168103795      2.313526514488     -0.034018429167
   20     -2.333600110880     -2.353613667916     -0.028187470640
   20      2.345031776530      0.005699639710      2.355755296013
   20      4.688719615050      2.331080311853      2.345447297507
   20      0.008275725479     -2.325834835079      2.340929701879
   20     -2.349102937673      0.016825454199     -2.321700427449
   20      0.003874966454      2.350244947123     -2.337851770127
   12     -4.684692406697     -2.307517036816     -2.386563303089
   20      0.040030936655      2.300442495266      2.366884934234
   20      2.350278400828      4.684701297553      2.373410053857
   20     -2.324377031086     -0.027844638395      2.356142907715
   12      2.346851346565      2.351958672625      4.753032157131
   12      4.597330685462      4.737284586161      4.744652735405
   12      0.015197636809     -0.005800013007      4.682393902075
   12     -2.294550920516      2.309903058211     -0.067107702457
   20     -0.023699810447      4.720288952382     -0.035545150446
   20     -4.715421040989      0.040574638998     -0.063673125384
   20      0.024612972660     -2.347567884901     -2.331649224430
   12      2.322330870897     -0.028529985317     -2.270747982591
   20     -2.341059922417     -4.740502711846     -2.284613865529
   20      2.376560518406     -2.335481512256     -0.075181644785
   12      4.506895075622      0.036168790347     -0.002468497896
   12     -0.067602416444     -4.733119831531      0.032863494876
   20     -2.337942896713     -2.342726673603     -4.687464523536
   12      0.039757131643      0.043098398724     -4.630713899895
   20     -4.696326735535     -4.698606267486     -4.665243048949
    8      0.061463702890      0.017085360267     -2.335481410721
    8      2.338654026409      2.311751876693     -2.319111127748
    8     -2.367889159810     -2.351737094273     -2.336180804358
    8      2.407902844606      0.002020239086     -0.055180790628
    8      4.725858793029      2.260388209017      0.011777683893
    8      0.018691438994     -2.365604169533     -0.028354739547
    8      4.734421250120      0.015519234872      2.330966623305
    8      7.003950867894      2.288440867702      2.312666556267
    8      2.341033707018     -2.326940249155      2.347894476579
    8     -0.013518553546      2.338000471017     -0.022183575758
    8      2.326723732306      4.688797602196     -0.040353840619
    8     -2.335874004059      0.035305330460     -0.021952582004
    8      2.357904018986      2.328930866508      2.376949554504
    8      4.671660887657      4.677673817946      2.359497663569
    8      0.017907674706     -0.005928211309      2.354009480062
    8      4.601520983353      2.437457994990      4.747651039687
    8      7.022667379999      4.781365726974      4.664415938809
    8      2.251843802425      0.019301929512      4.658372943069
    8      0.022531304248      4.699781217912      2.341356640825
    8      2.311279626134      7.001143932319      2.370338498409
    8     -2.300538980109      2.287291887429      2.332499664996
    8      2.456885456508      4.667250477429      4.646205155529
    8      4.666221867232      6.890958438675      4.756957652826
    8      0.097467985686      2.214940941633      4.750097309838
    8      4.712117403156      4.667648076681      6.904365863315
    8      6.878162262082      7.174032116717      6.974347504950
    8      2.349881932226      2.333901670491      6.902063717416
    0    0
