   3   1   1 E -1.6031084601473E+04 DE 4.7E-08(  8)
  0.451442002126E-01  0.695895895420E+01  0.704826800543E+01
  0.697196247483E+01  0.449082718876E-01  0.704826800543E+01
  0.701710667505E+01  0.700386722609E+01  0.000000000000E+00
    2
  0.100000000000E+01  0.000000000000E+00  0.000000000000E+00
  0.000000000000E+00  0.100000000000E+01  0.000000000000E+00
  0.000000000000E+00  0.000000000000E+00  0.100000000000E+01
  0.000000000000E+00  0.000000000000E+00  0.000000000000E+00
  0.100000000000E+01  0.000000000000E+00  0.000000000000E+00
  0.000000000000E+00  0.100000000000E+01  0.000000000000E+00
  0.000000000000E+00  0.000000000000E+00 -0.100000000000E+01
  0.000000000000E+00  0.000000000000E+00  0.000000000000E+00
   54
   20     -0.011765136790     -0.014840421689     -0.000000000000
   20      2.348442983602      2.312919064207     -0.000000000000
   20     -2.336061173433     -2.346155879242     -0.000000000000
   20      2.349979793292     -0.033159483950      2.323646963538
   20      4.688621648245      2.308459531738      2.321443490264
   20     -0.018403055900     -2.335431973737      2.340803369379
   20     -2.336822694266     -0.021354924063     -2.335262246328
   20     -0.032753550162      2.331775115291     -2.344615182217
   20     -4.692233538649     -2.311722886639     -2.333752848982
   20     -0.032753550162      2.331775115291      2.344615182217
   20      2.324873136398      4.692144339450      2.333752848982
   20     -2.336822694266     -0.021354924063      2.335262246328
   20      2.346992127892      2.316860954853      4.764668739925
   12      4.708402315168      4.800102836125      4.721296191962
   12      0.100362261871      0.008274842829      4.723319956742
   12     -2.354869703376      2.360458300914     -0.000000000000
   20     -0.051126790364      4.754270831584     -0.000000000000
   12     -4.704797170251     -0.005607978000     -0.000000000000
   20     -0.018403055900     -2.335431973737     -2.340803369379
   20      2.349979793292     -0.033159483950     -2.323646963538
   20     -2.328485026802     -4.695407694352     -2.321443490264
   12      2.404234581521     -2.315206586933      0.000000000000
   12      4.713383840294     -0.059268687417      0.000000000000
   12     -0.049764361826     -4.778489867760      0.000000000000
   12     -2.308704359879     -2.203764389964     -4.721296191962
   12      0.100362261871      0.008274842829     -4.723319956742
   20     -4.670114547155     -4.687006271237     -4.764668739925
    8     -0.012009470354     -0.009596600390     -2.342709342760
    8      2.340279672988      2.321780392471     -2.336038352475
    8     -2.339017019870     -2.344346643995     -2.353749109493
    8      2.397172470651     -0.074324135918      0.000000000000
    8      4.730874606023      2.262402699063      0.000000000000
    8      0.051284762967     -2.393834532778     -0.000000000000
    8      4.734687724752     -0.076426856555      2.289137838381
    8      6.971215887247      2.268368821043      2.294379822645
    8      2.360528063848     -2.312708394161      2.311255599495
    8     -0.072697866766      2.347758357099      0.000000000000
    8      2.322678320269      4.731506201812      0.000000000000
    8     -2.401155297025      0.035912248028     -0.000000000000
    8      2.340279672988      2.321780392471      2.336038352475
    8      4.678089655177      4.659520582095      2.353749109493
    8     -0.012009470354     -0.009596600390      2.342709342760
    8      4.650618016305      2.406439949400      4.755131699708
    8      6.904382212646      4.781348400288      4.698884308715
    8      2.265864285564      0.014888682630      4.753129554063
    8     -0.067580262188      4.736440128398      2.349383696717
    8      2.311008485779      6.973847636831      2.295138451369
    8     -2.321344458528      2.361531677510      2.293136305724
    8      2.405672264063      4.646250560042      4.737012405938
    8      4.779831924966      6.882532097647      4.759130167052
    8     -0.000746587588      2.223460549154      4.753888182788
    8      4.566439288800      4.800193965517      7.048268005434
    8      7.068003479929      7.142426955389      7.048268005434
    8      2.349855378819      2.309296153735      7.048268005434
    0    0
