   3   1   1 E -1.6031099412118E+04 DE-8.7E-10( 11)
  0.149187211487E-01  0.701816704801E+01  0.703276897307E+01
  0.700973019002E+01  0.188407565641E-03  0.704187389872E+01
  0.700782573617E+01  0.701897233613E+01  0.841766339385E-02
    1
  0.100000000000E+01  0.000000000000E+00  0.000000000000E+00
  0.000000000000E+00  0.100000000000E+01  0.000000000000E+00
  0.000000000000E+00  0.000000000000E+00  0.100000000000E+01
  0.000000000000E+00  0.000000000000E+00  0.000000000000E+00
   54
   20     -0.033094766557     -0.008926680964     -0.054632918469
   20      2.352791334462      2.338047354546     -0.010628026752
   20     -2.316867700886     -2.337690682034     -0.037626296582
   20      2.378265064720     -0.011356422623      2.393925877679
   20      4.688977562850      2.291886107388      2.364098863520
   20      0.020380625280     -2.359218675359      2.361370511778
   12     -2.322106836967      0.023580380497     -2.365885801762
   12      0.039542132931      2.389030359738     -2.327925020455
   12     -4.682214893546     -2.371752356294     -2.414033222232
   20     -0.031273770986      2.345627185437      2.356990422496
   20      2.340116641804      4.679143594417      2.368822526993
   12     -2.340989933091     -0.009103976583      2.338416446868
   12      2.254848120755      2.384045590215      4.720950590951
   20      4.676881551016      4.677171169804      4.690827660991
   20      0.002925654953      0.024732639222      4.696404592873
   20     -2.340536115692      2.328382262010     -0.006224961899
   20     -0.016703486105      4.699605256834     -0.025293103858
   20     -4.660633304270      0.019295464708     -0.046287256743
   12      0.010619299623     -2.456244584852     -2.324128229374
   20      2.324847991073      0.005154814889     -2.344821220612
   20     -2.318900996758     -4.669220156525     -2.361907502403
   20      2.322479961035     -2.350957326470     -0.045241935468
   12      4.710181065847     -0.103787876242      0.052843771556
   12      0.020453517366     -4.701208550235     -0.081704979935
   12     -2.350187343593     -2.214598159713     -4.632028700966
   20     -0.044240109630      0.017670487526     -4.637096769780
   20     -4.668723719740     -4.656679008530     -4.674942502265
    8     -0.090509282788      0.019625067525     -2.335646556479
    8      2.260983964570      2.428231371644     -2.334293745325
    8     -2.333674679942     -2.254873350511     -2.437315180659
    8      2.393880276761      0.002040813161     -0.042630563078
    8      4.762996295349      2.235037029121      0.002639284634
    8      0.001698576375     -2.441239736716     -0.079729178795
    8      4.667736576312     -0.089417853327      2.375837656455
    8      7.017231359609      2.349363047425      2.385624423243
    8      2.439614954817     -2.330471201553      2.462631621853
    8      0.003064849830      2.350207824032     -0.048092123996
    8      2.347890680490      4.678145072872     -0.023701903642
    8     -2.336946537188     -0.008078018050     -0.019771754064
    8      2.317893663379      2.337756246204      2.392166741673
    8      4.685116551762      4.747269502385      2.358933756530
    8     -0.072814163791     -0.006652684590      2.348247563982
    8      4.686603127173      2.264085024107      4.700919517496
    8      7.098285584374      4.610782164834      4.694363602633
    8      2.421907120854      0.018923515061      4.688867206696
    8     -0.117623402680      4.678134687763      2.399148858563
    8      2.420651994648      7.018953176619      2.348302735183
    8     -2.334771484987      2.285818769435      2.343887738112
    8      2.264719022063      4.595658125449      4.672233357258
    8      4.676288829937      7.018719563617      4.678336431368
    8      0.087376998642      2.418302712584      4.764202738360
    8      4.678052587927      4.794660430197      7.085519409122
    8      6.918114285411      7.125090226685      7.053804244508
    8      2.265530618229      2.349275325891      6.985043710536
    0    0
