   3   1   1 E -1.6031088396731E+04 DE-4.1E-10( 11)
  0.112609511787E-01  0.700695433738E+01  0.703076803392E+01
  0.701817944423E+01 -0.734104183636E-02  0.704240430872E+01
  0.701279731996E+01  0.700788203262E+01  0.356919826327E-02
    1
  0.100000000000E+01  0.000000000000E+00  0.000000000000E+00
  0.000000000000E+00  0.100000000000E+01  0.000000000000E+00
  0.000000000000E+00  0.000000000000E+00  0.100000000000E+01
  0.000000000000E+00  0.000000000000E+00  0.000000000000E+00
   54
   20      0.030324144162     -0.002042291781     -0.041426474770
   20      2.351701981640      2.306126617171     -0.098059039205
   20     -2.365862014614     -2.330435462263     -0.019724535060
   20      2.349791968010     -0.032635071095      2.390062040940
   20      4.678797824660      2.319361467628      2.360159310955
   20      0.035638664224     -2.350539094086      2.377903994625
   20     -2.388202856270      0.031665754823     -2.315206515736
   12      0.084563064043      2.337923967492     -2.354358025954
   12     -4.669422627398     -2.380712549673     -2.298659606845
   20     -0.008790869968      2.311654316110      2.362689466882
   20      2.370806308653      4.721235828737      2.358599652023
   12     -2.412068490863     -0.026368296567      2.336879120281
   12      2.348137648110      2.278177529478      4.768101386107
   20      4.635297410342      4.716496768789      4.725129762278
   20     -0.008320661579      0.013134526299      4.709745790043
   20     -2.393712531495      2.330102081447     -0.003661836742
   20      0.012681571980      4.710830825756     -0.044539469930
   12     -4.501070415396     -0.027930543607     -0.088833007389
   20      0.039549729392     -2.340217516196     -2.332151970247
   12      2.280508440881      0.033678583519     -2.305390424765
   12     -2.410647725766     -4.734005472849     -2.342822176502
   12      2.348248643091     -2.221171597703     -0.100060465909
   12      4.606295177351      0.031770430658     -0.039521855274
   20      0.036883664327     -4.709364239665     -0.038543062432
   20     -2.405750367643     -2.337694595052     -4.682908578919
   20      0.039651010194      0.033371787257     -4.679567018771
   20     -4.666685938432     -4.696806208026     -4.656719501168
    8      0.099232905362      0.101225244073     -2.337166783802
    8      2.323757698063      2.318523165077     -2.336892901931
    8     -2.457501170551     -2.411239909873     -2.338091783481
    8      2.477678672199     -0.116090112983     -0.104409531935
    8      4.659199647437      2.223926274426     -0.101453922878
    8      0.096329321226     -2.335051460965     -0.038711934923
    8      4.660651145773      0.005517843078      2.360124708169
    8      7.041727541665      2.320753569613      2.404372150771
    8      2.333206681961     -2.348615261442      2.381567051364
    8      0.001096935611      2.330106408124     -0.043387014031
    8      2.348245051322      4.761066182765     -0.089218038187
    8     -2.457682138938      0.006671293452     -0.013292598309
    8      2.352007388127      2.324104284198      2.398238913502
    8      4.684204545733      4.745982230337      2.355886053949
    8     -0.055078568338     -0.011309794191      2.368888750836
    8      4.624723776777      2.350520201815      4.705291002722
    8      7.101658992857      4.589613744369      4.713795376019
    8      2.330577760380      0.017354230876      4.802330380955
    8      0.015713760967      4.687664710500      2.356012791981
    8      2.463464457581      7.016783900987      2.370145948402
    8     -2.351617498282      2.249079580155      2.416138365452
    8      2.349038601024      4.713973153917      4.770111105210
    8      4.546317402494      7.127270010969      4.690887989675
    8      0.036140551132      2.325941216866      4.704494164375
    8      4.552938612065      4.761101267232      7.045530572006
    8      7.042633925539      7.006406444826      6.996761874459
    8      2.353060968305      2.286843011953      6.960267285196
    0    0
