   3   1   1 E -1.6031074903138E+04 DE-4.4E-10( 11)
  0.402503556043E-02  0.702767512844E+01  0.701686940595E+01
  0.693375537045E+01  0.448680704114E-02  0.700985919341E+01
  0.696129514174E+01  0.704212068045E+01 -0.169138092822E-01
    1
  0.100000000000E+01  0.000000000000E+00  0.000000000000E+00
  0.000000000000E+00  0.100000000000E+01  0.000000000000E+00
  0.000000000000E+00  0.000000000000E+00  0.100000000000E+01
  0.000000000000E+00  0.000000000000E+00  0.000000000000E+00
   54
   20     -0.069918308687     -0.003032609353     -0.059869345406
   20      2.257401670123      2.382012166734     -0.063656746094
   20     -2.350092540261     -2.299658458509      0.008554982520
   20      2.285879133260     -0.037490223952      2.328398446369
   20      4.686563123847      2.362713843823      2.325120005407
   12     -0.048961778718     -2.370852563072      2.367246618094
   20     -2.307658604539     -0.008937055931     -2.301308684497
   12      0.089621924397      2.517381189839     -2.183557643932
   12     -4.696274041638     -2.358636659044     -2.143883981095
   20     -0.057495885149      2.347873661058      2.312604379735
   20      2.312457522494      4.735023571475      2.294871792062
   12     -2.314010408385     -0.017966602252      2.199887959293
   20      2.347977252885      2.328908847669      4.712486463539
   20      4.737831168436      4.702150757395      4.709727996223
   20     -0.009398453176     -0.080822911607      4.695799056194
   12     -2.133666433807      2.326934971887      0.091662471464
   12      0.003518963218      4.697793600712     -0.017901189083
   12     -4.603199325555     -0.052815503313     -0.070467734921
   12      0.017729950325     -2.379185796731     -2.334616162216
   20      2.323027780898      0.003189390798     -2.347998132982
   20     -2.332539604481     -4.695903312871     -2.324171490165
   20      2.324326183447     -2.352203556915     -0.015764856439
   12      4.457822408477      0.022827022167     -0.021723080015
   20     -0.001862916308     -4.706317289833      0.013518615543
   20     -2.301632824943     -2.344692158654     -4.710264836084
   20      0.015947865731     -0.026099180900     -4.695076133832
   20     -4.624340466234     -4.693124000134     -4.672725853809
    8     -0.002733781115     -0.016286534316     -2.347138931999
    8      2.221965086260      2.408792063921     -2.338765091193
    8     -2.334384958493     -2.340327297318     -2.342035179542
    8      2.341767450151      0.000250026882     -0.040583843993
    8      4.633498410863      2.316419412758     -0.019545732898
    8     -0.016201256555     -2.346209636352     -0.005153746285
    8      4.631354318298     -0.005464164665      2.312853599225
    8      6.965003303089      2.409516414972      2.378119728047
    8      2.207474083357     -2.346187391162      2.334318819564
    8     -0.137525541362      2.428368005406     -0.114403054090
    8      2.203839281205      4.794613886121     -0.073789467020
    8     -2.416195697376      0.082120425494      0.053086674670
    8      2.307408548174      2.354307569359      2.323409193158
    8      4.745876827452      4.788263624914      2.323817236501
    8     -0.109205929412     -0.076726697599      2.298101554427
    8      4.765342357130      2.347461094922      4.747311811435
    8      7.118996557236      4.631333120972      4.746455059374
    8      2.301835407405     -0.084063541636      4.735317283430
    8     -0.005948494037      4.694217982439      2.327162262385
    8      2.392711402468      7.034066559480      2.287764718659
    8     -2.324016480314      2.291304808377      2.255284819729
    8      2.294441357214      4.687198246901      4.691420980625
    8      4.664322209814      7.019492799352      4.693132259759
    8     -0.002840482206      2.356673415192      4.689134140838
    8      4.752296355308      4.719466751249      7.009852190110
    8      6.929095255405      6.925402710442      6.997876376525
    8      2.408611019283      2.261196975107      7.024269978006
    0    0
