   3   1   1 E -1.6031107192823E+04 DE 5.2E-09(  9)
  0.343425694880E-02  0.700429947763E+01  0.704717043768E+01
  0.697916567435E+01 -0.202481907010E-02  0.704653531988E+01
  0.697573324982E+01  0.699351848793E+01  0.795345170556E-02
    1
  0.100000000000E+01  0.000000000000E+00  0.000000000000E+00
  0.000000000000E+00  0.100000000000E+01  0.000000000000E+00
  0.000000000000E+00  0.000000000000E+00  0.100000000000E+01
  0.000000000000E+00  0.000000000000E+00  0.000000000000E+00
   54
   20      0.020616733524      0.011258374829     -0.012514303400
   20      2.337071069444      2.348767847780     -0.004177888631
   20     -2.341221263646     -2.382386572765     -0.018519963983
   20      2.309292798377     -0.017824190901      2.350330795250
   20      4.658449438245      2.332860620615      2.338527425393
   20      0.038780011013     -2.343526062193      2.369585878812
   20     -2.355059160427     -0.017948878773     -2.361800744849
   12      0.035547846834      2.328500588868     -2.327699683649
   12     -4.737473763101     -2.378147096546     -2.360782856505
   12     -0.002198009950      2.326674734947      2.395799645546
   12      2.276929861733      4.638791798825      2.345287368572
   20     -2.306519388903      0.017242917363      2.400865876455
   20      2.255955203704      2.356827080019      4.701844652626
   20      4.656798983326      4.694474654733      4.703347520342
   12     -0.004084325126      0.135530641494      4.746160725393
   20     -2.321748078707      2.353283857282      0.008208547796
   20      0.002407223923      4.667295391225     -0.048096736860
   20     -4.695691831423     -0.024377257140     -0.017999559939
   20      0.022669531227     -2.402603286159     -2.343434298615
   20      2.358756392844      0.007546545579     -2.332591696314
   12     -2.224665631033     -4.691344581393     -2.317639260325
   12      2.341180225618     -2.311372109620     -0.000064717268
   12      4.666314025542      0.034885937655     -0.063032165726
   12      0.001176511192     -4.685865706025      0.029363166313
   20     -2.327912441814     -2.354397424814     -4.684293098657
   20     -0.003983716288      0.000281242800     -4.717504354652
   20     -4.662159632431     -4.631665962370     -4.686995228812
    8     -0.000461477141      0.069076670407     -2.357032788751
    8      2.274710390118      2.427864722680     -2.345405219304
    8     -2.404549671820     -2.434931523017     -2.320505328267
    8      2.421946446356     -0.085954058197     -0.011540878811
    8      4.760900894954      2.241446437280     -0.080040778030
    8      0.101350852386     -2.415868817126     -0.006817083246
    8      4.644411150466     -0.002410663206      2.298682099443
    8      6.969916791707      2.320103810169      2.357780505117
    8      2.340514460272     -2.332324892843      2.350334850103
    8     -0.001852532129      2.325677454036     -0.028068571389
    8      2.313946371652      4.660264270518     -0.007262405159
    8     -2.330241147270     -0.005680265929     -0.005359110976
    8      2.222010303132      2.418990627218      2.359818459293
    8      4.573301996229      4.660656660414      2.345826694299
    8     -0.005179698842      0.105998543092      2.423712193866
    8      4.725657994612      2.334245719838      4.704361641340
    8      7.080336391078      4.633182488735      4.693552768739
    8      2.216103185800     -0.073878118235      4.698981769375
    8      0.108762355994      4.580677815991      2.352855342456
    8      2.326841083906      6.906774348890      2.355025844693
    8     -2.223483343212      2.329003346336      2.366413374888
    8      2.337043419903      4.675641215138      4.697712455153
    8      4.761278928754      7.108368609374      4.789500593159
    8     -0.077723277491      2.252380853608      4.667217525525
    8      4.562139312433      4.744064656561      7.030394978620
    8      6.893392309552      7.109829758674      6.993999867997
    8      2.222197209966      2.415106383490      7.041152597255
    0    0
