   3   1   1 E -1.6031055188712E+04 DE 5.6E-11( 11)
  0.177111435351E-01  0.700524629260E+01  0.702448257546E+01
  0.700334186456E+01  0.178618564531E-01  0.701784167465E+01
  0.702678657941E+01  0.701556565337E+01  0.828313408223E-03
    1
  0.100000000000E+01  0.000000000000E+00  0.000000000000E+00
  0.000000000000E+00  0.100000000000E+01  0.000000000000E+00
  0.000000000000E+00  0.000000000000E+00  0.100000000000E+01
  0.000000000000E+00  0.000000000000E+00  0.000000000000E+00
   54
   20      0.002787948053     -0.009268048861     -0.001303881961
   20      2.331981860072      2.347238706384     -0.006276006109
   20     -2.346026647818     -2.333414598505     -0.001781813541
   20      2.343750060944     -0.008683764293      2.346120994969
   20      4.675734002891      2.341922486447      2.341199612695
   20      0.012216834017     -2.344347446934      2.344980248117
   20     -2.333308797235     -0.015431112300     -2.344629970303
   20      0.011214793643      2.328831963432     -2.343757573852
   12     -4.709581130985     -2.342227254740     -2.388417694054
   20     -0.011683824861      2.353069922926      2.343062544916
   20      2.320839046631      4.690715847592      2.341331975851
   12     -2.344832852305      0.022218025619      2.342297707663
   12      2.316371209901      2.370624127343      4.680761912451
   20      4.678833714021      4.676046776612      4.678393155365
   20      0.004859386676     -0.001734638949      4.680726257818
   20     -2.344674372929      2.339308834229      0.008018566068
   12      0.053550683584      4.657136758056      0.019375132421
   20     -4.672749534561      0.000021013867      0.004232552185
   12      0.030682411980     -2.361560076082     -2.341539523397
   20      2.331018339406     -0.003257814267     -2.343644312425
   20     -2.359181584136     -4.664985118600     -2.356034162532
   12      2.295349434188     -2.319811880449     -0.012047212671
   20      4.677947121825     -0.005128574128      0.006832103610
   20     -0.003152701648     -4.666198474555      0.001013992095
   12     -2.307672071028     -2.364228002982     -4.673519405833
   12     -0.002005040872     -0.048164936983     -4.684119628368
   12     -4.601161468139     -4.644047116553     -4.637279526304
    8      0.007769081567     -0.018116190338     -2.353929431012
    8      2.332615215371      2.343703128013     -2.359114328677
    8     -2.347619709802     -2.337204278590     -2.350623511791
    8      2.337062788324     -0.012291296376      0.003259433720
    8      4.675306487750      2.345226875072     -0.001060617853
    8      0.011463091117     -2.339468109336      0.002321963196
    8      4.686226000631     -0.007305041880      2.343082453853
    8      7.027403942417      2.329215593740      2.341260567710
    8      2.373068974011     -2.371639414777      2.353780102226
    8     -0.000799249756      2.346031465904     -0.003854183128
    8      2.327188852351      4.687300423977     -0.015748732355
    8     -2.336398779366     -0.005038408685      0.005015297115
    8      2.331101682801      2.348322523337      2.343473172360
    8      4.679544800115      4.687054292079      2.342346816073
    8     -0.003388575291     -0.004816463227      2.340898218984
    8      4.663635349888      2.346228215684      4.676971117581
    8      7.039198446936      4.675918457145      4.688747390972
    8      2.335387051859      0.007662123055      4.679824445325
    8     -0.040980783621      4.718972465120      2.330051492605
    8      2.355919599449      7.026809471472      2.348796117415
    8     -2.358023719658      2.341415496863      2.340993697976
    8      2.319449786216      4.661683685121      4.690443807493
    8      4.687405403159      7.007541641851      4.678411302850
    8      0.009934067776      2.355614607709      4.677806282985
    8      4.683586787383      4.677188443324      7.035897176330
    8      7.037364995408      7.009143798425      7.027271563955
    8      2.330749735444      2.360233002911      7.023868875009
    0    0
