   3   1   1 E -1.6031092090783E+04 DE-1.2E-09( 11)
  0.105085689191E-01  0.701631600094E+01  0.699705269604E+01
  0.698123516425E+01  0.148231062108E-02  0.699916447786E+01
  0.699503135560E+01  0.702550499650E+01 -0.565620781737E-02
    1
  0.100000000000E+01  0.000000000000E+00  0.000000000000E+00
  0.000000000000E+00  0.100000000000E+01  0.000000000000E+00
  0.000000000000E+00  0.000000000000E+00  0.100000000000E+01
  0.000000000000E+00  0.000000000000E+00  0.000000000000E+00
   54
   20      0.024020211673     -0.002578015596     -0.003982440967
   20      2.353424012937      2.355520727056     -0.086715976923
   20     -2.397155077451     -2.346797134200     -0.054962838104
   20      2.367684213832     -0.040991327832      2.328726932632
   20      4.689914869011      2.299793488451      2.301073467159
   20      0.046662308747     -2.367750514836      2.367861707477
   20     -2.329267242139     -0.050453338382     -2.376050889327
   20      0.089064343738      2.338850468186     -2.316606249745
   12     -4.680697302965     -2.293981169000     -2.353751156730
   20     -0.057063894271      2.383082077588      2.328083582591
   20      2.263032263907      4.757397610501      2.303162519235
   20     -2.423949507362      0.047583973770      2.372414378618
   20      2.325864435739      2.320848253995      4.690672574641
   20      4.663919597341      4.736589397965      4.736576921116
   20     -0.004982657295     -0.019327108656      4.733514581156
   20     -2.335621919806      2.368773795206      0.059768395145
   12     -0.029621154795      4.775631671142      0.079795767367
   12     -4.698940514413     -0.010774825973     -0.005484916255
   20     -0.043077833365     -2.329442228630     -2.402003711486
   12      2.351179372957      0.020082206353     -2.345231630710
   12     -2.450703477111     -4.671200805475     -2.458100103704
   20      2.387914185695     -2.330380573357      0.034645440472
   12      4.581890802465     -0.033272024803     -0.016303707134
   20     -0.010584219184     -4.756168474088      0.018400874509
   12     -2.331347216030     -2.378523447009     -4.653287530152
   12      0.048083824841     -0.039990769430     -4.756144783566
   12     -4.460077562926     -4.715817229333     -4.476391903440
    8      0.104755295316     -0.005927721897     -2.358809102384
    8      2.494420538459      2.350757127162     -2.465215331162
    8     -2.479019408775     -2.446975085980     -2.436736845375
    8      2.397322309005      0.004942767397     -0.047961547188
    8      4.649668351496      2.254179273466     -0.088228053129
    8      0.000563210758     -2.356074690779     -0.011553501397
    8      4.749851176497     -0.096194420010      2.210484589017
    8      7.071824306668      2.260218592296      2.336237433104
    8      2.446411949504     -2.433812156162      2.446895063282
    8      0.007272721173      2.392737751126      0.003324193543
    8      2.218892166592      4.793867716533     -0.126063478072
    8     -2.402584844640     -0.007365305402     -0.006834278419
    8      2.330460777594      2.346603650755      2.316041797303
    8      4.633465848768      4.698545941336      2.333926780685
    8     -0.008935920248     -0.003462262056      2.347956576793
    8      4.672817314432      2.337485217817      4.683032065879
    8      7.089503047611      4.688524538453      4.724969308963
    8      2.338844216547     -0.065097999287      4.710299533222
    8     -0.106591707750      4.773724696573      2.283798774210
    8      2.227516731743      7.136873154732      2.284603692664
    8     -2.411325369147      2.425935485494      2.417224092628
    8      2.332903819683      4.739974174134      4.671147008860
    8      4.580962634076      7.114917143862      4.736308266726
    8     -0.051035277048      2.324835744662      4.672320868820
    8      4.758038056810      4.789539896032      7.100010108109
    8      7.021626528103      6.886190087308      7.118495176995
    8      2.333294562436      2.273216885076      7.052171849830
    0    0
