   3   1   1 E -1.6031072470325E+04 DE 7.2E-09(  9)
 -0.853608695878E-02  0.704126211038E+01  0.702959417934E+01
  0.696100405662E+01  0.295440767558E-01  0.698558018811E+01
  0.699796374002E+01  0.702806268929E+01 -0.177142339471E-02
    1
  0.100000000000E+01  0.000000000000E+00  0.000000000000E+00
  0.000000000000E+00  0.100000000000E+01  0.000000000000E+00
  0.000000000000E+00  0.000000000000E+00  0.100000000000E+01
  0.000000000000E+00  0.000000000000E+00  0.000000000000E+00
   54
   20      0.011463704218     -0.016626583633     -0.039929129706
   20      2.289506895759      2.364507683760     -0.066699501732
   20     -2.383475580832     -2.316327084227     -0.004807447968
   20      2.323916550516     -0.037071515303      2.321470189055
   20      4.678483082511      2.340115862697      2.325669499147
   20      0.021381926671     -2.366011915504      2.375056130781
   20     -2.314834148118     -0.028487188160     -2.313047072694
   12      0.167029029932      2.396682000968     -2.354007894017
   12     -4.685455188024     -2.365598035024     -2.180499530376
   20     -0.029629498747      2.360450268533      2.320192367334
   20      2.315108012852      4.740921256783      2.279253180652
   12     -2.431287618747      0.057409568190      2.293371217887
   20      2.295811463446      2.372087164206      4.713324714936
   20      4.666762719162      4.720072947337      4.703190824673
   20     -0.007906128683     -0.030760949309      4.727922476259
   20     -2.357610860501      2.355404582808      0.036006182252
   12      0.296760385336      4.737443731019     -0.039044964169
   12     -4.753839601929     -0.092843055602     -0.010475608441
   12      0.026176052687     -2.371759134379     -2.310838546761
   20      2.327035826812      0.008675125445     -2.323952955053
   20     -2.396032633390     -4.695148788292     -2.356369145997
   12      2.351112859779     -2.299575277376     -0.057244523239
   12      4.606173676197     -0.091660720914      0.005639023720
   20      0.029825827790     -4.694280002484     -0.001501008034
   20     -2.345405733235     -2.359849420394     -4.684152765927
   20      0.051707757091     -0.017224720525     -4.684480096020
   12     -4.562658843216     -4.667922966591     -4.711124798492
    8      0.030778105316     -0.019986242385     -2.335725885596
    8      2.191169038985      2.419517893047     -2.425260216735
    8     -2.340863753823     -2.351440490370     -2.325032762623
    8      2.382958217334     -0.050818930959     -0.020581511619
    8      4.633054509142      2.310757622630     -0.012303158777
    8      0.030668683737     -2.350652096649     -0.014062483766
    8      4.637573217819     -0.002070785175      2.274358353164
    8      7.081680825011      2.347716877017      2.390657657472
    8      2.303866899416     -2.420291011621      2.326377637882
    8     -0.012407068747      2.408937312305     -0.068736107060
    8      2.194163420895      4.753085141471     -0.087462074053
    8     -2.372866732126      0.003609380334      0.014032845143
    8      2.322316331429      2.357174213106      2.302229439335
    8      4.651918132106      4.741614390143      2.332350703547
    8     -0.042782057669     -0.018028241165      2.321972572792
    8      4.679395871022      2.370186719478      4.689366285025
    8      7.094860002538      4.601690102004      4.801542959733
    8      2.312430149750     -0.057028589960      4.738763684617
    8     -0.002432718228      4.691639418509      2.327642963379
    8      2.418013885339      7.116167751485      2.329256592681
    8     -2.432882731264      2.284998856205      2.337515422977
    8      2.270700462643      4.713112568178      4.685320650593
    8      4.652521504273      7.035459842554      4.715891719244
    8     -0.014563494259      2.384537495874      4.696662398915
    8      4.585225695530      4.789351350244      7.021491040007
    8      7.028672177760      6.990916109796      6.994183759350
    8      2.303654184292      2.392130453793      7.086939944535
    0    0
