   3   1   1 E -1.6031095110844E+04 DE 2.0E-09( 10)
 -0.100806710598E-02  0.701210720259E+01  0.702751754843E+01
  0.699533934745E+01  0.120175155949E-01  0.700844957623E+01
  0.700962486898E+01  0.700122097255E+01  0.347690793501E-02
    1
  0.100000000000E+01  0.000000000000E+00  0.000000000000E+00
  0.000000000000E+00  0.100000000000E+01  0.000000000000E+00
  0.000000000000E+00  0.000000000000E+00  0.100000000000E+01
  0.000000000000E+00  0.000000000000E+00  0.000000000000E+00
   54
   20      0.008580393405     -0.014593930288     -0.050782632100
   20      2.324911325971      2.352413127417     -0.050303074345
   20     -2.365298030357     -2.300201730439      0.007554470898
   20      2.334308876427     -0.051156279931      2.323007666328
   20      4.704544697620      2.318670558153      2.332813812646
   20      0.020036005904     -2.351777817225      2.376752658501
   20     -2.320903849685     -0.025046356934     -2.330206248277
   12      0.044276567275      2.409203636088     -2.334468628171
   12     -4.667360481750     -2.337208155843     -2.233435983986
   20     -0.025937637961      2.352194933964      2.326393626605
   20      2.336540374281      4.722638092518      2.292239544803
   12     -2.421460308953      0.074613729463      2.273057592147
   20      2.305820955242      2.355744053246      4.726867891663
   20      4.681918469931      4.701191444280      4.700929431746
   20     -0.017636147761     -0.037895170802      4.715205136695
   20     -2.363556460060      2.352582524930      0.028934462112
   12      0.191657769585      4.649816740603     -0.049533187158
   12     -4.632967205389     -0.020298816406     -0.001397275288
   12      0.050545211521     -2.355160717523     -2.288752340591
   20      2.324517156072      0.007612549579     -2.325682351712
   20     -2.382340704179     -4.680569565577     -2.349314076094
   12      2.308703866467     -2.332738151213     -0.038231177192
   12      4.614830626679     -0.088856307825      0.027092539005
   20      0.034110698391     -4.682604816780      0.002942061420
   20     -2.353527929337     -2.347968679203     -4.689117679124
   20      0.033896811538     -0.019429876044     -4.685902779843
   12     -4.657591160767     -4.649422190552     -4.761529323548
    8      0.009516970960     -0.026174630020     -2.342425921506
    8      2.238852999426      2.430186496063     -2.400771106268
    8     -2.331963594745     -2.345980727742     -2.326719331236
    8      2.393861877825     -0.080612914186      0.006732813799
    8      4.657332307665      2.286309445583      0.004300778136
    8      0.032856761444     -2.338992099392     -0.016279035254
    8      4.656200935243     -0.014596366196      2.270323797725
    8      7.096579729603      2.333169756177      2.414264439636
    8      2.320795676093     -2.423975190623      2.330185316670
    8      0.005929137429      2.421162014483     -0.070839039791
    8      2.256537710496      4.769384948508     -0.086498808968
    8     -2.382023138225      0.007229482928      0.006559815555
    8      2.340062472386      2.341276817380      2.310704300163
    8      4.670465748458      4.740787790050      2.340742680959
    8     -0.057937605316     -0.009048787486      2.315106723047
    8      4.707148743964      2.352033546502      4.689156461680
    8      7.103914030081      4.589717267863      4.791972734819
    8      2.315739100483     -0.083852788880      4.752560541690
    8      0.004114217597      4.664923296722      2.336340972263
    8      2.412038763098      7.092235725710      2.326155271819
    8     -2.438985409052      2.253282821660      2.344854465395
    8      2.273147478395      4.680862995739      4.686818019063
    8      4.664959226835      7.006791993476      4.718143346693
    8     -0.006419630217      2.388578112524      4.696455262336
    8      4.587468620894      4.787290094444      7.018209210147
    8      7.056533642986      6.912043232230      7.015463918533
    8      2.320456008026      2.378270447156      7.100846382437
    0    0
