   3   1   1 E -1.6031094205905E+04 DE-1.5E-09( 10)
 -0.366301834469E-02  0.701364503931E+01  0.702850085274E+01
  0.695437202386E+01 -0.105527952311E-01  0.703024960885E+01
  0.696799921264E+01  0.702152251050E+01 -0.171148743641E-01
    1
  0.100000000000E+01  0.000000000000E+00  0.000000000000E+00
  0.000000000000E+00  0.100000000000E+01  0.000000000000E+00
  0.000000000000E+00  0.000000000000E+00  0.100000000000E+01
  0.000000000000E+00  0.000000000000E+00  0.000000000000E+00
   54
   20      0.009977468817      0.001102429243     -0.011351574168
   20      2.330684712515      2.373794938754     -0.086911391977
   20     -2.354650570411     -2.346967284697     -0.033438985182
   20      2.340759111862     -0.023284662172      2.375633714042
   20      4.649608514937      2.353653300425      2.351972100377
   20      0.006514867905     -2.359280657958      2.362342799883
   20     -2.376008835979     -0.014840592155     -2.370623690168
   20      0.037053360512      2.380827178035     -2.316591036280
   12     -4.587935149608     -2.341417089610     -2.338232292796
   20     -0.029816549410      2.368675214374      2.358793103534
   20      2.314926106168      4.701707745980      2.377160584169
   20     -2.365277769925      0.010249291013      2.395912426647
   12      2.320101510426      2.310191466206      4.720145510608
   12      4.554012162830      4.654395156842      4.682524015109
   20     -0.007450532953     -0.014852114366      4.754657248713
   20     -2.351812681031      2.375581120985     -0.020377933254
   12     -0.095738317605      4.693478501040     -0.051013182646
   12     -4.709677377206      0.017079414809     -0.068830860092
   20      0.022098347053     -2.379002410049     -2.314478847640
   12      2.427323136289     -0.013240182196     -2.314739363928
   12     -2.381620594868     -4.606653780609     -2.341215714559
   20      2.359768736486     -2.370998162103     -0.017860551158
   20      4.697407760325     -0.021834837455     -0.046649365526
   12      0.026874580785     -4.693833266409     -0.048695502114
   12     -2.261901418112     -2.368940399406     -4.649077904708
   20      0.030422597083     -0.012509016810     -4.710697135671
   20     -4.620356963621     -4.681052745450     -4.654121044447
    8      0.039813283304     -0.003983043857     -2.336342623580
    8      2.439230579716      2.368086125355     -2.348688144770
    8     -2.422265713598     -2.438635524676     -2.391131210548
    8      2.352749772473     -0.002342681692     -0.054730389119
    8      4.729288477847      2.348034075997     -0.084433033940
    8      0.007025821729     -2.400408297041     -0.005153069024
    8      4.651376878853     -0.059606058159      2.333884326645
    8      6.971062134165      2.340294374888      2.306343508332
    8      2.385297205809     -2.354236642466      2.360920908738
    8      0.003799046983      2.411732342757     -0.014710021776
    8      2.215644362348      4.780351201263     -0.090101323715
    8     -2.408007527363      0.002682141003     -0.009795250358
    8      2.317548823382      2.346457672950      2.383644778516
    8      4.631928704255      4.680170648730      2.363599621434
    8     -0.009260616830     -0.004140168384      2.359721623570
    8      4.559071843055      2.408669527449      4.700584817296
    8      6.954624961149      4.673177309430      4.744129048864
    8      2.305027546699     -0.006303055114      4.743806872513
    8     -0.072912760837      4.676990807879      2.360592182352
    8      2.326894696818      7.020641100290      2.366162046513
    8     -2.330100785173      2.424527532276      2.413175658677
    8      2.442592213588      4.663515332923      4.699450336675
    8      4.540047759555      6.990214411768      4.693666750112
    8     -0.001097073780      2.330180037906      4.736374083246
    8      4.727324929627      4.671399148427      7.018400985778
    8      7.077111639740      7.009867027586      7.021427825966
    8      2.215084564919      2.241402491853      6.932324707366
    0    0
