   3   1   1 E -1.6031083523051E+04 DE 3.3E-09(  9)
  0.542132512319E-01  0.695842195192E+01  0.699973813802E+01
  0.701501937996E+01  0.343724566237E-01  0.701188117455E+01
  0.704375843481E+01  0.699341992437E+01  0.117446406545E-01
    1
  0.100000000000E+01  0.000000000000E+00  0.000000000000E+00
  0.000000000000E+00  0.100000000000E+01  0.000000000000E+00
  0.000000000000E+00  0.000000000000E+00  0.100000000000E+01
  0.000000000000E+00  0.000000000000E+00  0.000000000000E+00
   54
   20      0.023870526588     -0.055933023558     -0.007061891963
   20      2.408646299736      2.344820610259     -0.038054612376
   20     -2.362402499216     -2.352928955701     -0.044822882087
   20      2.361478387533     -0.052505170628      2.354055371573
   20      4.720442755482      2.303106728194      2.351464964708
   20      0.037075717983     -2.380661875221      2.359762230893
   20     -2.335513697256     -0.083814307992     -2.324265744468
   20      0.046864563656      2.324440596103     -2.361034754241
   12     -4.636042331377     -2.405087414072     -2.301268181354
   20     -0.009998839561      2.375439815194      2.381774658801
   20      2.359358882585      4.726259451056      2.342339228405
   20     -2.398401834171      0.011208587436      2.371633802485
   20      2.358719484256      2.376946012983      4.755924003966
   12      4.656651161407      4.674098358563      4.732142408168
   20     -0.009882945185     -0.015165488256      4.724285874427
   20     -2.376458101722      2.353042658370      0.007387502209
   20      0.009065009834      4.732594726473     -0.013102385456
   12     -4.618821933041     -0.120631923766     -0.028263632615
   12     -0.020727326156     -2.267095360532     -2.324073883957
   20      2.347567919104      0.017749227376     -2.369007527127
   12     -2.416343378808     -4.553041284397     -2.334336490254
   12      2.345699054270     -2.459632975476     -0.062530782313
   12      4.634912149746      0.059749739891     -0.060813276403
   20     -0.000963116636     -4.657591500158     -0.006574096498
   20     -2.398428423800     -2.325560323736     -4.651211945283
   12      0.026564357939      0.047526553583     -4.719624997077
   12     -4.743119996558     -4.728058617433     -4.748688804983
    8      0.023639027529     -0.085132359571     -2.412687210986
    8      2.445672844573      2.427804843012     -2.421264663619
    8     -2.386476081585     -2.454697645510     -2.343455120542
    8      2.422210106682     -0.081144555032     -0.015278119017
    8      4.688072607364      2.281878999282     -0.068655348106
    8      0.072938431804     -2.332421237320      0.001538200412
    8      4.694736432445     -0.004527591094      2.306812443262
    8      7.111164539179      2.241892187339      2.349182418433
    8      2.334992676753     -2.436958175918      2.350370776241
    8      0.016025396303      2.348027228831     -0.010151059176
    8      2.368178938958      4.729672206667     -0.064462143869
    8     -2.391712164919     -0.022707333220     -0.008456669393
    8      2.359077984201      2.344255033699      2.353793875635
    8      4.697157639197      4.662691987421      2.369357150562
    8     -0.001196782445     -0.017106447751      2.368772888423
    8      4.689971997644      2.388315550022      4.701230874314
    8      7.040747623805      4.673233678892      4.687018719568
    8      2.330900741134     -0.083869237853      4.774851296973
    8      0.018449821234      4.782671352010      2.417207994174
    8      2.292060638319      7.060546610073      2.219251892876
    8     -2.401611328488      2.341588598388      2.405983049012
    8      2.407973714996      4.686025543751      4.697097177805
    8      4.689342675477      6.983009293616      4.772524000396
    8     -0.041646202257      2.425590074921      4.700612817640
    8      4.531130598435      4.827221369195      6.881887092377
    8      7.120274563045      7.000467124863      7.010009911833
    8      2.366571511032      2.362362554816      7.096011387052
    0    0
