   3   1   1 E -1.6031100730809E+04 DE 7.7E-10(  9)
 -0.541736503805E-02  0.700318159985E+01  0.701605273985E+01
  0.699586240995E+01 -0.228121263962E-02  0.702022467046E+01
  0.699167040674E+01  0.700927666486E+01 -0.393674806390E-02
    1
  0.100000000000E+01  0.000000000000E+00  0.000000000000E+00
  0.000000000000E+00  0.100000000000E+01  0.000000000000E+00
  0.000000000000E+00  0.000000000000E+00  0.100000000000E+01
  0.000000000000E+00  0.000000000000E+00  0.000000000000E+00
   54
   20      0.005103199028      0.002636251401     -0.021558173948
   20      2.360010082951      2.326700024207     -0.059357569704
   20     -2.331684139731     -2.344040402664     -0.042551004786
   20      2.324368779040     -0.045967230415      2.382320181808
   20      4.654205579969      2.325992124247      2.343460432907
   20      0.024633363116     -2.333520327157      2.393167637986
   20     -2.338091709993     -0.041785686640     -2.342471246599
   20      0.019091534171      2.373136157474     -2.339162216079
   12     -4.616031395272     -2.371973838036     -2.397041152984
   20     -0.083770993887      2.356957571890      2.398696206892
   20      2.317124440797      4.673759516660      2.347084817441
   20     -2.330807116668      0.055276007788      2.389304921245
   20      2.300762086328      2.351725666620      4.711119843099
   12      4.663562729535      4.636194266168      4.743549550759
   12     -0.085416339420     -0.116514780795      4.729381877270
   12     -2.358295137410      2.373948014653     -0.007772542023
   20     -0.058582404247      4.680180125644     -0.042696933070
   20     -4.678744761532      0.019394075393     -0.015401080197
   12     -0.046732481227     -2.339905972750     -2.376356096553
   20      2.410437033122     -0.001033356572     -2.370936330980
   12     -2.353940426941     -4.543950129102     -2.349860576373
   20      2.385796669424     -2.343318884070      0.017785628508
   12      4.691895016301      0.011670659461     -0.070325072884
   20     -0.000244507666     -4.683557039889     -0.021457106513
   12     -2.339252405179     -2.403553293993     -4.654195019189
   20     -0.021324890601     -0.014527719367     -4.673231055608
   12     -4.521928428893     -4.604899151951     -4.652720523447
    8      0.006322870708     -0.090852854234     -2.344776182651
    8      2.447463870385      2.461473869522     -2.417757849738
    8     -2.295421816653     -2.398490742152     -2.410075459775
    8      2.441083332749     -0.000230334712     -0.000009754574
    8      4.659865978637      2.258164946981     -0.096012529911
    8     -0.014483546996     -2.328753973257     -0.026666652584
    8      4.649921411948     -0.090932087480      2.282929584626
    8      7.061108908552      2.341021228676      2.352201317417
    8      2.450119300536     -2.427096177908      2.437167743802
    8     -0.086733424845      2.325876028071     -0.050405693003
    8      2.324134664304      4.665961067686     -0.043102382358
    8     -2.332258630079      0.069802124747     -0.001767013445
    8      2.314293255604      2.329068744543      2.362729851753
    8      4.667121921974      4.667725080273      2.367346699237
    8     -0.002865723108      0.009330278132      2.404071323864
    8      4.658359708204      2.431904888148      4.758497409344
    8      6.962679491888      4.757330133650      4.666881897376
    8      2.237534080809     -0.122906981070      4.691275624315
    8     -0.085329752142      4.667480804388      2.361595924887
    8      2.336233143871      7.091142414269      2.336373896200
    8     -2.431064998849      2.441044441444      2.332480149857
    8      2.344063772953      4.666830380446      4.684597585468
    8      4.766915149538      6.952551340073      4.770495820997
    8     -0.131284839981      2.410574592304      4.684396451044
    8      4.657956248909      4.616339738195      6.977931775361
    8      6.868586094674      7.006569028711      6.955729935723
    8      2.453055683723      2.335846106650      7.090626109903
    0    0
