   3   1   1 E -1.6031087004721E+04 DE 2.4E-10( 11)
 -0.213886292407E-02  0.696514211923E+01  0.702300402977E+01
  0.699055623564E+01 -0.922177478088E-02  0.703607097767E+01
  0.695570135660E+01  0.695141415369E+01  0.172970232206E-01
    1
  0.100000000000E+01  0.000000000000E+00  0.000000000000E+00
  0.000000000000E+00  0.100000000000E+01  0.000000000000E+00
  0.000000000000E+00  0.000000000000E+00  0.100000000000E+01
  0.000000000000E+00  0.000000000000E+00  0.000000000000E+00
   54
   20     -0.006111833149      0.028343477810     -0.024385236715
   20      2.357808506222      2.327065592526     -0.072391648451
   20     -2.349512853586     -2.315658404115     -0.059843927746
   20      2.317173278414     -0.036090441128      2.386609576812
   20      4.685399640211      2.310133308822      2.361361875026
   20      0.022978604737     -2.315033970443      2.388085234075
   20     -2.355277239832      0.002258621532     -2.301846615458
   20      0.018201644686      2.339453619057     -2.376452937675
   12     -4.589333833934     -2.257481891023     -2.294985246984
   20     -0.064226590261      2.303272549406      2.368698288358
   20      2.303242347510      4.714874817479      2.369487386246
   20     -2.389602280442      0.039745646856      2.369008351683
   20      2.319571096172      2.266956696338      4.770439172313
   12      4.615295362245      4.626875293690      4.690149895743
   12     -0.028726244585     -0.073845990840      4.665185039349
   12     -2.312767078199      2.348054359351     -0.063017389205
   20     -0.010763887367      4.727290405557     -0.071706516407
   12     -4.639565036795      0.103357599257     -0.017416146460
   20     -0.010361194672     -2.337887382063     -2.291879970150
   12      2.358937866877     -0.044906892148     -2.332311317241
   12     -2.380097455520     -4.696858901973     -2.325118146764
   20      2.365129763832     -2.365873552808     -0.032599303544
   20      4.721642283288      0.007503497499     -0.083456836590
   12     -0.024070033480     -4.735474817606     -0.055783818505
   20     -2.324772178903     -2.356925324970     -4.672836063764
   12      0.086335131425      0.078013343776     -4.633013013939
   20     -4.642356073597     -4.692880053106     -4.674542381446
    8      0.093709128677      0.008232789863     -2.329410813998
    8      2.446708296909      2.304058220490     -2.354053523490
    8     -2.423638227671     -2.400703598220     -2.333108158917
    8      2.346931703000     -0.010830883642     -0.078290320746
    8      4.732706826953      2.304320342907     -0.074851219610
    8      0.003302309181     -2.381004874295     -0.006698362190
    8      4.731213597199     -0.013466290311      2.365249015334
    8      6.975483962335      2.207154548558      2.312750924531
    8      2.359666422536     -2.338807012603      2.403254974525
    8     -0.054509763452      2.348166483563     -0.044175413443
    8      2.302001596612      4.763901828907     -0.109323692502
    8     -2.422582738040      0.111243035558     -0.013456234316
    8      2.317109979841      2.313455997805      2.372230970075
    8      4.644931812866      4.659450615377      2.420449183899
    8     -0.008722531963      0.011387378214      2.379029616216
    8      4.659900293988      2.384417184088      4.763165512033
    8      6.998245120669      4.775202593905      4.674786104688
    8      2.239028258305     -0.109329482170      4.815019630730
    8     -0.018060820735      4.709913294292      2.363799474179
    8      2.119175475676      6.972309500959      2.357670564544
    8     -2.342774015803      2.306743489114      2.360400011105
    8      2.402622789687      4.700976734635      4.713689989385
    8      4.619297908474      6.968585223514      4.670098481067
    8     -0.139583058648      2.156485135057      4.767382065008
    8      4.671628183112      4.558403831341      6.928940800136
    8      7.117611421990      7.101675687252      7.000173384204
    8      2.332958638896      2.176782260754      7.033512872967
    0    0
