   3   1   1 E -1.6031101586804E+04 DE 8.3E-09(  8)
  0.881005038227E-02  0.700721919240E+01  0.700376382828E+01
  0.701507729847E+01 -0.495479702132E-02  0.700900118338E+01
  0.702294418057E+01  0.701493668434E+01 -0.702268346897E-02
    1
  0.100000000000E+01  0.000000000000E+00  0.000000000000E+00
  0.000000000000E+00  0.100000000000E+01  0.000000000000E+00
  0.000000000000E+00  0.000000000000E+00  0.100000000000E+01
  0.000000000000E+00  0.000000000000E+00  0.000000000000E+00
   54
   20      0.030544724972     -0.037452382432     -0.029721879264
   20      2.356611664134      2.339930372317     -0.066197476269
   20     -2.322093564599     -2.351952108917     -0.028919603460
   20      2.352877333650     -0.031570118393      2.374489935665
   20      4.691196690706      2.328637171240      2.352192471399
   20      0.034286894139     -2.367108959484      2.356055860519
   20     -2.328660044094     -0.027444938515     -2.341915354091
   20      0.051330308284      2.328936017443     -2.363069260471
   12     -4.672784292485     -2.406810125114     -2.334458845686
   20     -0.009673776628      2.367075675834      2.370337187626
   20      2.326081602311      4.702902100850      2.403964112684
   20     -2.402753761554      0.018716979195      2.400493961844
   12      2.364051827524      2.419890115872      4.666487272130
   12      4.567304834086      4.643410779129      4.690104949008
   20     -0.017085130491      0.006901091491      4.669149536742
   20     -2.377913463474      2.370241430295     -0.017855335861
   20     -0.017348934815      4.705169818866     -0.033458408350
   20     -4.696409322753      0.039838661290     -0.000503561649
   12      0.076157404115     -2.356957683044     -2.332671524555
   12      2.344858932918     -0.052312114029     -2.340679961841
   12     -2.465145664239     -4.574879080466     -2.351592959650
   12      2.354385510683     -2.428179090874     -0.103566548955
   20      4.659864157901     -0.019712625823     -0.050386199949
   20      0.044435975696     -4.661804199561     -0.014435075419
   20     -2.368069446434     -2.339607434360     -4.634774981450
   12      0.053635324813      0.006725439206     -4.603030721150
   12     -4.683481702732     -4.632865260511     -4.584194069662
    8      0.115292432208     -0.114329879902     -2.412469095254
    8      2.422070366692      2.424568587765     -2.410180200665
    8     -2.363065622250     -2.426437169201     -2.325715251924
    8      2.323559307877     -0.071136266275     -0.110473806174
    8      4.677753881337      2.339892669380     -0.087736441386
    8      0.116059471682     -2.326629543351     -0.048898352637
    8      4.743256819639      0.000697003521      2.337903256502
    8      7.113331860210      2.238618506484      2.344689040143
    8      2.329899768956     -2.433476047014      2.372181090712
    8      0.001186705870      2.337938136033     -0.029745865764
    8      2.336109440609      4.684324627255     -0.070181648706
    8     -2.353795752144     -0.000653550396     -0.022088644846
    8      2.338929938851      2.343422232828      2.389410984072
    8      4.681401181542      4.673345688207      2.423280871704
    8      0.003176342318     -0.000369168061      2.366311746760
    8      4.590339506888      2.416222527937      4.662481473007
    8      7.064929711333      4.665183262810      4.674059557977
    8      2.348966682971     -0.017675215614      4.676942167350
    8      0.010737866166      4.757951127686      2.415481240138
    8      2.250465822428      7.093015145771      2.439919471638
    8     -2.412777747757      2.338650094429      2.410764561693
    8      2.377296785715      4.604700747241      4.750084677576
    8      4.547557651705      6.971996528826      4.658880476934
    8      0.057612070031      2.460465881111      4.659330786535
    8      4.576584159974      4.675028784439      6.908674603642
    8      7.018214701061      7.013450236523      7.012118901794
    8      2.349444446838      2.438920378768      6.988971356153
    0    0
