   3   1   1 E -1.6031099406944E+04 DE 3.2E-09(  9)
 -0.249905266209E-02  0.699788340021E+01  0.702719542482E+01
  0.703581901899E+01 -0.417849278176E-02  0.702125121516E+01
  0.703428822908E+01  0.698498623150E+01  0.294243609036E-02
    1
  0.100000000000E+01  0.000000000000E+00  0.000000000000E+00
  0.000000000000E+00  0.100000000000E+01  0.000000000000E+00
  0.000000000000E+00  0.000000000000E+00  0.100000000000E+01
  0.000000000000E+00  0.000000000000E+00  0.000000000000E+00
   54
   20     -0.020442661115     -0.014421159914     -0.028874887936
   20      2.373166013776      2.321176653527     -0.034008358660
   20     -2.354019711041     -2.326588697309     -0.034247373231
   20      2.361612863508     -0.048869847662      2.336214761063
   20      4.716082523025      2.310235414164      2.329662477838
   20     -0.003009613103     -2.308387984224      2.352670874081
   20     -2.318802524636     -0.042943928865     -2.341858537173
   20     -0.025152306668      2.347139222720     -2.356948612957
   12     -4.676617381308     -2.357555416506     -2.309547259428
   20     -0.070779812913      2.349151646138      2.351972889605
   20      2.358495666444      4.713335708713      2.376839853446
   12     -2.307564825568      0.069336781030      2.429070173544
   20      2.365706999008      2.392265104377      4.726698701052
   12      4.624389670109      4.683541431798      4.710199359012
   20     -0.060484592564     -0.005657873147      4.691704065131
   12     -2.400613869450      2.333908722876     -0.056809173058
   20     -0.058571227482      4.689996094684      0.006392501092
   20     -4.666637825464      0.025726051104      0.028467664700
   12     -0.024307591891     -2.383636456631     -2.311929310411
   20      2.387167122939     -0.033949937255     -2.339318895832
   12     -2.353636059621     -4.646251539647     -2.277444886119
   12      2.416876815302     -2.320114873165     -0.105697464228
   12      4.688823563952     -0.038419755988     -0.043320674330
   20      0.000240363885     -4.651602022876     -0.026959175514
   20     -2.342916448862     -2.360187432049     -4.692389057707
   12     -0.062073488803     -0.046085723978     -4.737323664908
   20     -4.645736038337     -4.655839133808     -4.672404922684
    8      0.001698615066     -0.111866625395     -2.421320246796
    8      2.431007024615      2.409240324036     -2.331579491415
    8     -2.362154768488     -2.443441426282     -2.342654631680
    8      2.448764443609     -0.098049579798      0.006980810736
    8      4.686398938205      2.243724346563     -0.096907564354
    8      0.053119162514     -2.317070860401     -0.073070399033
    8      4.781697192807     -0.016622850971      2.258791639546
    8      7.029217393915      2.259771742373      2.333666322491
    8      2.354800783340     -2.333529214768      2.361750759463
    8     -0.068880377307      2.333401945546     -0.007597096666
    8      2.330979445897      4.673138870763     -0.058498650371
    8     -2.341814964206      0.076423610690      0.056023436629
    8      2.345771105906      2.339857687983      2.349985563039
    8      4.689848103431      4.752697472475      2.416546110172
    8     -0.055349088643      0.004732996201      2.369161481231
    8      4.690557431389      2.398769690417      4.743931674591
    8      7.017298535432      4.659016096644      4.698056722114
    8      2.353694856877     -0.066486723404      4.688730142848
    8     -0.001864635515      4.769211937295      2.442973382270
    8      2.367238296801      7.002230025110      2.371876669972
    8     -2.338913593023      2.209650967823      2.354143639881
    8      2.384070126184      4.654035886614      4.758796750318
    8      4.693748744013      6.972734083536      4.693360047076
    8     -0.102431298093      2.445912535684      4.678406320157
    8      4.602087775887      4.668055123194      6.902504040562
    8      6.946106249263      6.990531464514      7.079451518397
    8      2.466345756371      2.432739550630      7.026930824734
    0    0
