   3   1   1 E -1.6031086276376E+04 DE 8.2E-10( 11)
  0.859201423562E-02  0.693926863233E+01  0.696164995407E+01
  0.699468026646E+01 -0.303821235006E-01  0.699271223455E+01
  0.700523154805E+01  0.697563063531E+01 -0.351722385058E-01
    1
  0.100000000000E+01  0.000000000000E+00  0.000000000000E+00
  0.000000000000E+00  0.100000000000E+01  0.000000000000E+00
  0.000000000000E+00  0.000000000000E+00  0.100000000000E+01
  0.000000000000E+00  0.000000000000E+00  0.000000000000E+00
   54
   20     -0.010967749105     -0.024681050779     -0.028171119334
   20      2.362529807948      2.322805968822     -0.048585461076
   20     -2.334831563827     -2.328331140233     -0.013006489290
   20      2.345114775119     -0.056607845971      2.325963933958
   20      4.692598414791      2.307261586283      2.317603372992
   20     -0.005236769358     -2.320451862430      2.367003202349
   20     -2.304506179669     -0.033845961757     -2.327650450498
   20     -0.014853286806      2.345411568647     -2.344175985273
   12     -4.655719669651     -2.393173319179     -2.294183090894
   20     -0.069615244582      2.329736847634      2.328097794785
   20      2.356070224336      4.691936046941      2.341836986731
   12     -2.301625908850      0.041357606263      2.395714450319
   20      2.354293617725      2.359942591382      4.705872219063
   12      4.671348180980      4.691725850883      4.712109191260
   20     -0.056366710626     -0.031466290574      4.686011231488
   12     -2.390196717171      2.323615018021     -0.064103307304
   20     -0.054868404510      4.674635177047     -0.027682799099
   20     -4.644093612548      0.011153325490      0.024552155151
   12      0.008773969652     -2.329148798905     -2.445526405979
   20      2.372254994392     -0.020385693032     -2.326540095026
   12     -2.309449257728     -4.554446146759     -2.266913743566
   12      2.467097183057     -2.315562775766     -0.059427991309
   12      4.639788896034      0.023607807157     -0.019588171346
   20     -0.012425185123     -4.639714003703      0.006346068744
   20     -2.364426934055     -2.340340099970     -4.678868883581
   12     -0.050191231394     -0.046644691241     -4.675723441521
   20     -4.635818638060     -4.627761386417     -4.622225291766
    8      0.010936681595     -0.086188976453     -2.392336752919
    8      2.404557491082      2.395665320014     -2.334432036231
    8     -2.336024533028     -2.420488817455     -2.327783812521
    8      2.415567257299     -0.082674263302     -0.012467045796
    8      4.674201673454      2.269020633599     -0.089313274293
    8      0.045426867116     -2.322483809821     -0.031418382134
    8      4.719555400160     -0.040112814960      2.262594529401
    8      6.994356346204      2.276238015849      2.320497255967
    8      2.340284330852     -2.344320574068      2.358882731431
    8     -0.058001447924      2.323285252456     -0.033659775498
    8      2.334549045578      4.666969824968     -0.062204856691
    8     -2.318195939245      0.040082439474      0.047764182901
    8      2.340720374405      2.329723537153      2.330208770173
    8      4.675268454264      4.718885726931      2.371931651508
    8     -0.048593227296     -0.018506363808      2.357843419988
    8      4.669584893094      2.367279039508      4.712689709638
    8      6.987882844323      4.634429790058      4.666137688048
    8      2.338381917626     -0.066468356501      4.677249165490
    8     -0.033440163358      4.721272222464      2.363714279227
    8      2.360751981468      6.962044442545      2.328888736157
    8     -2.334509779512      2.204177020442      2.325385099915
    8      2.389003827725      4.640007478085      4.717815928891
    8      4.667945462326      6.931028996556      4.643838815878
    8     -0.087911845858      2.382476848405      4.674278491801
    8      4.484424980583      4.613786160816      6.801888589722
    8      6.924582681104      6.956365938916      6.987935598606
    8      2.422284654349      2.368204108890      7.001688186868
    0    0
