   3   1   1 E -1.6031034758496E+04 DE 1.5E-09(  2)
 -0.541543396544E-02  0.703028385084E+01  0.702817354350E+01
  0.702850776770E+01  0.196694217855E-02  0.702780443822E+01
  0.702536877222E+01  0.703272821114E+01 -0.650773839457E-03
    1
  0.100000000000E+01  0.000000000000E+00  0.000000000000E+00
  0.000000000000E+00  0.100000000000E+01  0.000000000000E+00
  0.000000000000E+00  0.000000000000E+00  0.100000000000E+01
  0.000000000000E+00  0.000000000000E+00  0.000000000000E+00
   54
   20      0.000000000000      0.000000000000      0.000000000000
   20      2.341789590741      2.344242737046     -0.000216924613
   20     -2.341789590741     -2.344242737046      0.000216924613
   20      2.342835922566      0.000655647393      2.342601479406
   20      4.684625513308      2.344898384439      2.342384554793
   20      0.001046331825     -2.343587089653      2.342818404019
   20     -2.342835922566     -0.000655647393     -2.342601479406
   12     -0.001046331825      2.343587089653     -2.342818404019
   12     -4.684625513308     -2.344898384439     -2.342384554793
   20     -0.001805144655      2.343427950280      2.342724514502
   20      2.339984446086      4.687670687326      2.342507589888
   20     -2.343594735396     -0.000814786766      2.342941439115
   20      2.341030777911      2.344083597673      4.685325993907
   20      4.682820368652      4.688326334719      4.685109069294
   12     -0.000758812830     -0.000159139373      4.685542918521
   12     -2.344641067221      2.342772302887      0.000123035096
   20     -0.002851476480      4.687015039933     -0.000093889517
   20     -4.686430657963     -0.001470434159      0.000339959709
   12      0.001805144655     -2.343427950280     -2.342724514502
   20      2.343594735396      0.000814786766     -2.342941439115
   12     -2.339984446086     -4.687670687326     -2.342507589888
   12      2.344641067221     -2.342772302887     -0.000123035096
   20      4.686430657963      0.001470434159     -0.000339959709
   20      0.002851476480     -4.687015039933      0.000093889517
   20     -2.341030777911     -2.344083597673     -4.685325993907
   12      0.000758812830      0.000159139373     -4.685542918521
   12     -4.682820368652     -4.688326334719     -4.685109069294
    8      0.000379406415      0.000079569687     -2.342771459260
    8      2.342168997155      2.344322306732     -2.342988383873
    8     -2.341410184326     -2.344163167360     -2.342554534647
    8      2.343215328981      0.000735217079     -0.000169979854
    8      4.685004919721      2.344977954124     -0.000386904468
    8      0.001425738240     -2.343507519967      0.000046944759
    8      4.686051251549      0.001390864472      2.342431499552
    8      7.027840842288      2.345633601517      2.342214574938
    8      2.344261660808     -2.342851872574      2.342648424166
    8     -0.001425738240      2.343507519967     -0.000046944759
    8      2.340363852501      4.687750257013     -0.000263869372
    8     -2.343215328981     -0.000735217079      0.000169979854
    8      2.341410184326      2.344163167360      2.342554534647
    8      4.683199775067      4.688405904406      2.342337610034
    8     -0.000379406415     -0.000079569687      2.342771459260
    8      4.684246106892      2.344818814752      4.685156014053
    8      7.026035697632      4.689061551798      4.684939089439
    8      2.342456516152      0.000576077706      4.685372938667
    8     -0.003230882895      4.686935470246      2.342677569742
    8      2.338558707847      7.031178207294      2.342460645130
    8     -2.345020473636      2.342692733199      2.342894494354
    8      2.339605039671      4.687591117639      4.685279049148
    8      4.681394630413      7.031833854686      4.685062124536
    8     -0.002184551070      2.343348380592      4.685495973761
    8      4.682440962237      4.688246765032      7.027880528553
    8      7.024230552977      7.032489502079      7.027663603940
    8      2.340651371496      2.344004027985      7.028097453167
    0    0
