   3   1   1 E -1.6031097886979E+04 DE-3.6E-09(  9)
  0.689641689097E-02  0.703198261010E+01  0.702302859780E+01
  0.702027705700E+01 -0.116072131250E-02  0.702423369102E+01
  0.701500255798E+01  0.702136797242E+01  0.105932452481E-01
    1
  0.100000000000E+01  0.000000000000E+00  0.000000000000E+00
  0.000000000000E+00  0.100000000000E+01  0.000000000000E+00
  0.000000000000E+00  0.000000000000E+00  0.100000000000E+01
  0.000000000000E+00  0.000000000000E+00  0.000000000000E+00
   54
   20     -0.032888923762      0.000565586814     -0.065539732977
   20      2.324222459037      2.353843399525     -0.038199331697
   20     -2.308336603850     -2.343090777751     -0.000252932750
   20      2.314303669577     -0.019034559373      2.389647436007
   20      4.701718512744      2.361044554028      2.386975149959
   20      0.020718521066     -2.345326927932      2.397273520598
   20     -2.363405719109      0.000068340534     -2.374357702180
   12      0.038227055694      2.416922949057     -2.326022345443
   12     -4.689153095459     -2.358846734876     -2.344756803364
   20     -0.037541630825      2.341243959737      2.409814616808
   20      2.366079466810      4.683126598934      2.401607658459
   12     -2.288007499739     -0.077770768644      2.412257352949
   12      2.240264805611      2.415584074289      4.706268370431
   12      4.764875326176      4.627874445658      4.650407629017
   12      0.049945349931     -0.035838859787      4.673633620948
   20     -2.353065391271      2.363828950608     -0.009758438917
   20     -0.001306196545      4.694436836918     -0.031071697450
   20     -4.685525975828      0.025567206152     -0.039252771813
   12     -0.104410575491     -2.403515619975     -2.319266502137
   20      2.335660464590     -0.030721849453     -2.349561065919
   20     -2.313952811777     -4.676042173335     -2.406611700594
   20      2.347189503901     -2.376298426662     -0.063736646384
   20      4.709820063294     -0.016640876121     -0.041561257707
   12      0.031256873510     -4.681108395463     -0.133414335389
   12     -2.356758043387     -2.300965282145     -4.564211287493
   20     -0.021145566445      0.009576530014     -4.661195301445
   20     -4.683043684172     -4.664505989925     -4.679638334711
    8     -0.003757378688     -0.011740847186     -2.348692245812
    8      2.247594614839      2.438381742744     -2.327951762199
    8     -2.324495554040     -2.343464950346     -2.393315945974
    8      2.324262510118     -0.005570336913     -0.048682388949
    8      4.766856537283      2.339265585426     -0.008829493376
    8      0.018832995379     -2.419443893692     -0.090474572811
    8      4.659332414115     -0.074421764868      2.328693592090
    8      7.024598371070      2.346199112114      2.384904098431
    8      2.456062057393     -2.332079285784      2.462666883081
    8      0.002154784691      2.345166756310     -0.057953270701
    8      2.360340124669      4.678069854461     -0.034948944190
    8     -2.349212148750     -0.005047374742     -0.001326077435
    8      2.315928074496      2.334275850130      2.400465994182
    8      4.696657007130      4.780901898144      2.454704256278
    8     -0.121100776244     -0.004510622100      2.426005843848
    8      4.704376845664      2.470894408730      4.690261116999
    8      7.055969402049      4.628602519130      4.695712951506
    8      2.193309389967     -0.046305815018      4.676595955868
    8     -0.101622275860      4.687471699078      2.423054352742
    8      2.431871947463      7.026556269438      2.361960556532
    8     -2.351138700081      2.368191117955      2.335268961360
    8      2.325111226704      4.577712827527      4.680301119686
    8      4.805646917442      6.920032452710      4.596253537268
    8      0.079844449468      2.418046432585      4.764954790319
    8      4.689324109726      4.694923300007      7.000841442710
    8      7.029961202703      7.118085768176      6.940278539343
    8      2.247343640439      2.340685480564      6.970123445678
    0    0
