   3   1   1 E -1.6031078137006E+04 DE 1.9E-09( 11)
  0.175907631982E-01  0.699083125010E+01  0.700652135997E+01
  0.699555593889E+01 -0.513131825307E-02  0.702092543982E+01
  0.698317352194E+01  0.698782813097E+01  0.126429170606E-01
    1
  0.100000000000E+01  0.000000000000E+00  0.000000000000E+00
  0.000000000000E+00  0.100000000000E+01  0.000000000000E+00
  0.000000000000E+00  0.000000000000E+00  0.100000000000E+01
  0.000000000000E+00  0.000000000000E+00  0.000000000000E+00
   54
   20      0.024221610835      0.014883183806     -0.004774794348
   20      2.336810859731      2.323553132248     -0.038107360986
   20     -2.328940171562     -2.349595926064     -0.019901610462
   20      2.363457691412     -0.021072907494      2.355244829257
   20      4.709366298241      2.314538750462      2.350520112617
   20      0.021268389780     -2.313832138953      2.371034489428
   20     -2.317531449910      0.008564892422     -2.298568086446
   20     -0.000461016209      2.379287723490     -2.287309173344
   12     -4.724642898555     -2.275722666784     -2.341596420552
   20     -0.004176941709      2.326546062661      2.319336475275
   20      2.299588849178      4.694586454187      2.336689735848
   20     -2.329579434446     -0.020597512644      2.349284246365
   20      2.345363767859      2.328770836886      4.683941720768
   12      4.652249313903      4.749300262838      4.776631567211
   12     -0.023013425614     -0.067828273863      4.710355876664
   12     -2.239827756700      2.369701448737     -0.049031955370
   12     -0.069156676934      4.656163238972     -0.085443111073
   20     -4.745936209145     -0.000732902045     -0.040048357207
   20      0.013450063153     -2.313218997961     -2.344925197702
   12      2.349589782247     -0.067546845793     -2.325778850629
   20     -2.335295820705     -4.726745728722     -2.312990499139
   20      2.387459875073     -2.324909330753     -0.039909581111
   12      4.545010921044     -0.037159764828      0.001726560005
   12     -0.097449043504     -4.713816251757     -0.024029546722
   20     -2.287726734957     -2.321377757789     -4.719607638412
   12     -0.011095863329      0.026815423306     -4.643620464560
   20     -4.685713211039     -4.674220058295     -4.679122550696
    8      0.058839385375      0.021596548478     -2.313472460661
    8      2.319631760560      2.320181161481     -2.316902267234
    8     -2.353894239438     -2.338599462283     -2.307170020013
    8      2.416514103053     -0.012818089553     -0.036260878102
    8      4.727460325845      2.249436206578      0.001505273331
    8      0.022844847946     -2.361437036141     -0.010958614508
    8      4.764993424989     -0.007553506783      2.328766889351
    8      6.978750094630      2.287439314365      2.328282426388
    8      2.359863518641     -2.330416561716      2.362721492327
    8     -0.054835636475      2.395517891722     -0.002653140801
    8      2.245114779081      4.670658372754     -0.034874900525
    8     -2.338829781971      0.031956826917     -0.005782574566
    8      2.341888627794      2.325382880957      2.346492275418
    8      4.659738228724      4.669982742636      2.355121636791
    8      0.011449570014     -0.013377203910      2.345335080270
    8      4.675127825138      2.402958243045      4.728969467280
    8      7.038801929108      4.819432393406      4.764968485272
    8      2.267307573817     -0.060212482342      4.694773369075
    8      0.002619327537      4.719445078380      2.294462291807
    8      2.262207094333      6.991261743195      2.359529080487
    8     -2.309169888560      2.313417075844      2.317630291848
    8      2.402044294609      4.724914386560      4.672029555029
    8      4.635915019555      6.866379715992      4.753355280523
    8      0.027744880632      2.260284086313      4.718051394714
    8      4.854518333454      4.659124900415      6.858914813765
    8      6.775274642358      6.988973255658      6.994594332234
    8      2.344230199263      2.322613454453      6.982974731637
    0    0
