   3   1   1 E -1.6031031323818E+04 DE 1.6E-09(  2)
  0.520344200812E-02  0.702296579469E+01  0.703390586234E+01
  0.703604181671E+01 -0.871740672658E-03  0.703306689138E+01
  0.704117464201E+01  0.702039825005E+01  0.788671931281E-03
    1
  0.100000000000E+01  0.000000000000E+00  0.000000000000E+00
  0.000000000000E+00  0.100000000000E+01  0.000000000000E+00
  0.000000000000E+00  0.000000000000E+00  0.100000000000E+01
  0.000000000000E+00  0.000000000000E+00  0.000000000000E+00
   54
   20      0.000000000000      0.000000000000      0.000000000000
   20      2.347058214002      2.340132750018      0.000262890644
   20     -2.347058214002     -2.340132750018     -0.000262890644
   20      2.345347272235     -0.000290580224      2.344355630460
   20      4.692405486237      2.339842169794      2.344618521103
   20     -0.001710941767     -2.340423330243      2.344092739816
   20     -2.345347272235      0.000290580224     -2.344355630460
   20      0.001710941767      2.340423330243     -2.344092739816
   12     -4.692405486237     -2.339842169794     -2.344618521103
   20      0.001734480669      2.340988598230      2.344635287448
   20      2.348792694672      4.681121348248      2.344898178091
   20     -2.345323733333      0.000855848211      2.344372396804
   20      2.347081752904      2.340698018005      4.688990917907
   12      4.694139966907      4.680830768024      4.689253808551
   20      0.000023538902      0.000565267987      4.688728027264
   20     -2.343612791566      2.341279178454      0.000279656988
   12      0.003445422437      4.681411928472      0.000542547632
   12     -4.690671005568      0.001146428436      0.000016766344
   12     -0.001734480669     -2.340988598230     -2.344635287448
   20      2.345323733333     -0.000855848211     -2.344372396804
   20     -2.348792694672     -4.681121348248     -2.344898178091
   12      2.343612791566     -2.341279178454     -0.000279656988
   12      4.690671005568     -0.001146428436     -0.000016766344
   20     -0.003445422437     -4.681411928472     -0.000542547632
   12     -2.347081752904     -2.340698018005     -4.688990917907
   12     -0.000023538902     -0.000565267987     -4.688728027264
   20     -4.694139966907     -4.680830768024     -4.689253808551
    8     -0.000011769451     -0.000282633994     -2.344364013632
    8      2.347046444550      2.339850116024     -2.344101122988
    8     -2.347069983453     -2.340415384012     -2.344626904276
    8      2.345335502784     -0.000573214218     -0.000008383172
    8      4.692393716786      2.339559535800      0.000254507472
    8     -0.001722711218     -2.340705964236     -0.000271273816
    8      4.690682775021     -0.000863794442      2.344347247290
    8      7.037740989025      2.339268955576      2.344610137935
    8      2.343624561018     -2.340996544460      2.344084356645
    8      0.001722711218      2.340705964236      0.000271273816
    8      2.348780925220      4.680838714254      0.000534164460
    8     -2.345335502784      0.000573214218      0.000008383172
    8      2.347069983453      2.340415384012      2.344626904276
    8      4.694128197456      4.680548134030      2.344889794919
    8      0.000011769451      0.000282633994      2.344364013632
    8      4.692417255690      2.340124803788      4.688982534737
    8      7.039475469695      4.680257553807      4.689245425382
    8      2.345359041687     -0.000007946231      4.688719644092
    8      0.003457191888      4.681694562465      2.344906561263
    8      2.350515405890      7.021827312482      2.345169451905
    8     -2.343601022115      2.341561812447      2.344643670620
    8      2.348804464123      4.681403982241      4.689262191722
    8      4.695862678126      7.021536732258      4.689525082364
    8      0.001746250120      2.341271232223      4.688999301079
    8      4.694151736359      4.681113402015      7.033617822182
    8      7.041209950364      7.021246152034      7.033880712826
    8      2.347093522356      2.340980651999      7.033354931538
    0    0
