   3   1   1 E -1.6031056257735E+04 DE 5.4E-08(  8)
  0.245623002597E-01  0.699554308327E+01  0.699490071249E+01
  0.702227972926E+01 -0.846903766722E-02  0.701937730240E+01
  0.702205198560E+01  0.701474720502E+01 -0.260307737788E-02
    1
  0.100000000000E+01  0.000000000000E+00  0.000000000000E+00
  0.000000000000E+00  0.100000000000E+01  0.000000000000E+00
  0.000000000000E+00  0.000000000000E+00  0.100000000000E+01
  0.000000000000E+00  0.000000000000E+00  0.000000000000E+00
   54
   20      0.001251359837     -0.005395283136     -0.007524795656
   20      2.346570751044      2.337740368546     -0.016548768566
   20     -2.332237224404     -2.356721605972     -0.020677373968
   20      2.345004851518     -0.008759302887      2.339460685006
   20      4.688107261746      2.331318358069      2.329282326966
   20      0.008915701357     -2.350264068572      2.342621995717
   20     -2.339846519169     -0.011837796422     -2.355004196069
   20      0.002582132379      2.347416648815     -2.342819552248
   12     -4.682781906385     -2.363680589275     -2.349954777918
   20     -0.009096715578      2.344831114784      2.340451258483
   20      2.341002141039      4.667745247700      2.326413218287
   20     -2.341027760349     -0.004783793419      2.340176673199
   20      2.338225233821      2.340344106483      4.675672429980
   12      4.699968657471      4.687438330294      4.691028737238
   20     -0.008419051817     -0.009185351781      4.690371362577
   20     -2.335008710385      2.347513663865     -0.004042612566
   12     -0.011305162501      4.694574571576     -0.004528895752
   20     -4.681847903541     -0.006622213225     -0.009923082587
   12     -0.081046441311     -2.318669054002     -2.305386904443
   20      2.341487049246      0.006181474622     -2.335904681199
   12     -2.366218709697     -4.644434616360     -2.310085447850
   20      2.345950495306     -2.334035631826      0.012479220331
   12      4.747929405939      0.019082948406     -0.008634081181
   12      0.013856875430     -4.694289919922     -0.010553763463
   12     -2.390401608709     -2.309109112332     -4.627872645384
   20     -0.013613762263      0.002960650808     -4.682449325459
   12     -4.634160226849     -4.669238930699     -4.631974073674
    8     -0.001082588012     -0.005618097677     -2.345718054463
    8      2.351479571035      2.355375340232     -2.355840151846
    8     -2.328867475748     -2.371922801211     -2.372221146782
    8      2.348795005726     -0.000603682650     -0.003018475419
    8      4.701768294499      2.316657476425     -0.027846653412
    8      0.009215926225     -2.352285579496     -0.009683248905
    8      4.680535440412     -0.013667697137      2.324688049462
    8      7.031319216197      2.332399710419      2.332592689703
    8      2.364081326470     -2.346655424448      2.362918623842
    8     -0.001603991444      2.346779260032     -0.007362329274
    8      2.333546237296      4.665908226254     -0.025861097311
    8     -2.338133351308     -0.007423263556     -0.010600282630
    8      2.341941093361      2.336578855581      2.332317079226
    8      4.686030690386      4.664694812744      2.333873741601
    8     -0.002881309741     -0.005588330114      2.342626860807
    8      4.686587688658      2.339522929072      4.675697943460
    8      7.023933508438      4.667694557419      4.688495840594
    8      2.342085681762     -0.016784326469      4.677123852736
    8     -0.009925433744      4.671686266077      2.319315935168
    8      2.349929754829      7.008746495651      2.324632373262
    8     -2.354397786510      2.349514785723      2.353966893513
    8      2.352063962506      4.667185224269      4.667367631697
    8      4.683635381665      7.007818009393      4.683128262536
    8     -0.022409479243      2.347055323550      4.696987798784
    8      4.731828413648      4.678012262676      7.005780113892
    8      7.012692303946      6.997728453877      7.010412226406
    8      2.344014773533      2.335266627040      7.014689812357
    0    0
