   3   1   1 E -1.6031103402644E+04 DE-8.9E-08(  6)
 -0.818167663385E-03  0.698858175639E+01  0.703365970643E+01
  0.700438394489E+01  0.588088978810E-02  0.703377141828E+01
  0.701202023404E+01  0.700311926731E+01 -0.841078142283E-02
    1
  0.100000000000E+01  0.000000000000E+00  0.000000000000E+00
  0.000000000000E+00  0.100000000000E+01  0.000000000000E+00
  0.000000000000E+00  0.000000000000E+00  0.100000000000E+01
  0.000000000000E+00  0.000000000000E+00  0.000000000000E+00
   54
   20      0.002184473437      0.022270704392     -0.028374490537
   20      2.328404517997      2.349173832012     -0.047961487102
   20     -2.382148445593     -2.354462684232     -0.019771767282
   20      2.325694499339     -0.039174926711      2.350878975413
   20      4.691478727934      2.338331496002      2.346208986774
   20      0.032668144658     -2.344470381227      2.373041322745
   20     -2.319639706354      0.015059905439     -2.307265627600
   12     -0.001413278351      2.220671147062     -2.370500356819
   12     -4.705636896306     -2.384312534737     -2.356621914964
   20     -0.031629732497      2.343649588661      2.387598542570
   12      2.297549383983      4.736399140636      2.383555854772
   20     -2.365102841327      0.022914421635      2.364391187571
   20      2.342130969548      2.374491581235      4.708977740084
   20      4.670309667600      4.690659114374      4.684799380633
   12      0.045752626125     -0.009972739949      4.655255066419
   12     -2.321571717612      2.396596964093     -0.051582840544
   20      0.017653168082      4.670123246182     -0.031178771720
   20     -4.697489390594     -0.010795965062      0.018892449912
   20      0.019393406724     -2.306256049308     -2.373837015336
   12      2.289726484352     -0.020475538534     -2.364650865274
   12     -2.370438262501     -4.692521151472     -2.288673694745
   12      2.386299902573     -2.335014844492     -0.047453772574
   20      4.681307201287     -0.014269869235     -0.020576810423
   20     -0.002878801496     -4.686186666526     -0.026577207563
   20     -2.354796783786     -2.368159434027     -4.688656833035
   12      0.063936576323     -0.002981959852     -4.603600636375
   20     -4.663238061875     -4.673021190646     -4.646900156678
    8      0.084585088407      0.102840826370     -2.408124162672
    8      2.327247142484      2.327780828957     -2.338056963835
    8     -2.448201019425     -2.417539269004     -2.352688224607
    8      2.331524217857     -0.117121396418     -0.096804100027
    8      4.670192995212      2.329976340369     -0.094121686757
    8      0.089767666472     -2.338044726578     -0.036508447004
    8      4.760469175106     -0.004203523912      2.336638964256
    8      7.015119288312      2.236992015362      2.432115699825
    8      2.333388953711     -2.330652112376      2.368865524999
    8     -0.094212607964      2.343944037302     -0.019334435946
    8      2.338711527002      4.673097268482     -0.020470392763
    8     -2.350597682730      0.085551505332      0.007664214415
    8      2.334196949605      2.413641410743      2.358274877516
    8      4.594501191530      4.670087884371      2.358591520546
    8      0.000401500527     -0.000299799429      2.415499928061
    8      4.771721345720      2.346179138463      4.776160139844
    8      7.123626238901      4.656741688221      4.666954404049
    8      2.243604151614     -0.060825602185      4.678952727411
    8      0.102474275412      4.781914819161      2.342985356920
    8      2.243946433372      6.884209680406      2.441350010576
    8     -2.333149863779      2.320749116173      2.351969270866
    8      2.330103157144      4.771112411609      4.669632397064
    8      4.678994618706      7.118021119206      4.684458894004
    8     -0.075795621067      2.231513087135      4.697058592120
    8      4.569413088383      4.557480543374      7.018204531930
    8      7.012930303038      7.011803696427      6.998818021136
    8      2.436668705478      2.455902417399      7.028089624533
    0    0
