   3   1   1 E -1.6031098971658E+04 DE-6.5E-10( 11)
  0.565561312617E-02  0.700918581949E+01  0.700415561051E+01
  0.700980988595E+01  0.133128429255E-02  0.700084531620E+01
  0.701980774326E+01  0.700997647754E+01 -0.264737151064E-02
    1
  0.100000000000E+01  0.000000000000E+00  0.000000000000E+00
  0.000000000000E+00  0.100000000000E+01  0.000000000000E+00
  0.000000000000E+00  0.000000000000E+00  0.100000000000E+01
  0.000000000000E+00  0.000000000000E+00  0.000000000000E+00
   54
   20     -0.006557843601      0.002508758227     -0.034828952983
   20      2.362060282293      2.331909228195     -0.057749617236
   20     -2.350382241935     -2.340518080581     -0.065571882568
   20      2.343086835651     -0.022619804005      2.348133593363
   20      4.676618787952      2.317899679059      2.302645695293
   20      0.028477981686     -2.320988313298      2.364955980444
   20     -2.353277595647     -0.051737984403     -2.343352708459
   20      0.025366319077      2.337812272565     -2.325669279650
   12     -4.695247632555     -2.272260778690     -2.337356240784
   20     -0.070858498743      2.361818351393      2.406400042069
   20      2.319995164343      4.709365151050      2.347072726849
   20     -2.353482317493      0.052230744144      2.373115810142
   20      2.297492383481      2.318333538450      4.713292565062
   20      4.681043630769      4.720761698492      4.714115809408
   12      0.047306973674     -0.058665113737      4.765723256607
   12     -2.362908777389      2.369044246959      0.002531124771
   20     -0.013221286920      4.702719063149      0.007542289514
   12     -4.651342955314      0.000326712887     -0.063169510149
   12      0.019398713542     -2.291672232564     -2.400764346903
   12      2.348898992070     -0.017839064248     -2.306854592463
   12     -2.372117382827     -4.687800583152     -2.321000157377
   20      2.378486655624     -2.332735133600     -0.021815418265
   12      4.654631341577      0.009175033582     -0.060069361936
   20     -0.020235083137     -4.706356259167     -0.073921440791
   12     -2.297030383684     -2.411928748689     -4.665117189365
   20     -0.008733389233     -0.030774709889     -4.684587033297
   20     -4.626175845481     -4.684117390130     -4.648912917099
    8      0.069799640382     -0.091866144426     -2.333240965502
    8      2.424531716928      2.304069548097     -2.328160960438
    8     -2.332706347183     -2.427726992073     -2.426017406870
    8      2.404881774777      0.004550266242     -0.062246676879
    8      4.669166684031      2.270812565504     -0.084355553082
    8      0.011276483417     -2.334850653065     -0.058351514663
    8      4.667205511724     -0.072945518815      2.271078535021
    8      7.015835151894      2.334917328416      2.325817766191
    8      2.443703277054     -2.335811617868      2.438333420701
    8     -0.091640581193      2.336405665184     -0.000458998211
    8      2.340931427090      4.771928418778     -0.077777639281
    8     -2.427614082976      0.076419182683     -0.013753366410
    8      2.332809856543      2.340163124556      2.347215322783
    8      4.682412202046      4.684029172231      2.334790961068
    8     -0.005399086839      0.001665021982      2.383126416784
    8      4.677571106042      2.333888535946      4.731095752630
    8      7.096359497974      4.761974746133      4.665708148662
    8      2.258764167087     -0.094172470161      4.762740756801
    8     -0.062462055027      4.670054585401      2.417747844242
    8      2.344094875320      7.005805747579      2.340958671005
    8     -2.344292472813      2.436321061527      2.337803172444
    8      2.290205024491      4.764803881089      4.653118542354
    8      4.664495157746      7.078663821869      4.775350993811
    8     -0.095049133502      2.342843622505      4.669920558407
    8      4.669213165803      4.677391418187      7.090239967254
    8      6.998718420158      7.017467393910      6.908000586721
    8      2.454625381738      2.231529122593      7.007118418672
    0    0
