   3   1   1 E -1.6031093535856E+04 DE 1.9E-09(  9)
  0.101575960572E-01  0.701718709956E+01  0.702922886232E+01
  0.702048723191E+01 -0.464174579921E-02  0.703674583596E+01
  0.701466162808E+01  0.701325164999E+01  0.705552326504E-02
    1
  0.100000000000E+01  0.000000000000E+00  0.000000000000E+00
  0.000000000000E+00  0.100000000000E+01  0.000000000000E+00
  0.000000000000E+00  0.000000000000E+00  0.100000000000E+01
  0.000000000000E+00  0.000000000000E+00  0.000000000000E+00
   54
   20      0.026669036848     -0.025910023276     -0.028218661251
   20      2.353642021763      2.336945575054     -0.080639164757
   20     -2.344045397912     -2.343834899536     -0.023804241134
   20      2.330891526922     -0.025047292659      2.388022845655
   20      4.681473448981      2.359682280296      2.387594889665
   20      0.048443584843     -2.336754702601      2.388213632561
   20     -2.398368656085      0.007033489586     -2.322029988343
   20      0.043922223703      2.382917937685     -2.351912041624
   12     -4.705052777536     -2.344049916305     -2.321960568157
   20      0.001591893383      2.305724716875      2.401149233009
   20      2.354126589177      4.709179236145      2.381574570451
   20     -2.373500486145      0.014633376289      2.412066145318
   12      2.381132129348      2.289065651312      4.750935490060
   12      4.561773947880      4.687655539009      4.748473801902
   12      0.079413486380     -0.020575700349      4.720562147314
   20     -2.405744016308      2.353770459265      0.004536520507
   20      0.011902117714      4.719255626200     -0.016694224520
   12     -4.764739979998      0.025016263868     -0.094173825845
   20      0.039702879801     -2.379948853848     -2.348652536660
   12      2.359065807121      0.023982986596     -2.350674751465
   12     -2.478409719572     -4.684628125913     -2.392625027169
   12      2.345383632678     -2.307924678344     -0.151657457589
   20      4.687016085572     -0.017715901268     -0.080437106223
   20      0.073657486598     -4.701682077192     -0.039454563158
   20     -2.404096068015     -2.379550809327     -4.681634167547
   20      0.052787697540      0.028736532023     -4.686709389576
   12     -4.682615881632     -4.648008023125     -4.630385764244
    8      0.082574007259      0.001054269811     -2.349910981411
    8      2.420668945995      2.328659428656     -2.407047315892
    8     -2.444786220634     -2.425947010652     -2.345264890849
    8      2.343317910433     -0.079211646216     -0.094466534726
    8      4.680172669451      2.334297601532     -0.086463503289
    8      0.118836126776     -2.344024615984     -0.033211629448
    8      4.679967981304      0.002527297862      2.371635243325
    8      7.114735257916      2.343485397763      2.367248477195
    8      2.340140509800     -2.423436070959      2.391438037865
    8     -0.001176728658      2.340001953206     -0.022642307426
    8      2.347176222480      4.759727886912     -0.066965111820
    8     -2.436816741948     -0.003810713767     -0.010197405817
    8      2.347237582729      2.337507899627      2.384842019050
    8      4.681141960847      4.672496626246      2.403539634680
    8      0.008579913556     -0.002355219649      2.394531381847
    8      4.575535892537      2.432814160842      4.695500489505
    8      7.102301054566      4.792580997078      4.719154741119
    8      2.269781964906      0.003278826243      4.781518398785
    8      0.000974569318      4.670366489748      2.345954979159
    8      2.342721394820      7.118355613510      2.395487998559
    8     -2.416645714707      2.335233127604      2.437966555706
    8      2.425758421535      4.675667732610      4.750310984953
    8      4.588786227422      6.993087138224      4.701294885981
    8      0.095219180242      2.213971360487      4.682639541067
    8      4.563499660295      4.677617206876      6.953537327257
    8      7.142272144988      7.010349873531      6.991395387122
    8      2.355882245908      2.323822239261      6.995343797284
    0    0
