   3   1   1 E -1.6031071490359E+04 DE 2.5E-10( 11)
  0.108340007256E-01  0.701597330387E+01  0.701081835664E+01
  0.699225933895E+01 -0.290713772244E-02  0.701756041184E+01
  0.698806706716E+01  0.701337553241E+01  0.666202421210E-02
    1
  0.100000000000E+01  0.000000000000E+00  0.000000000000E+00
  0.000000000000E+00  0.100000000000E+01  0.000000000000E+00
  0.000000000000E+00  0.000000000000E+00  0.100000000000E+01
  0.000000000000E+00  0.000000000000E+00  0.000000000000E+00
   54
   20      0.058727872993     -0.023189858885     -0.046660676066
   20      2.318239807203      2.354842820553     -0.039214709124
   20     -2.331946639898     -2.336888122232     -0.031209242297
   20      2.337005224907     -0.033620878524      2.393972276160
   20      4.640818627502      2.352928338317      2.366538226226
   20      0.054202765126     -2.339710075585      2.384398566747
   20     -2.325834441474     -0.025843540634     -2.357227553080
   12      0.117280616005      2.328024675858     -2.366821953880
   12     -4.708019481445     -2.336769460271     -2.387817716367
   20      0.040823618131      2.377760608057      2.391463568761
   12      2.243018473115      4.522906202416      2.373531169043
   20     -2.333222184715     -0.013506640930      2.368154357385
   12      2.237690629943      2.433397543014      4.690265858561
   20      4.614055500333      4.675289394152      4.665485335047
   12      0.125750143124      0.004380213391      4.713065657556
   20     -2.342566010993      2.374206720686     -0.024891660981
   20      0.024683398338      4.675190114338     -0.047435985684
   20     -4.673091787748     -0.014305522821     -0.045879363686
   12      0.088604861801     -2.334904191571     -2.320522857458
   12      2.232077934766     -0.088916568087     -2.266707058422
   20     -2.344979132872     -4.650971719839     -2.361674347660
   12      2.249846453941     -2.164795005829     -0.043954165102
   20      4.635736068650     -0.040958268312     -0.006143173997
   20      0.042967564103     -4.658973711353     -0.046914260377
   12     -2.451645406860     -2.333684339244     -4.652673355553
   20      0.023500257432     -0.038932160816     -4.629877819012
   20     -4.664357623177     -4.648920867729     -4.646366458714
    8      0.107997940287     -0.030530089991     -2.346163941877
    8      2.243307473972      2.355276591609     -2.350169258380
    8     -2.350165853991     -2.336751578440     -2.359755687377
    8      2.332372594627     -0.068758140987     -0.053366980197
    8      4.651870765280      2.347905825620     -0.022406975677
    8      0.103406732463     -2.343768692355     -0.045702609767
    8      4.656384120450     -0.062585824867      2.365581910093
    8      7.008935788728      2.343959831624      2.396634603519
    8      2.392442791400     -2.347596731489      2.406706029287
    8      0.033570709361      2.353842813644     -0.047216669665
    8      2.318422364117      4.681236431336     -0.035330374094
    8     -2.322345354401     -0.008795694012     -0.027742254417
    8      2.323246907425      2.397819496069      2.382097096570
    8      4.618813032989      4.678870127065      2.370078275046
    8      0.041913064187     -0.008769692213      2.387815909028
    8      4.638794626222      2.348222386553      4.661787510601
    8      7.063750228643      4.676886683089      4.675654281820
    8      2.253921011114     -0.022282266469      4.677522094700
    8      0.054529318141      4.680455170400      2.395417986003
    8      2.321927349390      6.950761045965      2.391235885681
    8     -2.328838447930      2.399772267850      2.354444768697
    8      2.180145427839      4.676203312889      4.665605408418
    8      4.648645722520      7.002220615823      4.672061572232
    8      0.109913504198      2.367592792459      4.671755616855
    8      4.600843525972      4.668818532346      7.020326963772
    8      7.006352448325      6.996815083608      6.969869820736
    8      2.340696931205      2.408131648249      6.956059927481
    0    0
