   3   1   1 E -1.6031031754556E+04 DE-6.3E-10(  2)
  0.679707945641E-02  0.702512683399E+01  0.702887942333E+01
  0.703422284472E+01 -0.465888716928E-02  0.703172018637E+01
  0.703629355130E+01  0.702474966231E+01 -0.897571902901E-03
    1
  0.100000000000E+01  0.000000000000E+00  0.000000000000E+00
  0.000000000000E+00  0.100000000000E+01  0.000000000000E+00
  0.000000000000E+00  0.000000000000E+00  0.100000000000E+01
  0.000000000000E+00  0.000000000000E+00  0.000000000000E+00
   54
   20      0.000000000000      0.000000000000      0.000000000000
   20      2.345431183767      2.341583220769     -0.000299190634
   20     -2.345431183767     -2.341583220769      0.000299190634
   20      2.344740948241     -0.001552962390      2.343906728789
   20      4.690172132008      2.340030258379      2.343607538155
   20     -0.000690235527     -2.343136183159      2.344205919424
   20     -2.344740948241      0.001552962390     -2.343906728789
   20      0.000690235527      2.343136183159     -2.344205919424
   12     -4.690172132008     -2.340030258379     -2.343607538155
   20      0.002265693152      2.341708944664      2.342959807775
   20      2.347696876920      4.683292165433      2.342660617141
   20     -2.343165490615      0.000125723894      2.343258998410
   20      2.347006641393      2.340155982274      4.686866536565
   12      4.692437825160      4.681739203043      4.686567345930
   20      0.001575457626     -0.001427238495      4.687165727199
   20     -2.342475255089      2.343261907053     -0.000946921014
   12      0.002955928679      4.684845127823     -0.001246111648
   20     -4.687906438856      0.001678686284     -0.000647730380
   12     -0.002265693152     -2.341708944664     -2.342959807775
   12      2.343165490615     -0.000125723894     -2.343258998410
   20     -2.347696876920     -4.683292165433     -2.342660617141
   20      2.342475255089     -2.343261907053      0.000946921014
   12      4.687906438856     -0.001678686284      0.000647730380
   12     -0.002955928679     -4.684845127823      0.001246111648
   12     -2.347006641393     -2.340155982274     -4.686866536565
   12     -0.001575457626      0.001427238495     -4.687165727199
   20     -4.692437825160     -4.681739203043     -4.686567345930
    8     -0.000787728813      0.000713619248     -2.343582863599
    8      2.344643454955      2.342296840017     -2.343882054234
    8     -2.346218912580     -2.340869601522     -2.343283672965
    8      2.343953219428     -0.000839343142      0.000323865190
    8      4.689384403196      2.340743877628      0.000024674556
    8     -0.001477964339     -2.342422563911      0.000623055824
    8      4.688694167668     -0.002392305532      2.344230593978
    8      7.034125351434      2.339190915237      2.343931403343
    8      2.343262983901     -2.343975526301      2.344529784613
    8      0.001477964339      2.342422563911     -0.000623055824
    8      2.346909148106      4.684005784680     -0.000922246459
    8     -2.343953219428      0.000839343142     -0.000323865190
    8      2.346218912580      2.340869601522      2.343283672965
    8      4.691650096347      4.682452822290      2.342984482331
    8      0.000787728813     -0.000713619248      2.343582863599
    8      4.690959860821      2.339316639132      4.687190401755
    8      7.036391044586      4.680899859899      4.686891211119
    8      2.345528677055     -0.002266581637      4.687489592390
    8      0.003743657491      4.684131508576      2.342336751952
    8      2.349174841258      7.025714729345      2.342037561319
    8     -2.341687526276      2.342548287806      2.342635942585
    8      2.348484605732      4.682578546187      4.686243480742
    8      4.693915789498      7.024161766955      4.685944290109
    8      0.003053421965      2.340995325417      4.686542671376
    8      4.693225553974      4.681025583797      7.030150209533
    8      7.038656737738      7.022608804565      7.029851018899
    8      2.347794370207      2.339442363028      7.030449400167
    0    0
