   3   1   1 E -1.6031051308570E+04 DE 4.2E-10( 11)
  0.133896346886E-01  0.699942827760E+01  0.702465705552E+01
  0.701838227363E+01  0.372975172274E-02  0.702795544111E+01
  0.703022196417E+01  0.700837227535E+01 -0.190307438982E-02
    1
  0.100000000000E+01  0.000000000000E+00  0.000000000000E+00
  0.000000000000E+00  0.100000000000E+01  0.000000000000E+00
  0.000000000000E+00  0.000000000000E+00  0.100000000000E+01
  0.000000000000E+00  0.000000000000E+00  0.000000000000E+00
   54
   20      0.003826624635     -0.000856757751     -0.010888145346
   20      2.338344653495      2.340712202583     -0.002413261384
   20     -2.336999025157     -2.345409345521     -0.008420517004
   20      2.331817127255      0.003751897966      2.353415231210
   20      4.679151760797      2.340532405839      2.346211366937
   20      0.004622028321     -2.342803681382      2.343815035211
   20     -2.340419752414     -0.002076798712     -2.343213826820
   12      0.008220591963      2.345489238130     -2.335835539385
   12     -4.697457981063     -2.335311794969     -2.339880022036
   12      0.017351980969      2.363241843094      2.376488636258
   12      2.278528388017      4.678258742497      2.361621485234
   20     -2.340403813005      0.000735991699      2.344083803833
   12      2.293386557730      2.376866602754      4.686613725694
   20      4.678381641496      4.661235451613      4.682792833312
   20     -0.002080407792      0.014004327147      4.687558638510
   20     -2.337706262714      2.336363044562     -0.003903911622
   20      0.015802866311      4.660275584148     -0.002033864203
   20     -4.684065180457      0.001139614107     -0.005083677024
   12      0.028390909849     -2.377164558277     -2.334749319404
   20      2.331922007712     -0.003219551468     -2.344239595112
   12     -2.199165948730     -4.683258304663     -2.338693902293
   12      2.311443435261     -2.358065996795     -0.006510055920
   20      4.674604262053      0.003730258281     -0.002097054240
   12      0.009067754329     -4.678800481887     -0.072910630258
   20     -2.338428943090     -2.345307585557     -4.674223101936
   20      0.004029326344     -0.002009129821     -4.680468058689
   20     -4.692225930009     -4.664287308011     -4.681753393105
    8      0.005035821045     -0.004415167127     -2.344913107043
    8      2.337562365382      2.345836868883     -2.343037691421
    8     -2.332147696020     -2.352535474467     -2.340682965272
    8      2.332661017345     -0.004744911202     -0.004496373091
    8      4.690171690426      2.335553700562     -0.007046294792
    8      0.023181232109     -2.348002046644     -0.018764203091
    8      4.677155142306      0.001827505213      2.349981272990
    8      7.023825622146      2.340207104275      2.343786038575
    8      2.333217107677     -2.337275064206      2.349421768137
    8      0.007807789561      2.335258638444     -0.003108171405
    8      2.347287615555      4.667654522256     -0.004718891348
    8     -2.338762321294     -0.000909832637     -0.006157488235
    8      2.317146155115      2.346906402205      2.357464870725
    8      4.680022472563      4.667021679894      2.339331109699
    8      0.000185400203      0.009235981149      2.346718689156
    8      4.679928966543      2.338436400230      4.685408278277
    8      7.036530598265      4.662153622107      4.683636092528
    8      2.330639262923      0.011165426157      4.687033580535
    8      0.031375202855      4.644255884385      2.354873020901
    8      2.349789920411      6.997254505624      2.339220307663
    8     -2.326717322667      2.330199337820      2.347232144874
    8      2.320770403201      4.639873517677      4.679299232735
    8      4.684892395671      7.011020533383      4.683640873339
    8     -0.007855282852      2.394603566524      4.689946536595
    8      4.680771372116      4.663722287604      7.027476209618
    8      7.029616806936      7.014914236354      7.027040306301
    8      2.324942016537      2.354901236945      7.014324372750
    0    0
