   3   1   1 E -1.6031035878230E+04 DE 1.5E-11(  2)
  0.593462640096E-02  0.702046406945E+01  0.702525019766E+01
  0.703314425416E+01 -0.779228132278E-02  0.703055629378E+01
  0.703626665056E+01  0.702332233404E+01 -0.457050723469E-02
    1
  0.100000000000E+01  0.000000000000E+00  0.000000000000E+00
  0.000000000000E+00  0.100000000000E+01  0.000000000000E+00
  0.000000000000E+00  0.000000000000E+00  0.100000000000E+01
  0.000000000000E+00  0.000000000000E+00  0.000000000000E+00
   54
   20      0.000000000000      0.000000000000      0.000000000000
   20      2.345422216854      2.341107444680     -0.001523502412
   20     -2.345422216854     -2.341107444680      0.001523502412
   20      2.344381418055     -0.002597427108      2.343518764592
   20      4.689803634908      2.338510017572      2.341995262181
   20     -0.001040798799     -2.343704871787      2.345042267004
   20     -2.344381418055      0.002597427108     -2.343518764592
   20      0.001040798799      2.343704871787     -2.345042267004
   12     -4.689803634908     -2.338510017572     -2.341995262181
   20      0.001978208800      2.340154689818      2.341750065887
   20      2.347400425654      4.681262134498      2.340226563476
   12     -2.343444008053     -0.000952754862      2.343273568299
   20      2.346359626855      2.337557262710      4.685268830479
   12      4.691781843709      4.678664707390      4.683745328068
   20      0.000937410001     -0.003550181970      4.686792332891
   12     -2.342403209255      2.342752116925     -0.001768698705
   20      0.003019007599      4.683859561605     -0.003292201116
   20     -4.687825426108      0.001644672245     -0.000245196293
   12     -0.001978208800     -2.340154689818     -2.341750065887
   20      2.343444008053      0.000952754862     -2.343273568299
   20     -2.347400425654     -4.681262134498     -2.340226563476
   12      2.342403209255     -2.342752116925      0.001768698705
   20      4.687825426108     -0.001644672245      0.000245196293
   12     -0.003019007599     -4.683859561605      0.003292201116
   12     -2.346359626855     -2.337557262710     -4.685268830479
   12     -0.000937410001      0.003550181970     -4.686792332891
   20     -4.691781843709     -4.678664707390     -4.683745328068
    8     -0.000468705001      0.001775090985     -2.343396166446
    8      2.344953511853      2.342882535665     -2.344919668857
    8     -2.345890921854     -2.339332353695     -2.341872664034
    8      2.343912713054     -0.000822336123      0.000122598147
    8      4.689334929907      2.340285108556     -0.001400904265
    8     -0.001509503800     -2.341929780803      0.001646100558
    8      4.688294131109     -0.003419763230      2.343641362739
    8      7.033716347960      2.337687681447      2.342117860326
    8      2.342871914255     -2.344527207910      2.345164865150
    8      0.001509503800      2.341929780803     -0.001646100558
    8      2.346931720654      4.683037225483     -0.003169602970
    8     -2.343912713054      0.000822336123     -0.000122598147
    8      2.345890921854      2.339332353695      2.341872664034
    8      4.691313138707      4.680439798374      2.340349161622
    8      0.000468705001     -0.001775090985      2.343396166446
    8      4.690272339909      2.336734926587      4.685391428626
    8      7.035694556760      4.677842371265      4.683867926214
    8      2.344850123056     -0.004372518092      4.686914931038
    8      0.003487712600      4.682084470618      2.340103965327
    8      2.348909929454      7.023191915299      2.338580462916
    8     -2.341934504254      2.340977025938      2.341627467739
    8      2.347869130655      4.679487043513      4.683622729921
    8      4.693291347507      7.020594488191      4.682099227509
    8      0.002446913801      2.338379598832      4.685146232332
    8      4.692250548710      4.676889616406      7.027141494514
    8      7.037672765560      7.017997061084      7.025617992103
    8      2.346828331856      2.335782171726      7.028664996926
    0    0
