   3   1   1 E -1.6031047572757E+04 DE 7.1E-10( 11)
  0.136015038137E-01  0.699013851695E+01  0.697959720187E+01
  0.702915999590E+01 -0.111600722513E-01  0.699748777166E+01
  0.703374138781E+01  0.700631864901E+01 -0.927566936336E-02
    1
  0.100000000000E+01  0.000000000000E+00  0.000000000000E+00
  0.000000000000E+00  0.100000000000E+01  0.000000000000E+00
  0.000000000000E+00  0.000000000000E+00  0.100000000000E+01
  0.000000000000E+00  0.000000000000E+00  0.000000000000E+00
   54
   20      0.007054626665     -0.005975244737     -0.008735793466
   20      2.344895392904      2.336247152336     -0.003732210508
   20     -2.346476535631     -2.331785903572      0.006096189625
   20      2.341715472337     -0.009440714073      2.337434852118
   20      4.684673127003      2.332503829411      2.340026917778
   20     -0.002999765641     -2.336454882270      2.339024358605
   20     -2.343241060936     -0.002853456515     -2.334438336925
   20      0.009070832163      2.342553445106     -2.341915928649
   12     -4.686252919103     -2.347626650870     -2.322822890629
   20      0.004570136876      2.334001188350      2.331985168846
   20      2.343105926907      4.680487779407      2.350992317908
   12     -2.351830225207      0.019407092243      2.366446024152
   12      2.350464891171      2.345673802652      4.679067454714
   12      4.628228480484      4.679638249189      4.657648840786
   20     -0.000338464088     -0.015466262570      4.665186207511
   20     -2.340214775283      2.336658279087     -0.012379577066
   12      0.006709009845      4.689759643579     -0.014223662763
   20     -4.688029512512     -0.002645748140      0.000691220292
   12      0.114762503517     -2.343022034776     -2.378641844933
   12      2.346782014051     -0.016487609036     -2.370767627444
   20     -2.350696844469     -4.668484337552     -2.329274765898
   12      2.345987425500     -2.360449888743     -0.034797511888
   20      4.678596935000     -0.009251598442     -0.006571385455
   20     -0.006443364900     -4.670259941532      0.006018858912
   20     -2.348760998909     -2.326709829983     -4.662453644316
   12      0.008620178704     -0.011936990250     -4.659236871531
   20     -4.693207352882     -4.659919782977     -4.654751570450
    8      0.022198753089     -0.000962199108     -2.349953549056
    8      2.345466071378      2.341081002721     -2.340865799815
    8     -2.348001497800     -2.331876358974     -2.331594229232
    8      2.340345671789     -0.011689243029     -0.017940937746
    8      4.683502257876      2.335098254691     -0.001966491449
    8     -0.000813956097     -2.337694652731     -0.006136053036
    8      4.682096550055     -0.008923885501      2.332475635341
    8      7.030558998528      2.330042686138      2.332752395700
    8      2.336112443474     -2.339112468958      2.331907361801
    8      0.007316416261      2.339912509623     -0.009380932607
    8      2.338251914104      4.672862620002     -0.004329971498
    8     -2.342358615924     -0.001076614794     -0.003392621823
    8      2.341322619546      2.333599937875      2.344499498925
    8      4.687627261959      4.680409808872      2.347469697942
    8      0.000008376682     -0.007693595022      2.335717037219
    8      4.679808758248      2.330304628717      4.661915312274
    8      7.033756511434      4.664810670789      4.667308900979
    8      2.341956077645     -0.012247934503      4.669261628960
    8      0.001236122517      4.679142810042      2.330300199259
    8      2.343090080145      7.010996306883      2.334714790549
    8     -2.336329512976      2.326065680546      2.322121516282
    8      2.333468335491      4.692168218732      4.727528886213
    8      4.687232424382      6.980097821839      4.632194144272
    8      0.007639045160      2.328872350643      4.658897929802
    8      4.693409130767      4.652201589493      6.975535826211
    8      7.033595522160      6.983251471595      6.987028883446
    8      2.345022100426      2.326035919759      6.983198020498
    0    0
