   3   1   1 E -1.6031081437044E+04 DE-1.0E-09( 11)
  0.168582737438E-01  0.695733426152E+01  0.699550782566E+01
  0.702981859509E+01 -0.825427429895E-02  0.701531072848E+01
  0.704738757904E+01  0.698829621992E+01 -0.194857033203E-01
    1
  0.100000000000E+01  0.000000000000E+00  0.000000000000E+00
  0.000000000000E+00  0.100000000000E+01  0.000000000000E+00
  0.000000000000E+00  0.000000000000E+00  0.100000000000E+01
  0.000000000000E+00  0.000000000000E+00  0.000000000000E+00
   54
   20     -0.017277418263      0.021345193235     -0.070670774302
   20      2.385961265341      2.361708076866     -0.046660469495
   20     -2.346911457385     -2.393828843900     -0.061340375796
   20      2.369912219054      0.008387019921      2.390824008668
   20      4.708844014364      2.332801714206      2.357108647556
   20      0.010080914920     -2.382715075578      2.350429787884
   20     -2.352516035372      0.014408574892     -2.312382260445
   12     -0.005142901437      2.388491114373     -2.271669239245
   12     -4.724237087158     -2.471858595388     -2.361081015439
   20      0.017261804994      2.384963025826      2.401658349580
   12      2.382316603603      4.726881122220      2.377351272328
   20     -2.369051010344      0.018141124138      2.338768498390
   12      2.374398644651      2.393115551804      4.724530503761
   20      4.681307567497      4.610615337523      4.698319598652
   20     -0.020175136174      0.058854501252      4.731532005192
   12     -2.290262489005      2.321404572956     -0.117341875422
   20      0.001354253969      4.640887378071     -0.027521836772
   20     -4.700881290282      0.034607285681     -0.040755339115
   12      0.032260133234     -2.446804439270     -2.294433788861
   20      2.323789830763      0.017894063885     -2.374330662879
   12     -2.344553632231     -4.625696662218     -2.267746167567
   20      2.352158746363     -2.389805123393     -0.043959775334
   12      4.754513796271      0.092970604819     -0.044480615922
   12     -0.234076849951     -4.793505191813     -0.091363079977
   20     -2.338268273490     -2.367506944671     -4.653247982545
   20     -0.020005632160      0.030774974579     -4.673809409584
   20     -4.700446905312     -4.627513326892     -4.659280464809
    8     -0.009929817358      0.018373106743     -2.348072267789
    8      2.365209654085      2.464740535746     -2.322958056721
    8     -2.371603653703     -2.460013472826     -2.330510064329
    8      2.396534823184      0.012100871272     -0.029994671942
    8      4.809337134794      2.218007470896     -0.114540568883
    8     -0.003739926334     -2.436824697733     -0.107049690418
    8      4.670994994313      0.008419364917      2.304718636577
    8      7.033007286039      2.337873066090      2.343568796210
    8      2.342102733938     -2.370974068424      2.376911977359
    8     -0.010482612937      2.353887271435     -0.047471057121
    8      2.358883504275      4.648517556848     -0.052431036313
    8     -2.345648600821      0.056856096766     -0.025316493898
    8      2.359862193239      2.424893100085      2.429511980497
    8      4.677066250679      4.624867947593      2.349082100052
    8      0.013794125724      0.018875356008      2.375942080014
    8      4.739458387014      2.327381382758      4.786022207108
    8      7.111867310228      4.565463936196      4.681481383150
    8      2.334823529848      0.028897825787      4.698571370300
    8      0.070910400880      4.630872435430      2.394621092311
    8      2.344631847821      6.936982813425      2.306359251374
    8     -2.334450852463      2.322290542027      2.333425287012
    8      2.286739556625      4.528560619763      4.577991367782
    8      4.698166954590      7.068893018760      4.715867715844
    8     -0.034799338687      2.456314587157      4.806850500095
    8      4.697755609930      4.588323956844      6.989881771194
    8      6.944406086333      7.068834656851      6.988023986904
    8      2.348038757747      2.316760618578      6.922062693820
    0    0
