   3   1   1 E -1.6031093572599E+04 DE-3.9E-10( 11)
  0.459754376107E-02  0.701544996937E+01  0.703100216494E+01
  0.703322238052E+01 -0.163491185162E-02  0.703192555618E+01
  0.703990418042E+01  0.701657391114E+01 -0.198697266237E-02
    1
  0.100000000000E+01  0.000000000000E+00  0.000000000000E+00
  0.000000000000E+00  0.100000000000E+01  0.000000000000E+00
  0.000000000000E+00  0.000000000000E+00  0.100000000000E+01
  0.000000000000E+00  0.000000000000E+00  0.000000000000E+00
   54
   20     -0.016754034187      0.024023026897     -0.063505304070
   20      2.383892474724      2.368874384290     -0.031957712164
   20     -2.348325776254     -2.385666617576     -0.056639817634
   20      2.377239311686      0.009800289298      2.393696455113
   20      4.703016888723      2.347990915977      2.362447066499
   20      0.014633078535     -2.376264782052      2.345433077896
   20     -2.351909647972      0.012710095133     -2.323397167023
   12     -0.008206843207      2.392012869154     -2.293464109893
   12     -4.715691998395     -2.449366560390     -2.371061265570
   20      0.022178293564      2.385708914463      2.413370659323
   12      2.246375718030      4.616231329350      2.451570929965
   20     -2.369199102031      0.022564223235      2.345113633317
   12      2.309446517895      2.427357343643      4.727638560232
   20      4.672867180484      4.646481515608      4.720511164770
   20     -0.010322055688      0.059784343963      4.727975717225
   12     -2.274783777848      2.328209073939     -0.078971358707
   20     -0.000811493458      4.672874139740     -0.015591306144
   20     -4.700946826555      0.037038370418     -0.040132034025
   12      0.051480427443     -2.426938157901     -2.320693184523
   20      2.323418383810      0.007128562684     -2.376957526842
   12     -2.355290522359     -4.677385146085     -2.286527246351
   20      2.355523493969     -2.386573588698     -0.044400705997
   12      4.726382765438      0.108776921117     -0.047630723117
   12     -0.122057084072     -4.815996387521     -0.128214449163
   20     -2.326593897165     -2.375513979169     -4.671306224462
   20     -0.016862119309      0.019368116415     -4.690231097465
   20     -4.692409240214     -4.663359139714     -4.684475982688
    8     -0.006814013787      0.019354565313     -2.350892697734
    8      2.362787760612      2.459527304719     -2.331684401481
    8     -2.367418927793     -2.463554251811     -2.339811230877
    8      2.406545996549      0.013276501182     -0.019044694769
    8      4.796896409374      2.243586770193     -0.103365769908
    8     -0.000746652832     -2.429162080476     -0.103254643462
    8      4.676644138237      0.010379019675      2.299351346884
    8      7.035490875363      2.348781042378      2.350082147332
    8      2.352492095363     -2.363098163088      2.377738056286
    8     -0.014530470247      2.358625479761     -0.035769740186
    8      2.351329261168      4.679921366843     -0.038375443644
    8     -2.344654098106      0.065411826977     -0.018448594358
    8      2.357903489031      2.435708667007      2.438629528201
    8      4.662720943033      4.661956684472      2.368633680657
    8      0.018376656565      0.018793099035      2.379425175060
    8      4.742334349850      2.341881309783      4.803968748824
    8      7.113811754523      4.592129051702      4.695166746918
    8      2.340236153315      0.033733960885      4.698244726480
    8      0.076507585763      4.677418299207      2.414101821043
    8      2.334134906920      6.966810567650      2.329979259164
    8     -2.337111759369      2.331997562677      2.346830816789
    8      2.254668641058      4.557718180643      4.631086556037
    8      4.686437567083      7.113052741399      4.744529188740
    8     -0.002982983886      2.441202956292      4.802838897024
    8      4.698404430302      4.631647477438      7.019371420156
    8      6.938428532304      7.112158005462      7.012352559688
    8      2.341575715177      2.347622337432      6.939949860715
    0    0
