   3   1   1 E -1.6031034180874E+04 DE 1.3E-09(  2)
  0.316598246886E-02  0.703282149784E+01  0.702831205543E+01
  0.702843270157E+01 -0.295115306017E-02  0.702808136298E+01
  0.703232263730E+01  0.703000252366E+01 -0.377645394347E-03
    1
  0.100000000000E+01  0.000000000000E+00  0.000000000000E+00
  0.000000000000E+00  0.100000000000E+01  0.000000000000E+00
  0.000000000000E+00  0.000000000000E+00  0.100000000000E+01
  0.000000000000E+00  0.000000000000E+00  0.000000000000E+00
   54
   20      0.000000000000      0.000000000000      0.000000000000
   20      2.344107545767      2.343334174555     -0.000125881798
   20     -2.344107545767     -2.343334174555      0.000125881798
   20      2.342810900523     -0.000983717687      2.342693787660
   20      4.686918446290      2.342350456868      2.342567905862
   20     -0.001296645244     -2.344317892241      2.342819669458
   20     -2.342810900523      0.000983717687     -2.342693787660
   12      0.001296645244      2.344317892241     -2.342819669458
   12     -4.686918446290     -2.342350456868     -2.342567905862
   20      0.001055327490      2.344273832613      2.342770685144
   20      2.345162873257      4.687608007168      2.342644803346
   20     -2.343052218277      0.000939658058      2.342896566943
   20      2.343866228013      2.343290114926      4.685464472804
   20      4.687973773780      4.686624289481      4.685338591006
   12     -0.000241317754     -0.000044059629      4.685590354602
   12     -2.341755573034      2.345257550300      0.000076897485
   20      0.002351972733      4.688591724854     -0.000048984314
   12     -4.685863118801      0.001923375745      0.000202779283
   12     -0.001055327490     -2.344273832613     -2.342770685144
   12      2.343052218277     -0.000939658058     -2.342896566943
   20     -2.345162873257     -4.687608007168     -2.342644803346
   20      2.341755573034     -2.345257550300     -0.000076897485
   20      4.685863118801     -0.001923375745     -0.000202779283
   12     -0.002351972733     -4.688591724854      0.000048984314
   20     -2.343866228013     -2.343290114926     -4.685464472804
   12      0.000241317754      0.000044059629     -4.685590354602
   20     -4.687973773780     -4.686624289481     -4.685338591006
    8      0.000120658877      0.000022029814     -2.342795177301
    8      2.344228204643      2.343356204368     -2.342921059099
    8     -2.343986886890     -2.343312144740     -2.342669295503
    8      2.342931559400     -0.000961687872     -0.000101389641
    8      4.687039105166      2.342372486681     -0.000227271439
    8     -0.001175986367     -2.344295862427      0.000024492157
    8      4.685742459925     -0.001945405559      2.342592398019
    8      7.029850005690      2.341388768994      2.342466516222
    8      2.341634914157     -2.345279580114      2.342718279817
    8      0.001175986367      2.344295862427     -0.000024492157
    8      2.345283532133      4.687630036981     -0.000150373955
    8     -2.342931559400      0.000961687872      0.000101389641
    8      2.343986886890      2.343312144740      2.342669295503
    8      4.688094432656      4.686646319294      2.342543413705
    8     -0.000120658877     -0.000022029814      2.342795177301
    8      4.686797787413      2.342328427054      4.685363083163
    8      7.030905333180      4.685662601607      4.685237201365
    8      2.342690241646     -0.001005747501      4.685488964961
    8      0.002231313856      4.688569695039      2.342746192987
    8      2.346338859623      7.031903869593      2.342620311188
    8     -2.341876231911      2.345235520485      2.342872074786
    8      2.345042214380      4.687585977353      4.685439980647
    8      4.689149760146      7.030920151907      4.685314098848
    8      0.000934668613      2.344251802799      4.685565862446
    8      4.687853114902      4.686602259666      7.028133768306
    8      7.031960660669      7.029936434220      7.028007886508
    8      2.343745569135      2.343268085112      7.028259650104
    0    0
