   3   1   1 E -1.6031034691483E+04 DE 2.0E-09(  2)
  0.733215613033E-02  0.703480898796E+01  0.702192372289E+01
  0.703466849245E+01 -0.234761112289E-02  0.702374640510E+01
  0.703750342621E+01  0.703446901267E+01  0.207335242955E-03
    1
  0.100000000000E+01  0.000000000000E+00  0.000000000000E+00
  0.000000000000E+00  0.100000000000E+01  0.000000000000E+00
  0.000000000000E+00  0.000000000000E+00  0.100000000000E+01
  0.000000000000E+00  0.000000000000E+00  0.000000000000E+00
   54
   20      0.000000000000      0.000000000000      0.000000000000
   20      2.345834475403      2.344823004224      0.000069111748
   20     -2.345834475403     -2.344823004224     -0.000069111748
   20      2.344889497483     -0.000782537041      2.341248801700
   20      4.690723972886      2.344040467184      2.341317913447
   20     -0.000944977920     -2.345605541265      2.341179689952
   20     -2.344889497483      0.000782537041     -2.341248801700
   12      0.000944977920      2.345605541265     -2.341179689952
   12     -4.690723972886     -2.344040467184     -2.341317913447
   20      0.002444052043      2.344936329320      2.340641240962
   20      2.348278527447      4.689759333545      2.340710352710
   20     -2.343390423360      0.000113325096      2.340572129215
   12      2.347333549526      2.344153792279      4.681890042662
   20      4.693168024930      4.688976796504      4.681959154410
   20      0.001499074123     -0.000669211945      4.681820930914
   20     -2.342445445440      2.345718866361     -0.000607560737
   20      0.003389029964      4.690541870585     -0.000538448990
   12     -4.688279920843      0.000895862137     -0.000676672485
   12     -0.002444052043     -2.344936329320     -2.340641240962
   12      2.343390423360     -0.000113325096     -2.340572129215
   12     -2.348278527447     -4.689759333545     -2.340710352710
   12      2.342445445440     -2.345718866361      0.000607560737
   12      4.688279920843     -0.000895862137      0.000676672485
   20     -0.003389029964     -4.690541870585      0.000538448990
   20     -2.347333549526     -2.344153792279     -4.681890042662
   20     -0.001499074123      0.000669211945     -4.681820930914
   20     -4.693168024930     -4.688976796504     -4.681959154410
    8     -0.000749537062      0.000334605973     -2.340910465457
    8      2.345084938341      2.345157610196     -2.340841353710
    8     -2.346584012465     -2.344488398252     -2.340979577205
    8      2.344139960422     -0.000447931068      0.000338336243
    8      4.689974435824      2.344375073155      0.000407447990
    8     -0.001694514982     -2.345270935293      0.000269224495
    8      4.689029457905     -0.001230468109      2.341587137942
    8      7.034863933308      2.343592536115      2.341656249691
    8      2.343194982501     -2.346053472334      2.341518026195
    8      0.001694514982      2.345270935293     -0.000269224495
    8      2.347528990384      4.690093939516     -0.000200112747
    8     -2.344139960422      0.000447931068     -0.000338336243
    8      2.346584012465      2.344488398252      2.340979577205
    8      4.692418487867      4.689311402475      2.341048688952
    8      0.000749537062     -0.000334605973      2.340910465457
    8      4.691473509949      2.343705861211      4.682228378906
    8      7.037307985352      4.688528865434      4.682297490654
    8      2.345639034545     -0.001117143014      4.682159267157
    8      0.004138567025      4.690207264613      2.340372016467
    8      2.349973042427      7.035030268835      2.340441128215
    8     -2.341695908378      2.345384260389      2.340302904721
    8      2.349028064508      4.689424727572      4.681620818167
    8      4.694862539910      7.034247731795      4.681689929915
    8      0.003193589105      2.344601723348      4.681551706420
    8      4.693917561993      4.688642190531      7.022869619869
    8      7.039752037395      7.033465194754      7.022938731616
    8      2.348083086589      2.343819186307      7.022800508121
    0    0
