   3   1   1 E -1.6031092278093E+04 DE-6.4E-09(  9)
  0.525718972622E-02  0.700992918862E+01  0.704308231816E+01
  0.701256146292E+01 -0.568620599854E-03  0.704905358440E+01
  0.700621374790E+01  0.700966085422E+01  0.575769395118E-02
    1
  0.100000000000E+01  0.000000000000E+00  0.000000000000E+00
  0.000000000000E+00  0.100000000000E+01  0.000000000000E+00
  0.000000000000E+00  0.000000000000E+00  0.100000000000E+01
  0.000000000000E+00  0.000000000000E+00  0.000000000000E+00
   54
   20     -0.001990931602     -0.033579510799     -0.028513714201
   20      2.335528048403      2.342184971903     -0.041555758415
   20     -2.353487812581     -2.332904131321     -0.047515129096
   20      2.375182026021     -0.010510117774      2.355870796050
   20      4.729870946123      2.301058050672      2.284515421088
   20      0.134145394784     -2.375192070862      2.367673945046
   20     -2.329956083667     -0.061831776844     -2.361539125960
   20      0.049080636367      2.315280400613     -2.368365345648
   12     -4.730019009373     -2.274704069863     -2.290442823529
   20      0.030031818517      2.430616627365      2.332934972737
   20      2.286716279382      4.747533285062      2.344867619945
   20     -2.400138210640      0.017194621452      2.394127091527
   20      2.308163055962      2.335526253219      4.721528552804
   20      4.687827653104      4.715695707675      4.741667410433
   20     -0.017666105012      0.030093806899      4.766339718860
   20     -2.363190549492      2.368282181949     -0.025009557144
   12      0.031088570114      4.768511874965     -0.030651931059
   12     -4.731560910038      0.053339115051     -0.029374020252
   12      0.076952515684     -2.341180802313     -2.307375302763
   12      2.334061097750     -0.026219655245     -2.293526795515
   20     -2.374086826236     -4.648506450079     -2.337142397222
   20      2.348027078488     -2.372326282637     -0.027656278423
   12      4.755932148501     -0.039485488524      0.000305499374
   12      0.040434261160     -4.733871032958      0.043584958247
   20     -2.340682064920     -2.299552208079     -4.676380089278
   12      0.066171378180     -0.039550178396     -4.736939648076
   12     -4.744392024252     -4.771757833129     -4.705450118678
    8      0.045031231315     -0.063796915196     -2.371812750435
    8      2.339673328116      2.310529309489     -2.388967540540
    8     -2.343051628588     -2.344330157537     -2.351722687347
    8      2.391299269150     -0.032653392666     -0.054934215976
    8      4.740400812072      2.251555919691     -0.014425189615
    8     -0.006953578856     -2.443584425893     -0.065611461070
    8      4.758536942376     -0.003993417506      2.256942488020
    8      7.105450343517      2.257437579245      2.245055132693
    8      2.349325954428     -2.396376508988      2.427861011561
    8     -0.004467946428      2.391085647537     -0.026335120140
    8      2.234579252982      4.771431670740     -0.104165798265
    8     -2.444262041712     -0.011006346147      0.029900169695
    8      2.327348049884      2.348269008598      2.355484913514
    8      4.670492123624      4.705827890357      2.350140884739
    8     -0.014710147200     -0.008159899413      2.348372710803
    8      4.691443759241      2.335749383463      4.684415363843
    8      7.085779650700      4.687125943180      4.750769229421
    8      2.323675625759     -0.082689154737      4.758123470596
    8      0.023617849208      4.802654724437      2.364573080218
    8      2.227059981433      7.102347851705      2.355554975783
    8     -2.414305703209      2.281519714462      2.311380289916
    8      2.232705290583      4.766458827799      4.722943540240
    8      4.537138755570      7.008585186652      4.800206708710
    8      0.014157122821      2.408478784605      4.751004990922
    8      4.759215753840      4.803256682214      7.049416204879
    8      7.045138382189      6.986692900571      7.084581526461
    8      2.231784988936      2.189034305420      7.125791304807
    0    0
