   3   1   1 E -1.6031082222666E+04 DE 1.9E-09( 11)
 -0.558664666438E-02  0.701645878654E+01  0.706265356309E+01
  0.701348403873E+01 -0.772221318025E-02  0.706496323473E+01
  0.701559456763E+01  0.702094752588E+01 -0.977175773309E-02
    1
  0.100000000000E+01  0.000000000000E+00  0.000000000000E+00
  0.000000000000E+00  0.100000000000E+01  0.000000000000E+00
  0.000000000000E+00  0.000000000000E+00  0.100000000000E+01
  0.000000000000E+00  0.000000000000E+00  0.000000000000E+00
   54
   20      0.011681105027     -0.016187065579     -0.034587629051
   20      2.325943057824      2.320869635618     -0.050972410409
   20     -2.354082960613     -2.359456768962     -0.028384399271
   20      2.375722071371      0.002406117754      2.359959057597
   20      4.710523811123      2.302463970734      2.294736437582
   20      0.007118824855     -2.396103490174      2.351640765258
   20     -2.321455841886     -0.052008636625     -2.342005227421
   20      0.036684411742      2.309252539829     -2.369310334933
   12     -4.793671279217     -2.308008035659     -2.281464044537
   20     -0.032597477853      2.404443937435      2.342252027465
   20      2.294245260327      4.759174773737      2.322098476449
   20     -2.410111904179      0.135221557146      2.365617352156
   20      2.357587937854      2.340055667751      4.676612183967
   20      4.688941342820      4.679682486722      4.728767174702
   20      0.004555996796      0.026901989010      4.767959859533
   20     -2.342798625615      2.351655573888     -0.007003160529
   12      0.063411581498      4.782780252483     -0.031941601971
   12     -4.752800548618      0.063541817323      0.033592657934
   12      0.083176297928     -2.340762259885     -2.311931082296
   12      2.379190451743      0.011924067507     -2.288898521266
   20     -2.316000805327     -4.665494663459     -2.370652265098
   20      2.335558798910     -2.325625724960      0.054430130603
   12      4.761142972116      0.009587738539      0.010881211155
   12      0.045966605109     -4.770541113858      0.085898873835
   20     -2.345903257277     -2.298721628270     -4.679427231379
   12      0.065559698856     -0.019207041861     -4.711049205883
   12     -4.762370977266     -4.779762231353     -4.721804726973
    8      0.053244455461     -0.038749942580     -2.356102653158
    8      2.325245641467      2.300741490686     -2.388322782823
    8     -2.344154554511     -2.365650099319     -2.351446148242
    8      2.392818763916      0.003850200757     -0.039252173652
    8      4.729101464797      2.251348601643     -0.018526704949
    8      0.002255637823     -2.450130286725     -0.074354813967
    8      4.767738918100      0.004953210973      2.289435544933
    8      7.110721374716      2.223626998459      2.245255895897
    8      2.246242766192     -2.436276585276      2.448067161573
    8      0.018796684554      2.393515434015     -0.031539382714
    8      2.204864994054      4.756388130889     -0.108365226707
    8     -2.438386935062      0.005144106425     -0.015817298928
    8      2.333533941859      2.347976671554      2.346736495677
    8      4.662281423863      4.673265733021      2.345290744848
    8     -0.003101389237      0.004389681155      2.352051045752
    8      4.671421593260      2.345253230898      4.701249714121
    8      7.111300280078      4.681404609601      4.784761100102
    8      2.323097286136     -0.093196051603      4.793171712684
    8      0.005010821193      4.811496949239      2.361179216732
    8      2.245328462382      7.130473167036      2.330810571281
    8     -2.366365196928      2.271079436903      2.272139868935
    8      2.246480322739      4.769890851718      4.692393935069
    8      4.620578461271      6.981120722553      4.786122517824
    8      0.059189213954      2.383669924113      4.714972646965
    8      4.744087367622      4.814268958201      7.080433077944
    8      7.025780722323      7.002450754688      7.123154185178
    8      2.243384748547      2.193189082747      7.081790062792
    0    0
