   3   1   1 E -1.6031031527083E+04 DE 3.0E-09( 11)
 -0.279316832075E-01  0.712733921939E+01  0.716501534977E+01
  0.707927267900E+01 -0.154941219678E-01  0.715277874749E+01
  0.707239526071E+01  0.710813596939E+01 -0.851512319008E-02
    1
  0.100000000000E+01  0.000000000000E+00  0.000000000000E+00
  0.000000000000E+00  0.100000000000E+01  0.000000000000E+00
  0.000000000000E+00  0.000000000000E+00  0.100000000000E+01
  0.000000000000E+00  0.000000000000E+00  0.000000000000E+00
   54
   20      0.016107481881     -0.009512274980     -0.022124705049
   20      2.309470439122      2.352671182198     -0.024806197566
   20     -2.362178314501     -2.393971054704     -0.010757683304
   20      2.385050733976      0.044929367528      2.370892227790
   20      4.718287079058      2.350942156339      2.370271453694
   20      0.013668602235     -2.376853640462      2.391533321395
   20     -2.345213805917     -0.046376454637     -2.352922473526
   20     -0.012638018548      2.319979128259     -2.390318838775
   12     -4.876026112154     -2.372208844774     -2.335509108289
   20     -0.027235233476      2.384066663408      2.381307625191
   20      2.319904697519      4.834435482734      2.373840950405
   20     -2.383874616664     -0.007207379082      2.394663907387
   20      2.410002521123      2.370853662834      4.705184172059
   20      4.742563544046      4.762121497705      4.779964842541
   20      0.004666262395      0.024543909344      4.805762312824
   20     -2.371737190724      2.367647201323     -0.044501181529
   12      0.047812233501      4.805096487443     -0.034585683499
   12     -4.798993553635      0.069549896177     -0.003938502479
   12      0.055015485533     -2.395157629036     -2.359188441119
   12      2.426270219274     -0.000664403269     -2.341732434068
   20     -2.332780848466     -4.670367724511     -2.420437773574
   20      2.350134487084     -2.379477954262      0.056494666475
   12      4.806970519658      0.003543229796     -0.021968786959
   12      0.038796069509     -4.790421931038      0.023261646009
   20     -2.341294416478     -2.323248525846     -4.756906182306
   12      0.050243670625     -0.026761869377     -4.718099205613
   12     -4.794915450495     -4.769682420226     -4.783020750356
    8      0.036995490238     -0.032365560235     -2.362336239398
    8      2.318320928639      2.335748174533     -2.395429745585
    8     -2.353083972259     -2.401711570215     -2.381648381403
    8      2.406057414942      0.004002911382     -0.034004092012
    8      4.723324810612      2.319123702559     -0.012473898109
    8      0.008629654109     -2.435647328018     -0.028034579139
    8      4.787979233758     -0.041418249682      2.364178784581
    8      7.140961014179      2.234739890379      2.320314251639
    8      2.397815726927     -2.472499305115      2.450004813724
    8      0.027681468666      2.397002811763     -0.027393264170
    8      2.212161448613      4.787573157168     -0.101911788196
    8     -2.422152667450      0.003208769366     -0.016279422919
    8      2.312145641399      2.402887991968      2.384160025359
    8      4.714270046422      4.730912120855      2.377799529740
    8      0.007500733678      0.009850926483      2.385427522605
    8      4.707251881681      2.351832549796      4.797546112777
    8      7.119538937037      4.704689488044      4.842965889150
    8      2.333261301518     -0.097175714085      4.846539502624
    8     -0.054721198690      4.858672958643      2.405190069688
    8      2.308687558314      7.255983594606      2.365777682110
    8     -2.426237749944      2.428721633816      2.315173378735
    8      2.346068279719      4.807806924930      4.787565936712
    8      4.617575389067      7.145902559983      4.797961814223
    8      0.042718584978      2.417910011516      4.724499612398
    8      4.758529127049      4.909550303529      7.167455957720
    8      7.098974112390      7.099064279150      7.254002276673
    8      2.338483473177      2.137080008655      7.132344456055
    0    0
