   3   1   1 E -1.6031069756755E+04 DE 3.3E-10( 11)
  0.446209709266E-01  0.691463231842E+01  0.695685151231E+01
  0.700932987404E+01 -0.526632956523E-02  0.699876406183E+01
  0.702837683967E+01  0.696943296036E+01 -0.179560450741E-01
    1
  0.100000000000E+01  0.000000000000E+00  0.000000000000E+00
  0.000000000000E+00  0.100000000000E+01  0.000000000000E+00
  0.000000000000E+00  0.000000000000E+00  0.100000000000E+01
  0.000000000000E+00  0.000000000000E+00  0.000000000000E+00
   54
   20      0.002748203804     -0.022166639522     -0.044859833072
   20      2.334680338499      2.322294127244     -0.042067229859
   20     -2.330557711166     -2.337974031860     -0.024371333777
   20      2.336286203045     -0.030107483702      2.348161986360
   20      4.697698656909      2.313830705217      2.330115636767
   20      0.007156358855     -2.321803430795      2.350723011123
   20     -2.318194626070     -0.032420481417     -2.350577546102
   20      0.010408583973      2.334817571081     -2.363857485704
   12     -4.649182955491     -2.256907293959     -2.318860867057
   20     -0.013531437429      2.340749966349      2.359764869430
   20      2.323222187305      4.681160724236      2.362245335603
   20     -2.332236787700     -0.016781847335      2.346153397237
   20      2.333519819538      2.329398036313      4.686055457677
   12      4.689551265802      4.624748261796      4.629417691064
   12      0.014355069879      0.155454664240      4.677369549773
   12     -2.289019550762      2.461989707203      0.018942489562
   20     -0.019323683148      4.675865561452     -0.033381710855
   20     -4.698620055124      0.007055494993     -0.011086360302
   12     -0.023831900417     -2.306185574789     -2.285966467898
   12      2.296342598338     -0.137438043490     -2.403784634860
   20     -2.348162856062     -4.636146473555     -2.333896704863
   20      2.343566673287     -2.323942809338     -0.011103217416
   20      4.696055151531     -0.027311201589     -0.008565758111
   12     -0.054871819746     -4.700362448899     -0.009720083073
   12     -2.285199260163     -2.379544240054     -4.599734465732
   12     -0.028906082461     -0.134591756104     -4.600188255810
   20     -4.692891495605     -4.615410372212     -4.640649039942
    8      0.071960419902     -0.076746023389     -2.406707098615
    8      2.336700069965      2.337688187886     -2.354032867509
    8     -2.337707092407     -2.326881335726     -2.375573835410
    8      2.334165050191     -0.034799728338     -0.036846299604
    8      4.715171364205      2.316709120465     -0.016853495840
    8     -0.000118202489     -2.373892517202     -0.044865466473
    8      4.723390995882     -0.059986614204      2.339598619733
    8      7.015749943442      2.284375811794      2.299118464147
    8      2.376847160210     -2.313806430603      2.386514854673
    8     -0.031835287163      2.333049214187     -0.029435513429
    8      2.329706223614      4.658120068858     -0.044975367355
    8     -2.327550163499      0.006996270575     -0.024805078484
    8      2.330660284671      2.327440350334      2.344003055435
    8      4.708688121863      4.644665398034      2.346205593182
    8     -0.004961350774     -0.012338334067      2.353859518794
    8      4.699834495952      2.371058788190      4.680595587441
    8      7.026525544111      4.718888879753      4.649658155008
    8      2.293061499776     -0.061391772622      4.668715780089
    8     -0.069721459460      4.712451807002      2.385242013236
    8      2.305377399828      6.970499095504      2.349324167314
    8     -2.319311195515      2.352886650789      2.297119682729
    8      2.353559598462      4.694938964244      4.661040556518
    8      4.728831144207      6.862465434092      4.640906823364
    8      0.001244596661      2.294069140732      4.693560456556
    8      4.721328297231      4.551867931422      6.956648129521
    8      7.026303012831      7.004515205488      6.988825143775
    8      2.361513219720      2.303481016757      6.986347871828
    0    0
