   3   1   1 E -1.6031091715376E+04 DE-1.0E-09( 11)
  0.679269980084E-01  0.695972664774E+01  0.699777136275E+01
  0.699909695639E+01  0.176414486151E-01  0.703913079494E+01
  0.701945669300E+01  0.701572573498E+01  0.360837096175E-02
    1
  0.100000000000E+01  0.000000000000E+00  0.000000000000E+00
  0.000000000000E+00  0.100000000000E+01  0.000000000000E+00
  0.000000000000E+00  0.000000000000E+00  0.100000000000E+01
  0.000000000000E+00  0.000000000000E+00  0.000000000000E+00
   54
   20     -0.002953838092      0.004217497311     -0.032516827729
   20      2.323626427824      2.342568452227     -0.028833483323
   20     -2.343563806672     -2.329689664529     -0.022655303903
   20      2.325219318954      0.008296835168      2.360741065928
   20      4.685121164554      2.343031037624      2.373290956159
   20     -0.023731657588     -2.319031389381      2.385475816597
   20     -2.318302575182     -0.002560162396     -2.334583793570
   20     -0.002157872504      2.333810667683     -2.325437331801
   20     -4.694871735776     -2.330594342665     -2.305808581550
   20     -0.017745520677      2.355019789324      2.355550519713
   20      2.306766244696      4.724178528597      2.340684957577
   20     -2.355351491103      0.005021710682      2.352086569524
   20      2.335226277413      2.345381447557      4.720955385726
   12      4.773777302223      4.657044572731      4.705387486686
   12      0.068273190045     -0.074874752611      4.694129533971
   12     -2.277952705264      2.325237533267     -0.066612880848
   12      0.016858036086      4.686591028961     -0.075371287561
   12     -4.692612776289     -0.050912185646     -0.054466920986
   12     -0.061849667400     -2.234163398073     -2.335071787501
   12      2.248999784107     -0.002714196070     -2.333966993331
   12     -2.325446002555     -4.670624572160     -2.307129573886
   20      2.337991976161     -2.328286552607     -0.037859260253
   20      4.711124915064     -0.010937017250     -0.054194599436
   20     -0.028040195877     -4.706508854993     -0.009724212931
   20     -2.298248668383     -2.355536081148     -4.684236040976
   12      0.016027460436     -0.027158537263     -4.629218277188
   20     -4.676648977366     -4.723119891289     -4.665589542730
    8      0.083266894446     -0.089852185020     -2.404765382462
    8      2.384508040605      2.282614015957     -2.321358450607
    8     -2.278338316023     -2.376873365602     -2.327736776683
    8      2.349007630272      0.002136731900     -0.036914731085
    8      4.676310425880      2.333341773082     -0.043001417043
    8     -0.007966323659     -2.332593704430     -0.022627770831
    8      4.723350771884      0.006067182985      2.358121761625
    8      6.998393625188      2.305479094998      2.376030010356
    8      2.324583646990     -2.327334101404      2.364682194017
    8     -0.062680655621      2.382335209646     -0.029746871930
    8      2.277715966433      4.739337219472     -0.019652598112
    8     -2.381213679507      0.057093148666     -0.023216727841
    8      2.329284819965      2.352700898998      2.362490140747
    8      4.676909649103      4.688925617641      2.382550022743
    8     -0.012943934882      0.005435294307      2.369000543415
    8      4.685999903674      2.408229887286      4.755097122825
    8      6.914127185476      4.780165552317      4.775494669404
    8      2.263856261830      0.005162122270      4.742466904739
    8      0.022904829315      4.745241789653      2.338199137797
    8      2.287486253947      6.982971814345      2.318407707619
    8     -2.294493662613      2.302397006473      2.333139775057
    8      2.346773021113      4.756394572926      4.675509070498
    8      4.729033727128      6.982228890280      4.662890762129
    8     -0.059689444989      2.310486953758      4.689452076860
    8      4.815531126317      4.570835444973      6.932105257739
    8      7.147653919493      6.889918325000      6.983273791810
    8      2.420256624721      2.242389547522      7.007381563771
    0    0
