   3   1   1 E -1.6031089321788E+04 DE-1.6E-09( 10)
  0.436244322850E-01  0.698511761422E+01  0.699987296235E+01
  0.700833192203E+01  0.259769704991E-01  0.700893949782E+01
  0.702138849961E+01  0.700184984166E+01  0.186636641770E-01
    1
  0.100000000000E+01  0.000000000000E+00  0.000000000000E+00
  0.000000000000E+00  0.100000000000E+01  0.000000000000E+00
  0.000000000000E+00  0.000000000000E+00  0.100000000000E+01
  0.000000000000E+00  0.000000000000E+00  0.000000000000E+00
   54
   20     -0.012852847467     -0.006733969054     -0.051063264854
   20      2.374445225409      2.316657955265     -0.030359657239
   20     -2.309230305428     -2.364144453908     -0.045876445692
   20      2.329236064012     -0.000257353181      2.354348936449
   20      4.698860285520      2.343422381776      2.323604328357
   20     -0.006476700787     -2.337185839679      2.328087756373
   20     -2.334242155252     -0.005179928633     -2.322606387740
   20     -0.007553524177      2.352843074898     -2.345920976544
   20     -4.668720892318     -2.338240789682     -2.339712879510
   20     -0.060492485920      2.334205672066      2.364298082054
   20      2.352589112705      4.682299314615      2.323188285980
   20     -2.327831899504      0.037389658351      2.366783554269
   20      2.313429245094      2.314138981654      4.728808760690
   12      4.733868402811      4.646038613045      4.766873317048
   12     -0.082417243541      0.042587701867      4.769380243982
   12     -2.342400216784      2.250319697967     -0.023696172795
   20     -0.029965968678      4.722262499280     -0.068507918956
   12     -4.579103199515      0.091983014387      0.022611107427
   12     -0.067922095948     -2.391081000605     -2.289255655309
   20      2.390774796645      0.007186437738     -2.329844759269
   12     -2.338362156697     -4.692149583745     -2.285351717478
   20      2.339449958162     -2.396080430601     -0.004713889907
   12      4.595617353330      0.208374208397     -0.047933737267
   12     -0.034665108900     -4.771829732025     -0.030984972723
   20     -2.348437027787     -2.380359029409     -4.679998431009
   20      0.011754984710      0.032610450773     -4.710303513038
   12     -4.635353431745     -4.703188745185     -4.720157532663
    8      0.005005888551     -0.036091192126     -2.355480410172
    8      2.407891132442      2.329439339575     -2.363636468671
    8     -2.257189185389     -2.409445313174     -2.334831753473
    8      2.393340356454     -0.009296001944     -0.002184691028
    8      4.782629844129      2.235235722841     -0.079563109533
    8     -0.003506050608     -2.418655563085     -0.042417529971
    8      4.667418653689      0.018776498560      2.294183224394
    8      7.062612998467      2.358430240869      2.286608992459
    8      2.333915778604     -2.381754625744      2.342650709237
    8     -0.057161158831      2.342865770779     -0.058245333649
    8      2.358639919457      4.716479396247     -0.025196227307
    8     -2.384281406819      0.052839454526     -0.014292280577
    8      2.326760878169      2.335084891993      2.339378197920
    8      4.692115232795      4.664671572093      2.354680712278
    8     -0.014158638208      0.015324402822      2.376593938877
    8      4.672403016136      2.400920605097      4.726055541161
    8      6.939409688948      4.765249975513      4.659404330019
    8      2.308818272555      0.021720454420      4.749542143682
    8      0.007673295267      4.661697111272      2.347037290467
    8      2.386626299612      7.074322251057      2.306680047819
    8     -2.417007397129      2.321839415149      2.313648176947
    8      2.373397015992      4.637920234670      4.705697930190
    8      4.797586732415      7.060650880147      4.791523660013
    8     -0.122990081433      2.309471951881      4.782001614133
    8      4.687865971568      4.640850772720      6.903413063450
    8      6.991583729392      7.183691470225      6.930823837570
    8      2.436652888468      2.170121395927      7.167870492711
    0    0
