   3   1   1 E -1.6031098345843E+04 DE 1.3E-09(  9)
  0.144330952822E-01  0.700899798973E+01  0.701957848525E+01
  0.699400975295E+01 -0.462593327212E-02  0.703009931660E+01
  0.699591272556E+01  0.701564825983E+01 -0.162528930225E-03
    1
  0.100000000000E+01  0.000000000000E+00  0.000000000000E+00
  0.000000000000E+00  0.100000000000E+01  0.000000000000E+00
  0.000000000000E+00  0.000000000000E+00  0.100000000000E+01
  0.000000000000E+00  0.000000000000E+00  0.000000000000E+00
   54
   20      0.031168977656     -0.017915833486     -0.004285317049
   20      2.347436822819      2.315688326587     -0.029579834311
   20     -2.335768992238     -2.326085443927      0.007612393036
   20      2.344365409263     -0.005486075298      2.346944726242
   20      4.687366813089      2.321920694002      2.351504796994
   20      0.006780128022     -2.349821707162      2.350641846286
   20     -2.339033914492      0.019964226679     -2.346867447815
   20      0.002383629215      2.325538990260     -2.369486296252
   20     -4.680713369511     -2.324034229681     -2.346460138988
   20      0.011349246605      2.330019497238      2.371577276412
   20      2.338470008415      4.737914712715      2.392325513846
   20     -2.376200363971      0.003621816707      2.400338620969
   12      2.339953423503      2.279415197515      4.765721156441
   12      4.582841806244      4.745129779520      4.768848109796
   12      0.110793280170      0.009018567054      4.745590841842
   20     -2.402802549652      2.359464774483     -0.014782603725
   20     -0.025104109397      4.759342773100     -0.018239722817
   12     -4.724743158119      0.060529869586     -0.048026848734
   20      0.072814789768     -2.328329763453     -2.352005823856
   12      2.316538571939     -0.027636256882     -2.317638330758
   20     -2.341067293323     -4.745530019067     -2.340413709413
   12      2.325505326567     -2.293496283687     -0.128541837008
   12      4.587512067965     -0.064142161567     -0.072484811924
   20      0.064434074124     -4.742958307096     -0.007716645060
   20     -2.342345746444     -2.325615430448     -4.728601063030
   12      0.065243245444      0.014789592712     -4.694325580303
   12     -4.687173996008     -4.756747535929     -4.684737100759
    8      0.085145309462     -0.001577179596     -2.393889240469
    8      2.328189388639      2.253885583008     -2.396595411106
    8     -2.317017732042     -2.342421842268     -2.347149185646
    8      2.389035743181     -0.065845643874     -0.064595030852
    8      4.667831518732      2.262402940161     -0.011340982830
    8      0.074513913819     -2.341224574449     -0.001702538525
    8      4.733860063323     -0.000056133385      2.285700026846
    8      7.088318597182      2.253306227504      2.348931543377
    8      2.329522093891     -2.403649484742      2.289487839533
    8     -0.006814930354      2.344944082487     -0.007704874927
    8      2.342350793619      4.754529422639     -0.000141749860
    8     -2.397084246312      0.002289153391     -0.001951201874
    8      2.328499569786      2.345398600905      2.371608721241
    8      4.652127583929      4.689972804525      2.376043988024
    8      0.002159669298      0.001413311083      2.406492042408
    8      4.569949815636      2.394577040343      4.693069354414
    8      6.923955621469      4.756609626161      4.683385433807
    8      2.251571794933      0.067972803963      4.763700267453
    8      0.015208565770      4.754138677996      2.337415968794
    8      2.248539731467      7.129958614318      2.377224260715
    8     -2.411208921475      2.323139578967      2.354649803735
    8      2.419218155756      4.719393381709      4.771522448340
    8      4.637546715716      6.932521816566      4.784358350810
    8      0.113963706092      2.234207012841      4.666509432883
    8      4.566712629096      4.783766903456      6.953670895095
    8      7.059715104895      7.006485270440      7.005179221043
    8      2.343785698932      2.259393658639      6.982027175671
    0    0
