   3   1   1 E -1.6031087347206E+04 DE 4.7E-09(  9)
  0.343658469328E-01  0.695020749286E+01  0.698528425784E+01
  0.697153369109E+01 -0.138921288431E-01  0.702620454203E+01
  0.697776129861E+01  0.699177095273E+01 -0.144027088814E-01
    1
  0.100000000000E+01  0.000000000000E+00  0.000000000000E+00
  0.000000000000E+00  0.100000000000E+01  0.000000000000E+00
  0.000000000000E+00  0.000000000000E+00  0.100000000000E+01
  0.000000000000E+00  0.000000000000E+00  0.000000000000E+00
   54
   20      0.001431891919      0.011042241874     -0.035154200292
   20      2.361193310230      2.333949891272     -0.069369041009
   20     -2.334242113940     -2.376599351026     -0.050747104696
   20      2.369981395118     -0.032075989317      2.398555047775
   20      4.685553374310      2.319736931355      2.368694410011
   20      0.012608577864     -2.367730034235      2.359705839635
   20     -2.337332277888     -0.000085454984     -2.384137875067
   20      0.030650031221      2.335683914767     -2.368656826866
   12     -4.595228257878     -2.391149109368     -2.384295338926
   20     -0.046321280563      2.359509841567      2.359208059965
   20      2.322175722818      4.672080841038      2.397003644774
   20     -2.353441049238      0.029140858164      2.393665971345
   12      2.413757733704      2.338747838814      4.732841344130
   12      4.590507807616      4.440432737505      4.680798653443
   20     -0.012276644379      0.019450666018      4.718786465098
   12     -2.299774845946      2.322256356238     -0.036538876568
   20     -0.043599672220      4.668991987728     -0.017028328352
   20     -4.650779834000      0.055518605530     -0.027219963429
   20     -0.013339311506     -2.346382092274     -2.343883370054
   12      2.407068700565      0.022334372322     -2.377084230093
   12     -2.392270331086     -4.603040629770     -2.309711234917
   20      2.368645931279     -2.381886350940     -0.055151050268
   20      4.659132228228     -0.007376554257     -0.030956404985
   12     -0.106898878635     -4.657832349393     -0.053281505175
   12     -2.358870387482     -2.282559767094     -4.592212017510
   12     -0.029592361711      0.051558699645     -4.674319535217
   20     -4.622125743188     -4.621041488903     -4.632129326811
    8      0.046247578150      0.008800446964     -2.386513406308
    8      2.472078152560      2.379895421337     -2.356952572403
    8     -2.471695809942     -2.462216511290     -2.444042591543
    8      2.364866737066     -0.006667950823     -0.058506686159
    8      4.721031506097      2.330867829518     -0.067289536796
    8      0.000496098885     -2.415927867717     -0.023592127661
    8      4.747308450623     -0.086940121043      2.354850959346
    8      6.968715946337      2.254373060530      2.285300494599
    8      2.406205835060     -2.360296305350      2.377245156935
    8     -0.045959820012      2.338148071753     -0.026548148686
    8      2.324801344320      4.672518525307     -0.066758755077
    8     -2.330111027683      0.054199773739     -0.021469188982
    8      2.348702513409      2.326943603577      2.413628106733
    8      4.640138399721      4.648386708248      2.380130814619
    8     -0.003988325260      0.001687376914      2.371027850756
    8      4.583209920141      2.414376576734      4.778357874085
    8      6.971384029318      4.645830208241      4.681669348661
    8      2.342940443431      0.013218972804      4.682629518961
    8     -0.095027164785      4.729697555862      2.349977105786
    8      2.244508889672      7.003481909342      2.413785637039
    8     -2.317343261501      2.438860112372      2.369750633685
    8      2.488707629767      4.602038988576      4.643776331668
    8      4.533190712688      6.991425639041      4.665479908412
    8     -0.063726929548      2.322345305676      4.708095462154
    8      4.656671909282      4.505212003962      6.989908291410
    8      6.975934299803      7.102580173684      7.065725168103
    8      2.390571992046      2.310872305155      6.939838554148
    0    0
