   3   1   1 E -1.6031100183640E+04 DE-3.3E-09(  9)
  0.872287278690E-02  0.703615388504E+01  0.703434991490E+01
  0.699839954520E+01 -0.210854369962E-02  0.703721953788E+01
  0.700085068753E+01  0.703678998289E+01  0.500902434918E-03
    1
  0.100000000000E+01  0.000000000000E+00  0.000000000000E+00
  0.000000000000E+00  0.100000000000E+01  0.000000000000E+00
  0.000000000000E+00  0.000000000000E+00  0.100000000000E+01
  0.000000000000E+00  0.000000000000E+00  0.000000000000E+00
   54
   20     -0.013360130682      0.004459321544     -0.064288206811
   20      2.306156241186      2.338843326701     -0.072855078802
   20     -2.337130738519     -2.330047944290     -0.027234289619
   20      2.330791048214     -0.036079688048      2.352943151076
   20      4.693966549850      2.341613014169      2.360397921829
   20      0.050183222243     -2.343599130850      2.387032956614
   20     -2.329463781451     -0.013433056538     -2.362604392653
   12      0.041083450179      2.345110602674     -2.332182271435
   12     -4.708488088476     -2.248802143526     -2.341507767740
   20     -0.057227300609      2.368368953048      2.384307611924
   20      2.322464833583      4.715836048319      2.357850874560
   20     -2.349861013487      0.035390054586      2.348990023809
   20      2.338022315307      2.350332638508      4.778304330833
   20      4.681832160865      4.697857405113      4.716650529875
   12      0.093518341783     -0.049648395939      4.712447309089
   12     -2.375609120670      2.368694567261      0.017155915351
   20     -0.011251101524      4.687031871941     -0.043525959477
   12     -4.645767906665     -0.065199016777     -0.079005528391
   12      0.093411212485     -2.309793753792     -2.347611574475
   12      2.201693863352     -0.069112527946     -2.316801269362
   20     -2.359083794132     -4.679269247128     -2.374753206072
   12      2.402687963160     -2.302390959824     -0.034002087316
   20      4.647341476171     -0.044922667590      0.021551713281
   20      0.054253018000     -4.691998640261     -0.042948445976
   12     -2.364002452558     -2.406205883994     -4.690018336657
   20      0.000222441580     -0.020484310433     -4.654549368494
   20     -4.665693427250     -4.680247457105     -4.691258019946
    8      0.088287159652     -0.041972812897     -2.348069269408
    8      2.194763723567      2.342421904895     -2.333956740926
    8     -2.379796394099     -2.349988664084     -2.379918805005
    8      2.314684743141     -0.084062423484     -0.072110103620
    8      4.670319011350      2.339082468432     -0.027281041919
    8      0.085250040807     -2.342855373166     -0.033111333453
    8      4.662191271598     -0.074096990825      2.349016899562
    8      6.993590829104      2.344105579923      2.408408663917
    8      2.450518911618     -2.337963654964      2.387029067594
    8     -0.101510380465      2.343698707607     -0.082135689525
    8      2.335033941907      4.771694652790     -0.061766956398
    8     -2.453624826975      0.069978281593     -0.010897873300
    8      2.339201287310      2.346694065784      2.359373172813
    8      4.677031594800      4.691461512279      2.356391883590
    8      0.003678960998      0.005563184277      2.399980100346
    8      4.784786482041      2.347500773677      4.763815069381
    8      7.109701314963      4.718450608969      4.690983109355
    8      2.245271835454     -0.082950285195      4.753765635216
    8     -0.046296476741      4.684901040476      2.391387955489
    8      2.338802087989      7.028784964712      2.366818383428
    8     -2.339039606769      2.444800357605      2.290561106341
    8      2.250227131992      4.778000822723      4.745710940914
    8      4.678052702089      7.033563428330      4.700876619351
    8      0.010823176832      2.373556325096      4.688310716790
    8      4.549580112220      4.603639449982      7.078310025212
    8      7.090962869384      7.034183920210      6.945795782846
    8      2.442698189166      2.368264134468      7.034542744856
    0    0
