   3   1   1 E -1.6031077702389E+04 DE-2.0E-09( 11)
  0.331195969862E-01  0.696750102467E+01  0.701147485466E+01
  0.700649977410E+01  0.707849239118E-02  0.703137769253E+01
  0.701567295229E+01  0.698906317368E+01  0.525299883327E-02
    1
  0.100000000000E+01  0.000000000000E+00  0.000000000000E+00
  0.000000000000E+00  0.100000000000E+01  0.000000000000E+00
  0.000000000000E+00  0.000000000000E+00  0.100000000000E+01
  0.000000000000E+00  0.000000000000E+00  0.000000000000E+00
   54
   20      0.052682520540     -0.029495042196     -0.007363755717
   20      2.355343217898      2.318891438694     -0.044244565612
   20     -2.358282165353     -2.330863092807     -0.021945478457
   20      2.373627288330     -0.081397535864      2.344522675443
   20      4.696436679128      2.301122500488      2.308042577965
   20      0.061912160759     -2.326308443133      2.334439787969
   20     -2.368740912355     -0.043026527649     -2.310981035013
   20      0.046215787093      2.363025935438     -2.322709201265
   12     -4.857027280600     -2.266153559610     -2.319616788000
   20     -0.000583955266      2.330637144869      2.336604804531
   20      2.316651869568      4.688923394332      2.319637892142
   20     -2.345267595036     -0.005528723026      2.354100458512
   20      2.299472694507      2.298515241323      4.759907673244
   20      4.679818215908      4.733211523669      4.731031300619
   12      0.131893414805     -0.123651991549      4.784739350524
   20     -2.365304994816      2.394863514187      0.042634399476
   12      0.013716698915      4.687751465640     -0.076280255823
   12     -4.764563190781     -0.085391741114     -0.112791295833
   20      0.001980632586     -2.331452786039     -2.299157213435
   12      2.328902299204      0.008472667575     -2.267606295636
   20     -2.367271059465     -4.679023682695     -2.329694094574
   12      2.483568219272     -2.248216222091      0.025476487891
   12      4.654432107870     -0.043300712872     -0.038020787776
   12      0.042221047671     -4.647323114450     -0.045914414393
   12     -2.401735720013     -2.237423919344     -4.743374269455
   20     -0.005473179748     -0.018607493315     -4.752332797811
   20     -4.700786885275     -4.627769915220     -4.695238394318
    8      0.035084248983     -0.009619361190     -2.335429792623
    8      2.338841138178      2.340618672632     -2.344595019402
    8     -2.403498734642     -2.316483995260     -2.344716665045
    8      2.430635490347     -0.104589096244     -0.087325407359
    8      4.734206565801      2.267047502746     -0.014548409823
    8      0.073300395751     -2.392797488867     -0.010553889838
    8      4.674094446662     -0.084698797346      2.289102505095
    8      7.023913600838      2.338821466407      2.289782057875
    8      2.400071073672     -2.316108402800      2.328878795410
    8      0.022459312733      2.374302270474     -0.002374242754
    8      2.235169107171      4.765078420139     -0.088123224927
    8     -2.373686982429     -0.004420203804      0.012613564499
    8      2.345441610936      2.311468783816      2.338630780852
    8      4.675683936925      4.669829874006      2.335149819645
    8      0.050782727723     -0.038646362656      2.374954105653
    8      4.674043511647      2.352607432263      4.754012640330
    8      7.116047701065      4.764812077720      4.760260900818
    8      2.254535901882     -0.114442965077      4.763650915630
    8     -0.029556639494      4.657783818126      2.306022505740
    8      2.332716359743      6.971554415653      2.316933607591
    8     -2.339414807998      2.379476276637      2.342058221912
    8      2.342829205209      4.726573898880      4.756456453501
    8      4.614828695384      6.972518824904      4.721514245651
    8      0.004650868030      2.235041523847      4.748125540904
    8      4.639300457140      4.858305040059      7.163217026497
    8      7.146091658242      6.891364172338      6.845748301036
    8      2.226406690339      2.340513987667      7.043162855017
    0    0
