   3   1   1 E -1.6031092566646E+04 DE-3.1E-10( 11)
 -0.385366822662E-02  0.701055234680E+01  0.701270643173E+01
  0.697863112575E+01 -0.137934234670E-01  0.701758756443E+01
  0.698400571994E+01  0.701343611608E+01 -0.119847580569E-01
    1
  0.100000000000E+01  0.000000000000E+00  0.000000000000E+00
  0.000000000000E+00  0.100000000000E+01  0.000000000000E+00
  0.000000000000E+00  0.000000000000E+00  0.100000000000E+01
  0.000000000000E+00  0.000000000000E+00  0.000000000000E+00
   54
   20     -0.017475734475     -0.005145889939     -0.045169067020
   20      2.313680683061      2.362300144243     -0.047064674618
   20     -2.315461201000     -2.347839175052     -0.009924874524
   20      2.324999285293     -0.041603223090      2.350884042858
   20      4.691155721784      2.307469369452      2.311547043852
   20      0.015012431696     -2.351928877626      2.383556021407
   20     -2.313774290173     -0.035840468661     -2.332111496858
   12      0.051960891448      2.391921790284     -2.316513147036
   12     -4.722642485622     -2.322358759807     -2.305610340979
   20     -0.050114967631      2.359136019711      2.361002089214
   20      2.295311315845      4.685280565672      2.331972651031
   12     -2.313926722009     -0.030322122141      2.339995729610
   20      2.284154784292      2.329891163952      4.702316337067
   20      4.720532418288      4.703719326162      4.659269916911
   12     -0.068707241675     -0.037520221963      4.774736367312
   20     -2.293919331052      2.377550276024      0.044956681266
   12     -0.041157757151      4.702955468893     -0.076547312223
   20     -4.726100104655     -0.021046727899     -0.018382276269
   12     -0.022824155237     -2.358674412406     -2.284003666630
   20      2.339972431164      0.001430072254     -2.356102322251
   20     -2.289402824271     -4.675495311722     -2.340282426891
   20      2.350672323024     -2.337647828652      0.010167657636
   12      4.783056295559     -0.041467112618      0.004484912397
   12     -0.058756518877     -4.667065783339     -0.071734592062
   12     -2.289850642691     -2.272139397923     -4.747161441185
   20     -0.045311248535     -0.020836697090     -4.698634990013
   20     -4.649899543043     -4.651997815420     -4.639636553071
    8     -0.003179715944     -0.016314173979     -2.347921968170
    8      2.264684710349      2.416777886531     -2.346753751925
    8     -2.286403811212     -2.341187359159     -2.341055980611
    8      2.375883876555     -0.007302514870     -0.032362323759
    8      4.746971451345      2.276883619823     -0.019677742154
    8      0.008603633902     -2.397120426485     -0.041986757043
    8      4.649681470494     -0.098649312118      2.294778180178
    8      6.983377030642      2.325876572276      2.349322628226
    8      2.385191226875     -2.349394438331      2.345814613402
    8     -0.002545651174      2.411764360964     -0.061457104744
    8      2.256810848153      4.679037313462     -0.063406069843
    8     -2.339891110345     -0.005538828606      0.028764048736
    8      2.312497364167      2.335070471301      2.340666152082
    8      4.676034377054      4.719776695098      2.346355000261
    8     -0.054323040549     -0.016706033022      2.385728311567
    8      4.711877194598      2.337139911949      4.670605174587
    8      7.109938753025      4.658156019234      4.774734395750
    8      2.244261444421     -0.086346742042      4.695534673426
    8     -0.090538212507      4.684647799913      2.350565905090
    8      2.338668905591      7.008572251653      2.350097298058
    8     -2.325963104503      2.349009730219      2.361387752907
    8      2.293868025139      4.679952740249      4.684637241599
    8      4.759559612472      7.009912391297      4.638320404428
    8     -0.017883014442      2.360249229781      4.769447135929
    8      4.773598308744      4.775355132027      7.065019713892
    8      6.819555561384      6.998638381450      6.881363321212
    8      2.273004350976      2.334892627426      7.017861049468
    0    0
