   3   1   1 E -1.6031084521337E+04 DE 1.2E-10( 11)
  0.331564306276E-02  0.699236392676E+01  0.702179072860E+01
  0.697918671813E+01  0.460632830266E-01  0.697918671813E+01
  0.702179072860E+01  0.699236392676E+01  0.331564306276E-02
    2
  0.100000000000E+01  0.000000000000E+00  0.000000000000E+00
  0.000000000000E+00  0.100000000000E+01  0.000000000000E+00
  0.000000000000E+00  0.000000000000E+00  0.100000000000E+01
  0.000000000000E+00  0.000000000000E+00  0.000000000000E+00
  0.000000000000E+00  0.000000000000E+00 -0.100000000000E+01
  0.000000000000E+00 -0.100000000000E+01  0.000000000000E+00
 -0.100000000000E+01  0.000000000000E+00  0.000000000000E+00
  0.000000000000E+00  0.000000000000E+00  0.000000000000E+00
   54
   20      0.035121773260      0.000000000000     -0.035121773260
   20      2.321974327699      2.389122891307     -0.031148533268
   20     -2.366866769496     -2.340950684715     -0.021965512635
   20      2.315249989821      0.003409753085      2.352522170265
   20      4.655447314967      2.371765041761      2.354042921750
   20      0.015043860046     -2.341321426050      2.347949259447
   20     -2.352522170265     -0.003409753085     -2.315249989821
   12      0.106122153897      2.421813836292     -2.240168084777
   12     -4.691733426840     -2.436380599532     -2.300801577581
   20      0.021965512635      2.340950684715      2.366866769496
   12      2.374207112374      4.677086332903      2.453639371415
   12     -2.358535478397     -0.000000000000      2.358535478397
   12      2.300801577581      2.436380599532      4.691733426840
   20      4.674880884614      4.651231607022      4.675433561154
   20     -0.003468223606      0.013397758446      4.692358613610
   20     -2.347949259447      2.341321426050     -0.015043860046
   12      0.093373034801      4.585863303658      0.023129239047
   20     -4.692358613610     -0.013397758446      0.003468223606
   20      0.031148533268     -2.389122891307     -2.321974327699
   20      2.355633625580      0.000000000000     -2.355633625580
   12     -2.453639371415     -4.677086332903     -2.374207112374
   12      2.240168084777     -2.421813836292     -0.106122153897
   20      4.675454258399      0.013971260234     -0.036798497119
   12     -0.023129239047     -4.585863303658     -0.093373034801
   20     -2.354042921750     -2.371765041761     -4.655447314967
   20      0.036798497119     -0.013971260234     -4.675454258399
   20     -4.675433561154     -4.651231607022     -4.674880884614
    8      0.024087580888      0.018875897630     -2.325618992927
    8      2.353073209420      2.411593702422     -2.350363160906
    8     -2.396706203386     -2.397183762771     -2.338353970410
    8      2.325618992927     -0.018875897630     -0.024087580888
    8      4.707267072565      2.348917238121     -0.050467512407
    8      0.060503757945     -2.381394590129     -0.009739878732
    8      4.640295586899      0.023031641513      2.338891131228
    8      6.999708415208      2.356053905336      2.332937428038
    8      2.317140926078     -2.325921132116      2.336053365221
    8      0.009739878732      2.381394590129     -0.060503757945
    8      2.258595639532      4.679109262165     -0.079289882951
    8     -2.320136988495     -0.003512855273      0.018766385547
    8      2.338353970410      2.397183762771      2.396706203386
    8      4.630523113150      4.711872443889      2.329118857667
    8     -0.018766385547      0.003512855273      2.320136988495
    8      4.643133352905      2.371984415143      4.662045792049
    8      7.103401803893      4.575852565332      4.762952159377
    8      2.300865436772      0.023031641513      4.678321281354
    8      0.053783155470      4.643446688644      2.314523656037
    8      2.390567655762      6.927067511026      2.344418015204
    8     -2.325803214605      2.280491482875      2.391267615452
    8      2.353678803969      4.580770224342      4.668717519182
    8      4.680688356460      7.057660342503      4.634538715903
    8      0.082605526014      2.313254664600      4.763195089070
    8      4.649564933152      4.682373304455      7.001269031520
    8      7.004272820329      7.015395568277      7.000020269463
    8      2.219550201813      2.462574644459      6.897575642835
    0    0
