   3   1   1 E -1.6031097283711E+04 DE 6.7E-10( 11)
  0.462462067234E-01  0.698059422619E+01  0.700769889877E+01
  0.697456697892E+01  0.453151666552E-02  0.704056396147E+01
  0.698560061336E+01  0.701940483587E+01 -0.581065544155E-03
    1
  0.100000000000E+01  0.000000000000E+00  0.000000000000E+00
  0.000000000000E+00  0.100000000000E+01  0.000000000000E+00
  0.000000000000E+00  0.000000000000E+00  0.100000000000E+01
  0.000000000000E+00  0.000000000000E+00  0.000000000000E+00
   54
   20      0.029385466691     -0.016276897963     -0.008487880321
   20      2.322020235529      2.345063662452     -0.022818463255
   20     -2.329346715083     -2.340665251584     -0.001034911236
   20      2.340035987782     -0.030526362757      2.319616239478
   20      4.699434932757      2.322182037481      2.336148728551
   20      0.058674665280     -2.363658510765      2.342521491787
   20     -2.328286197407     -0.018749081296     -2.345675926205
   20      0.027580890570      2.323950424197     -2.377526618974
   20     -4.666217486204     -2.334774536757     -2.344235013781
   20     -0.022387279829      2.360656290741      2.301479307874
   20      2.299089169488      4.740798436106      2.340089149739
   20     -2.356907120492      0.015668461908      2.344056124651
   20      2.298371543411      2.318902060030      4.735699660137
   20      4.667955529621      4.713955421880      4.695085935830
   12      0.075292958910      0.005264480730      4.736048154689
   20     -2.375845730473      2.358420751366      0.011845826245
   12      0.018145814683      4.752590888968      0.024511271952
   12     -4.780410196645     -0.037783165943     -0.001762113403
   20     -0.003642622111     -2.313745857947     -2.327914961133
   12      2.269265733123      0.021107192776     -2.334759564391
   20     -2.340854990344     -4.691951767269     -2.340260906248
   12      2.300239848566     -2.333497165866      0.070160528757
   20      4.700897824531     -0.020074288043      0.010959760567
   12      0.078326311338     -4.675705048741      0.058878788460
   12     -2.353465678363     -2.336776767093     -4.770043685477
   12      0.008091385252     -0.041678870346     -4.701573928538
   12     -4.721118713376     -4.729610492281     -4.745688114257
    8      0.080758202548      0.002479268308     -2.370030737806
    8      2.309746539974      2.275919666345     -2.395626750753
    8     -2.344536937742     -2.332967180871     -2.367919867607
    8      2.335450181905     -0.061728658680     -0.043688580941
    8      4.718624620787      2.337249335862      0.011313245239
    8      0.076338084212     -2.396423562125      0.004795861996
    8      4.737924917651     -0.056078827432      2.353082676823
    8      7.062195235658      2.255989666147      2.279711724639
    8      2.422250197229     -2.397210821680      2.281086347690
    8     -0.001346882561      2.380914796894     -0.025876859403
    8      2.274021524315      4.744986488021      0.006761409509
    8     -2.384851492139     -0.004947475291      0.013542179347
    8      2.331484763286      2.344230104896      2.339594818425
    8      4.665681593915      4.685787145115      2.341861440219
    8      0.007459433360     -0.009712523852      2.324701389356
    8      4.655466548495      2.337938923686      4.709550511374
    8      7.001257008871      4.749850664027      4.723800430954
    8      2.245928364283     -0.009402181163      4.724144879028
    8     -0.046896559629      4.756809918844      2.276877483848
    8      2.247642028323      7.084077261171      2.338003574612
    8     -2.385178398528      2.374302596426      2.315389382326
    8      2.348202798443      4.738539175331      4.747787377781
    8      4.687569390191      7.002808389815      4.678945392550
    8      0.016079910508      2.258433971293      4.707458797221
    8      4.701577835621      4.663468101301      7.095557826403
    8      7.141284827019      6.972298445025      7.009703228788
    8      2.210402792326      2.329688872862      7.128722013014
    0    0
