   3   1   1 E -1.6031082171191E+04 DE 2.7E-10( 11)
 -0.984586123935E-02  0.695457783162E+01  0.699053196518E+01
  0.699760078512E+01 -0.281222267917E-01  0.701443743543E+01
  0.695799339258E+01  0.694679694799E+01  0.321269846658E-02
    1
  0.100000000000E+01  0.000000000000E+00  0.000000000000E+00
  0.000000000000E+00  0.100000000000E+01  0.000000000000E+00
  0.000000000000E+00  0.000000000000E+00  0.100000000000E+01
  0.000000000000E+00  0.000000000000E+00  0.000000000000E+00
   54
   20     -0.008201974105     -0.012495682981     -0.014270798251
   20      2.312247517828      2.329904934545     -0.011658206703
   20     -2.319284476476     -2.283150350221     -0.015091511777
   20      2.296074709499     -0.041070271278      2.371539246556
   20      4.653535676489      2.296148252190      2.353254542075
   20      0.040268112006     -2.322357796397      2.361507781590
   20     -2.352554998697      0.002589899493     -2.348994528632
   20      0.000046519106      2.327920658878     -2.365148339911
   12     -4.675044561184     -2.311016072596     -2.344270904449
   20     -0.042954964926      2.293029483483      2.368253224464
   20      2.286210401411      4.674128323670      2.367189608882
   12     -2.281712760840      0.057046891111      2.324241512894
   12      2.363963508843      2.177854012979      4.620584720121
   20      4.630494154008      4.619246195297      4.675104262434
   12      0.103958302321     -0.072342084759      4.626864726855
   12     -2.446591145117      2.346210841226     -0.005184978845
   20     -0.024209723671      4.666830188554     -0.011035642668
   20     -4.640334034254      0.094032823101     -0.012097895842
   12      0.005933843086     -2.286953067310     -2.335974150584
   20      2.302510418265     -0.014349600260     -2.338992135208
   20     -2.311150125261     -4.645357559932     -2.355107387963
   12      2.306329847070     -2.393228635887     -0.029166518316
   20      4.669169119270     -0.035791639644      0.014978072449
   20      0.109878862749     -4.625596283865     -0.012770469558
   20     -2.374173262807     -2.361133654522     -4.677634346468
   12     -0.006554076514      0.114529090156     -4.589117327027
   12     -4.570217267885     -4.662506275839     -4.603692539523
    8     -0.016410361374     -0.056313378911     -2.403382519994
    8      2.327561576420      2.362932058948     -2.395629692829
    8     -2.345649626196     -2.324422744316     -2.381705160396
    8      2.311538227608     -0.053511623863     -0.000663049538
    8      4.662228040594      2.314913069341     -0.001927804799
    8      0.061581519235     -2.314838347979     -0.052844550177
    8      4.681191756792     -0.035535889950      2.354483105172
    8      7.052013171898      2.255443925866      2.351862260395
    8      2.322008162553     -2.414730831754      2.359003994316
    8     -0.051472035704      2.324168270908     -0.013202169596
    8      2.304274635426      4.673320332265     -0.025198260496
    8     -2.320313352459      0.084572179564      0.032635038131
    8      2.305830759667      2.319159868210      2.391990504110
    8      4.642960999025      4.678802846107      2.355774539753
    8     -0.035340457215     -0.015429818081      2.380993752886
    8      4.598238492960      2.299747988236      4.686913488597
    8      7.021590392149      4.668215172681      4.671710936783
    8      2.260505207473     -0.011862391723      4.683899504951
    8     -0.047127244369      4.685980530355      2.388351348478
    8      2.314981123026      7.054720807030      2.357632647547
    8     -2.435778668333      2.189726634827      2.259831373008
    8      2.245300854755      4.565634689404      4.720355337179
    8      4.685079510573      6.929949467223      4.668248246109
    8      0.075018193996      2.306488870327      4.652290771800
    8      4.598133257896      4.554857609464      6.986164695744
    8      7.002373168947      6.965633918040      6.998018693886
    8      2.507912498515      2.489890656262      6.997902398222
    0    0
