   3   1   1 E -1.6031076001042E+04 DE-5.3E-10( 11)
 -0.101156730888E-01  0.703404099445E+01  0.701079705470E+01
  0.697513936079E+01  0.439571834940E-01  0.695162349540E+01
  0.702980079071E+01  0.702225522427E+01 -0.435566498207E-02
    1
  0.100000000000E+01  0.000000000000E+00  0.000000000000E+00
  0.000000000000E+00  0.100000000000E+01  0.000000000000E+00
  0.000000000000E+00  0.000000000000E+00  0.100000000000E+01
  0.000000000000E+00  0.000000000000E+00  0.000000000000E+00
   54
   20      0.016381653664      0.001819529528     -0.047968215699
   20      2.315767068802      2.398375274550     -0.051217532582
   20     -2.356642758904     -2.376067299719     -0.032236948465
   20      2.307581797378     -0.007147998650      2.338581356384
   20      4.719379487143      2.330360998164      2.331199769207
   20      0.032418852478     -2.380522066717      2.357811096300
   20     -2.345628926392     -0.007700087352     -2.329622742709
   12      0.209281591878      2.393474550561     -2.239689326372
   12     -4.753298262511     -2.468401806976     -2.369733001049
   20     -0.011859117068      2.347036216809      2.363675190659
   20      2.303524011384      4.707766238004      2.332937300935
   12     -2.336554514019      0.043793480658      2.401240871862
   12      2.266089892258      2.396323077479      4.722882547758
   20      4.716626136696      4.672371492725      4.695265813130
   20     -0.022980903840      0.035677526437      4.706705150477
   20     -2.376647144425      2.362466180563      0.002066188392
   12      0.035087642454      4.673565972957     -0.079206211373
   20     -4.726729446246     -0.001655448537      0.003415115954
   20      0.012144347423     -2.400763816689     -2.331422819231
   20      2.321803011881      0.047085686851     -2.381110722414
   12     -2.263301804423     -4.657768413126     -2.383006730487
   12      2.262296256559     -2.411456398024     -0.047114362238
   20      4.715674603450      0.014440081730     -0.048854311958
   12      0.000420150136     -4.639787219599      0.015684995287
   20     -2.349683167422     -2.373524316204     -4.660783034790
   12      0.142423334087      0.019192879727     -4.560305885252
   20     -4.706714902827     -4.701676011349     -4.648023001705
    8      0.000443194305      0.077132244481     -2.404940876571
    8      2.337210115880      2.462589749337     -2.345137425769
    8     -2.418434451352     -2.455986748505     -2.340608579405
    8      2.334270326226     -0.022703279964     -0.064475260552
    8      4.764296318272      2.351906364083     -0.083786777125
    8      0.074999089768     -2.437958305614     -0.006393996335
    8      4.717830939828      0.016788527397      2.315463396029
    8      7.001145347987      2.219408299123      2.307834124863
    8      2.299778230367     -2.337642539739      2.331744912831
    8     -0.026087563520      2.419256420205     -0.073663652557
    8      2.223077917300      4.679686663060     -0.111099922299
    8     -2.318960075954     -0.005700186725      0.031858499260
    8      2.345934925157      2.361652120446      2.375521879397
    8      4.705213244596      4.733137264275      2.343216239415
    8     -0.063416457011     -0.000516995768      2.317798069792
    8      4.639595979006      2.360327237293      4.644547512764
    8      7.172071444469      4.617951458949      4.773816976059
    8      2.262647570497      0.020003302094      4.670804222614
    8     -0.013728187128      4.730715509095      2.295163476785
    8      2.312816710178      7.032596962613      2.350177299521
    8     -2.345751350768      2.286881938203      2.416835383863
    8      2.341549428230      4.627022893443      4.746264095360
    8      4.672147879331      7.105080637741      4.596049359501
    8      0.033314270942      2.353619143805      4.772326991911
    8      4.666614081502      4.710938276188      6.977363300662
    8      6.996225729385      7.064852501402      7.031102899250
    8      2.135046605759      2.462822549240      6.882339283730
    0    0
