   3   1   1 E -1.6031085869651E+04 DE-1.1E-09( 10)
  0.129695304758E-01  0.702855387388E+01  0.703460841548E+01
  0.696363130425E+01  0.122290431053E-01  0.702805386952E+01
  0.698141475603E+01  0.703415995481E+01  0.229621954283E-03
    1
  0.100000000000E+01  0.000000000000E+00  0.000000000000E+00
  0.000000000000E+00  0.100000000000E+01  0.000000000000E+00
  0.000000000000E+00  0.000000000000E+00  0.100000000000E+01
  0.000000000000E+00  0.000000000000E+00  0.000000000000E+00
   54
   20      0.045505260046      0.001550338247     -0.048204117992
   20      2.319487360157      2.316436543012     -0.063511816214
   20     -2.332975656321     -2.355732781784     -0.030189030109
   20      2.330565589032     -0.005228862038      2.412217130451
   20      4.693495887448      2.290765307516      2.372866928351
   20      0.056112577869     -2.378202712126      2.407247876967
   20     -2.298686668170      0.000229473893     -2.331157538292
   12      0.101478496031      2.311971637228     -2.417414322664
   12     -4.755462676858     -2.396448040807     -2.371086110723
   20      0.021739096617      2.352368808060      2.406588024158
   20      2.272360778146      4.725763752552      2.418805085837
   20     -2.356329855001      0.022894833119      2.386662490658
   12      2.206992938233      2.338956773460      4.656517859803
   20      4.646873390817      4.719234617395      4.698964778882
   12      0.052684298181     -0.008916691964      4.699876622319
   20     -2.339590327161      2.347625699215     -0.029372698082
   20      0.006740561648      4.726381115708     -0.055345499893
   20     -4.726348736685      0.027251026878     -0.045081765982
   12      0.124150129921     -2.272901977261     -2.358341236720
   12      2.287452605516      0.050440489832     -2.354539817446
   20     -2.355415365918     -4.723009446175     -2.340096147279
   20      2.324779949638     -2.346331907090     -0.051071551417
   12      4.659237564916     -0.025214865452     -0.065080874074
   20      0.016659078796     -4.740570065233     -0.041557046239
   20     -2.320872820628     -2.327594577092     -4.657307932057
   12     -0.015356766530      0.163939107226     -4.580827556804
   12     -4.644942808789     -4.763080047710     -4.619327842302
    8      0.116475376142      0.046954496981     -2.420215106921
    8      2.191433822275      2.299279885774     -2.447167978215
    8     -2.331871018912     -2.353658591329     -2.335657976384
    8      2.389853036530      0.000653165632     -0.062599124266
    8      4.654077314115      2.261633565540     -0.023091487164
    8      0.011406477109     -2.358828620053     -0.045017615591
    8      4.742109525293      0.006541556749      2.372348453658
    8      7.133420649867      2.208407343288      2.462759978206
    8      2.313400799484     -2.397462484538      2.408577255514
    8      0.023893563061      2.339937327611     -0.051802251402
    8      2.305094563602      4.696842775260     -0.063990830627
    8     -2.329949027151      0.005167282720     -0.013414021087
    8      2.330985930438      2.338367031693      2.415713712307
    8      4.651811344760      4.684141926229      2.379830374883
    8      0.027259312206     -0.003000554684      2.407076819427
    8      4.664315381656      2.342947553833      4.701142181779
    8      7.097822152566      4.700462787975      4.689200805464
    8      2.197002128015      0.016570100494      4.693825169886
    8      0.021578999506      4.769141973311      2.426689305682
    8      2.197874620273      7.143128045134      2.421796227733
    8     -2.379176150281      2.338956697744      2.355313972484
    8      2.203512323290      4.706724485386      4.694784971504
    8      4.654431546772      7.035706797058      4.696939452427
    8      0.106294567981      2.311368239481      4.699853570343
    8      4.653302506395      4.766494862477      7.006065730938
    8      6.848917642266      7.041648120451      6.924330136561
    8      2.295458890243      2.336539604210      6.989487961009
    0    0
