   3   1   1 E -1.6031068741435E+04 DE-7.8E-11( 11)
  0.420828383648E-01  0.693962397088E+01  0.697297185754E+01
  0.700720835998E+01  0.774220415652E-02  0.700001420923E+01
  0.702969632748E+01  0.698236939879E+01 -0.773846051363E-02
    1
  0.100000000000E+01  0.000000000000E+00  0.000000000000E+00
  0.000000000000E+00  0.100000000000E+01  0.000000000000E+00
  0.000000000000E+00  0.000000000000E+00  0.100000000000E+01
  0.000000000000E+00  0.000000000000E+00  0.000000000000E+00
   54
   20     -0.010213076612     -0.009753849314     -0.024175672592
   20      2.344127721767      2.331989258353     -0.023081822353
   20     -2.321344971261     -2.349117730091     -0.024753296405
   20      2.356613035487     -0.038553298882      2.353219196059
   20      4.710492346431      2.302778992039      2.320416374387
   20     -0.003209273367     -2.328430997019      2.344894939779
   20     -2.319238646401     -0.037643529404     -2.362592903405
   20     -0.006517341297      2.349161499256     -2.347328590044
   12     -4.656528705869     -2.270907982745     -2.402686314065
   20     -0.015470383007      2.349061949816      2.365871205254
   20      2.330423199977      4.664278680693      2.337109209235
   20     -2.304685535603     -0.015843729210      2.344691162417
   20      2.333461071463      2.319827762858      4.671054648466
   12      4.696426686574      4.765261077003      4.754987169455
   12      0.040039070472     -0.063135309198      4.783145868187
   12     -2.352886923884      2.402569650919     -0.035962900812
   20     -0.034047641669      4.696851842849     -0.011475641659
   20     -4.699980148486      0.003682699854     -0.019568861129
   12     -0.044235593492     -2.286493935137     -2.294803634299
   20      2.337552195179     -0.013908107851     -2.322275995802
   20     -2.318018249992     -4.644016285020     -2.310651078876
   20      2.347785761393     -2.334235888520     -0.009348212433
   12      4.621409376610     -0.190324506493     -0.123621564248
   12     -0.053021929348     -4.722982452400     -0.047568567989
   12     -2.299686661143     -2.266778377005     -4.631552160859
   12     -0.004646372553      0.000966843307     -4.627284706319
   20     -4.688204000150     -4.629143708846     -4.666560976659
    8      0.003574451192     -0.047038624986     -2.372554534694
    8      2.346168135948      2.366063169358     -2.334386740277
    8     -2.288968225140     -2.343032960361     -2.347886270240
    8      2.362372758602     -0.009321872575     -0.022444028577
    8      4.733958866899      2.273704317500     -0.011535962906
    8     -0.001151919365     -2.374823087046     -0.049553546219
    8      4.739359959078     -0.061853864412      2.298450221951
    8      7.019675752647      2.300824303033      2.297229131790
    8      2.364563467978     -2.315965634309      2.363174282561
    8     -0.032485852207      2.353910263220     -0.016437985387
    8      2.336818590942      4.668929932174     -0.027870441987
    8     -2.326440985398      0.006910388969     -0.018588568803
    8      2.341591910362      2.322661277116      2.345888435347
    8      4.694064478161      4.642480832442      2.337675857083
    8     -0.003995156232     -0.011814464385      2.353369394370
    8      4.686565613463      2.364639998955      4.685380616606
    8      7.021317906144      4.739275920633      4.666253894891
    8      2.304166982270     -0.072413833393      4.676897668815
    8     -0.074268508305      4.745597311114      2.396321360333
    8      2.339460279718      6.962388315326      2.324564474954
    8     -2.306307164479      2.359980974153      2.304730350434
    8      2.363313928228      4.632904272505      4.665057477651
    8      4.770269282751      6.892345520473      4.717224002165
    8      0.013849898561      2.327272862431      4.724694927041
    8      4.688523367131      4.637167855507      6.964059146036
    8      6.912771178330      7.033364848754      6.951404531270
    8      2.360279857708      2.304491490191      6.982399660639
    0    0
