   3   1   1 E -1.6031034188202E+04 DE 1.3E-09(  2)
  0.772428630369E-02  0.703177986700E+01  0.702507156307E+01
  0.703413676170E+01 -0.642531852759E-03  0.702559201077E+01
  0.703969742064E+01  0.703142913646E+01  0.389807243691E-03
    1
  0.100000000000E+01  0.000000000000E+00  0.000000000000E+00
  0.000000000000E+00  0.100000000000E+01  0.000000000000E+00
  0.000000000000E+00  0.000000000000E+00  0.100000000000E+01
  0.000000000000E+00  0.000000000000E+00  0.000000000000E+00
   54
   20      0.000000000000      0.000000000000      0.000000000000
   20      2.346565806879      2.343809712153      0.000129935748
   20     -2.346565806879     -2.343809712153     -0.000129935748
   20      2.344712253899     -0.000214177284      2.341864003588
   20      4.691278060779      2.343595534869      2.341993939336
   20     -0.001853552980     -2.344023889438      2.341734067841
   20     -2.344712253899      0.000214177284     -2.341864003588
   20      0.001853552980      2.344023889438     -2.341734067841
   12     -4.691278060779     -2.343595534869     -2.341993939336
   20      0.002574762101      2.343926622333      2.341690521025
   20      2.349140568981      4.687736334486      2.341820456772
   20     -2.343991044778      0.000116910179      2.341560585277
   20      2.347287016000      2.343712445048      4.683554524613
   12      4.693852822880      4.687522157202      4.683684460361
   20      0.000721209121     -0.000097267105      4.683424588865
   12     -2.342137491798      2.344140799617     -0.000173482564
   12      0.004428315081      4.687950511770     -0.000043546816
   12     -4.688703298677      0.000331087464     -0.000303418312
   12     -0.002574762101     -2.343926622333     -2.341690521025
   12      2.343991044778     -0.000116910179     -2.341560585277
   12     -2.349140568981     -4.687736334486     -2.341820456772
   20      2.342137491798     -2.344140799617      0.000173482564
   12      4.688703298677     -0.000331087464      0.000303418312
   20     -0.004428315081     -4.687950511770      0.000043546816
   20     -2.347287016000     -2.343712445048     -4.683554524613
   20     -0.000721209121      0.000097267105     -4.683424588865
   20     -4.693852822880     -4.687522157202     -4.683684460361
    8     -0.000360604561      0.000048633552     -2.341712294433
    8      2.346205202319      2.343858345706     -2.341582358685
    8     -2.346926411440     -2.343761078601     -2.341842230180
    8      2.344351649339     -0.000165543732      0.000151709156
    8      4.690917456218      2.343644168422      0.000281644904
    8     -0.002214157541     -2.343975255885      0.000021773408
    8      4.689063903241     -0.000379721016      2.342015712747
    8      7.035629710119      2.343429991137      2.342145648495
    8      2.342498096361     -2.344189433169      2.341885776998
    8      0.002214157541      2.343975255885     -0.000021773408
    8      2.348779964421      4.687784968040      0.000108162340
    8     -2.344351649339      0.000165543732     -0.000151709156
    8      2.346926411440      2.343761078601      2.341842230180
    8      4.693492218320      4.687570790755      2.341972165928
    8      0.000360604561     -0.000048633552      2.341712294433
    8      4.691638665341      2.343546901317      4.683706233771
    8      7.038204472221      4.687356613471      4.683836169519
    8      2.345072858461     -0.000262810837      4.683576298022
    8      0.004788919642      4.687901878217      2.341668747616
    8      2.351354726524      7.031711590372      2.341798683364
    8     -2.341776887237      2.344092166064      2.341538811869
    8      2.349501173541      4.687687700933      4.683532751204
    8      4.696066980422      7.031497413088      4.683662686952
    8      0.002935366662      2.343877988780      4.683402815457
    8      4.694213427441      4.687473523649      7.025396754794
    8      7.040779234322      7.031283235804      7.025526690542
    8      2.347647620561      2.343663811496      7.025266819046
    0    0
