   3   1   1 E -1.6031105491644E+04 DE 2.4E-09(  9)
  0.100694042643E-01  0.702636011951E+01  0.701104592178E+01
  0.700210559187E+01  0.909055730354E-02  0.701761814416E+01
  0.699096678973E+01  0.702863385245E+01  0.133910845461E-01
    1
  0.100000000000E+01  0.000000000000E+00  0.000000000000E+00
  0.000000000000E+00  0.100000000000E+01  0.000000000000E+00
  0.000000000000E+00  0.000000000000E+00  0.100000000000E+01
  0.000000000000E+00  0.000000000000E+00  0.000000000000E+00
   54
   20     -0.005696223067     -0.036091370970     -0.046682223004
   20      2.333569463818      2.348161260545     -0.027341094683
   20     -2.334613318309     -2.327407319982     -0.021271472369
   20      2.339848943564     -0.033032958675      2.354135404673
   20      4.674348616162      2.343816593423      2.338829284536
   20      0.035987575355     -2.338680385740      2.295506327673
   20     -2.366078643653     -0.042051389101     -2.348795299448
   20      0.048226189033      2.336569139610     -2.367732377049
   12     -4.632585974487     -2.300236502754     -2.300885138403
   20     -0.037866025224      2.354586285124      2.391988367603
   20      2.316887297400      4.719049862362      2.397108048108
   12     -2.402083159475     -0.035385235671      2.348794077566
   12      2.281362945616      2.373543014878      4.772239282058
   20      4.611469412703      4.696032388189      4.683720788799
   20      0.021276607248      0.036087448645      4.674917891304
   20     -2.407423937802      2.325833432115      0.048232915215
   20     -0.008262541450      4.695988620847     -0.008030233145
   12     -4.675179093242     -0.023465965009     -0.168074444132
   12      0.146286667364     -2.335378411083     -2.229048098579
   12      2.341716016518     -0.048298877038     -2.305879841059
   20     -2.335551368451     -4.660071208597     -2.359612095841
   12      2.291259672912     -2.308044517067     -0.059313119389
   20      4.653973902533     -0.009827369078      0.009677621049
   12      0.116695966893     -4.663628073284     -0.056905334428
   12     -2.397964246510     -2.322182448765     -4.594092682228
   20      0.035542116499     -0.025282908108     -4.665079817423
   20     -4.643963696085     -4.690769929654     -4.716550387478
    8      0.115186401166     -0.103571514165     -2.332965252874
    8      2.320968631923      2.373493475239     -2.326706657141
    8     -2.413844202047     -2.344365786976     -2.457828006927
    8      2.327899220065     -0.083935582429     -0.109940007803
    8      4.732272064512      2.346411991219      0.005534573996
    8      0.101177734658     -2.425648693383     -0.071877843303
    8      4.674358174410     -0.078317382587      2.333130542834
    8      7.000617544246      2.349985566070      2.264786994451
    8      2.427691268875     -2.335870840093      2.350016984345
    8      0.010548745360      2.341230170260      0.013558400823
    8      2.315229900061      4.777176123073     -0.084409538783
    8     -2.435580078863     -0.004706375741     -0.004901516079
    8      2.335547727969      2.343870778621      2.419688530676
    8      4.665445178793      4.778305728007      2.340992532051
    8     -0.073116529185      0.001557727058      2.323195430030
    8      4.582116107431      2.349569822377      4.678224631008
    8      7.071828450138      4.693047838064      4.683302994882
    8      2.322268829861     -0.032546793504      4.760210699165
    8     -0.067971515460      4.674507090964      2.419124268963
    8      2.456924702420      7.019291111668      2.419670503055
    8     -2.328837271565      2.323828548308      2.341066194958
    8      2.268273975746      4.684115410806      4.795497886490
    8      4.565734525022      7.021379507323      4.599275314702
    8      0.126025276146      2.459775609080      4.775868206678
    8      4.551694598132      4.685314444091      7.092535582788
    8      7.116725975584      7.117702909053      7.028368282338
    8      2.243769435135      2.326946324166      6.893972095917
    0    0
