   3   1   1 E -1.6031053325465E+04 DE 1.6E-10( 11)
  0.233401581459E-03  0.701243138537E+01  0.699938956273E+01
  0.701501595918E+01 -0.363098798979E-02  0.700884184892E+01
  0.700992803823E+01  0.702356597104E+01 -0.543012569516E-02
    1
  0.100000000000E+01  0.000000000000E+00  0.000000000000E+00
  0.000000000000E+00  0.100000000000E+01  0.000000000000E+00
  0.000000000000E+00  0.000000000000E+00  0.100000000000E+01
  0.000000000000E+00  0.000000000000E+00  0.000000000000E+00
   54
   20      0.004732588107     -0.013884201157     -0.014697591048
   20      2.339946050674      2.341933898941     -0.006611624183
   20     -2.341950171586     -2.338879883950     -0.005744371767
   20      2.342884172739     -0.009240590485      2.339999344290
   20      4.673163418718      2.341039950340      2.337733180418
   20      0.011326513970     -2.345371380303      2.333276830405
   20     -2.343286907918     -0.006910370756     -2.334714377188
   20      0.007857024686      2.341555288095     -2.340785042754
   12     -4.692382785486     -2.323101291738     -2.333351139095
   20      0.001958623714      2.342231610196      2.345105051237
   20      2.336539952621      4.686821903271      2.342624800140
   12     -2.359502098838     -0.010269588046      2.335534863975
   12      2.306314747683      2.354274469531      4.707050227727
   20      4.670249082018      4.682054049548      4.678622781157
   20      0.009036469345      0.002088724650      4.680804716494
   20     -2.346209775881      2.338842716524     -0.001182890550
   20      0.002474611067      4.687631204228     -0.001893959533
   12     -4.691468333306      0.004420826777     -0.026715765179
   12      0.003456213860     -2.390102010809     -2.244958861985
   12      2.319555506435     -0.023667884682     -2.346947496243
   20     -2.337305408476     -4.673965192167     -2.331720764230
   12      2.338856486687     -2.395914970909     -0.088609897262
   20      4.671376879676     -0.000725275201      0.003519980688
   12      0.012843125029     -4.594348530924     -0.080517336036
   12     -2.317574450445     -2.333034047329     -4.637882390370
   20      0.005703580192      0.001703122257     -4.665475158338
   20     -4.670885956178     -4.675840452028     -4.674637242834
    8      0.012323677778     -0.014493111924     -2.338757159604
    8      2.339372327774      2.344895923710     -2.341998260250
    8     -2.353848270627     -2.338190070179     -2.354640406654
    8      2.340994766938     -0.014944956230     -0.014431078136
    8      4.677136059124      2.344622056009     -0.002226099131
    8      0.004550641929     -2.366209903656     -0.026124938013
    8      4.674217551633     -0.009545827563      2.339532353625
    8      7.015639328699      2.340169380510      2.328102671176
    8      2.360153907002     -2.342959132989      2.341807912202
    8      0.007266000184      2.339332657694     -0.002606199551
    8      2.334735116326      4.697074831153     -0.009699521208
    8     -2.348659018582     -0.005616211437     -0.004753071622
    8      2.340628358381      2.340622138254      2.348545019690
    8      4.673601633848      4.689613034004      2.336075880575
    8     -0.002163560314     -0.006708696166      2.336705742339
    8      4.665941241490      2.338653775416      4.677529580407
    8      7.025367403476      4.683121274188      4.672419120506
    8      2.341816564852     -0.003615799630      4.688041617006
    8     -0.004273189004      4.683493489420      2.342564388985
    8      2.355835826418      7.020058667818      2.343329495507
    8     -2.338764549150      2.338235219418      2.333444571783
    8      2.327432885165      4.670389037093      4.711008500693
    8      4.662560170716      7.014952784894      4.660143724890
    8      0.017103636469      2.359479483711      4.691568718568
    8      4.668298904760      4.678787878096      7.015144765530
    8      7.025745202226      7.028235231707      7.011353096221
    8      2.332576518819      2.346853410674      6.962699493329
    0    0
