   3   1   1 E -1.6031083417412E+04 DE 1.1E-09( 11)
 -0.379184214187E-02  0.699229608306E+01  0.697810705707E+01
  0.703136496271E+01 -0.380910325266E-02  0.697810705707E+01
  0.702757312057E+01  0.698848697981E+01  0.000000000000E+00
    2
  0.100000000000E+01  0.000000000000E+00  0.000000000000E+00
  0.000000000000E+00  0.100000000000E+01  0.000000000000E+00
  0.000000000000E+00  0.000000000000E+00  0.100000000000E+01
  0.000000000000E+00  0.000000000000E+00  0.000000000000E+00
 -0.100000000000E+01  0.000000000000E+00  0.000000000000E+00
  0.000000000000E+00 -0.100000000000E+01  0.000000000000E+00
  0.000000000000E+00  0.000000000000E+00  0.100000000000E+01
  0.000000000000E+00  0.000000000000E+00  0.000000000000E+00
   54
   20      0.000000000000      0.000000000000     -0.040068464133
   20      2.320464027959      2.376642613444     -0.056421291727
   20     -2.320464027959     -2.376642613444     -0.056421291727
   20      2.341090368681     -0.042105947766      2.362458216444
   20      4.725573666281      2.327214403532      2.330213629675
   20      0.045297940274     -2.368579250102      2.384942492200
   20     -2.326516202867     -0.050991372526     -2.349830781400
   12      0.029197146000      2.418908514817     -2.344786477259
   12     -4.746880771308     -2.227993499542     -2.420466323188
   20     -0.045297940274      2.368579250102      2.384942492200
   20      2.301999454287      4.661272576277      2.330213629675
   20     -2.341090368681      0.042105947766      2.362458216444
   20      2.298327123939      2.319931315973      4.670800607058
   20      4.729245996629      4.668555663837      4.670800607058
   12     -0.000000000000     -0.000000000000      4.703657470552
   20     -2.331602642217      2.372099632595      0.024821510739
   12     -0.009632169444      4.658893537912     -0.060437433382
   20     -4.731097621435     -0.004037824816     -0.029299575914
   12     -0.029197146000     -2.418908514817     -2.344786477259
   20      2.326516202867      0.050991372526     -2.349830781400
   12     -2.280692349259     -4.760493480268     -2.420466323188
   20      2.331602642217     -2.372099632595      0.024821510739
   20      4.731097621435      0.004037824816     -0.029299575914
   12      0.009632169444     -4.658893537912     -0.060437433382
   12     -2.355243157038     -2.411201720952     -4.568894695552
   20      0.000000000000      0.000000000000     -4.654914674608
   12     -4.672329963529     -4.577285258857     -4.568894695552
    8      0.000000000000      0.000000000000     -2.342634816401
    8      2.331622650163      2.477918139482     -2.427205003014
    8     -2.331622650165     -2.477918139484     -2.427205003014
    8      2.341518906941      0.005444894426     -0.015799892566
    8      4.745486078176      2.339242356039     -0.085496228684
    8      0.013572320542     -2.414141274281     -0.040068460366
    8      4.704734612065     -0.048540276145      2.322873222901
    8      7.099661472920      2.338942861378      2.365494366776
    8      2.407094100864     -2.429213227880      2.435669843742
    8     -0.013572320542      2.414141274281     -0.040068460366
    8      2.282087042391      4.649244623771     -0.085496228684
    8     -2.341518906941     -0.005444894426     -0.015799892566
    8      2.324556975301      2.335804176208      2.337554042536
    8      4.703016145268      4.652682803604      2.337554042536
    8     -0.000000000000     -0.000000000000      2.384942504697
    8      4.731265368331      2.338740809556      4.669740668438
    8      7.107362674221      4.679597862265      4.742582818800
    8      2.292933641642     -0.061333748627      4.671860548572
    8     -0.072088352353      4.649544118431      2.365494366776
    8      2.322838508504      7.037027255955      2.322873222901
    8     -2.407094100864      2.429213227879      2.435669843742
    8      2.296307752236      4.649746170251      4.669740668438
    8      4.734639478926      7.049820728437      4.671860548571
    8     -0.079789553656      2.308889117543      4.742582818799
    8      4.741971296715      4.657657831899      7.006534377510
    8      7.027573120569      6.988486979810      6.898301128896
    8      2.285601823849      2.330829147904      7.006534377510
    0    0
