   3   1   1 E -1.6031033660811E+04 DE 1.4E-09(  2)
  0.548364234716E-02  0.703022135102E+01  0.702575404793E+01
  0.703001314504E+01 -0.133891968643E-02  0.702600672199E+01
  0.703787549334E+01  0.703076843197E+01 -0.167946432569E-02
    1
  0.100000000000E+01  0.000000000000E+00  0.000000000000E+00
  0.000000000000E+00  0.100000000000E+01  0.000000000000E+00
  0.000000000000E+00  0.000000000000E+00  0.100000000000E+01
  0.000000000000E+00  0.000000000000E+00  0.000000000000E+00
   54
   20      0.000000000000      0.000000000000      0.000000000000
   20      2.345958497781      2.343589477324     -0.000559821442
   20     -2.345958497781     -2.343589477324      0.000559821442
   20      2.343337715013     -0.000446306562      2.342002240665
   20      4.689296212795      2.343143170762      2.341442419223
   20     -0.002620782768     -2.344035783886      2.342562062106
   20     -2.343337715013      0.000446306562     -2.342002240665
   20      0.002620782768      2.344035783886     -2.342562062106
   12     -4.689296212795     -2.343143170762     -2.341442419223
   20      0.001827880782      2.343407117006      2.341918015975
   20      2.347786378564      4.686996594330      2.341358194533
   12     -2.344130616999     -0.000182360318      2.342477837417
   12      2.345165595796      2.342960810444      4.683920256640
   12      4.691124093577      4.686550287768      4.683360435198
   20     -0.000792901986     -0.000628666881      4.684480078082
   20     -2.341509834231      2.343853423568     -0.000084224689
   20      0.004448663550      4.687442900892     -0.000644046131
   20     -4.687468332012      0.000263946244      0.000475596752
   12     -0.001827880782     -2.343407117006     -2.341918015975
   12      2.344130616999      0.000182360318     -2.342477837417
   20     -2.347786378564     -4.686996594330     -2.341358194533
   12      2.341509834231     -2.343853423568      0.000084224689
   12      4.687468332012     -0.000263946244     -0.000475596752
   12     -0.004448663550     -4.687442900892      0.000644046131
   20     -2.345165595796     -2.342960810444     -4.683920256640
   20      0.000792901986      0.000628666881     -4.684480078082
   20     -4.691124093577     -4.686550287768     -4.683360435198
    8      0.000396450993      0.000314333440     -2.342240039041
    8      2.346354948772      2.343903810762     -2.342799860483
    8     -2.345562046789     -2.343275143884     -2.341680217599
    8      2.343734166006     -0.000131973122     -0.000237798376
    8      4.689692663786      2.343457504201     -0.000797619818
    8     -0.002224331775     -2.343721450446      0.000322023066
    8      4.687071881018     -0.000578279684      2.341764442287
    8      7.033030378799      2.343011197639      2.341204620845
    8      2.341113383237     -2.344167757008      2.342324263729
    8      0.002224331775      2.343721450446     -0.000322023066
    8      2.348182829554      4.687310927768     -0.000881844508
    8     -2.343734166006      0.000131973122      0.000237798376
    8      2.345562046789      2.343275143884      2.341680217599
    8      4.691520544568      4.686864621206      2.341120396157
    8     -0.000396450993     -0.000314333440      2.342240039041
    8      4.688899761801      2.342828837322      4.683682458263
    8      7.034858259581      4.686418314645      4.683122636821
    8      2.342941264021     -0.000760640002      4.684242279705
    8      0.004052212558      4.687128567454      2.341595992912
    8      2.350010710337      7.030718044776      2.341036171470
    8     -2.341906285224      2.343539090130      2.342155814353
    8      2.347389927571      4.686682260892      4.683598233576
    8      4.693348425350      7.030271738214      4.683038412134
    8      0.001431429790      2.343092783567      4.684158055017
    8      4.690727642584      4.686235954328      7.025600474239
    8      7.036686140364      7.029825431652      7.025040652797
    8      2.344769144802      2.342646477004      7.026160295681
    0    0
