   3   1   1 E -1.6031092271033E+04 DE-5.7E-10( 11)
  0.161583465836E-01  0.700367904671E+01  0.700872182326E+01
  0.703311295710E+01 -0.112042782998E-02  0.701839817615E+01
  0.703813455596E+01  0.701257728506E+01 -0.115281932979E-03
    1
  0.100000000000E+01  0.000000000000E+00  0.000000000000E+00
  0.000000000000E+00  0.100000000000E+01  0.000000000000E+00
  0.000000000000E+00  0.000000000000E+00  0.100000000000E+01
  0.000000000000E+00  0.000000000000E+00  0.000000000000E+00
   54
   20     -0.000179084706     -0.012769570120     -0.054225814253
   20      2.365156392493      2.329914254361     -0.053804412352
   20     -2.323215262018     -2.365993020709     -0.067681796152
   20      2.369326647281     -0.020284520767      2.410362703460
   20      4.683390689424      2.346840674361      2.360869623786
   20      0.015590546804     -2.344361229331      2.353393137106
   20     -2.362142077851     -0.020724937859     -2.322510024954
   20      0.015569724688      2.351544641576     -2.331739679063
   12     -4.636346111838     -2.386661353252     -2.370166342432
   20     -0.035251346103      2.371156502787      2.390964900322
   20      2.350603988896      4.679584514468      2.392499606218
   20     -2.359973894542      0.032050813516      2.362606222632
   12      2.413387384328      2.394281078262      4.744334576102
   12      4.644495447230      4.625129498713      4.668348297106
   20     -0.025681022973      0.041802868734      4.701420262705
   12     -2.343722664469      2.444528296864     -0.060584203436
   20     -0.030292304275      4.669045813881     -0.011924961908
   20     -4.681334826649      0.047868252009     -0.043872893983
   12      0.049924505175     -2.405490451120     -2.315037765257
   12      2.383113203086     -0.052955834675     -2.333931691468
   12     -2.397113687150     -4.632776556295     -2.333268139770
   20      2.363845137094     -2.373827197465     -0.059988267309
   20      4.677607616533     -0.022985868168     -0.033626923615
   12     -0.177914458247     -4.591611939072     -0.080698446485
   12     -2.343072848127     -2.429022604432     -4.605408916699
   20      0.001435551072     -0.020427549490     -4.647387722788
   20     -4.651171025036     -4.657616231642     -4.659388074004
    8      0.074015741749     -0.081617265767     -2.326950522603
    8      2.452926176451      2.355750381217     -2.335897166339
    8     -2.386891820007     -2.439504064393     -2.429058609812
    8      2.357769285523     -0.010904853523     -0.054496206323
    8      4.764960974255      2.333317548384     -0.070396003039
    8      0.008963268205     -2.430017774043     -0.073254382975
    8      4.690069244829     -0.059378901380      2.362402720196
    8      7.031288442896      2.342436811445      2.312415496504
    8      2.418176224417     -2.341789715025      2.405199410163
    8     -0.058647786529      2.335135942709     -0.017585397689
    8      2.348763781499      4.675623708440     -0.079924419910
    8     -2.336118996972      0.040970516559     -0.024658299533
    8      2.343702173951      2.339389275802      2.407232841764
    8      4.707132279267      4.672717818787      2.396685068984
    8     -0.009367722168      0.011267997925      2.360912168306
    8      4.615366911903      2.432599136991      4.734618327327
    8      7.025579611086      4.680458136091      4.679574154481
    8      2.347033315319      0.010985148658      4.690205114467
    8     -0.046921028988      4.665538001936      2.415956033965
    8      2.358766060943      7.012181328329      2.377317831647
    8     -2.331955522286      2.434887556715      2.354392658721
    8      2.383085159513      4.639767750660      4.662999632173
    8      4.577984234540      7.011000659068      4.669829933495
    8     -0.038240252569      2.463947413704      4.775111669826
    8      4.698223953281      4.558489840213      6.979112940061
    8      7.032626989640      7.079867866213      7.011603413883
    8      2.398999448575      2.338752956843      6.938619567385
    0    0
