   3   1   1 E -1.6031096188443E+04 DE-3.1E-10( 11)
 -0.943639323418E-03  0.702798623302E+01  0.702798623302E+01
  0.700953762183E+01 -0.474785929616E-02  0.703178744083E+01
  0.700953762183E+01  0.703178744083E+01 -0.474785929616E-02
    2
  0.100000000000E+01  0.000000000000E+00  0.000000000000E+00
  0.000000000000E+00  0.100000000000E+01  0.000000000000E+00
  0.000000000000E+00  0.000000000000E+00  0.100000000000E+01
  0.000000000000E+00  0.000000000000E+00  0.000000000000E+00
  0.100000000000E+01  0.000000000000E+00  0.000000000000E+00
  0.000000000000E+00  0.000000000000E+00  0.100000000000E+01
  0.000000000000E+00  0.100000000000E+01  0.000000000000E+00
  0.000000000000E+00  0.000000000000E+00  0.000000000000E+00
   54
   20      0.016346298582     -0.030223161227     -0.030223161227
   20      2.338110700605      2.371441843081     -0.019996744135
   20     -2.368329048918     -2.325460837587     -0.005074443407
   20      2.338110700605     -0.019996744135      2.371441843081
   20      4.637939474742      2.386369097384      2.386369097384
   20      0.019772383164     -2.362139003303      2.356417960448
   20     -2.368329048918     -0.005074443407     -2.325460837587
   20      0.019772383164      2.356417960448     -2.362139003303
   12     -4.687130957032     -2.347491675977     -2.347491675977
   20      0.005557966341      2.375052094390      2.375052094390
   12      2.334758098189      4.700437192696      2.474375500002
   20     -2.440847762540     -0.018768032836      2.362577844696
   12      2.334758098189      2.474375500002      4.700437192696
   12      4.557261942657      4.667565375183      4.667565375183
   20      0.033329955031     -0.011943591568      4.701487901252
   20     -2.440847762540      2.362577844696     -0.018768032836
   20      0.033329955031      4.701487901252     -0.011943591568
   12     -4.676774889673     -0.063501971032     -0.063501971032
   12      0.116505218631     -2.354338693589     -2.354338693589
   12      2.326293451426     -0.141144384559     -2.344190950545
   20     -2.388076984988     -4.682579676893     -2.362459092792
   12      2.326293451426     -2.344190950545     -0.141144384559
   20      4.653190468177     -0.026275059445     -0.026275059445
   20      0.083189039747     -4.674261833324     -0.018526623823
   20     -2.388076984988     -2.362459092792     -4.682579676893
   20      0.083189039747     -0.018526623823     -4.674261833324
   12     -4.689598292207     -4.625669514436     -4.625669514436
    8      0.118097898527     -0.108498137820     -2.337394424507
    8      2.332456473747      2.409059355070     -2.436172439068
    8     -2.342720549273     -2.346020255180     -2.346020255180
    8      2.339085838293     -0.099491162072     -0.099491162072
    8      4.667969880631      2.343661563187     -0.003222484910
    8      0.118097898527     -2.337394424507     -0.108498137820
    8      4.667969880631     -0.003222484910      2.343661563187
    8      7.122711389986      2.344018299403      2.344018299403
    8      2.332456473747     -2.436172439068      2.409059355070
    8      0.012675790544      2.343126278212     -0.001367311697
    8      2.337191106727      4.777104677264     -0.055042964565
    8     -2.433569560161     -0.003784501115     -0.003784501115
    8      2.331992273616      2.449984113901      2.449984113901
    8      4.570051038815      4.687101474954      2.438898527485
    8      0.012675790544     -0.001367311697      2.343126278212
    8      4.570051038815      2.438898527485      4.687101474954
    8      7.047510439531      4.692341111978      4.692341111978
    8      2.337191106727     -0.055042964565      4.777104677264
    8      0.127178124879      4.684064000283      2.465763604913
    8      2.339719039879      6.974515546163      2.394951894012
    8     -2.414929433295      2.340700802182      2.340700802182
    8      2.345019513046      4.673411495863      4.673411495863
    8      4.575147282136      6.912664690987      4.693337934264
    8      0.127178124879      2.465763604913      4.684064000283
    8      4.575147282136      4.693337934264      6.912664690987
    8      7.115822142331      7.032224957665      7.032224957665
    8      2.339719039879      2.394951894012      6.974515546163
    0    0
