   3   1   1 E -1.6031062968966E+04 DE 3.7E-10( 11)
  0.657242419075E-02  0.694775923942E+01  0.695884373386E+01
  0.699048367562E+01 -0.412055523535E-02  0.696281910831E+01
  0.701348864422E+01  0.696837636657E+01 -0.206643853240E-01
    1
  0.100000000000E+01  0.000000000000E+00  0.000000000000E+00
  0.000000000000E+00  0.100000000000E+01  0.000000000000E+00
  0.000000000000E+00  0.000000000000E+00  0.100000000000E+01
  0.000000000000E+00  0.000000000000E+00  0.000000000000E+00
   54
   20     -0.005046520451     -0.007537218148     -0.039547964952
   20      2.327122553289      2.333186939144     -0.047498943960
   20     -2.355117659622     -2.315809905947     -0.018945672338
   20      2.345974677885     -0.019052776787      2.358211104687
   20      4.646885059341      2.340723122383      2.333242884171
   20     -0.003131798811     -2.336886988049      2.332471342538
   20     -2.366714354269      0.009632101598     -2.284941336059
   20     -0.008497618330      2.350256627885     -2.313495337932
   12     -4.601595850350     -2.329168615130     -2.254405444471
   20     -0.009475329449      2.359491475225      2.339602650930
   20      2.336557222004      4.663585046897      2.327763411176
   20     -2.362319877821      0.007626282349      2.323224618298
   12      2.522291673357      2.422669035246      4.583682268323
   12      4.573674692608      4.478163560336      4.611146844669
   20      0.005737526016     -0.000268321871      4.685082193318
   12     -2.352020110077      2.424767857924     -0.081585460562
   20     -0.006545600521      4.646619222996     -0.012698569715
   12     -4.698269003060      0.082664858904     -0.068167270067
   12      0.068652717507     -2.330940182411     -2.281855839403
   12      2.364256645808     -0.086512922056     -2.305907372222
   20     -2.347173711001     -4.613553264393     -2.314962499955
   20      2.363730497618     -2.378587559463     -0.040602175101
   20      4.658841371697     -0.024538917888     -0.022804498058
   12      0.018019512950     -4.704281470478      0.047092453837
   12     -2.307110145521     -2.409973485940     -4.586436637308
   20      0.008647775684     -0.001048792554     -4.633005880942
   20     -4.666949138772     -4.646632508131     -4.652183807666
    8      0.030372750370     -0.031136938892     -2.317940783348
    8      2.334124092912      2.338428984180     -2.341923585976
    8     -2.352889584390     -2.307555806054     -2.300794408617
    8      2.338029628767     -0.024415533523     -0.048534261889
    8      4.680830961785      2.329922047188     -0.023437047318
    8      0.002727179706     -2.380891356103     -0.054383682245
    8      4.649006859635     -0.033543369533      2.347765471516
    8      6.985732529654      2.330652922747      2.294298932248
    8      2.377693326188     -2.352341047085      2.367763109036
    8     -0.030120006950      2.339632600206     -0.021051603734
    8      2.329277307134      4.699480628582     -0.049212937915
    8     -2.388709214179      0.044843571802     -0.007602280037
    8      2.326847899605      2.335400259090      2.345991868307
    8      4.656877731027      4.652372316064      2.316264027014
    8      0.000784741729     -0.000581277742      2.334567030732
    8      4.575106206471      2.408324513522      4.700919560145
    8      6.998735701941      4.647070150760      4.642217940857
    8      2.321134890189      0.011715983219      4.725497083010
    8     -0.016422770574      4.644716987416      2.355401798224
    8      2.343830757765      6.962444356080      2.305839376071
    8     -2.342565006297      2.378631741783      2.291135033753
    8      2.359623806496      4.636179721071      4.627688623825
    8      4.625688462270      6.921324673823      4.620239352568
    8      0.044999232159      2.380134680604      4.716687076070
    8      4.660199655747      4.531125119018      6.943723174878
    8      7.033179643847      6.988227280832      6.953042486873
    8      2.352929357410      2.239311317692      6.847856640539
    0    0
