   3   1   1 E -1.6031098318117E+04 DE 7.0E-09(  9)
 -0.952326528238E-02  0.701237801509E+01  0.700281807529E+01
  0.702797858490E+01 -0.140524493228E-01  0.699888561172E+01
  0.702509894788E+01  0.699945314579E+01 -0.457570932402E-02
    1
  0.100000000000E+01  0.000000000000E+00  0.000000000000E+00
  0.000000000000E+00  0.100000000000E+01  0.000000000000E+00
  0.000000000000E+00  0.000000000000E+00  0.100000000000E+01
  0.000000000000E+00  0.000000000000E+00  0.000000000000E+00
   54
   20      0.005181459204     -0.025931906607     -0.058753650604
   20      2.333029713475      2.337809955020     -0.060407079978
   20     -2.348969323082     -2.349936587915     -0.045105525054
   20      2.379113661902     -0.037339769114      2.399850211415
   20      4.714858443134      2.325196062315      2.353392439150
   20      0.026787801571     -2.385291460148      2.327814997869
   20     -2.344720603068     -0.025515476661     -2.394988562739
   20      0.037267644195      2.340697503361     -2.385041149919
   12     -4.635431637157     -2.457896038345     -2.401390208462
   20     -0.015160847932      2.390437188883      2.389220579949
   20      2.317539776222      4.699835991887      2.405742268852
   20     -2.389254987332      0.008655625449      2.375172086083
   12      2.308251768369      2.400288905019      4.662635747976
   12      4.621110896112      4.659745752029      4.641678708324
   20      0.008808061738      0.002947732137      4.701961288088
   20     -2.389096081177      2.382179153113     -0.012562314833
   20     -0.037562479055      4.714519494066      0.011093799061
   20     -4.717253396300      0.057829337031      0.012328238211
   12      0.113639723926     -2.312512736402     -2.333064480845
   12      2.337407698932     -0.029738401468     -2.369051311409
   20     -2.354785783447     -4.634642935474     -2.347990533808
   20      2.357767070600     -2.390748380190     -0.028257627391
   20      4.701920385301     -0.029575319381     -0.003707415606
   12      0.029750603182     -4.696946890503      0.014122741379
   12     -2.350660583691     -2.356710500258     -4.564508925595
   12      0.013195954181      0.052144717204     -4.627663184525
   12     -4.694458370245     -4.682665695756     -4.578141756070
    8      0.109602271557     -0.102796080750     -2.429989215492
    8      2.330990888424      2.381652173720     -2.442669680183
    8     -2.397717053254     -2.322954804443     -2.421879471987
    8      2.335322649851     -0.018148046860     -0.074469924051
    8      4.726369042632      2.333226970248     -0.013576812643
    8     -0.008436804762     -2.421046523507     -0.100884090227
    8      4.763199505461     -0.088198179187      2.341142187739
    8      7.130963737956      2.242706324389      2.236334196302
    8      2.420371492745     -2.463218659454      2.409942517868
    8     -0.003501823757      2.351207141137     -0.007331421316
    8      2.316466454213      4.683754222374     -0.040399423953
    8     -2.354853580300      0.007197954047     -0.012972287523
    8      2.334895550882      2.337226323429      2.391012562200
    8      4.665973006740      4.661668425627      2.365901293461
    8      0.002798166337     -0.006769883411      2.347797224385
    8      4.639908667275      2.410629225388      4.670835022831
    8      7.037258404303      4.658554848080      4.661078611076
    8      2.345324192805      0.000220907212      4.673645977577
    8     -0.070777018138      4.766187664385      2.444321683449
    8      2.256925469495      7.100099584703      2.438466215604
    8     -2.423481572765      2.428273228990      2.335156665630
    8      2.370864584830      4.654329618765      4.661566158289
    8      4.593356891838      6.914320187314      4.662085192443
    8      0.107656784502      2.442888089026      4.763765229174
    8      4.664041872645      4.663037382080      6.998832545737
    8      7.023920678189      7.086305709862      7.065699496131
    8      2.250275174473      2.332815079528      6.979286067547
    0    0
