   3   1   1 E -1.6031057200085E+04 DE 5.7E-08(  8)
 -0.652290901203E-02  0.700139834056E+01  0.699589995495E+01
  0.702502175632E+01 -0.135713229742E-01  0.700859378119E+01
  0.701389879961E+01  0.700977196829E+01 -0.935017477134E-02
    1
  0.100000000000E+01  0.000000000000E+00  0.000000000000E+00
  0.000000000000E+00  0.100000000000E+01  0.000000000000E+00
  0.000000000000E+00  0.000000000000E+00  0.100000000000E+01
  0.000000000000E+00  0.000000000000E+00  0.000000000000E+00
   54
   20      0.006895471484     -0.005148221166     -0.013666497329
   20      2.336897431520      2.349172628973     -0.009749825349
   20     -2.339677813689     -2.349766502632     -0.012906275786
   20      2.339171062791     -0.007439130216      2.351553326975
   20      4.677486060129      2.339597602064      2.341835701702
   20      0.018008876422     -2.338905689442      2.354612782223
   20     -2.348783838713     -0.009717810044     -2.344749083289
   12      0.009365955957      2.354174549384     -2.352903910114
   12     -4.691437911647     -2.362933954657     -2.355771290454
   20      0.001017858391      2.354189548759      2.354593431191
   12      2.335965055659      4.667844306072      2.345951770957
   20     -2.338313717221      0.000110391525      2.347839127025
   12      2.311252949579      2.399250255762      4.692273985013
   20      4.670876406626      4.658046663684      4.664355046554
   12      0.019653027879      0.018162480120      4.696552242726
   20     -2.347333344784      2.350519521079     -0.004999403918
   20      0.001833671989      4.676059226693     -0.007525721075
   20     -4.685955765886     -0.001700690059     -0.012503903656
   12      0.056155019491     -2.370084090271     -2.363253155023
   20      2.332337865341     -0.005107814672     -2.333266016484
   12     -2.317439997399     -4.650858759207     -2.359910067641
   12      2.369833011903     -2.355843632398      0.008835136237
   20      4.679915487315     -0.006100232305     -0.003454802211
   20      0.016880333346     -4.667018859085     -0.009647636700
   12     -2.442354003848     -2.403237811677     -4.691772806503
   20     -0.001375309463      0.001166238290     -4.661052793792
   20     -4.667847561000     -4.647154204944     -4.651592784217
    8     -0.001930714275     -0.004511801988     -2.339108793039
    8      2.339756018373      2.364031890743     -2.334808257786
    8     -2.365477476624     -2.381119649115     -2.368167560224
    8      2.338317992499     -0.011751520000     -0.003439616861
    8      4.680417983999      2.341239810233     -0.018383830567
    8      0.025639853086     -2.345027906182     -0.012154024802
    8      4.678472384252     -0.019080270572      2.341303532626
    8      7.027786434063      2.338776320276      2.348510542223
    8      2.365176991261     -2.336285471912      2.358499692310
    8     -0.000537450914      2.348188547701     -0.012587912216
    8      2.334486503959      4.668486010207     -0.013594353578
    8     -2.341978237552     -0.004010626159     -0.008595029670
    8      2.337056456794      2.360806996923      2.350065648871
    8      4.668898822941      4.667424195878      2.338410714974
    8      0.008127777579      0.001243507772      2.354425668834
    8      4.676325557806      2.329830104555      4.668922270350
    8      7.040158622047      4.668005961456      4.671353331340
    8      2.319904752601     -0.012028598698      4.670235231531
    8      0.005202321967      4.680166353754      2.357400160484
    8      2.332716788464      6.998024994970      2.331146436671
    8     -2.340724262195      2.361699148726      2.357498733411
    8      2.298925641234      4.627119638042      4.653828849087
    8      4.681683839511      7.011325908533      4.668358083247
    8      0.006245411280      2.343342070834      4.671046484361
    8      4.663387795740      4.663088170792      7.005163641922
    8      7.018339992493      6.995332742396      6.983894108863
    8      2.346383328577      2.347602897640      6.989245696706
    0    0
