   3   1   1 E -1.6031075061860E+04 DE 1.8E-09( 11)
  0.322024716764E-01  0.698121168650E+01  0.696867959288E+01
  0.700726746204E+01  0.847456162039E-02  0.698382186907E+01
  0.702157001908E+01  0.700501280241E+01  0.298330946365E-03
    1
  0.100000000000E+01  0.000000000000E+00  0.000000000000E+00
  0.000000000000E+00  0.100000000000E+01  0.000000000000E+00
  0.000000000000E+00  0.000000000000E+00  0.100000000000E+01
  0.000000000000E+00  0.000000000000E+00  0.000000000000E+00
   54
   20      0.003686649052     -0.031890031461     -0.044266876896
   20      2.344397395719      2.339306194730     -0.023584612899
   20     -2.340127731828     -2.343440651387     -0.050683866583
   20      2.371095227618     -0.045101370093      2.315408451481
   20      4.700067227964      2.306940004469      2.300633471783
   20      0.031670634530     -2.351967024672      2.299696180621
   20     -2.335209152791     -0.050871507498     -2.331007282480
   20     -0.003666292514      2.327590207890     -2.327639573749
   12     -4.542073374955     -2.329209400773     -2.331862189069
   20     -0.018448131884      2.363681274604      2.335575614932
   20      2.301615558120      4.694397175705      2.301792177024
   20     -2.350594887500      0.007802577183      2.281981003600
   20      2.335397610618      2.338236978154      4.720570831115
   20      4.652618570381      4.671407735270      4.700664924907
   20      0.015712579794      0.004184112591      4.713541229264
   12     -2.356072016147      2.264063093302      0.078984333406
   20     -0.025963759195      4.713074556516      0.051352958674
   12     -4.643554132145     -0.075078510151      0.065230613803
   12      0.050122898515     -2.330236885649     -2.280378714661
   20      2.312418343490     -0.013109829240     -2.312410532186
   20     -2.339040514200     -4.626703978582     -2.307697563015
   12      2.301953327799     -2.291755338922     -0.049140635667
   12      4.625555485047      0.099294426725      0.015481190036
   12     -0.053251491377     -4.687228360898     -0.046517873415
   12     -2.401512336596     -2.275395764001     -4.707292063679
   12      0.170035407811     -0.068896879168     -4.630411040349
   20     -4.686758581693     -4.644352524961     -4.705756631324
    8     -0.005166783061     -0.065244875406     -2.368730192669
    8      2.328018630697      2.373937136712     -2.339354346269
    8     -2.374024071608     -2.325292993744     -2.384687833110
    8      2.377773833022     -0.049834908902     -0.012517201616
    8      4.715418197544      2.301799882101     -0.021160624547
    8      0.067966265101     -2.408345377432     -0.090744449740
    8      4.717177013952     -0.049925522529      2.266281272322
    8      7.004995962573      2.302254287452      2.273189027518
    8      2.394060606400     -2.328631459619      2.285935750240
    8     -0.035280436232      2.342016753213     -0.003452195864
    8      2.322467831626      4.723876414265     -0.037211811923
    8     -2.368121343463      0.010431910510     -0.037360291774
    8      2.344428937671      2.332515178265      2.334215998161
    8      4.681694080429      4.665957285236      2.302793425639
    8      0.006946957123     -0.012729148704      2.313175324309
    8      4.682072477752      2.318728881077      4.706820585717
    8      7.037096449036      4.682175570006      4.690129115581
    8      2.346231316387     -0.061023433136      4.713074984691
    8     -0.047206937650      4.726475997755      2.391095405645
    8      2.305492666220      7.002725210572      2.258938306091
    8     -2.323393921748      2.381306626910      2.252899712675
    8      2.301319751596      4.667832746556      4.689383337575
    8      4.681247695366      7.003988630292      4.681519676414
    8      0.010161377874      2.379724975212      4.731313935725
    8      4.562596931656      4.696141925028      7.110476056279
    8      7.065799100272      7.060933880793      7.073169634809
    8      2.354832685423      2.339609875218      6.976142941486
    0    0
