   3   1   1 E -1.6031101282267E+04 DE 1.7E-09(  8)
 -0.102307898023E-01  0.700170706618E+01  0.698974289589E+01
  0.700756725052E+01  0.208485829208E-02  0.696891699544E+01
  0.701916564222E+01  0.698660205812E+01 -0.335105419559E-02
    1
  0.100000000000E+01  0.000000000000E+00  0.000000000000E+00
  0.000000000000E+00  0.100000000000E+01  0.000000000000E+00
  0.000000000000E+00  0.000000000000E+00  0.100000000000E+01
  0.000000000000E+00  0.000000000000E+00  0.000000000000E+00
   54
   20     -0.000662254701     -0.020154565536     -0.037306706873
   20      2.345152820334      2.338681043933     -0.022835468862
   20     -2.339855896353     -2.333550869703     -0.043510244711
   20      2.377615125679     -0.049440637984      2.331556537254
   20      4.710362510468      2.280532106038      2.294150018396
   20      0.044731967862     -2.355675899944      2.295121594647
   20     -2.342690420306     -0.039201627582     -2.329232069354
   20      0.000022868013      2.322275892913     -2.341737925718
   12     -4.690915350442     -2.333476074961     -2.256066753583
   20     -0.040196870820      2.384156909614      2.346240594728
   20      2.284320440069      4.691493272768      2.295980246953
   20     -2.366115729712      0.032747381980      2.292340644224
   20      2.327307332124      2.339943884556      4.743230261637
   20      4.657462717922      4.655708168232      4.710911059987
   20      0.013490385717      0.019029249616      4.718593535147
   12     -2.360158616588      2.353307451302      0.043406615440
   20     -0.038323801910      4.714456796405      0.051022859477
   12     -4.650276582912      0.035693078541      0.030936430075
   12      0.068153180688     -2.315824592342     -2.313723050857
   20      2.330130844504     -0.035914350673     -2.319280552595
   20     -2.320574586745     -4.616601170763     -2.320392242663
   12      2.410029017492     -2.328530172359     -0.014337869607
   12      4.705274905992     -0.052407622725      0.034023089495
   12     -0.037152789254     -4.736429731761     -0.029565885915
   12     -2.394095637020     -2.263594076816     -4.680726427131
   12      0.015595719221     -0.024586854990     -4.663505706238
   20     -4.672932182408     -4.653195982976     -4.713318450199
    8     -0.002302604550     -0.101751781724     -2.395873610944
    8      2.337351514091      2.394953729931     -2.348421864284
    8     -2.404896530473     -2.319965241925     -2.415886841309
    8      2.420986482157     -0.063836239500      0.007190864143
    8      4.734660832128      2.242504142181     -0.000988950899
    8      0.088711339328     -2.414130502779     -0.079249471752
    8      4.758023116555     -0.096897210037      2.222764716517
    8      6.996316247148      2.245156560283      2.233859913299
    8      2.402676639007     -2.328358751317      2.283088249050
    8     -0.060869112320      2.340771090347     -0.001996366692
    8      2.332067484334      4.749324294364     -0.067028632229
    8     -2.410670450773      0.069521926881      0.004105310671
    8      2.340982822865      2.331661756334      2.346057199071
    8      4.676541979628      4.656045195068      2.308024309320
    8      0.001642502006      0.006970698730      2.323708344347
    8      4.686407133779      2.327726566924      4.723373828274
    8      7.075634095590      4.665378052262      4.666360990958
    8      2.333122220658     -0.079351036076      4.738621827328
    8     -0.082050870443      4.760049401756      2.412963918521
    8      2.263827385914      6.980532895746      2.237640244231
    8     -2.342494692295      2.413619704231      2.219419962926
    8      2.262078433331      4.657546581214      4.711192648632
    8      4.669014999878      6.998050181758      4.689316328422
    8     -0.000589065640      2.428115542363      4.762425397320
    8      4.578504448657      4.672884021029      7.061637862006
    8      7.011666916202      7.094961740510      7.068474538720
    8      2.372217079575      2.315848598294      6.986134918316
    0    0
