   3   1   1 E -1.6031103143804E+04 DE-6.5E-09(  9)
 -0.184117107801E-02  0.699846387563E+01  0.700253461961E+01
  0.699534869920E+01  0.127400535212E-02  0.699955659265E+01
  0.699662270455E+01  0.699662270455E+01  0.602976871455E-18
    2
  0.100000000000E+01  0.000000000000E+00  0.000000000000E+00
  0.000000000000E+00  0.100000000000E+01  0.000000000000E+00
  0.000000000000E+00  0.000000000000E+00  0.100000000000E+01
  0.000000000000E+00  0.000000000000E+00  0.000000000000E+00
  0.000000000000E+00 -0.100000000000E+01  0.000000000000E+00
 -0.100000000000E+01  0.000000000000E+00  0.000000000000E+00
  0.000000000000E+00  0.000000000000E+00  0.100000000000E+01
  0.000000000000E+00  0.000000000000E+00  0.000000000000E+00
   54
   20      0.010204241084     -0.010204241084      0.000245110084
   20      2.357001073301      2.350992445393     -0.044270041163
   20     -2.350992445393     -2.357001073301     -0.044270041163
   20      2.364672479418     -0.068564748795      2.326259632992
   20      4.694903636710      2.301719067841      2.301681269341
   20      0.068564748795     -2.364672479418      2.326259632992
   20     -2.368653003042     -0.050879621038     -2.356705593175
   20      0.050879621038      2.368653003042     -2.356705593175
   12     -4.623032336863     -2.373590367688     -2.301123093417
   20     -0.063314841489      2.369914461416      2.320087348507
   20      2.305077529422      4.691545175129      2.299010706095
   20     -2.369914461416      0.063314841489      2.320087348507
   20      2.291776375145      2.320653287914      4.732684913631
   20      4.675969416637      4.704846329406      4.732684913631
   20     -0.003006538234      0.003006538234      4.751535058911
   20     -2.392758499886      2.392758499886      0.034000905306
   12      0.038642059172      4.702797334322     -0.003972930250
   12     -4.702797334322     -0.038642059172     -0.003972930250
   20     -0.028784825274     -2.367918237716     -2.312024435972
   20      2.367918237716      0.028784825274     -2.312024435972
   12     -2.347772254705     -4.648850449846     -2.348017102076
   12      2.320522391437     -2.320522391437      0.004388732113
   12      4.675897732142     -0.043945125464      0.006101339039
   12      0.043945125464     -4.675897732142      0.006101339039
   12     -2.388701527638     -2.396546674598     -4.690056564974
   20      0.009380408707     -0.009380408707     -4.747176263614
   12     -4.600076029953     -4.607921176913     -4.690056564974
    8      0.000686180615     -0.000686180615     -2.356227359397
    8      2.432345926024      2.427035535642     -2.394874510564
    8     -2.427035535642     -2.432345926024     -2.394874510564
    8      2.393791865714     -0.082952799894      0.009664233886
    8      4.747843972223      2.248778732329     -0.077003133935
    8      0.082952799894     -2.393791865714      0.009664233886
    8      4.661679333200     -0.078647302163      2.251850050875
    8      7.075270006718      2.334943371355      2.251850050875
    8      2.415559744655     -2.415559744654      2.312522342449
    8     -0.009232448006      2.402430159151     -0.010773554547
    8      2.252149336705      4.744473367845     -0.070444944611
    8     -2.402430159151      0.009232448006     -0.010773554547
    8      2.321664047794      2.324238558136      2.318027457420
    8      4.672384146415      4.674958656757      2.318027457420
    8      0.003404252103     -0.003404252103      2.353699473241
    8      4.658849692911      2.337773011643      4.691721688043
    8      7.084954924723      4.665662301918      4.757315634179
    8      2.330960402635     -0.088332220170      4.757315634179
    8     -0.061221559418      4.655163645704      2.258383968009
    8      2.341459058847      7.057844263968      2.258383968009
    8     -2.440172484709      2.440172484709      2.404823269573
    8      2.341230712343      4.655391992208      4.742241461837
    8      4.661271237738      7.095381803845      4.750500579309
    8     -0.098759099295      2.335351466812      4.750500579309
    8      4.638928211658      4.781325444415      7.085722701522
    8      7.026203242244      6.967042166860      7.005691877806
    8      2.215297260139      2.357694492896      7.085722701522
    0    0
