   3   1   1 E -1.6031100467018E+04 DE-2.8E-10( 11)
  0.700088380128E-02  0.701511789965E+01  0.702419671130E+01
  0.701665643074E+01  0.700857055208E-02  0.702419671130E+01
  0.702365731454E+01  0.702212647020E+01  0.000000000000E+00
    2
  0.100000000000E+01  0.000000000000E+00  0.000000000000E+00
  0.000000000000E+00  0.100000000000E+01  0.000000000000E+00
  0.000000000000E+00  0.000000000000E+00  0.100000000000E+01
  0.000000000000E+00  0.000000000000E+00  0.000000000000E+00
 -0.100000000000E+01  0.000000000000E+00  0.000000000000E+00
  0.000000000000E+00 -0.100000000000E+01  0.000000000000E+00
  0.000000000000E+00  0.000000000000E+00  0.100000000000E+01
  0.000000000000E+00  0.000000000000E+00  0.000000000000E+00
   54
   20     -0.000000000000      0.000000000000     -0.035194990293
   20      2.343635481428      2.353410746738     -0.065967318899
   20     -2.343635481428     -2.353410746738     -0.065967318899
   20      2.361771593784     -0.038198232668      2.346579388824
   20      4.734982234899      2.303273031804      2.310809601601
   20      0.041969990175     -2.368739455336      2.362107081445
   20     -2.320502238846     -0.030383065835     -2.338549578121
   12     -0.006700292936      2.376775935543     -2.340818794887
   12     -4.747621259619     -2.350444354844     -2.300242448432
   20     -0.041969990175      2.368739455336      2.362107081445
   20      2.288675079637      4.718853438394      2.310809601601
   20     -2.361771593784      0.038198232668      2.346579388824
   20      2.354986589411      2.351258940674      4.758611971620
   20      4.668670725125      4.670867529524      4.758611971620
   20     -0.000000000000      0.000000000000      4.731567147065
   12     -2.331732074755      2.268852323376     -0.013494089367
   20     -0.039765390717      4.709977775737     -0.035194634682
   12     -4.609943875531     -0.091732139542     -0.009732858317
   12      0.006700292936     -2.376775935543     -2.340818794887
   20      2.320502238846      0.030383065835     -2.338549578121
   12     -2.276036054917     -4.671682115355     -2.300242448432
   12      2.331732074755     -2.268852323376     -0.013494089367
   12      4.609943875531      0.091732139542     -0.009732858317
   20      0.039765390717     -4.709977775737     -0.035194634682
   20     -2.336765687276     -2.351555959357     -4.689395920028
   12      0.000000000000     -0.000000000000     -4.666890956186
   20     -4.686891627260     -4.670570510842     -4.689395920028
    8      0.000000000000     -0.000000000000     -2.443395765332
    8      2.313242683682      2.459566987655     -2.338384114260
    8     -2.313242683684     -2.459566987657     -2.338384114260
    8      2.422114872128     -0.060943673802      0.003807916600
    8      4.685022739628      2.253266859716     -0.115060389883
    8      0.108641739906     -2.334254416494     -0.035194904074
    8      4.756585958725      0.009334863329      2.278090189393
    8      7.026904265385      2.256768111100      2.399661526862
    8      2.338246208279     -2.332589003869      2.340690092890
    8     -0.108641739906      2.334254416494     -0.035194904074
    8      2.338634574908      4.768859610483     -0.115060389883
    8     -2.422114872128      0.060943673802      0.003807916600
    8      2.343721153893      2.346569737850      2.343528971466
    8      4.679936160646      4.675556732350      2.343528971466
    8     -0.000000000000      0.000000000000      2.362107064875
    8      4.777048043577      2.331302977683      4.766629622907
    8      7.080854745361      4.592995646500      4.689816828507
    8      2.352862356581     -0.092749534777      4.755653268247
    8     -0.003246950851      4.765358359097      2.399661526863
    8      2.267071355812      7.012791606872      2.278090189394
    8     -2.338246208280      2.332589003868      2.340690092891
    8      2.246609270957      4.690823492515      4.766629622908
    8      4.670794957956      7.114876004978      4.755653268248
    8     -0.057197430826      2.429130823699      4.689816828508
    8      4.548515347308      4.691041528592      7.019913742045
    8      7.023657314536      7.022126470201      7.081847598689
    8      2.475141967221      2.331084941605      7.019913742045
    0    0
