   3   1   1 E -1.6031093636188E+04 DE 1.5E-09( 11)
 -0.157237327424E-01  0.698614087326E+01  0.702040236429E+01
  0.697802766215E+01  0.455257364173E-03  0.701043387910E+01
  0.696833178090E+01  0.697369907375E+01  0.287550128569E-02
    1
  0.100000000000E+01  0.000000000000E+00  0.000000000000E+00
  0.000000000000E+00  0.100000000000E+01  0.000000000000E+00
  0.000000000000E+00  0.000000000000E+00  0.100000000000E+01
  0.000000000000E+00  0.000000000000E+00  0.000000000000E+00
   54
   20      0.003470354349     -0.018198745995     -0.009786574585
   20      2.364238059983      2.327335371848     -0.040163387844
   20     -2.342841520165     -2.356017823178     -0.042028743014
   20      2.346759426296     -0.061589593586      2.317206459679
   20      4.665472766782      2.295642283536      2.314373285447
   20      0.054967262357     -2.326943029185      2.345174029556
   20     -2.369011148069     -0.041668807418     -2.329808247015
   20      0.009460247272      2.349158070682     -2.325654890712
   12     -4.605001809512     -2.292551389814     -2.334878571061
   20     -0.048616796271      2.327027394782      2.345958165909
   20      2.311741125811      4.669133799414      2.321213594383
   20     -2.314200721122      0.050175537931      2.349252600246
   20      2.293033605996      2.278949950767      4.749934551282
   20      4.648352818843      4.675739866736      4.734520427004
   12      0.027251140312      0.036131701413      4.767832828010
   12     -2.377844418478      2.267772498035      0.014880328335
   20     -0.042790700686      4.713703628210     -0.047412082594
   12     -4.585006882698      0.011617310761     -0.012854384722
   20     -0.049223309398     -2.386987027433     -2.320302846135
   20      2.382911490151      0.001714203569     -2.293723145720
   12     -2.330103371717     -4.666584223573     -2.280016321122
   12      2.312395720621     -2.319385093271     -0.001641595905
   12      4.647703653559      0.106233922370     -0.031424517052
   12     -0.055571541268     -4.715188642402     -0.052415904376
   12     -2.358193548050     -2.319049673808     -4.759447595610
   20     -0.017234682285      0.011634564093     -4.715037972741
   20     -4.592499902941     -4.609467984971     -4.696972652155
    8      0.001742224939     -0.018726103932     -2.322479152317
    8      2.411172883375      2.389251855765     -2.332846823195
    8     -2.425235402564     -2.404647876152     -2.422153618860
    8      2.408367684391     -0.064130219083     -0.012366589431
    8      4.719248939758      2.255597986779     -0.065837043982
    8      0.045373483266     -2.405001392863      0.009439521524
    8      4.643482721097     -0.052980443929      2.269194973290
    8      6.979195231688      2.325909262101      2.303582445321
    8      2.448082951410     -2.329126541063      2.317232984675
    8     -0.050332738938      2.341961102062     -0.029313409507
    8      2.320428493743      4.713863676594     -0.057807104391
    8     -2.390401086610      0.038704742364     -0.005396536397
    8      2.321862023922      2.304890884358      2.319040584924
    8      4.652915728756      4.656853439325      2.340730303401
    8      0.004123574311     -0.001432785898      2.345586672332
    8      4.633777145967      2.310207848418      4.731083566908
    8      7.027706118833      4.736941656107      4.682372866005
    8      2.264140909857     -0.109707772126      4.756672963118
    8     -0.070035393057      4.658476047682      2.317243901124
    8      2.333968493903      7.000639810688      2.324102247721
    8     -2.321040401257      2.423522547937      2.325721877436
    8      2.312705350763      4.639619840330      4.737910762217
    8      4.743528630794      7.073702869437      4.808928289175
    8     -0.107509238930      2.214174564687      4.761436372761
    8      4.503415527257      4.665426521187      7.111791652374
    8      6.953252866730      7.126336298014      6.945203670330
    8      2.344306653309      2.322662531373      7.025850636967
    0    0
