   3   1   1 E -1.6031093205219E+04 DE-5.5E-10( 10)
  0.762714527741E-02  0.702481273632E+01  0.705329569396E+01
  0.701517530544E+01  0.108340930577E-01  0.704215136228E+01
  0.702906629987E+01  0.702265409200E+01  0.223668346937E-02
    1
  0.100000000000E+01  0.000000000000E+00  0.000000000000E+00
  0.000000000000E+00  0.100000000000E+01  0.000000000000E+00
  0.000000000000E+00  0.000000000000E+00  0.100000000000E+01
  0.000000000000E+00  0.000000000000E+00  0.000000000000E+00
   54
   20      0.010905015488     -0.021727554755     -0.053356109576
   20      2.347470565133      2.333413320080     -0.042445079912
   20     -2.326757929391     -2.321938046113     -0.023891416164
   20      2.327308229112     -0.026708336091      2.384235746718
   20      4.717772684927      2.302937463201      2.346054250679
   20      0.024788055369     -2.327832989220      2.408227724287
   20     -2.334579841972     -0.005676377973     -2.383494545827
   12      0.038449537840      2.322460523198     -2.387337865522
   12     -4.772310265025     -2.362270223921     -2.335192053333
   20     -0.006725655937      2.338286828643      2.420307378081
   20      2.327689169151      4.721810274966      2.385739978453
   12     -2.257012860506      0.010225815062      2.321086039477
   12      2.194266519066      2.386189061619      4.729575907171
   20      4.694446421214      4.713371771459      4.704209533147
   12      0.075263985606      0.013605369102      4.687564037241
   20     -2.367451105156      2.351003308383     -0.013067836168
   20     -0.004006759271      4.736666705270     -0.047885705715
   20     -4.721489656351      0.012946917069     -0.039710874489
   12      0.016808477469     -2.369301741491     -2.356509172123
   20      2.338973161698     -0.032266210628     -2.297112613241
   20     -2.309132732225     -4.701049821193     -2.344325107651
   12      2.324748487216     -2.350216950788     -0.040618619958
   12      4.779272706460     -0.027069377815      0.047411200721
   20      0.020207056753     -4.706165337255     -0.060046283976
   20     -2.344125304098     -2.299651178090     -4.689807948100
   12     -0.132322561536     -0.028283812221     -4.621952033416
   20     -4.707218350554     -4.695170595769     -4.668043456322
    8      0.019474764723     -0.019776714946     -2.467003328354
    8      2.244435061400      2.413016269160     -2.364593684783
    8     -2.314737516556     -2.340974966804     -2.362295196365
    8      2.427780079549     -0.102983238020      0.003853337717
    8      4.701087328754      2.269186206531     -0.025274750072
    8      0.089431605395     -2.341104718571     -0.040009540220
    8      4.753184076483      0.001319618624      2.321198651672
    8      7.024871986186      2.238712364613      2.448788619470
    8      2.322162410942     -2.337576996313      2.382403054564
    8     -0.004353755843      2.344311565851     -0.052390688285
    8      2.332006936846      4.698797330078     -0.074147096801
    8     -2.324118369101      0.004028186318     -0.013296514540
    8      2.354562022296      2.343611860401      2.391095495105
    8      4.697256332805      4.771560430226      2.374373824186
    8     -0.091100770692      0.000080554991      2.404939632233
    8      4.698726136364      2.356137213784      4.688897599291
    8      7.144421994740      4.716796750213      4.702553783015
    8      2.202397998678     -0.008566655388      4.690128414825
    8      0.015591737863      4.801547055991      2.434898938888
    8      2.353573414717      7.021452443594      2.392246976000
    8     -2.337743796818      2.271458782666      2.373084449013
    8      2.212364138113      4.566957784276      4.772028683134
    8      4.802059517943      7.023513600138      4.744753640124
    8      0.133970864568      2.344357799895      4.695534193255
    8      4.579587462859      4.798298528777      7.023766950710
    8      6.922355388096      7.028904787474      6.991103210267
    8      2.318925276855      2.431699497916      6.973323100131
    0    0
