   3   1   1 E -1.6031097242722E+04 DE-2.1E-10( 11)
  0.375526532678E-01  0.696886539489E+01  0.701035400259E+01
  0.701672992977E+01 -0.373135099882E-02  0.704205549834E+01
  0.700556747069E+01  0.698486561475E+01  0.127047833422E-01
    1
  0.100000000000E+01  0.000000000000E+00  0.000000000000E+00
  0.000000000000E+00  0.100000000000E+01  0.000000000000E+00
  0.000000000000E+00  0.000000000000E+00  0.100000000000E+01
  0.000000000000E+00  0.000000000000E+00  0.000000000000E+00
   54
   20      0.015482619406     -0.034912928323     -0.007943260103
   20      2.354542031893      2.322313271254     -0.009555655395
   20     -2.329703275727     -2.305125260068     -0.017368676069
   20      2.375360209796     -0.063809783143      2.354527685164
   20      4.708169219166      2.291097966949      2.328215550323
   20      0.070950939497     -2.344438219016      2.360607973297
   20     -2.342922230919     -0.033976652524     -2.398002361435
   20      0.026541138403      2.325935458466     -2.369731828446
   12     -4.639974564381     -2.373889968663     -2.387942494132
   20     -0.006799389570      2.351640689007      2.380986519162
   20      2.315842288693      4.691387764128      2.378539842105
   12     -2.338267259810      0.093990902510      2.295845706590
   12      2.299846146094      2.423498225347      4.681896149472
   20      4.640983260291      4.669089266503      4.690517197691
   20      0.018106244135      0.002037514760      4.683890466754
   20     -2.382526935682      2.366854408888      0.039788850829
   20     -0.025031379116      4.702271562204      0.040796713134
   20     -4.670076943120      0.041077803410     -0.003610323533
   12      0.005644045206     -2.322146689257     -2.477252425051
   20      2.319721527504     -0.017943831515     -2.339935391490
   20     -2.353922679562     -4.630683287769     -2.376869753772
   12      2.328139319739     -2.407987417468     -0.056916733277
   12      4.629681689516     -0.115139050107      0.089245501781
   20      0.038251011006     -4.636520704035      0.004105429328
   12     -2.413208641938     -2.320231478444     -4.690926178951
   12     -0.065073529236     -0.078498362013     -4.677214143907
   12     -4.613874980676     -4.630930965872     -4.641016009032
    8     -0.007775304044     -0.074332588401     -2.425228626877
    8      2.339742479211      2.398556984401     -2.402400864046
    8     -2.382521604592     -2.322941032387     -2.433550639613
    8      2.406521917821     -0.091584698397      0.011449811827
    8      4.676956926698      2.294192052003     -0.000037754060
    8      0.081049128512     -2.314100037351     -0.037497150190
    8      4.741011095445     -0.104751920015      2.266307355533
    8      7.083150255227      2.269467258168      2.366181462442
    8      2.476919916020     -2.451110505293      2.416215504601
    8     -0.000341525867      2.337124581444      0.014774323105
    8      2.336111815879      4.673741244366      0.000975144859
    8     -2.333240204994      0.009309468971      0.035329850702
    8      2.365709495902      2.321503699744      2.396367651337
    8      4.675819144178      4.708429804706      2.366213932888
    8     -0.019048757858     -0.011982139921      2.339134646676
    8      4.638286789728      2.331187455777      4.689682207642
    8      7.066171045670      4.659170588195      4.702072178013
    8      2.349411382466     -0.018483806283      4.676862611668
    8     -0.082893528696      4.741486641403      2.434768774609
    8      2.345056876535      7.063224131727      2.350004210678
    8     -2.413983870910      2.293600370729      2.339600291839
    8      2.245051159969      4.547831034707      4.745205856226
    8      4.685329689871      6.980294155906      4.685743057040
    8      0.103837840567      2.401502868338      4.673105590936
    8      4.587309160566      4.747331233657      7.085950185858
    8      6.978684445247      6.983708887636      7.090177105635
    8      2.361119592596      2.437662494856      7.030929208847
    0    0
