   3   1   1 E -1.6031090381408E+04 DE-6.7E-10( 10)
 -0.129940036497E-01  0.697491664445E+01  0.700558001049E+01
  0.701286103698E+01 -0.422276070169E-02  0.700414634594E+01
  0.700785317490E+01  0.697463126118E+01 -0.511774657530E-02
    1
  0.100000000000E+01  0.000000000000E+00  0.000000000000E+00
  0.000000000000E+00  0.100000000000E+01  0.000000000000E+00
  0.000000000000E+00  0.000000000000E+00  0.100000000000E+01
  0.000000000000E+00  0.000000000000E+00  0.000000000000E+00
   54
   20     -0.033811576631      0.003567621119      0.011036182434
   20      2.362917254960      2.351538982307     -0.050978342770
   20     -2.371727481628     -2.280144435511     -0.002208681849
   20      2.340674406833     -0.076833899153      2.354614370658
   20      4.702057462853      2.331153690554      2.367032613164
   20      0.037332426623     -2.350250327106      2.372984193364
   20     -2.372235685201      0.004600691226     -2.282826584873
   20      0.023012998714      2.362269734039     -2.354619088303
   12     -4.635119633351     -2.365026609680     -2.330637712109
   20     -0.074012561045      2.307201823863      2.336917306972
   20      2.351785882000      4.755472304757      2.281046965066
   12     -2.400036887365      0.067167524192      2.331211364465
   20      2.391064276000      2.343854244626      4.745952027934
   12      4.629406439651      4.611905499155      4.687325765552
   20     -0.014630057280     -0.039727032721      4.677514148386
   12     -2.480227832989      2.160953613568     -0.020417211917
   20     -0.018264086780      4.680735572394      0.010338273931
   12     -4.581225033797      0.044161795662      0.058101840770
   20      0.010602368726     -2.314469270305     -2.338190505261
   20      2.378540565452      0.025754686021     -2.383827662349
   12     -2.410105647954     -4.669630360226     -2.345644939387
   12      2.392911173614     -2.301906184863     -0.008476519038
   20      4.686904124273     -0.045232208981     -0.042790983981
   20      0.071088292931     -4.681530153316      0.014731041935
   20     -2.407330582986     -2.406085576945     -4.674025553849
   12      0.015994269314      0.085327018850     -4.696640267044
   12     -4.566543390014     -4.682647846730     -4.716659598073
    8     -0.012217780777      0.010448148638     -2.402990597400
    8      2.458193890595      2.430577130181     -2.443648672224
    8     -2.430200895633     -2.415684683757     -2.324461509498
    8      2.349747768025     -0.065627153428     -0.026269662667
    8      4.686068667663      2.321875000287     -0.066837751099
    8      0.084381441699     -2.329747028835      0.014515070358
    8      4.713561199320     -0.026916753409      2.350058952298
    8      7.095992715599      2.229342017077      2.337641446980
    8      2.349386169253     -2.472276144147      2.391747401236
    8     -0.073928120924      2.339059800685      0.009497493603
    8      2.331369264909      4.771903782503     -0.076798962911
    8     -2.478161965746      0.129185781263      0.117698749557
    8      2.346687546494      2.334497194798      2.317843400553
    8      4.665639771857      4.767407109705      2.383369194853
    8     -0.058852103078     -0.019106059927      2.341067647935
    8      4.680470773640      2.433945803013      4.757562476401
    8      7.013360914520      4.636361037136      4.675157780078
    8      2.341664660082     -0.092064872225      4.767784438825
    8     -0.032570750976      4.723422128966      2.334152686182
    8      2.290559311916      7.126701148326      2.242613287582
    8     -2.469848437829      2.179577437204      2.369389873747
    8      2.434992005830      4.670896006769      4.685261340205
    8      4.672211687722      6.946446168726      4.556644548639
    8     -0.051257648435      2.330951621838      4.665680579929
    8      4.557712770809      4.544341410459      6.914520217440
    8      7.092685581158      6.965011663589      7.016392862956
    8      2.448071014419      2.361254559932      7.112284006963
    0    0
