   3   1   1 E -1.6031091059264E+04 DE 2.9E-09(  9)
  0.122361375812E-01  0.700147369767E+01  0.702285543629E+01
  0.701834461452E+01  0.101101173503E-01  0.703102723848E+01
  0.700607385929E+01  0.700430104475E+01  0.150100341136E-01
    1
  0.100000000000E+01  0.000000000000E+00  0.000000000000E+00
  0.000000000000E+00  0.100000000000E+01  0.000000000000E+00
  0.000000000000E+00  0.000000000000E+00  0.100000000000E+01
  0.000000000000E+00  0.000000000000E+00  0.000000000000E+00
   54
   20     -0.036533878617     -0.013175644778     -0.039682614985
   20      2.320099750153      2.377459389609     -0.019301062221
   20     -2.339168690931     -2.333721444860     -0.038380963289
   20      2.339849095062     -0.014938502079      2.380941118500
   20      4.675165741619      2.324784300516      2.364172828134
   20      0.043438816236     -2.309999057041      2.351851796050
   20     -2.326839568415     -0.025619826779     -2.324550080502
   20     -0.011476319721      2.349869833494     -2.338652328527
   12     -4.679763460448     -2.430441674263     -2.336395509407
   20     -0.048575078473      2.376409068744      2.356313447502
   20      2.281690077018      4.705506555728      2.358422832255
   12     -2.305461104845      0.062349523125      2.343987763769
   12      2.430364806517      2.408499424957      4.777792739096
   20      4.669489835033      4.637167691581      4.756691829458
   20      0.011659729436      0.035370030786      4.689807885440
   12     -2.336187930502      2.386736147924      0.063317917777
   12      0.057541385799      4.675283234013     -0.052345508002
   20     -4.641187491765      0.025597333044     -0.027682133896
   12      0.076055603002     -2.381658262282     -2.415192971315
   20      2.293597366313     -0.045010993489     -2.344971573354
   12     -2.554527897780     -4.627575648087     -2.411672171551
   12      2.305906547317     -2.363907809352     -0.066939751911
   20      4.689402547820     -0.047544845435     -0.005769959005
   20      0.044810102443     -4.630415577906     -0.060570549158
   20     -2.328399089087     -2.392181566505     -4.669364167124
   12     -0.045577810717     -0.072357284710     -4.664110558739
   20     -4.625054652654     -4.685901192119     -4.684788956929
    8      0.000892633046     -0.088933017243     -2.370947324029
    8      2.411365993539      2.382914794981     -2.313209862008
    8     -2.391445941669     -2.442061976225     -2.336952481737
    8      2.313663756245     -0.066742715055     -0.043282640535
    8      4.676127885863      2.335161488188     -0.046534382539
    8      0.119413333136     -2.336685319108     -0.072203930092
    8      4.757386472583     -0.024615846774      2.348593170775
    8      7.026448952215      2.288851538450      2.348631492260
    8      2.361073491478     -2.342500200329      2.364643319910
    8     -0.106321647473      2.419308750869     -0.023604042211
    8      2.217665263281      4.706588794400     -0.112620200695
    8     -2.343915049857      0.072135601184      0.013684946773
    8      2.326535058838      2.361125904980      2.395748216583
    8      4.673046754977      4.728747056248      2.364443123583
    8     -0.070692454753      0.013665606539      2.367115800785
    8      4.572945959148      2.340328425923      4.753918133023
    8      7.123089416293      4.689549499067      4.791193938461
    8      2.359505166245      0.010967113606      4.695927683447
    8     -0.016749420605      4.787615984706      2.361795973787
    8      2.336254665747      6.999235823354      2.355976282901
    8     -2.320362931241      2.205177804011      2.366730053789
    8      2.231957838792      4.510731416193      4.799019960105
    8      4.664394861096      7.080490803526      4.635321747695
    8      0.018590754149      2.487517616792      4.672926658120
    8      4.708575068576      4.527445522191      7.059041919632
    8      7.046985612258      6.926466984617      7.088477010644
    8      2.508195829523      2.508411210055      6.903253323496
    0    0
