   3   1   1 E -1.6031080709584E+04 DE 4.0E-10( 11)
  0.364930678518E-01  0.697887442092E+01  0.700980975119E+01
  0.699391658800E+01  0.508903721020E-02  0.703314896095E+01
  0.699344029979E+01  0.699670864051E+01  0.109933389641E-01
    1
  0.100000000000E+01  0.000000000000E+00  0.000000000000E+00
  0.000000000000E+00  0.100000000000E+01  0.000000000000E+00
  0.000000000000E+00  0.000000000000E+00  0.100000000000E+01
  0.000000000000E+00  0.000000000000E+00  0.000000000000E+00
   54
   20     -0.021085162931      0.004284894959     -0.009546984950
   20      2.315972336507      2.370001571999     -0.034770491249
   20     -2.367435300326     -2.269661264045     -0.013966956833
   20      2.345313041483     -0.013816724238      2.349839274063
   20      4.637955928415      2.339779092747      2.332700235845
   20      0.021855206837     -2.303738132322      2.341558642541
   20     -2.390745904976      0.005168903120     -2.307807136711
   20     -0.013655123892      2.368581077647     -2.311555755062
   12     -4.709590942507     -2.288324982686     -2.284001181247
   20     -0.000825639673      2.354023166618      2.327931954982
   20      2.309857456974      4.686234873313      2.329199688588
   12     -2.339880524396      0.063346948733      2.287323533354
   12      2.333454657833      2.166652499993      4.700418849139
   20      4.648431846618      4.660633942866      4.743207499114
   20      0.055109358226     -0.024293486315      4.717089337008
   12     -2.450266964680      2.298118614396      0.038823425713
   12      0.098776576860      4.698452592595     -0.018675347610
   12     -4.584039390680     -0.095753012738     -0.055025643089
   12      0.088427764439     -2.405413253754     -2.289657994924
   20      2.322227479364     -0.034411995817     -2.279161946144
   20     -2.336382891755     -4.646741672644     -2.338849681370
   12      2.349080675431     -2.333430615640     -0.054423288751
   12      4.620688223000     -0.063007229623      0.008664093058
   20      0.051986504587     -4.656273375163     -0.035728795306
   20     -2.345825989986     -2.325846931158     -4.714413053516
   20     -0.006452650512     -0.034170975054     -4.708295807926
   20     -4.620947640231     -4.664768665992     -4.722877501249
    8     -0.023036366995     -0.033964669283     -2.314980882364
    8      2.339606430459      2.380474956074     -2.341616456161
    8     -2.352495155210     -2.309691037625     -2.323421735568
    8      2.374856992969     -0.054439730584      0.007152133622
    8      4.652556014230      2.325594495185     -0.016554319495
    8      0.048911020471     -2.319991329475     -0.018606614020
    8      4.637066432378     -0.006994105449      2.308126338873
    8      7.004509652389      2.339614804104      2.336399578116
    8      2.344938325309     -2.319854730023      2.320924201830
    8     -0.051798642612      2.399893568182     -0.000846095637
    8      2.229181706616      4.784793443351     -0.076473876086
    8     -2.423843958668      0.093413956822      0.054011183300
    8      2.326292954831      2.355376821144      2.339512781297
    8      4.643189357464      4.723222391244      2.352445526771
    8     -0.019897920875      0.002423804524      2.333015983658
    8      4.572287603950      2.346721815038      4.747569679171
    8      7.070006406721      4.675429410510      4.755933149741
    8      2.355673298854     -0.028151717487      4.738733987505
    8      0.012032658132      4.667046461654      2.314727133412
    8      2.415114791270      6.968402244838      2.318008529971
    8     -2.306127847806      2.272913891232      2.270368098680
    8      2.262991885338      4.565863253544      4.763897541476
    8      4.689593285662      6.975816159600      4.739108598623
    8      0.098304151791      2.385879868333      4.680647426974
    8      4.657834481266      4.664986743181      7.027073498143
    8      7.055077761856      6.902388019241      7.014498966938
    8      2.482496550518      2.300229794232      6.915130903727
    0    0
