   3   1   1 E -1.6031096500087E+04 DE-2.1E-10( 11)
  0.170792540807E-01  0.699775927115E+01  0.701759024804E+01
  0.700152750854E+01  0.756315361436E-03  0.702677686994E+01
  0.700757849370E+01  0.700739452115E+01  0.498961420559E-03
    1
  0.100000000000E+01  0.000000000000E+00  0.000000000000E+00
  0.000000000000E+00  0.100000000000E+01  0.000000000000E+00
  0.000000000000E+00  0.000000000000E+00  0.100000000000E+01
  0.000000000000E+00  0.000000000000E+00  0.000000000000E+00
   54
   20     -0.000278571143     -0.029264619261     -0.056796260614
   20      2.317227785626      2.365003308423     -0.034389148960
   20     -2.306028080708     -2.334175063729     -0.018005005046
   20      2.301739454030     -0.037989116912      2.358600806923
   20      4.712136668590      2.368696037908      2.372402643404
   20     -0.002720790766     -2.334751539217      2.405356641872
   20     -2.318972008840     -0.018582346915     -2.335318478592
   12      0.004271163536      2.430168085457     -2.294521541684
   12     -4.768766726734     -2.341761063593     -2.292641377427
   20     -0.017302317520      2.330380241004      2.367133042516
   20      2.339754148753      4.693263005099      2.350216644910
   12     -2.282331640251     -0.048101550805      2.398162292778
   20      2.300069409258      2.379303567629      4.724578664527
   12      4.740363336394      4.697385363715      4.714888817095
   12     -0.016494328710     -0.060461162215      4.716589021928
   20     -2.312692557495      2.381167309234     -0.016119197297
   12     -0.075306701675      4.581717915797     -0.098150771140
   20     -4.709624655048     -0.003232733019     -0.032017663591
   12      0.038598998149     -2.387890893315     -2.280122833433
   20      2.353403197089     -0.039198061500     -2.323336205742
   20     -2.308133990435     -4.679581494657     -2.370596692263
   12      2.238118825006     -2.369436560807     -0.064903013023
   20      4.719737750348     -0.036109945682     -0.044123345508
   12      0.026099143484     -4.555870106102     -0.068264264652
   20     -2.344849841291     -2.334838428095     -4.686162306967
   20      0.006521702737      0.009390598009     -4.677939479490
   20     -4.709130173700     -4.638267045467     -4.665008448801
    8      0.010610971122     -0.029512790936     -2.335250808350
    8      2.250637386665      2.426370790464     -2.342976571475
    8     -2.307859500351     -2.345527073616     -2.353985867895
    8      2.335370736233     -0.075816095039     -0.016722594728
    8      4.756389960114      2.346751636938     -0.011989276500
    8      0.108663659688     -2.437827745678     -0.071156921985
    8      4.675438919095     -0.003503921399      2.345555029681
    8      6.995346048612      2.360572766612      2.376174743021
    8      2.306083201963     -2.329833944203      2.358555602338
    8      0.012703768768      2.416060937979     -0.064446776978
    8      2.242149457099      4.673511538838     -0.102093643035
    8     -2.332071156834     -0.011834420189     -0.012952797692
    8      2.331983462645      2.347183806476      2.352375043536
    8      4.686167997515      4.768690395423      2.419906854256
    8     -0.082445553488     -0.012782281832      2.396917505246
    8      4.769863469260      2.434004160319      4.692327356742
    8      6.992794338691      4.621947069718      4.815013428289
    8      2.229405971748     -0.084181274435      4.682837489510
    8      0.014241494645      4.660096278530      2.344204284016
    8      2.410489089106      7.008689307564      2.336707200840
    8     -2.329565209023      2.277030431710      2.332200787982
    8      2.322344439290      4.669376569732      4.741065538754
    8      4.832802055174      6.876447426357      4.609888530108
    8      0.007139393902      2.373262268503      4.754826899007
    8      4.692593965406      4.669298545608      6.942669699058
    8      7.019694651558      6.998065895684      6.942434386188
    8      2.241451436158      2.443091504349      7.020299695621
    0    0
