   3   1   1 E -1.6031091172058E+04 DE 1.1E-09( 11)
  0.371081108286E-02  0.703989297764E+01  0.703893887032E+01
  0.705517063188E+01 -0.571176046796E-02  0.704219892894E+01
  0.705445604932E+01  0.703612198936E+01  0.106428921389E-02
    1
  0.100000000000E+01  0.000000000000E+00  0.000000000000E+00
  0.000000000000E+00  0.100000000000E+01  0.000000000000E+00
  0.000000000000E+00  0.000000000000E+00  0.100000000000E+01
  0.000000000000E+00  0.000000000000E+00  0.000000000000E+00
   54
   20      0.007596474203     -0.010731978855     -0.068560875326
   20      2.318082615648      2.363734740460     -0.066301512565
   20     -2.348063407987     -2.329655232350     -0.009846214953
   20      2.328704939405     -0.024279923586      2.384903211517
   20      4.700042636047      2.344500970044      2.367415026894
   20      0.006484576851     -2.328978654055      2.399042247010
   20     -2.353408426492     -0.001697018997     -2.353200963519
   12      0.125578500076      2.422327527502     -2.338617070593
   12     -4.804674091165     -2.395627652773     -2.276088945736
   20      0.001469718843      2.345120854047      2.389692035615
   20      2.340394060952      4.702538989271      2.414845462576
   12     -2.368021639314      0.032406431700      2.422619406343
   12      2.274274764910      2.368897792448      4.729840046231
   20      4.702568537589      4.706252422809      4.667399797055
   12      0.070727384025     -0.056344273426      4.729612583296
   20     -2.347269949078      2.380207893983     -0.026542839379
   12      0.085338081613      4.739708581457     -0.095446140535
   20     -4.715491809773     -0.015031196875     -0.041794120001
   12      0.090148149366     -2.345693523884     -2.281388916122
   12      2.289485756393      0.037852559304     -2.324798534661
   20     -2.359927833455     -4.713507745973     -2.372743304634
   12      2.292812541057     -2.373601428876     -0.079053960283
   20      4.690571529177     -0.050989006590     -0.047496474656
   20      0.031947997561     -4.683300367539     -0.054757661699
   20     -2.351701427182     -2.356654462021     -4.691068346477
   20      0.021801330129     -0.028658566110     -4.664127706647
   20     -4.706439793109     -4.685901030282     -4.675173511947
    8      0.099134749728     -0.025940693673     -2.361617407806
    8      2.236244532552      2.368664886948     -2.354669394339
    8     -2.341823643022     -2.352827987219     -2.340482911183
    8      2.339140913089     -0.072626446049     -0.080146635958
    8      4.702578384269      2.341579862235     -0.022567494475
    8      0.075480538113     -2.342312364309     -0.061918803629
    8      4.701502753694     -0.014038496124      2.359103151906
    8      7.052045329725      2.343751498933      2.407472438058
    8      2.341847152082     -2.353419866035      2.375949031274
    8      0.008606059065      2.424377152934     -0.075539193127
    8      2.282239411950      4.688139216332     -0.052370448022
    8     -2.353269118480      0.001594285365     -0.018164743010
    8      2.340931960169      2.353520973962      2.393732102569
    8      4.702995509982      4.756713966433      2.375698014986
    8     -0.049209268542     -0.011954966873      2.411337740483
    8      4.707803661679      2.357688483957      4.699888014362
    8      7.143580586383      4.693719039273      4.795501321816
    8      2.250692552111     -0.012068172270      4.695296426509
    8      0.008271730253      4.692564711444      2.368251745069
    8      2.430534318171      7.028315829736      2.435541285072
    8     -2.351956952094      2.284800923240      2.349612364625
    8      2.246907382361      4.699589298118      4.800312221789
    8      4.687782829755      7.029332061228      4.634959640831
    8      0.111640474732      2.343190906966      4.690966049629
    8      4.707236123377      4.687518189930      7.015378653025
    8      7.054857460509      6.942976191157      6.942843773609
    8      2.351192067371      2.420619242973      6.947179737237
    0    0
