   3   1   1 E -1.6031092695209E+04 DE-1.3E-09( 10)
  0.274117456538E-02  0.700154851220E+01  0.702631496047E+01
  0.705324056340E+01 -0.127416177486E-01  0.704868283566E+01
  0.703217205856E+01  0.700987639718E+01  0.111791618064E-02
    1
  0.100000000000E+01  0.000000000000E+00  0.000000000000E+00
  0.000000000000E+00  0.100000000000E+01  0.000000000000E+00
  0.000000000000E+00  0.000000000000E+00  0.100000000000E+01
  0.000000000000E+00  0.000000000000E+00  0.000000000000E+00
   54
   20      0.018256478580     -0.027497553131     -0.017927911880
   20      2.385439455508      2.334164004294     -0.042481911013
   20     -2.336128587568     -2.361938725871     -0.046012216775
   20      2.356590321977     -0.051883584708      2.366277054221
   20      4.699905141638      2.310174256570      2.365247441709
   20      0.024532957066     -2.330106227804      2.392051890263
   20     -2.346903591986     -0.039543097652     -2.338149182871
   20      0.000007383774      2.356151425799     -2.368152438438
   12     -4.675546828893     -2.365341923763     -2.327942896459
   20     -0.045133137988      2.354604372767      2.382724410897
   20      2.331245280866      4.704867353680      2.388287394103
   20     -2.318716467883      0.016993259347      2.377433961491
   20      2.323969713343      2.364393687240      4.744268210505
   12      4.641859810780      4.649582530828      4.772941443895
   12     -0.163677548465     -0.041208235909      4.707217976789
   12     -2.388068578447      2.379460156006     -0.085641570754
   20     -0.066683257005      4.718569538285     -0.039200511024
   20     -4.736892376329      0.010169576483     -0.037248240549
   12      0.032385665161     -2.298622407096     -2.348876080484
   20      2.396210610085     -0.036774615288     -2.322031241868
   12     -2.265898285167     -4.611800861015     -2.306784703348
   12      2.415704600298     -2.311300993365     -0.066903189309
   12      4.711672349731      0.043847347758     -0.081164353569
   20     -0.008744450604     -4.682918624015     -0.048928225386
   20     -2.345822084773     -2.339104718098     -4.730376505374
   12     -0.020523030810     -0.063325148615     -4.647366385241
   20     -4.661422915809     -4.639301893346     -4.690994952561
    8      0.006725896359     -0.090328427895     -2.410594917612
    8      2.448413770803      2.414907611774     -2.356092774417
    8     -2.339651948531     -2.442122045069     -2.354448998417
    8      2.449858657218     -0.088758253248     -0.003362087788
    8      4.701946098615      2.273460678469     -0.070051696985
    8      0.051306321893     -2.336213792057     -0.011741490794
    8      4.745072356288     -0.016016612815      2.361079854998
    8      7.043804491027      2.270287336149      2.356803134024
    8      2.371160067589     -2.345600219228      2.356079923978
    8     -0.058386427741      2.345982312784     -0.044497960362
    8      2.320899028380      4.680820695406     -0.073137515822
    8     -2.347070111076      0.037467315969     -0.015668533046
    8      2.334439913922      2.340135808574      2.372850700336
    8      4.697870708738      4.671299407419      2.389494771456
    8      0.011950605379     -0.004870357769      2.397778299937
    8      4.698266046713      2.389955500859      4.757499772232
    8      7.018579211218      4.769065181995      4.709959600462
    8      2.273223268154     -0.104999168279      4.713711011504
    8     -0.018572828901      4.767515909309      2.423036234618
    8      2.299962315491      7.012502330410      2.337951976622
    8     -2.338625662873      2.342417703139      2.333080984194
    8      2.396178979651      4.672457650809      4.784978743430
    8      4.844447644770      6.992252088259      4.806165796618
    8     -0.118742246418      2.376136383140      4.692453200863
    8      4.592088273048      4.610259648585      6.897188761962
    8      6.925855079023      6.994226372516      7.013542026858
    8      2.428073948538      2.419524853777      7.028194619579
    0    0
