   3   1   1 E -1.6031075369593E+04 DE 8.7E-11( 11)
 -0.336453558555E-01  0.690265023022E+01  0.705471432875E+01
  0.695385330878E+01 -0.248398830681E-01  0.705215770450E+01
  0.693738483708E+01  0.688988937656E+01 -0.146822190729E-01
    1
  0.100000000000E+01  0.000000000000E+00  0.000000000000E+00
  0.000000000000E+00  0.100000000000E+01  0.000000000000E+00
  0.000000000000E+00  0.000000000000E+00  0.100000000000E+01
  0.000000000000E+00  0.000000000000E+00  0.000000000000E+00
   54
   20      0.023393293595      0.000660213861     -0.011968642997
   20      2.299136396950      2.341604756273     -0.021107740239
   20     -2.313953380162     -2.341997208336     -0.014866792741
   20      2.292330726251     -0.016541992593      2.372416969136
   20      4.653382485157      2.285970259386      2.370679532657
   20      0.043967996177     -2.331108966696      2.394074360738
   20     -2.313262287348     -0.002490269304     -2.354743426864
   12      0.016755413148      2.362005573891     -2.335655722716
   12     -4.638471632288     -2.179408681210     -2.377863144844
   12      0.019126273787      2.190780568173      2.446932298037
   12      2.194511661871      4.600899751351      2.350675496437
   20     -2.320417289390      0.018919483040      2.379438987895
   20      2.252378073149      2.287747617206      4.700325242912
   20      4.630917130504      4.598296422253      4.701674499119
   12     -0.010278992432      0.027432957892      4.675093881309
   20     -2.311792729759      2.328326801159      0.013264372212
   20      0.030557507069      4.629730146573      0.002158300527
   20     -4.697821202569      0.019138373091      0.000917594938
   20      0.033527422403     -2.376385523547     -2.401661263335
   20      2.302045290964      0.001060663313     -2.363965571613
   12     -2.219073334294     -4.582775925969     -2.586424817323
   12      2.267205826437     -2.419894331905      0.014453608623
   20      4.678163516643      0.018983079471     -0.004124230494
   12     -0.061769829382     -4.655270754231     -0.043759525788
   20     -2.282974436619     -2.322340010221     -4.685928882009
   12      0.062893259418      0.140910641074     -4.644100264214
   20     -4.659952516979     -4.579125113128     -4.669023417957
    8      0.012893275040      0.034453558018     -2.390613009344
    8      2.290001176987      2.378135551409     -2.365552011513
    8     -2.360720965947     -2.384870497084     -2.372002386701
    8      2.319633608229     -0.027348883817     -0.010939678883
    8      4.697292280934      2.295389941971     -0.032967010460
    8      0.079497345905     -2.405445988458     -0.003818756568
    8      4.677774465686     -0.001432859304      2.373644127881
    8      6.954728198521      2.209464468186      2.385342208879
    8      2.328394203690     -2.328749389928      2.377927466782
    8      0.013986981797      2.325328157740     -0.019868389365
    8      2.300309872345      4.608959534335     -0.005323349729
    8     -2.319232724342     -0.000223891224     -0.000831414703
    8      2.237158078879      2.356191789177      2.356608080869
    8      4.596774864104      4.583455730640      2.367582238955
    8      0.005981800910      0.044989970323      2.399231824260
    8      4.658119162936      2.299814279097      4.714605667528
    8      7.007494986457      4.610196030194      4.698400209517
    8      2.249187591602     -0.051225527036      4.698035905105
    8      0.099332398863      4.571048570351      2.352099381625
    8      2.202028075980      6.853625417373      2.361911552217
    8     -2.278669569422      2.288578271455      2.417813476265
    8      2.276060643558      4.575180632504      4.692276426439
    8      4.666644736319      6.976083063196      4.701777682192
    8     -0.086758197931      2.166314052365      4.641547560368
    8      4.604778336216      4.585916442839      7.057108579279
    8      6.933303943293      6.997206547159      7.055268795657
    8      2.222648342075      2.348485254378      7.058677285802
    0    0
