   3   1   1 E -1.6031100231889E+04 DE-4.3E-09(  9)
 -0.325902806419E-02  0.698929390881E+01  0.702457426539E+01
  0.703270571239E+01 -0.180993388976E-01  0.703172919589E+01
  0.701600784586E+01  0.697423137067E+01  0.459592269828E-02
    1
  0.100000000000E+01  0.000000000000E+00  0.000000000000E+00
  0.000000000000E+00  0.100000000000E+01  0.000000000000E+00
  0.000000000000E+00  0.000000000000E+00  0.100000000000E+01
  0.000000000000E+00  0.000000000000E+00  0.000000000000E+00
   54
   20     -0.001398753568     -0.007527869875     -0.066036369349
   20      2.340844908552      2.352738963741     -0.050013944255
   20     -2.346783343153     -2.327871315011     -0.010987189206
   20      2.346109489112     -0.042640044077      2.341152660850
   20      4.711327347191      2.296368680135      2.332050130293
   20      0.024222882962     -2.328024323556      2.369098217867
   20     -2.338905452866     -0.029790465898     -2.342837295053
   12     -0.019062923463      2.443608072617     -2.293744667475
   12     -4.748660313552     -2.378813683494     -2.269538686599
   20     -0.030151562589      2.349075456637      2.348914997171
   20      2.337692233916      4.689829415502      2.300948311570
   12     -2.359384104127      0.035335206003      2.305000187476
   20      2.325907529868      2.332844770668      4.733794219661
   20      4.697556505182      4.699072912251      4.703937642135
   20     -0.025058241277     -0.013634619902      4.719951749836
   20     -2.358943937474      2.359377245550      0.026957701160
   12      0.039954929494      4.660891043128     -0.058945845882
   12     -4.637612812823     -0.100834060029     -0.038362989347
   12      0.016032367029     -2.402306965757     -2.311930101570
   20      2.345878978466      0.019086072550     -2.305250488165
   12     -2.292290632692     -4.645385159466     -2.322650123957
   12      2.335384042898     -2.267076951019     -0.039280310999
   12      4.629934085096     -0.063635656567     -0.011383538580
   20      0.013294244931     -4.688657056425     -0.024931310146
   20     -2.336386707161     -2.338411300926     -4.690745020699
   20      0.012472727318     -0.023364488243     -4.681455395895
   20     -4.664173907107     -4.641272150585     -4.677327817346
    8      0.002405480886     -0.018986633651     -2.346054018280
    8      2.310654865025      2.450862306316     -2.332805391144
    8     -2.310186374293     -2.445678796000     -2.329094957245
    8      2.413875963816     -0.089001825487      0.009056307994
    8      4.680217121772      2.210503102752     -0.071451636843
    8      0.080970559446     -2.329316855973     -0.018226878561
    8      4.673244035511     -0.020677622902      2.325412462834
    8      7.026244889562      2.313068584878      2.396437452977
    8      2.341605247354     -2.332230994812      2.341356508314
    8     -0.004015475762      2.427109720937     -0.084839258021
    8      2.262586813860      4.757918326605     -0.093495777518
    8     -2.419689682582      0.007681252409     -0.016290642274
    8      2.349169012407      2.325640937295      2.323691348584
    8      4.690353592578      4.725432500311      2.339206672897
    8     -0.091852733387      0.008001221787      2.326718220107
    8      4.752137254555      2.336985991190      4.701984913874
    8      7.091822526398      4.551413431559      4.779097391868
    8      2.338008413662     -0.100726063575      4.751391737355
    8      0.008418465280      4.648692495760      2.339264329453
    8      2.434213702567      6.993887609240      2.359474428724
    8     -2.339577556952      2.255177890883      2.406996041751
    8      2.269242785032      4.650157316508      4.702934498101
    8      4.672312936751      7.105388091046      4.718741802011
    8     -0.070354453171      2.422066206364      4.690616554975
    8      4.638051247665      4.779067231645      7.012829943370
    8      7.041920916952      6.856009465733      7.027864701107
    8      2.344966250746      2.326990113845      7.026845747971
    0    0
