   3   1   1 E -1.6031097334501E+04 DE-5.7E-09(  8)
  0.964958742245E-02  0.702016004840E+01  0.700351250327E+01
  0.703316882416E+01 -0.843043301802E-03  0.700684519405E+01
  0.702977305969E+01  0.701325070420E+01  0.940903629697E-02
    1
  0.100000000000E+01  0.000000000000E+00  0.000000000000E+00
  0.000000000000E+00  0.100000000000E+01  0.000000000000E+00
  0.000000000000E+00  0.000000000000E+00  0.100000000000E+01
  0.000000000000E+00  0.000000000000E+00  0.000000000000E+00
   54
   20      0.013288456745      0.005337670147      0.013332811069
   20      2.344444827922      2.330061134676     -0.063307304237
   20     -2.328600040171     -2.362336032555     -0.027835333209
   20      2.377339534625     -0.026511995323      2.405487525951
   20      4.671401101357      2.341655641223      2.368023301531
   20      0.017094625622     -2.336625188482      2.339412194073
   20     -2.361380764728     -0.009546083015     -2.306268654792
   20      0.003003090106      2.370016527438     -2.337986970043
   12     -4.677572724408     -2.296234699846     -2.339245852963
   20     -0.033057912810      2.365503884246      2.398209196714
   20      2.326145879385      4.683611108964      2.417201749781
   20     -2.340625922127      0.011895123161      2.384652191908
   12      2.220629125746      2.417654249888      4.713115665616
   12      4.630218397571      4.682168857854      4.658319753720
   12      0.122135930049     -0.096667393029      4.661806457802
   12     -2.338498182278      2.391492035732     -0.013593902046
   20     -0.036904714743      4.683427178017     -0.050230105672
   20     -4.691473654243      0.050742626642     -0.064805577144
   12      0.040441928577     -2.347138644126     -2.288819240457
   12      2.283505744213     -0.105870552824     -2.321977584135
   20     -2.328031429885     -4.683547684405     -2.378417590901
   20      2.369941512021     -2.374026931238     -0.070967256226
   20      4.707425497855     -0.055468854808     -0.036904956713
   12     -0.034336583890     -4.692289394130     -0.124696028995
   12     -2.335082798003     -2.318397373900     -4.575367742044
   20     -0.003089163344     -0.023674012435     -4.640851353593
   20     -4.676841935081     -4.659892160094     -4.674564998039
    8      0.103237553599     -0.086492533313     -2.308285442385
    8      2.346927611298      2.367108964016     -2.348577755778
    8     -2.357165823028     -2.337416982921     -2.342493028173
    8      2.350033621696     -0.004250765642     -0.067217842562
    8      4.768556411859      2.312732093256     -0.015672392270
    8      0.000729294351     -2.418582346820     -0.114629788258
    8      4.695029300756     -0.093525680954      2.355363621825
    8      7.021432178253      2.336178134938      2.290064065450
    8      2.444268307026     -2.332605532193      2.369840635480
    8     -0.089852096486      2.340857663702     -0.019409135903
    8      2.339839423918      4.673482816608     -0.059380941292
    8     -2.334205374433      0.076954138925      0.008426146302
    8      2.323168180401      2.334256736167      2.410996119425
    8      4.687184129907      4.667758271356      2.381120771168
    8      0.020410886564      0.011232975866      2.444013214109
    8      4.588734926235      2.457373675463      4.735892549963
    8      7.069229844202      4.776926351618      4.662160138157
    8      2.255458545735     -0.066480960585      4.674828303757
    8     -0.084743696488      4.681729051229      2.435571231052
    8      2.352744505179      7.019832927086      2.423692045126
    8     -2.346524328854      2.473341426650      2.269906592087
    8      2.349033990985      4.723361993478      4.667761191634
    8      4.682068414766      6.880896901241      4.670684814844
    8      0.114148647441      2.401484571877      4.768576144630
    8      4.689729056733      4.566581617150      6.945777609183
    8      7.053888625807      7.095628862118      6.925881314968
    8      2.341779657233      2.342851283738      6.880339721777
    0    0
