   3   1   1 E -1.6031098798491E+04 DE-6.5E-09(  9)
  0.714568302955E-02  0.700687555373E+01  0.705561874008E+01
  0.702281336967E+01 -0.248206978815E-02  0.705670769420E+01
  0.701691234198E+01  0.699780626576E+01  0.835881851349E-02
    1
  0.100000000000E+01  0.000000000000E+00  0.000000000000E+00
  0.000000000000E+00  0.100000000000E+01  0.000000000000E+00
  0.000000000000E+00  0.000000000000E+00  0.100000000000E+01
  0.000000000000E+00  0.000000000000E+00  0.000000000000E+00
   54
   20      0.007022377804     -0.029083172978     -0.073379567650
   20      2.339655209920      2.354193661429     -0.044213715009
   20     -2.295598366803     -2.361235082851     -0.023398092678
   20      2.312935006746     -0.052556122819      2.375674668040
   20      4.725669941312      2.310568188401      2.361893127861
   20      0.028526732304     -2.357514294408      2.373916306171
   20     -2.330932929420     -0.043157543179     -2.350721203772
   12     -0.003974707440      2.328141218834     -2.341582894869
   12     -4.768301894250     -2.380761751310     -2.337511893249
   20     -0.025883981732      2.315889987397      2.411130110340
   20      2.334527249322      4.721304949951      2.368198610850
   12     -2.267498445931      0.070515982399      2.411505654885
   20      2.275754063990      2.350393770153      4.745337817141
   20      4.713219624174      4.708953909492      4.692458042328
   12     -0.002725974782      0.047760600355      4.676548492863
   20     -2.352214494671      2.338882174463     -0.008326183886
   20      0.017752708780      4.712026586014     -0.009927886517
   20     -4.714315564674      0.013465994209     -0.014629856076
   12      0.041177613894     -2.373504618818     -2.364486588875
   20      2.324969208412      0.025895072370     -2.362925569664
   12     -2.250188027163     -4.670380448905     -2.335374459356
   12      2.231990511043     -2.380227227420     -0.063413964857
   20      4.714030240351      0.019042029080     -0.010101162329
   12     -0.009728070724     -4.710670111486     -0.122003214158
   20     -2.342679080322     -2.358265048471     -4.660037865248
   12     -0.023287440994      0.045196968080     -4.631260392484
   20     -4.703367321742     -4.663950629552     -4.673635393423
    8     -0.007701225858      0.015885128004     -2.439518262816
    8      2.289999815426      2.447595824566     -2.332692815129
    8     -2.280556707597     -2.446174287564     -2.347350434289
    8      2.340116558470     -0.054921385087     -0.023455187940
    8      4.770549694546      2.333656802105     -0.047398696570
    8      0.122654339162     -2.434633382182     -0.099147057006
    8      4.735307047088     -0.015757671340      2.386400164400
    8      7.007533514188      2.229129518244      2.396161715109
    8      2.333089224360     -2.345410078452      2.384827755170
    8     -0.006719594004      2.337149159479     -0.042599750108
    8      2.345644101758      4.678215058349     -0.024033749619
    8     -2.324785209225     -0.006752963067     -0.015903140917
    8      2.326144132332      2.328393863998      2.368214877555
    8      4.709546583451      4.730276463375      2.360006898185
    8     -0.094115707748     -0.010905406008      2.387814373522
    8      4.736544106401      2.338187682477      4.707300296054
    8      7.115285504951      4.662418200402      4.728001515901
    8      2.222994730218     -0.075771280981      4.703773087382
    8      0.014173392766      4.727710128476      2.433097995608
    8      2.319772526915      7.022094528501      2.361598544570
    8     -2.330855205578      2.258545103781      2.421529196259
    8      2.264515975985      4.684034829759      4.717064675920
    8      4.787721316293      7.119968469063      4.636888610385
    8     -0.075532271361      2.306064750261      4.775691416250
    8      4.633012860287      4.679311229442      7.055455214220
    8      7.026679127369      7.102971151880      7.056419127134
    8      2.253368458072      2.417692395739      7.045204341959
    0    0
