   3   1   1 E -1.6031098798055E+04 DE 7.2E-10( 10)
  0.758042242531E-02  0.701174753880E+01  0.701622934500E+01
  0.701443513449E+01  0.558094146785E-02  0.701124748346E+01
  0.701923646225E+01  0.700515962775E+01  0.718191386722E-02
    1
  0.100000000000E+01  0.000000000000E+00  0.000000000000E+00
  0.000000000000E+00  0.100000000000E+01  0.000000000000E+00
  0.000000000000E+00  0.000000000000E+00  0.100000000000E+01
  0.000000000000E+00  0.000000000000E+00  0.000000000000E+00
   54
   20     -0.003258737549     -0.012306735754     -0.035523406766
   20      2.347104495216      2.338017133018     -0.043373273538
   20     -2.352227857623     -2.309215340359     -0.035605997006
   20      2.317545047650     -0.044759726344      2.351347288248
   20      4.684102940365      2.363558425946      2.367118603209
   20      0.038622822114     -2.332227234830      2.368841690173
   20     -2.368900597717     -0.006153189221     -2.302062253194
   20      0.032195021091      2.362951976630     -2.329465308077
   12     -4.690829618537     -2.291817126127     -2.320090726778
   20     -0.020436204045      2.337966318215      2.381439353413
   20      2.332604492312      4.724221431531      2.373754568866
   20     -2.385358802886      0.020956942036      2.359490244776
   20      2.342787516147      2.366664433900      4.753543828899
   12      4.639880000085      4.689586069905      4.722430188540
   12      0.076367173302     -0.099611490993      4.707659931325
   12     -2.478749023749      2.355842233355      0.026534639070
   20     -0.007188068316      4.687632653986     -0.060601515863
   12     -4.638281686622     -0.044111192929     -0.050074179633
   12      0.055644632374     -2.263880301681     -2.308659845571
   12      2.285574218965     -0.114426786343     -2.307510028044
   20     -2.370777616695     -4.685165852240     -2.367693876593
   12      2.423968840873     -2.361500723125     -0.084880641777
   20      4.675006353860     -0.047533501096     -0.055545401873
   20      0.090278863310     -4.663656641842     -0.027481925203
   20     -2.384547293188     -2.381988174368     -4.686040923271
   20      0.054473485389      0.000243990451     -4.654801606109
   12     -4.656582638424     -4.667127980254     -4.694156939775
    8      0.084417630844     -0.082332442167     -2.336857855785
    8      2.340961470383      2.347376707581     -2.401972621972
    8     -2.369034730137     -2.331723762605     -2.349347082214
    8      2.342906221415     -0.083201369719     -0.088369571025
    8      4.687135373331      2.332766534772     -0.021043248541
    8      0.051429614792     -2.325195412475     -0.065584329801
    8      4.668050302201     -0.008397473327      2.343613378231
    8      7.096587003100      2.341689121275      2.353387929722
    8      2.339615485148     -2.409178719478      2.355337373507
    8     -0.017943129386      2.342771883423     -0.014634322376
    8      2.335275347284      4.760483648984     -0.075754894294
    8     -2.447531616730      0.074509268838     -0.010211354982
    8      2.337182818059      2.347101100052      2.367253747138
    8      4.678214619428      4.679808198123      2.395619353006
    8     -0.000315862343     -0.005571896739      2.377299436476
    8      4.660175018668      2.420747293452      4.753230380586
    8      7.063688246396      4.788578028690      4.673185281133
    8      2.251111060963     -0.081341030641      4.762897062501
    8     -0.005747532029      4.676159606565      2.377553531835
    8      2.333148331934      7.094076794398      2.379067386089
    8     -2.443606354285      2.340012331538      2.260404145903
    8      2.320928047256      4.768222256991      4.770299791859
    8      4.666968433339      6.887332898658      4.685137326669
    8      0.018189246522      2.355882133638      4.684199338134
    8      4.571106064128      4.582128705049      6.882704375598
    8      7.122454174195      7.014636239671      6.934229668988
    8      2.461251044051      2.351696230036      7.115727626644
    0    0
