   3   1   1 E -1.6031098864749E+04 DE-7.0E-10( 11)
  0.334391741296E-01  0.697412272091E+01  0.697412272091E+01
  0.703326336415E+01 -0.812099763034E-02  0.701544226069E+01
  0.703326336415E+01  0.701544226069E+01 -0.812099763034E-02
    2
  0.100000000000E+01  0.000000000000E+00  0.000000000000E+00
  0.000000000000E+00  0.100000000000E+01  0.000000000000E+00
  0.000000000000E+00  0.000000000000E+00  0.100000000000E+01
  0.000000000000E+00  0.000000000000E+00  0.000000000000E+00
  0.100000000000E+01  0.000000000000E+00  0.000000000000E+00
  0.000000000000E+00  0.000000000000E+00  0.100000000000E+01
  0.000000000000E+00  0.100000000000E+01  0.000000000000E+00
  0.000000000000E+00  0.000000000000E+00  0.000000000000E+00
   54
   20      0.040033351820     -0.030392874023     -0.030392874023
   20      2.370299390086      2.306691583217     -0.067729066134
   20     -2.325702845567     -2.358699744560     -0.046350445950
   20      2.370299390086     -0.067729066134      2.306691583217
   20      4.694693882720      2.326781852215      2.326781852215
   20      0.058715302505     -2.358671078231      2.356722210031
   20     -2.325702845567     -0.046350445950     -2.358699744560
   20      0.058715302505      2.356722210031     -2.358671078231
   12     -4.585140281546     -2.407458403070     -2.407458403070
   20     -0.044648566439      2.364742003630      2.364742003630
   20      2.358804635136      4.687305330758      2.382920167912
   20     -2.362915335631      0.020379905576      2.402125532839
   20      2.358804635136      2.382920167912      4.687305330758
   12      4.645111750526      4.709950633691      4.709950633691
   20     -0.026619150414     -0.027346779357      4.680699095883
   20     -2.362915335631      2.402125532839      0.020379905576
   20     -0.026619150414      4.680699095883     -0.027346779357
   20     -4.699181647287     -0.004718483218     -0.004718483218
   12      0.005440542314     -2.319736102744     -2.319736102744
   12      2.325207568066     -0.086967780162     -2.337633644333
   12     -2.392147178040     -4.602030612354     -2.352750340364
   12      2.325207568066     -2.337633644333     -0.086967780162
   12      4.619628530354     -0.069715123799     -0.069715123799
   20     -0.019035397695     -4.643649066002      0.000440346740
   12     -2.392147178040     -2.352750340364     -4.602030612354
   20     -0.019035397695      0.000440346740     -4.643649066002
   12     -4.656894042157     -4.631527637187     -4.631527637187
    8      0.063658434891     -0.068646781709     -2.325995005171
    8      2.429717793001      2.347094583206     -2.415319649962
    8     -2.369445773042     -2.407520948552     -2.407520948552
    8      2.400276644720     -0.084028473726     -0.084028473726
    8      4.675569873051      2.285570868275     -0.087048417322
    8      0.063658434891     -2.325995005171     -0.068646781709
    8      4.675569873051     -0.087048417322      2.285570868275
    8      7.089299435807      2.347778020708      2.347778020708
    8      2.429717793001     -2.415319649962      2.347094583206
    8     -0.005888669110      2.343011055457     -0.010579815174
    8      2.361682420279      4.667497738963     -0.054068664484
    8     -2.351769412579     -0.002150093770     -0.002150093770
    8      2.346922469736      2.334855646111      2.334855646111
    8      4.700894317063      4.681101716719      2.391330697737
    8     -0.005888669110     -0.010579815174      2.343011055457
    8      4.700894317063      2.391330697737      4.681101716719
    8      7.024385545474      4.666713854220      4.666713854220
    8      2.361682420279     -0.054068664484      4.667497738963
    8     -0.031158944977      4.650908290836      2.402978622167
    8      2.361557524275      7.079354416520      2.405315253360
    8     -2.414645523233      2.430258499090      2.430258499090
    8      2.386588184079      4.741943402258      4.741943402258
    8      4.626296382824      6.962484856040      4.752844186246
    8     -0.031158944977      2.402978622167      4.650908290836
    8      4.626296382824      4.752844186246      6.962484856040
    8      6.981319230146      6.987432588810      6.987432588810
    8      2.361557524275      2.405315253360      7.079354416520
    0    0
