   3   1   1 E -1.6031089759866E+04 DE 4.2E-10( 11)
  0.488069109700E-02  0.702093557533E+01  0.700267148979E+01
  0.699681021293E+01  0.145619214541E-01  0.698726533478E+01
  0.702185277077E+01  0.702356158053E+01 -0.364270104930E-02
    1
  0.100000000000E+01  0.000000000000E+00  0.000000000000E+00
  0.000000000000E+00  0.100000000000E+01  0.000000000000E+00
  0.000000000000E+00  0.000000000000E+00  0.100000000000E+01
  0.000000000000E+00  0.000000000000E+00  0.000000000000E+00
   54
   20      0.000570466067      0.025895818968     -0.082932713318
   20      2.302411362480      2.357717432296     -0.055877677791
   20     -2.335807676482     -2.357989433964     -0.026522855726
   20      2.311691285823     -0.011882088251      2.351283686130
   20      4.724698097497      2.321775207989      2.338281807902
   20      0.016744796008     -2.366314104260      2.358000916720
   20     -2.312110892858     -0.007265904025     -2.299120677895
   12      0.022021043510      2.275175382385     -2.299540084096
   12     -4.771202854106     -2.327203163263     -2.276797602803
   20     -0.019940530342      2.377701485233      2.365485564090
   20      2.283563546915      4.724938708400      2.351576430656
   20     -2.327020435423      0.015030529372      2.338772195279
   20      2.310938673240      2.351542672455      4.700704932229
   20      4.738863155601      4.688939224398      4.679569368344
   12      0.043872439680     -0.022702424506      4.729368988265
   12     -2.264617478625      2.390813596146     -0.020060251848
   12      0.006258114859      4.652999129998     -0.073465625000
   20     -4.730945019268     -0.006648790959     -0.012285628342
   12      0.035596039856     -2.299391602356     -2.318619748469
   12      2.268823721091      0.037208834720     -2.402235636165
   20     -2.332327176743     -4.686566432175     -2.330532754947
   20      2.324596420104     -2.355708038702     -0.045691331791
   20      4.721834914806     -0.001322879586     -0.032127907554
   12     -0.033327973635     -4.698069561126     -0.069749102163
   20     -2.307752693357     -2.342990362418     -4.665319844883
   12      0.008299063784     -0.004868158211     -4.600061751237
   20     -4.727038192070     -4.715301584617     -4.625330706858
    8      0.077726065989      0.008640970794     -2.431792395884
    8      2.254308165442      2.316076443153     -2.334124155279
    8     -2.333934830437     -2.339760138635     -2.314641646476
    8      2.315667104656      0.006681577509     -0.075985395846
    8      4.726542425448      2.336751487027     -0.021036485114
    8     -0.005235061823     -2.391203809366     -0.080320746686
    8      4.722375385358      0.002293005865      2.340155558523
    8      7.000472442226      2.249012782516      2.348093887440
    8      2.317795071010     -2.344377678541      2.356206182841
    8     -0.078559605077      2.427101842127     -0.084261140786
    8      2.267471720113      4.681043688046     -0.035462731908
    8     -2.335197984872      0.042144194126     -0.016801539730
    8      2.315973083865      2.352641708041      2.351146392609
    8      4.700027036632      4.680339970280      2.336854549295
    8     -0.000063759817      0.006620079566      2.361720590593
    8      4.767579035896      2.345645988389      4.702738497125
    8      7.135464123516      4.690009102995      4.772470425477
    8      2.237258842709     -0.049343937511      4.670496260486
    8     -0.005272705617      4.781169972467      2.368751183791
    8      2.307532730453      7.024941640704      2.390869188613
    8     -2.332688578314      2.340142058443      2.338327312022
    8      2.290483938394      4.738951099139      4.666266441435
    8      4.720335938461      7.016028551385      4.673969668510
    8      0.003393504793      2.346313081777      4.764992617637
    8      4.761299673264      4.606721357422      6.982371057709
    8      7.009982984345      7.034003535550      6.942752794032
    8      2.306517571555      2.341663780685      6.987795196684
    0    0
