   3   1   1 E -1.6031064535693E+04 DE 6.3E-10( 11)
  0.145801641811E-02  0.699022170770E+01  0.701594581939E+01
  0.697385414804E+01  0.532433224107E-02  0.700588011679E+01
  0.699146152698E+01  0.699172952440E+01 -0.624922468921E-02
    1
  0.100000000000E+01  0.000000000000E+00  0.000000000000E+00
  0.000000000000E+00  0.100000000000E+01  0.000000000000E+00
  0.000000000000E+00  0.000000000000E+00  0.100000000000E+01
  0.000000000000E+00  0.000000000000E+00  0.000000000000E+00
   54
   20      0.023551674432     -0.005066898980     -0.039684972482
   20      2.326004129773      2.370204087925     -0.020333615726
   20     -2.322949741169     -2.361638087533     -0.034210967493
   20      2.297331746676      0.000295093426      2.345684876453
   20      4.663280562645      2.354284779560      2.333500981175
   20      0.035502585687     -2.341481571051      2.346309364923
   20     -2.322040628111     -0.017305855590     -2.336563336950
   12      0.036424279363      2.378395803049     -2.331237721157
   12     -4.759904937692     -2.298810325711     -2.343794971126
   12      0.041441715726      2.386521890818      2.517418283428
   12      2.264023630244      4.642957966435      2.353634947723
   20     -2.307778282593      0.021197073766      2.370617492226
   20      2.256233307326      2.361489841758      4.664727467699
   20      4.673700658597      4.669599060717      4.661820733033
   12     -0.085960077685      0.075167855743      4.682352385167
   20     -2.301741069897      2.353791411729      0.006357945063
   20      0.059327779393      4.648346032537      0.000184263636
   20     -4.681421563571      0.003581274755     -0.016840316750
   12     -0.003633673996     -2.436724709544     -2.333414898874
   20      2.318120669964      0.001676626223     -2.334670052474
   12     -2.323260507310     -4.904137704291     -2.266882154221
   12      2.328555646329     -2.423845731628     -0.092438947197
   20      4.680387724547      0.021134447618     -0.031659693784
   12     -0.076775222990     -4.581011205831     -0.107966624731
   20     -2.314371203132     -2.363668308981     -4.640742309631
   20      0.027943826137     -0.003375563509     -4.655876746966
   20     -4.667791877981     -4.623737836884     -4.657055863707
    8      0.012649934175     -0.005522287530     -2.340557567111
    8      2.331766908715      2.407294730588     -2.351088783645
    8     -2.350026998986     -2.401500690709     -2.338074160860
    8      2.328307985562     -0.014460975691     -0.023782601085
    8      4.708976354996      2.347533191647     -0.046646818885
    8      0.056274339676     -2.405478478693     -0.063138807833
    8      4.661383006414     -0.000106590768      2.349319892015
    8      6.996897702918      2.348459103817      2.339312781626
    8      2.324778863646     -2.335675998068      2.347295601039
    8      0.030992417344      2.344423190056     -0.016161101928
    8      2.337727426544      4.659370851705     -0.016881082641
    8     -2.318273652398      0.000720006156     -0.013937647002
    8      2.258385672681      2.389351555230      2.328977224977
    8      4.648332960639      4.658108793409      2.332804832726
    8      0.015771366141      0.035829196508      2.371020895182
    8      4.676662844927      2.357748116086      4.670817136823
    8      7.069993412840      4.658440574446      4.668088288411
    8      2.255301252079     -0.020169690915      4.668551435144
    8      0.101438960354      4.586999325719      2.416207937387
    8      2.331038210720      6.974270261463      2.350768454493
    8     -2.278318101012      2.349403524793      2.410224786358
    8      2.273485837397      4.653612616928      4.672965239646
    8      4.714363241433      7.039112679936      4.678274112127
    8     -0.119866155026      2.291748246793      4.677333516939
    8      4.652603100515      4.661323639729      7.000727723111
    8      6.999727431768      7.036393482774      6.969137610610
    8      2.265906136688      2.397672217646      6.989300756804
    0    0
