   3   1   1 E -1.6031049199201E+04 DE 2.5E-11( 11)
  0.832382142868E-02  0.697759928097E+01  0.697759928097E+01
  0.702790253061E+01 -0.236681867249E-01  0.700955859542E+01
  0.702790253061E+01  0.700955859542E+01 -0.236681867249E-01
    2
  0.100000000000E+01  0.000000000000E+00  0.000000000000E+00
  0.000000000000E+00  0.100000000000E+01  0.000000000000E+00
  0.000000000000E+00  0.000000000000E+00  0.100000000000E+01
  0.000000000000E+00  0.000000000000E+00  0.000000000000E+00
  0.100000000000E+01  0.000000000000E+00  0.000000000000E+00
  0.000000000000E+00  0.000000000000E+00  0.100000000000E+01
  0.000000000000E+00  0.100000000000E+01  0.000000000000E+00
  0.000000000000E+00  0.000000000000E+00  0.000000000000E+00
   54
   20     -0.006653040535      0.005259843557      0.005259843557
   20      2.342206777065      2.342278421835     -0.002479237416
   20     -2.353468407398     -2.326116163051      0.018802011314
   20      2.342206777065     -0.002479237416      2.342278421835
   20      4.681688680942      2.329943386453      2.329943386453
   20     -0.001323760463     -2.345987875642      2.343535452504
   20     -2.353468407398      0.018802011314     -2.326116163051
   20     -0.001323760463      2.343535452504     -2.345987875642
   12     -4.686766391850     -2.313135378785     -2.313135378785
   20      0.001798685725      2.329557368681      2.329557368681
   12      2.393508541574      4.623365347355      2.282565960943
   12     -2.343343123742     -0.040350532617      2.289370257078
   12      2.393508541574      2.282565960943      4.623365347355
   20      4.687827829447      4.656289776584      4.656289776584
   20      0.004337854661     -0.004676323953      4.684603732839
   12     -2.343343123742      2.289370257078     -0.040350532617
   20      0.004337854661      4.684603732839     -0.004676323953
   12     -4.685658764510      0.029813011809      0.029813011809
   20     -0.003537145375     -2.327920523560     -2.327920523560
   20      2.339407817332     -0.001117863388     -2.346190470822
   20     -2.351803356491     -4.667122647824     -2.317289495347
   20      2.339407817332     -2.346190470822     -0.001117863388
   12      4.696097692900     -0.003974596102     -0.003974596102
   12      0.002043427249     -4.644948100044      0.062685929284
   20     -2.351803356491     -2.317289495347     -4.667122647824
   12      0.002043427249      0.062685929284     -4.644948100044
   20     -4.689250673536     -4.678653287501     -4.678653287501
    8     -0.008022005026      0.006556870263     -2.341142037623
    8      2.339013175066      2.343405546099     -2.349554438563
    8     -2.356924673160     -2.324355616166     -2.324355616166
    8      2.340605596619     -0.001084461585     -0.001084461585
    8      4.683197853417      2.334674952836     -0.005515391626
    8     -0.008022005026     -2.341142037623      0.006556870263
    8      4.683197853417     -0.005515391626      2.334674952836
    8      7.019805912471      2.313043437184      2.313043437184
    8      2.339013175066     -2.349554438563      2.343405546099
    8     -0.000111862378      2.340467079832     -0.003410508901
    8      2.342620834758      4.694401712084      0.000422547320
    8     -2.355376027557      0.026088933659      0.026088933659
    8      2.342748371549      2.342155921280      2.342155921280
    8      4.678982824922      4.675457060430      2.327408942964
    8     -0.000111862378     -0.003410508901      2.340467079832
    8      4.678982824922      2.327408942964      4.675457060430
    8      7.036347474614      4.662652523411      4.662652523411
    8      2.342620834758      0.000422547320      4.694401712084
    8      0.006460008131      4.672860246587      2.323920804327
    8      2.352557178251      6.957976310947      2.270578637550
    8     -2.341432552311      2.305435395291      2.305435395291
    8      2.349729596845      4.639067532334      4.639067532334
    8      4.687013391100      6.988941496122      4.643313427114
    8      0.006460008131      2.323920804327      4.672860246587
    8      4.687013391100      4.643313427114      6.988941496122
    8      7.030975063601      7.013828676171      7.013828676171
    8      2.352557178251      2.270578637550      6.957976310947
    0    0
