   3   1   1 E -1.6031034326162E+04 DE-7.3E-10(  2)
  0.393644464328E-02  0.703314803036E+01  0.703207664768E+01
  0.702705431446E+01 -0.217171733024E-02  0.703202754669E+01
  0.703060490361E+01  0.703079196015E+01  0.157459078550E-03
    1
  0.100000000000E+01  0.000000000000E+00  0.000000000000E+00
  0.000000000000E+00  0.100000000000E+01  0.000000000000E+00
  0.000000000000E+00  0.000000000000E+00  0.100000000000E+01
  0.000000000000E+00  0.000000000000E+00  0.000000000000E+00
   54
   20      0.000000000000      0.000000000000      0.000000000000
   20      2.343534967870      2.343597320049      0.000052486360
   20     -2.343534967870     -2.343597320049     -0.000052486360
   20      2.342351438152     -0.000723905777      2.344009182230
   20      4.685886406022      2.342873414272      2.344061668590
   20     -0.001183529718     -2.344321225826      2.343956695871
   20     -2.342351438152      0.000723905777     -2.344009182230
   12      0.001183529718      2.344321225826     -2.343956695871
   12     -4.685886406022     -2.342873414272     -2.344061668590
   20      0.001312148214      2.344382676785      2.344025549228
   12      2.344847116084      4.687979996834      2.344078035587
   20     -2.342222819655      0.000785356736      2.343973062868
   20      2.343663586366      2.343658771008      4.688034731458
   20      4.687198554236      4.687256091057      4.688087217817
   12      0.000128618496      0.000061450959      4.687982245098
   20     -2.341039289938      2.345106582562      0.000016366998
   12      0.002495677932      4.688703902611      0.000068853357
   20     -4.684574257807      0.001509262513     -0.000036119362
   12     -0.001312148214     -2.344382676785     -2.344025549228
   12      2.342222819655     -0.000785356736     -2.343973062868
   20     -2.344847116084     -4.687979996834     -2.344078035587
   12      2.341039289938     -2.345106582562     -0.000016366998
   20      4.684574257807     -0.001509262513      0.000036119362
   12     -0.002495677932     -4.688703902611     -0.000068853357
   20     -2.343663586366     -2.343658771008     -4.688034731458
   20     -0.000128618496     -0.000061450959     -4.687982245098
   20     -4.687198554236     -4.687256091057     -4.688087217817
    8     -0.000064309248     -0.000030725480     -2.343991122549
    8      2.343470658621      2.343566594569     -2.343938636190
    8     -2.343599277118     -2.343628045529     -2.344043608909
    8      2.342287128904     -0.000754631256      0.000018059681
    8      4.685822096774      2.342842688793      0.000070546041
    8     -0.001247838966     -2.344351951305     -0.000034426679
    8      4.684638567057     -0.001478537033      2.344027241912
    8      7.028173534928      2.342118783017      2.344079728272
    8      2.341103599188     -2.345075857082      2.343974755554
    8      0.001247838966      2.344351951305      0.000034426679
    8      2.344782806837      4.687949271356      0.000086913038
    8     -2.342287128904      0.000754631256     -0.000018059681
    8      2.343599277118      2.343628045529      2.344043608909
    8      4.687134244990      4.687225365580      2.344096095268
    8      0.000064309248      0.000030725480      2.343991122549
    8      4.685950715270      2.342904139752      4.688052791139
    8      7.029485683142      4.686501459803      4.688105277498
    8      2.342415747401     -0.000693180297      4.688000304780
    8      0.002559987181      4.688734628092      2.344059975908
    8      2.346094955053      7.032331948143      2.344112462267
    8     -2.340974980689      2.345137308042      2.344007489548
    8      2.344911425333      4.688010722315      4.688069158137
    8      4.688446393205      7.031608042367      4.688121644496
    8      0.001376457463      2.344413402265      4.688016671777
    8      4.687262863483      4.687286816537      7.032078340365
    8      7.030797831357      7.030884136590      7.032130826724
    8      2.343727895614      2.343689496487      7.032025854005
    0    0
