   3   1   1 E -1.6031101370617E+04 DE 3.6E-10( 11)
  0.358025778125E-01  0.701738477975E+01  0.704337250169E+01
  0.703375334348E+01  0.334716614661E-01  0.703867935685E+01
  0.704477612181E+01  0.701840112777E+01  0.278316225650E-01
    1
  0.100000000000E+01  0.000000000000E+00  0.000000000000E+00
  0.000000000000E+00  0.100000000000E+01  0.000000000000E+00
  0.000000000000E+00  0.000000000000E+00  0.100000000000E+01
  0.000000000000E+00  0.000000000000E+00  0.000000000000E+00
   54
   20      0.024277550718     -0.023220151445     -0.070160263819
   20      2.349367608426      2.354737459799     -0.007385955850
   20     -2.373287537247     -2.318609875447     -0.012209869831
   20      2.359066116791     -0.002103580812      2.365077434671
   20      4.699082146726      2.345202052410      2.335891271089
   20      0.014871078557     -2.338881269343      2.359124306955
   20     -2.335167304348     -0.007861916958     -2.373240610981
   12      0.100694753582      2.367208089728     -2.333034998008
   12     -4.740792966349     -2.420058433847     -2.335175158026
   20      0.016672346089      2.367342968208      2.358309247083
   12      2.336180816860      4.735020433307      2.440318558320
   12     -2.356066447032     -0.076854207902      2.323736398238
   12      2.296326834649      2.485974180930      4.682020315916
   20      4.657532859330      4.701699002511      4.703382550181
   20     -0.010449122774      0.019772509466      4.689485053314
   20     -2.366973739304      2.343801461448     -0.019067569470
   20      0.026260003827      4.691452336457      0.030082716931
   20     -4.683873767887     -0.024002276912     -0.008180736435
   12      0.040797254075     -2.387233717906     -2.361677748228
   20      2.331726846859     -0.058804735890     -2.327480304516
   20     -2.365475049586     -4.689360508436     -2.358385336904
   12      2.456471668238     -2.334388104233      0.006675779078
   12      4.675829642676     -0.040677095278      0.059327586686
   20      0.003428136666     -4.663861291087     -0.031756163421
   20     -2.354788744294     -2.322285012275     -4.694413344731
   12     -0.058538922435     -0.061601850995     -4.628537860371
   20     -4.722425717761     -4.723264070832     -4.686721110302
    8      0.007780314721     -0.030079596351     -2.468014169854
    8      2.250035260214      2.404354049552     -2.341410252059
    8     -2.380157768940     -2.359703303481     -2.366892353898
    8      2.449011660018     -0.081309137078      0.001072928378
    8      4.682976433760      2.290033099148      0.015384743360
    8      0.075024686975     -2.329503366932     -0.062462946593
    8      4.759747601949      0.017619306946      2.291462705888
    8      7.039448031165      2.267131377749      2.442946635309
    8      2.339468403506     -2.336430493888      2.358689852886
    8     -0.007041238939      2.338338091888     -0.077048757367
    8      2.340294169894      4.667934803921     -0.012913320376
    8     -2.332016858409     -0.002359783746     -0.014323851301
    8      2.349768424861      2.417405724815      2.402886229615
    8      4.613775313176      4.811716418207      2.379754529820
    8     -0.072087682174      0.005857887961      2.355591705611
    8      4.689920942210      2.368741870291      4.689099589117
    8      7.136333757944      4.626678915034      4.726457596837
    8      2.324016406641      0.018878775511      4.692077533991
    8      0.130113629820      4.783893874658      2.464563525007
    8      2.405547164323      6.881568724908      2.374042477810
    8     -2.338246406706      2.269354252182      2.340220585219
    8      2.303313749573      4.577967962612      4.684176143994
    8      4.704108977031      7.024812837667      4.720435653203
    8      0.096353809338      2.440974499198      4.676190171732
    8      4.608030589625      4.812325790010      7.042262573159
    8      6.960072446911      7.040356004692      7.108476822160
    8      2.358156030440      2.465958080279      6.965745125795
    0    0
