   3   1   1 E -1.6031032520026E+04 DE 1.9E-09(  2)
  0.508093179876E-02  0.702830800016E+01  0.703120479489E+01
  0.703051899635E+01 -0.159305747888E-02  0.703114813670E+01
  0.703548785854E+01  0.702675060627E+01 -0.459020718430E-04
    1
  0.100000000000E+01  0.000000000000E+00  0.000000000000E+00
  0.000000000000E+00  0.100000000000E+01  0.000000000000E+00
  0.000000000000E+00  0.000000000000E+00  0.100000000000E+01
  0.000000000000E+00  0.000000000000E+00  0.000000000000E+00
   54
   20      0.000000000000      0.000000000000      0.000000000000
   20      2.345162619512      2.342250202089     -0.000015300691
   20     -2.345162619512     -2.342250202089      0.000015300691
   20      2.343506332117     -0.000531019160      2.343716045567
   20      4.688668951630      2.341719182929      2.343700744876
   20     -0.001656287395     -2.342781221248      2.343731346258
   20     -2.343506332117      0.000531019160     -2.343716045567
   20      0.001656287395      2.342781221248     -2.343731346258
   12     -4.688668951630     -2.341719182929     -2.343700744876
   20      0.001693643933      2.342769333387      2.343734931631
   20      2.346856263445      4.685019535476      2.343719630941
   20     -2.343468975579      0.000519131299      2.343750232322
   20      2.345199976050      2.342238314228      4.687450977198
   12      4.690362595562      4.684488516316      4.687435676508
   20      0.000037356538     -0.000011887861      4.687466277889
   20     -2.341812688184      2.343300352547      0.000018886064
   12      0.003349931328      4.685550554636      0.000003585374
   12     -4.686975307697      0.001050150458      0.000034186755
   12     -0.001693643933     -2.342769333387     -2.343734931631
   20      2.343468975579     -0.000519131299     -2.343750232322
   20     -2.346856263445     -4.685019535476     -2.343719630941
   12      2.341812688184     -2.343300352547     -0.000018886064
   20      4.686975307697     -0.001050150458     -0.000034186755
   12     -0.003349931328     -4.685550554636     -0.000003585374
   20     -2.345199976050     -2.342238314228     -4.687450977198
   12     -0.000037356538      0.000011887861     -4.687466277889
   12     -4.690362595562     -4.684488516316     -4.687435676508
    8     -0.000018678269      0.000005943930     -2.343733138944
    8      2.345143941245      2.342256146021     -2.343748439635
    8     -2.345181297781     -2.342244258158     -2.343717838254
    8      2.343487653848     -0.000525075229     -0.000017093377
    8      4.688650273362      2.341725126861     -0.000032394068
    8     -0.001674965664     -2.342775277318     -0.000001792687
    8      4.686993985965     -0.001056094389      2.343698952188
    8      7.032156605479      2.341194107701      2.343683651498
    8      2.341831366453     -2.343306296477      2.343714252880
    8      0.001674965664      2.342775277318      0.000001792687
    8      2.346837585178      4.685025479408     -0.000013508004
    8     -2.343487653848      0.000525075229      0.000017093377
    8      2.345181297781      2.342244258158      2.343717838254
    8      4.690343917295      4.684494460249      2.343702537563
    8      0.000018678269     -0.000005943930      2.343733138944
    8      4.688687629898      2.341713238999      4.687433883820
    8      7.033850249411      4.683963441089      4.687418583129
    8      2.343525010386     -0.000536963090      4.687449184511
    8      0.003368609597      4.685544610704      2.343736724317
    8      2.348531229112      7.027794812795      2.343721423626
    8     -2.341794009915      2.343294408615      2.343752025007
    8      2.346874941714      4.685013591544      4.687452769883
    8      4.692037561229      7.027263793635      4.687437469193
    8      0.001712322202      2.342763389455      4.687468070574
    8      4.690381273830      4.684482572385      7.031168815450
    8      7.035543893344      7.026732774476      7.031153514759
    8      2.345218654318      2.342232370296      7.031184116140
    0    0
