   3   1   1 E -1.6031076693797E+04 DE 4.4E-10( 11)
  0.397694879384E-01  0.688007254223E+01  0.698575515306E+01
  0.707060510435E+01 -0.623575920717E-02  0.702217113920E+01
  0.706306671003E+01  0.690223953164E+01  0.841137768939E-02
    1
  0.100000000000E+01  0.000000000000E+00  0.000000000000E+00
  0.000000000000E+00  0.100000000000E+01  0.000000000000E+00
  0.000000000000E+00  0.000000000000E+00  0.100000000000E+01
  0.000000000000E+00  0.000000000000E+00  0.000000000000E+00
   54
   20     -0.017434300951     -0.009714778089     -0.026141064348
   20      2.348270540951      2.312935722454     -0.012848142911
   20     -2.345185235981     -2.283435831624     -0.026867199262
   20      2.363839342038     -0.032239518037      2.359267189326
   20      4.739653252539      2.292265768217      2.334136414108
   20      0.004190595192     -2.331252496243      2.317577364927
   20     -2.357437781215     -0.002553402147     -2.332144651332
   20     -0.021357795609      2.303411934254     -2.361603060677
   20     -4.718145202627     -2.277684528233     -2.344289334731
   20     -0.014533638213      2.344214298904      2.376394165066
   20      2.342401113093      4.660030600714      2.320230949588
   20     -2.349029583809      0.037341793135      2.310854146002
   20      2.334732999921      2.281138630448      4.694974937191
   12      4.758701971265      4.609597323631      4.657350633480
   12     -0.012596715333     -0.091907657002      4.683916673509
   12     -2.336311556922      2.333277286848      0.102080465116
   20     -0.003708443078      4.658705935802      0.001882919821
   12     -4.742534676302      0.153943759829      0.073090675120
   12     -0.078402933169     -2.149171825854     -2.404032352591
   20      2.335827991472     -0.025322893909     -2.351024817282
   20     -2.347374873977     -4.573128181378     -2.366813830109
   20      2.377640932044     -2.403044081964      0.038968359484
   20      4.760713440932     -0.020603895167      0.009401843391
   12     -0.013592865767     -4.632289637270     -0.059140868513
   12     -2.301693260504     -2.359354087447     -4.512242326702
   12      0.023435429896     -0.141103766029     -4.686012928609
   12     -4.706737080243     -4.667754175470     -4.728408893025
    8     -0.020479942574     -0.058017739279     -2.388592997391
    8      2.336460692608      2.310446308274     -2.375031268174
    8     -2.322887121919     -2.259682769634     -2.353884167585
    8      2.354150232869     -0.034169534881     -0.006232373671
    8      4.739910213685      2.297712818063     -0.013688085664
    8      0.003891300014     -2.388333670632     -0.044239524552
    8      4.765768576826     -0.074310963788      2.352775140382
    8      7.123899110121      2.196431842623      2.267850984476
    8      2.397771942321     -2.390050957611      2.362375135281
    8     -0.037990307790      2.323163965735     -0.008079445055
    8      2.350346200237      4.685627522883     -0.005407640863
    8     -2.386953872730      0.074169765711     -0.007619518645
    8      2.348119382801      2.311674405435      2.340491274210
    8      4.716237751971      4.612767192676      2.328272215095
    8     -0.001625185827      0.001154652827      2.346471325422
    8      4.713718674836      2.364545294762      4.706389359151
    8      7.014533043395      4.665670949332      4.662425851784
    8      2.311255092000     -0.014309089349      4.725559871557
    8     -0.040808017664      4.682860260323      2.408298075802
    8      2.306374888788      6.970533774197      2.304507001777
    8     -2.391117692496      2.384321328753      2.261355154857
    8      2.377133624428      4.570066105126      4.661606884027
    8      4.803479211907      6.833866698264      4.642807161283
    8      0.006774625503      2.303542745919      4.735276858786
    8      4.765112905129      4.480575592916      6.999709705904
    8      7.181093202885      7.057740338803      7.017170989827
    8      2.342985663483      2.098044280180      7.084394280705
    0    0
