   3   1   1 E -1.6031088939949E+04 DE-1.5E-09( 10)
  0.343763377042E-01  0.688932563866E+01  0.699227243803E+01
  0.706521715242E+01 -0.311807258471E-02  0.702021563419E+01
  0.706518174083E+01  0.691052988495E+01  0.393188796256E-02
    1
  0.100000000000E+01  0.000000000000E+00  0.000000000000E+00
  0.000000000000E+00  0.100000000000E+01  0.000000000000E+00
  0.000000000000E+00  0.000000000000E+00  0.100000000000E+01
  0.000000000000E+00  0.000000000000E+00  0.000000000000E+00
   54
   20     -0.018742412253     -0.010395147208     -0.027809621062
   20      2.349678015648      2.313949785008     -0.012583735511
   20     -2.344290868089     -2.288545628082     -0.024326594825
   20      2.363795209026     -0.033103123304      2.362395868698
   20      4.742597768098      2.295229658354      2.336634120076
   20      0.003307724608     -2.335199214897      2.321823485384
   20     -2.353782786771     -0.004703966260     -2.327481390585
   20     -0.019089187808      2.304345716227     -2.362130854472
   20     -4.717034762386     -2.281388895236     -2.341003365272
   20     -0.020426556272      2.347433265183      2.377099386277
   20      2.336808261440      4.669797053576      2.319449902486
   20     -2.354534796094      0.038116231284      2.313708052916
   20      2.330723365891      2.288534391314      4.699646971964
   12      4.755464777961      4.608493199659      4.672656042482
   12     -0.009033231469     -0.080996640624      4.679059464885
   12     -2.327241146860      2.332315112216      0.087881892242
   20     -0.006431504074      4.663311041213      0.000197164752
   12     -4.749291433238      0.121079108085      0.057165390851
   12     -0.072138023583     -2.172243803141     -2.375004194193
   20      2.338529937843     -0.027001818934     -2.354057579792
   20     -2.343696709609     -4.580027552835     -2.366410543085
   20      2.380475954296     -2.408906806108      0.041471260164
   20      4.766670765718     -0.025905387375      0.009753831041
   12     -0.016494677417     -4.638524153963     -0.043634626193
   12     -2.309756974235     -2.367131296852     -4.569262732136
   12      0.026489714651     -0.074240873601     -4.685469199431
   12     -4.715486337374     -4.656280534882     -4.748388393470
    8     -0.018743222094     -0.064603851366     -2.393276857500
    8      2.339518252564      2.310902212290     -2.378933967444
    8     -2.313250246165     -2.267403804773     -2.352253419189
    8      2.355363993813     -0.035917514803     -0.006713591782
    8      4.746000409722      2.298298226873     -0.012401560051
    8      0.004904510709     -2.396514365549     -0.046174147405
    8      4.771714182624     -0.081482624953      2.356173880653
    8      7.130015968439      2.194567949909      2.264223305241
    8      2.402377918164     -2.396869855261      2.366703964335
    8     -0.040827072332      2.323790172535     -0.009606462605
    8      2.349870606320      4.693117049329     -0.005850182033
    8     -2.393374783657      0.072855106468     -0.008446930165
    8      2.345859483194      2.315180377953      2.341587590458
    8      4.714480869583      4.618917637971      2.328945391827
    8     -0.004166761570      0.001191168709      2.348815615975
    8      4.713105517903      2.377381035689      4.711068416420
    8      7.005752843061      4.678058855631      4.659563343896
    8      2.304348285393     -0.010350477695      4.731162847696
    8     -0.055517129984      4.692512729699      2.408183308794
    8      2.299935698075      6.993767628456      2.301486726034
    8     -2.401036917023      2.396003480337      2.255677359887
    8      2.372967102829      4.577571311109      4.665785677499
    8      4.807886482126      6.835809603647      4.647604670727
    8      0.003357179062      2.307878534785      4.745364713610
    8      4.756893570271      4.479318344223      6.999378121321
    8      7.184939419480      7.065309546737      7.017964813464
    8      2.342042291123      2.108020332844      7.096477186954
    0    0
