   3   1   1 E -1.6031075247260E+04 DE 8.8E-10( 11)
 -0.792770682815E-02  0.700265407020E+01  0.698975941992E+01
  0.699080798851E+01 -0.292519497913E-02  0.699109951416E+01
  0.699560750878E+01  0.701502860972E+01 -0.138411978124E-01
    1
  0.100000000000E+01  0.000000000000E+00  0.000000000000E+00
  0.000000000000E+00  0.100000000000E+01  0.000000000000E+00
  0.000000000000E+00  0.000000000000E+00  0.100000000000E+01
  0.000000000000E+00  0.000000000000E+00  0.000000000000E+00
   54
   20     -0.014394865727     -0.010991362760     -0.048130997419
   20      2.305231446387      2.377499102840     -0.052207031419
   20     -2.328456805871     -2.338982528126     -0.016349527940
   20      2.326586749072     -0.039799391201      2.363954473411
   20      4.695897675586      2.369013298283      2.367942172138
   20     -0.012827210667     -2.336946891202      2.415582734903
   20     -2.312412291596     -0.036647544746     -2.364359908077
   12     -0.055384436471      2.447456152957     -2.297535776216
   12     -4.699815492079     -2.187820601050     -2.269846041692
   20     -0.053554381939      2.361895709601      2.366745727800
   20      2.293449586107      4.693341189884      2.336535504851
   12     -2.302936675292     -0.075724767367      2.388814579310
   20      2.304591676055      2.357214893910      4.666824301708
   12      4.700337104026      4.541468561970      4.654949657434
   12      0.074474458128     -0.056488959382      4.700576128810
   20     -2.292439222455      2.373659838388     -0.013184466341
   12     -0.087333218194      4.663318802258     -0.153682757303
   20     -4.703722961801     -0.022512214374     -0.030667067355
   12     -0.019172497019     -2.370165524219     -2.315129115843
   20      2.328352883942     -0.022651032130     -2.335973495052
   20     -2.262743076389     -4.664395021100     -2.356179351737
   20      2.348842053193     -2.355497500901     -0.009439771772
   20      4.732809759090     -0.035451914649     -0.040809704617
   12     -0.018762221027     -4.657990631158     -0.105082633250
   12     -2.252510083968     -2.314703402150     -4.562180724666
   20     -0.019565699197     -0.015657256360     -4.661916359956
   20     -4.666733211244     -4.648766463824     -4.625911795711
    8     -0.005542096453     -0.028962029065     -2.347973565571
    8      2.292908682019      2.412660523729     -2.353369265849
    8     -2.330005394436     -2.356729228277     -2.396677104857
    8      2.334430113761     -0.016100686604     -0.016934895560
    8      4.737992145523      2.355555060305     -0.018108887522
    8     -0.009563951424     -2.394015943966     -0.030164927208
    8      4.685908856540     -0.051340597783      2.325212175048
    8      6.987267990581      2.359201594531      2.370594943267
    8      2.399183012412     -2.340955243539      2.384950101842
    8     -0.014623514746      2.404501914056     -0.064860088430
    8      2.252865435093      4.678860921564     -0.093779400594
    8     -2.318382144112     -0.013613040587      0.011008011340
    8      2.308874963743      2.357723082529      2.347668296164
    8      4.663843267213      4.752509320407      2.400147196409
    8     -0.080884697122     -0.010846646110      2.378024212066
    8      4.735329725564      2.399412677046      4.669793699274
    8      6.981541784769      4.680622635918      4.799494906552
    8      2.258293425824     -0.070071192433      4.664085962356
    8     -0.108248164494      4.675030742341      2.300984541473
    8      2.343505296869      6.993204228958      2.343512542538
    8     -2.315992372268      2.348566236872      2.342121100047
    8      2.303591360024      4.672588560091      4.656622059548
    8      4.754024062347      6.903430596190      4.602587132683
    8     -0.008820373673      2.361414195777      4.728940932962
    8      4.778688372048      4.668256306201      6.976517804088
    8      6.986533698607      6.987575027392      6.900120732900
    8      2.282666532200      2.344255123269      6.967722844247
    0    0
