   3   1   1 E -1.6031094304258E+04 DE 5.1E-10( 11)
  0.257557911809E-01  0.695823981936E+01  0.700085849787E+01
  0.701520694962E+01 -0.614098506505E-02  0.702528806959E+01
  0.702219912433E+01  0.698404478958E+01 -0.721466244743E-02
    1
  0.100000000000E+01  0.000000000000E+00  0.000000000000E+00
  0.000000000000E+00  0.100000000000E+01  0.000000000000E+00
  0.000000000000E+00  0.000000000000E+00  0.100000000000E+01
  0.000000000000E+00  0.000000000000E+00  0.000000000000E+00
   54
   20     -0.014266979337     -0.008710110513      0.007365064893
   20      2.341588933115      2.335641560375     -0.035714769274
   20     -2.346036996907     -2.332614701943     -0.014784825073
   20      2.356989336110      0.000039267093      2.347826387282
   20      4.693276474368      2.334418428299      2.327852601102
   20      0.019568891567     -2.356785103018      2.342403565342
   20     -2.368599722949     -0.005859599957     -2.358944213969
   20      0.022981220211      2.321474301767     -2.323606349654
   20     -4.656247637345     -2.356708607782     -2.349693860049
   20     -0.054189480042      2.346021399965      2.317203499628
   20      2.353087099016      4.702350158624      2.330584184847
   12     -2.414041396959      0.015404919573      2.339743215344
   12      2.295090386314      2.237186471096      4.793281145261
   20      4.674231994724      4.673130467998      4.686147067411
   20      0.009031352234      0.042418926212      4.691399145338
   20     -2.410216672642      2.295700201189      0.061623506040
   12     -0.010746413896      4.641629606083      0.017688273223
   12     -4.713366311859      0.060716122744     -0.060768970333
   20      0.003518201468     -2.365715489539     -2.312357430695
   12      2.416182267871      0.155598723854     -2.439558143015
   12     -2.422368840236     -4.719451416786     -2.429725651047
   20      2.336080498182     -2.387068399629     -0.017175245096
   20      4.706995915559      0.024721227988     -0.025665752859
   12      0.041460916410     -4.660702885550     -0.023053882917
   12     -2.349137976079     -2.349046210068     -4.667843461123
   20      0.068685710340      0.026457325007     -4.692512431537
   12     -4.650287123284     -4.697718832983     -4.594288524645
    8      0.056896308145      0.003646377870     -2.327897846251
    8      2.382586627127      2.238757649431     -2.415984857833
    8     -2.341994804079     -2.398960889525     -2.388763084296
    8      2.350959815806     -0.004060659690     -0.029224847696
    8      4.740248123836      2.331368988456     -0.050190594962
    8      0.003227729622     -2.394529759728      0.005982365480
    8      4.691136566891     -0.034455100658      2.324387775883
    8      7.088109831915      2.316874236484      2.321546281616
    8      2.422141210325     -2.411839193095      2.342259660200
    8     -0.026738870072      2.363892452806      0.007634740843
    8      2.295640095672      4.716027260132     -0.018389651415
    8     -2.419214932664      0.002914727972      0.032674591310
    8      2.335322379511      2.344058816560      2.343676622046
    8      4.685892359203      4.708299139004      2.333462700279
    8     -0.046544223720      0.008247748793      2.336391430445
    8      4.617576463275      2.320405042400      4.696816535865
    8      7.028974123777      4.658079637807      4.700343984177
    8      2.351478397920      0.072427267115      4.719147573849
    8     -0.025501936356      4.658882367975      2.289841419164
    8      2.505806271134      7.143223965378      2.388774485911
    8     -2.485783177147      2.313017973474      2.484367983605
    8      2.362204839789      4.619497848363      4.678752932386
    8      4.641525270769      7.086175380794      4.585612078210
    8      0.011088396676      2.311312926799      4.695929726898
    8      4.766110734407      4.628146354032      7.081377436674
    8      7.157554098829      6.995064884764      7.001611090350
    8      2.206263046542      2.143643113658      7.027628895403
    0    0
