   3   1   1 E -1.6031097896960E+04 DE-3.7E-09(  9)
  0.450958327560E-02  0.703925657833E+01  0.704074133410E+01
  0.698697860525E+01  0.165694743612E-02  0.703699084689E+01
  0.698635358924E+01  0.702883848121E+01  0.835218085097E-02
    1
  0.100000000000E+01  0.000000000000E+00  0.000000000000E+00
  0.000000000000E+00  0.100000000000E+01  0.000000000000E+00
  0.000000000000E+00  0.000000000000E+00  0.100000000000E+01
  0.000000000000E+00  0.000000000000E+00  0.000000000000E+00
   54
   20      0.028696941661      0.012437616590     -0.001457377349
   20      2.297763192358      2.363942380487     -0.033612199109
   20     -2.341599079005     -2.358349162580     -0.002688053904
   20      2.301430989846     -0.019386678549      2.354959487036
   20      4.673278337261      2.358030659720      2.342032382673
   20      0.046042947476     -2.366218418847      2.371890827298
   20     -2.327789696528     -0.003481333639     -2.338716196530
   12      0.068322730140      2.314616319061     -2.405532463560
   12     -4.716448976818     -2.395818071107     -2.402157516439
   12      0.047372355470      2.299820582822      2.368267200930
   12      2.297600865546      4.667810831933      2.374028948496
   20     -2.350562887891      0.019698819170      2.374648834048
   20      2.292247361337      2.366916226907      4.701110277885
   20      4.654380456978      4.721673108217      4.699774275311
   12      0.055954387712      0.029009935640      4.680083021957
   20     -2.334496373253      2.359072358626      0.026648068739
   20      0.031680495742      4.675884612992     -0.017224236993
   20     -4.681993173745      0.014724155680      0.014112771517
   20      0.045295684970     -2.366685979021     -2.348416351330
   12      2.286292269974     -0.036355453999     -2.374088553439
   20     -2.352894681155     -4.703349379855     -2.367637736079
   12      2.335078335185     -2.401189673251     -0.015063806791
   20      4.645224303319     -0.000590438297     -0.042427028612
   12      0.056624329401     -4.700139609128      0.012861367332
   20     -2.354380841559     -2.380462663413     -4.699448686161
   20      0.053052763679      0.024610840951     -4.676879486577
   12     -4.719676419348     -4.592162786384     -4.614580774020
    8      0.087457668412      0.065875623825     -2.345043459662
    8      2.208860226367      2.397095745570     -2.439068017375
    8     -2.388142786223     -2.340899564088     -2.362220214341
    8      2.325179560508     -0.072155238605     -0.087967100451
    8      4.720028229308      2.348899758343     -0.000089894060
    8      0.085206624536     -2.429129998363     -0.006938130440
    8      4.660728446199     -0.000819610619      2.341230991294
    8      7.074748246632      2.350598113188      2.382600554366
    8      2.330593597166     -2.426046750151      2.363966615927
    8     -0.007537406860      2.344700849304     -0.000713700711
    8      2.333068258018      4.696602368580      0.006305108278
    8     -2.330843310543      0.003163564298      0.010335154087
    8      2.240164147783      2.430296753392      2.353333164886
    8      4.604240536149      4.683771070341      2.373999000105
    8      0.004043719809      0.089905838936      2.436425757325
    8      4.716751657450      2.344044471046      4.696496062617
    8      7.090634584415      4.685805859702      4.693463648393
    8      2.247860280942     -0.065430564557      4.693537119167
    8      0.106940483627      4.598017736171      2.351185135999
    8      2.326394098073      7.010933957190      2.445657147723
    8     -2.337181578369      2.349236836263      2.347860675184
    8      2.332487426816      4.770306090957      4.671774112032
    8      4.649540639554      7.037962482614      4.689840483640
    8      0.000572887920      2.253899757330      4.675198312272
    8      4.577318040239      4.691587037815      7.028862214849
    8      6.989136487157      7.138606827487      6.964762566570
    8      2.215540616094      2.452996214696      7.122099324267
    0    0
