   3   1   1 E -1.6031094518490E+04 DE-2.0E-10( 11)
 -0.350595861533E-02  0.700053054581E+01  0.699308968731E+01
  0.700813463069E+01 -0.991632598096E-02  0.699243453280E+01
  0.701616897864E+01  0.700168133003E+01 -0.114481520185E-01
    1
  0.100000000000E+01  0.000000000000E+00  0.000000000000E+00
  0.000000000000E+00  0.100000000000E+01  0.000000000000E+00
  0.000000000000E+00  0.000000000000E+00  0.100000000000E+01
  0.000000000000E+00  0.000000000000E+00  0.000000000000E+00
   54
   20      0.014513239952     -0.030565377219     -0.055684299116
   20      2.371627891347      2.342605518359     -0.057624966967
   20     -2.349474905240     -2.358247732020     -0.068848692715
   20      2.370927439652     -0.017629375434      2.404755974551
   20      4.681002430362      2.347071906945      2.348396490889
   20      0.011108792318     -2.343626885786      2.346469725379
   20     -2.359495511086     -0.048256789238     -2.326576030941
   20      0.037695206434      2.356333354404     -2.331868376541
   12     -4.641186587202     -2.318037547451     -2.355427567408
   20     -0.025683771580      2.381917006534      2.393667530887
   20      2.334773593077      4.692583203197      2.361204207865
   20     -2.375295992828      0.012100596232      2.377470636664
   12      2.329314708810      2.372211781920      4.718357356728
   12      4.565802663929      4.653547420855      4.635941428939
   20      0.001016701992      0.039225410991      4.713243343238
   20     -2.385384117055      2.354382643569     -0.022552664463
   20      0.010332885330      4.705713870844     -0.021058042905
   12     -4.747565195825      0.043182228581     -0.090190534904
   12      0.047572829031     -2.417980401336     -2.287770513322
   12      2.433275012283     -0.073491768541     -2.298729337283
   12     -2.377451851158     -4.583987003876     -2.316659497807
   20      2.355680449810     -2.369425209470     -0.046464667529
   20      4.688851276676     -0.005107611541     -0.048346738139
   12      0.013906432949     -4.673118711970     -0.076568414433
   12     -2.471459960463     -2.361543251286     -4.569514963707
   20      0.038313855446     -0.021738887181     -4.639616685660
   20     -4.648126889713     -4.672782774997     -4.638189810843
    8      0.077632858618     -0.094814737774     -2.330972026352
    8      2.448304974194      2.348372244672     -2.333195796004
    8     -2.403671162967     -2.435829199984     -2.433515056922
    8      2.340800534426     -0.016228002751     -0.084868463180
    8      4.738226382572      2.335259455884     -0.093786232770
    8      0.021438718439     -2.423741627301     -0.075199933528
    8      4.679336420444     -0.064704979849      2.349598757093
    8      7.025920379667      2.337470147866      2.297682735845
    8      2.416025368948     -2.346567482753      2.414122905787
    8     -0.006942050953      2.347651779641     -0.029495655496
    8      2.342910949844      4.742827911177     -0.092941596827
    8     -2.380866142436     -0.009154849757     -0.031749151633
    8      2.336811059112      2.344449786709      2.390332102564
    8      4.664476976686      4.669571852034      2.355593102448
    8      0.002751459739      0.007998994312      2.371300797629
    8      4.589865660340      2.412619905832      4.655687828003
    8      7.021520747641      4.681045751101      4.652574455784
    8      2.338477409554     -0.013761097363      4.765964612785
    8     -0.039898110537      4.665625713262      2.409567973170
    8      2.349339822005      7.000069571304      2.349646552234
    8     -2.350631225992      2.422860682308      2.409043368659
    8      2.376146096724      4.650170829157      4.660243319694
    8      4.566146199087      6.981853232729      4.656092127422
    8      0.011584645356      2.454748169969      4.770720691110
    8      4.660864681016      4.659657715833      6.963494125348
    8      7.104275571655      7.077813416352      6.998030749327
    8      2.238150577842      2.224729176642      6.871555123741
    0    0
