   3   1   1 E -1.6031093627091E+04 DE 6.0E-09(  9)
 -0.721339650976E-02  0.701355184904E+01  0.702682477098E+01
  0.701178313598E+01  0.299597947761E-02  0.702248234391E+01
  0.700438349805E+01  0.700856728546E+01  0.351379006363E-02
    1
  0.100000000000E+01  0.000000000000E+00  0.000000000000E+00
  0.000000000000E+00  0.100000000000E+01  0.000000000000E+00
  0.000000000000E+00  0.000000000000E+00  0.100000000000E+01
  0.000000000000E+00  0.000000000000E+00  0.000000000000E+00
   54
   20      0.022630510046     -0.015830853851     -0.048301045408
   20      2.335650364490      2.347824894990     -0.059881108816
   20     -2.338542527381     -2.368182109212     -0.032393462855
   20      2.324032901220     -0.038012923734      2.365976956145
   20      4.692744006603      2.329793962689      2.362063667500
   20      0.030609936011     -2.349855287050      2.388866356637
   20     -2.305948690275     -0.032188101996     -2.355632158044
   12      0.031926522793      2.249689631805     -2.355534670212
   12     -4.728400846655     -2.365391469815     -2.339579026780
   20     -0.015015038194      2.372512641722      2.415150267388
   12      2.341784207750      4.817743327078      2.405186962203
   20     -2.375854982988      0.007826591706      2.379725216041
   20      2.294928048586      2.398726084075      4.695577950052
   20      4.650306176320      4.710465810733      4.684070310739
   12      0.013675125210      0.016268124045      4.657839381816
   20     -2.343380537462      2.354759278855     -0.015518065632
   20      0.023729038428      4.689417523317     -0.045592855736
   20     -4.709646405182     -0.037223490888     -0.011408718633
   12      0.113435956488     -2.281762242544     -2.386377507770
   12      2.244240265849     -0.067462077201     -2.407353008513
   12     -2.288332475631     -4.681944179271     -2.358242724849
   12      2.312652334626     -2.309253421188     -0.044312467334
   20      4.672808593735      0.008408389277     -0.042259012136
   20     -0.003579430961     -4.680109731992     -0.051275413581
   20     -2.323838679885     -2.352122892852     -4.649196138929
   12      0.081374994574     -0.050905803398     -4.563153160681
   20     -4.689355268254     -4.695179053482     -4.623223594029
    8      0.077939587721      0.017217441689     -2.438371809392
    8      2.281688074221      2.363739508065     -2.344042812412
    8     -2.307790054061     -2.436654836678     -2.337399046238
    8      2.326433655534     -0.089124758928     -0.082492820591
    8      4.670440591266      2.334313556322     -0.073104555936
    8      0.108950058145     -2.333773715742     -0.048622283305
    8      4.721131958164     -0.010209069201      2.351434981287
    8      7.008168732679      2.249871269571      2.427624240396
    8      2.338762999794     -2.347867960602      2.382808548075
    8     -0.009916347558      2.337903900639     -0.047332171824
    8      2.332561445354      4.664849480991     -0.033001082430
    8     -2.341781323753     -0.010233027387     -0.023967208618
    8      2.329723264529      2.409346252680      2.349462146783
    8      4.598686685873      4.673329753112      2.371929688772
    8     -0.007473192164      0.001013271960      2.401824555941
    8      4.728350193973      2.344659158084      4.695082243950
    8      7.107250428759      4.685886024933      4.678547796735
    8      2.252418685377     -0.066683357290      4.676462779522
    8      0.109482156638      4.778583589904      2.430034073914
    8      2.230384968493      6.878014671212      2.446549465510
    8     -2.341078056281      2.338596531944      2.424448354776
    8      2.231209127238      4.786335682613      4.690241257837
    8      4.679514220728      7.114192825843      4.678408204653
    8     -0.087346574881      2.356878381170      4.680031225465
    8      4.595472095613      4.680523634116      7.014558078914
    8      7.010558583813      7.007675752354      6.977925516610
    8      2.331913503734      2.406621429699      7.023431775323
    0    0
