   3   1   1 E -1.6031056476272E+04 DE 1.2E-10( 11)
  0.169787702007E-01  0.700922315340E+01  0.699958564429E+01
  0.701540281600E+01  0.101235857115E-02  0.700830258279E+01
  0.702844724229E+01  0.702402567468E+01 -0.497880021502E-02
    1
  0.100000000000E+01  0.000000000000E+00  0.000000000000E+00
  0.000000000000E+00  0.100000000000E+01  0.000000000000E+00
  0.000000000000E+00  0.000000000000E+00  0.100000000000E+01
  0.000000000000E+00  0.000000000000E+00  0.000000000000E+00
   54
   20      0.004048445658     -0.001498875484      0.000826327438
   20      2.344559840645      2.342015114770     -0.013614719996
   20     -2.353463524186     -2.328840261144      0.006832600168
   20      2.346347554205     -0.010950795530      2.329519066166
   20      4.684070772671      2.341263714142      2.330186965019
   20      0.004237023225     -2.340853810645      2.335822252411
   20     -2.348376597723      0.002004141866     -2.319841449323
   20      0.009703166668      2.346044528678     -2.327646554818
   12     -4.742194034483     -2.274225173235     -2.325945387237
   20     -0.000753349168      2.335901741295      2.324937100231
   20      2.349847707455      4.695385124301      2.330014197816
   12     -2.435488076067      0.012902130206      2.321333295666
   20      2.342405114402      2.337762078407      4.692745928435
   20      4.681050303384      4.692668723696      4.691693706571
   20     -0.000559769569     -0.008642563096      4.688414365588
   12     -2.334839955018      2.300634531663     -0.014385048797
   12      0.018147926694      4.687539790430     -0.032902508824
   12     -4.634935721872     -0.023599158948     -0.020301027817
   20     -0.001156829542     -2.334300601364     -2.318104760708
   12      2.416877612690     -0.064624045920     -2.347783550985
   20     -2.355076686478     -4.686579357593     -2.325112526556
   12      2.346762267963     -2.335726939477     -0.027143566120
   12      4.675654747926     -0.008228262970     -0.018990070173
   12     -0.000428914523     -4.688748030630     -0.011840833292
   20     -2.348429726102     -2.338566919447     -4.682884746415
   20      0.006182131517      0.004184510932     -4.680946356807
   20     -4.678861299010     -4.686009786244     -4.678425104516
    8      0.006647219701      0.002762549470     -2.322285108334
    8      2.345176660613      2.341450786814     -2.336378494402
    8     -2.358540411092     -2.336380446083     -2.321511360202
    8      2.374064715606     -0.029185839068     -0.016825284938
    8      4.690590554234      2.334468701013     -0.003964557233
    8      0.006892875666     -2.348094716917      0.006172822462
    8      4.676215232228     -0.001175671962      2.327705737117
    8      7.023649864013      2.342137038414      2.324040601545
    8      2.340839234704     -2.341735996768      2.329791206138
    8     -0.004826208724      2.349263670852     -0.003664840226
    8      2.320472904096      4.715185919570     -0.011176489966
    8     -2.359538848925      0.025136255087      0.027988194284
    8      2.342518830729      2.340408198413      2.330561771865
    8      4.683678650106      4.698937779156      2.333831697175
    8     -0.000736842244     -0.006267829856      2.329486037148
    8      4.679442320076      2.344875415337      4.692410469544
    8      7.045100576561      4.685160993376      4.693741289900
    8      2.339553251278     -0.014690512213      4.694034976795
    8      0.011015282818      4.680582769214      2.318709380208
    8      2.375017246023      7.015299673399      2.320709730838
    8     -2.332676132782      2.313360461360      2.315754378436
    8      2.346868124913      4.693828796348      4.697332696574
    8      4.661932051173      7.021879319415      4.670412962921
    8      0.003623444848      2.331739104274      4.685518900741
    8      4.683317001350      4.682635749850      7.008981490898
    8      7.031138848419      7.015750243005      7.005803142967
    8      2.346963151432      2.329931379802      7.009453475483
    0    0
