   3   1   1 E -1.6031096843973E+04 DE-2.3E-09( 10)
  0.275907966822E-01  0.696182925328E+01  0.705178262432E+01
  0.698475533346E+01  0.157731975937E-01  0.705636802128E+01
  0.700840040940E+01  0.698355561016E+01 -0.114671174230E-02
    1
  0.100000000000E+01  0.000000000000E+00  0.000000000000E+00
  0.000000000000E+00  0.100000000000E+01  0.000000000000E+00
  0.000000000000E+00  0.000000000000E+00  0.100000000000E+01
  0.000000000000E+00  0.000000000000E+00  0.000000000000E+00
   54
   20      0.015033894205      0.014255677852      0.002452200226
   20      2.340684364123      2.344206922340     -0.038437322378
   20     -2.354757566937     -2.368048527172     -0.009284810391
   20      2.320960640821     -0.007950172206      2.349093204478
   20      4.672741703520      2.338906664669      2.323258115597
   20      0.006392486323     -2.349244530064      2.355341488464
   20     -2.337437762875     -0.013145638679     -2.341311376797
   12      0.028210637857      2.387270251869     -2.338836516735
   12     -4.669084049799     -2.422461974289     -2.354126369938
   12     -0.104641749952      2.281682973617      2.359751186403
   12      2.388590063556      4.634858448435      2.352837751668
   12     -2.477753670963     -0.013569738385      2.285841672743
   20      2.283965898558      2.376065692523      4.703651814744
   20      4.655105061315      4.697714587992      4.701464932612
   20     -0.050092557602      0.035293919188      4.701072214403
   20     -2.312076193072      2.320320502638      0.027231904405
   20      0.035623840321      4.626015885463      0.013829294341
   20     -4.655665211188     -0.028130178138      0.024975673417
   20      0.001548170123     -2.377880330500     -2.333157411596
   20      2.382453744920      0.039059903723     -2.346616340457
   12     -2.187354399071     -4.673046933390     -2.286313808972
   12      2.355047723455     -2.295834675019      0.007931447994
   12      4.701899130807      0.060252270939      0.000402450068
   12     -0.087746964992     -4.664377509736     -0.062237220188
   20     -2.353686188504     -2.362688475924     -4.710119367625
   20      0.014313276007      0.020268645635     -4.703921265349
   20     -4.655594707125     -4.627441647241     -4.683986235437
    8      0.013463143413      0.051835439322     -2.344893855310
    8      2.329794204580      2.477134935555     -2.360328882677
    8     -2.439350312292     -2.440492029098     -2.347619156457
    8      2.424794380514     -0.063757834898      0.006349669860
    8      4.787692592038      2.210952422875     -0.106803020061
    8      0.057575409182     -2.414148828036      0.021560533107
    8      4.660805985846      0.008962491471      2.334749317187
    8      6.998241286116      2.340917184340      2.361963905410
    8      2.318046380822     -2.320938799957      2.348622040596
    8      0.012583718493      2.328634242458     -0.016599806681
    8      2.349740542407      4.636153052138      0.004973585526
    8     -2.322590188126     -0.014454305613      0.056171475066
    8      2.254199183995      2.416924784085      2.334923424298
    8      4.591780759920      4.731811498913      2.336256949284
    8     -0.090014317762      0.074636625830      2.344183087539
    8      4.717133405395      2.354363923257      4.710956103508
    8      7.078069865033      4.575360695135      4.708265096624
    8      2.308609956268     -0.041726496480      4.702959691164
    8      0.091145026626      4.555233327322      2.363365743041
    8      2.449347358485      6.911475123640      2.360473558640
    8     -2.216003935978      2.206262748225      2.411437574948
    8      2.352927354973      4.664974431238      4.704419923064
    8      4.703508728032      7.081055642612      4.708897907041
    8     -0.083781180512      2.315611268112      4.665594281715
    8      4.595436998704      4.725556575797      7.054616734988
    8      6.938975026076      7.075833948143      7.060986513549
    8      2.254548441886      2.404687192129      7.055248001663
    0    0
