   3   1   1 E -1.6031103616010E+04 DE 4.8E-10( 10)
  0.656414000814E-02  0.699943676959E+01  0.702914104736E+01
  0.699943676959E+01  0.656414000814E-02  0.702914104736E+01
  0.699890987255E+01  0.699890987255E+01  0.695232869137E-02
    2
  0.100000000000E+01  0.000000000000E+00  0.000000000000E+00
  0.000000000000E+00  0.100000000000E+01  0.000000000000E+00
  0.000000000000E+00  0.000000000000E+00  0.100000000000E+01
  0.000000000000E+00  0.000000000000E+00  0.000000000000E+00
  0.000000000000E+00  0.100000000000E+01  0.000000000000E+00
  0.100000000000E+01  0.000000000000E+00  0.000000000000E+00
  0.000000000000E+00  0.000000000000E+00  0.100000000000E+01
  0.000000000000E+00  0.000000000000E+00  0.000000000000E+00
   54
   20      0.005699151496      0.005699151496     -0.007064354105
   20      2.345822409446      2.345822409446     -0.039925981938
   20     -2.352034464483     -2.352034464483     -0.030427824743
   20      2.347841487009     -0.045933637193      2.335164062856
   20      4.688403259134      2.307603234149      2.333863562680
   20      0.028052386670     -2.325425267881      2.391340141985
   20     -2.348160859259     -0.003973045122     -2.334577562593
   20     -0.007585827272      2.393318954843     -2.324197176724
   12     -4.633057862064     -2.324682119110     -2.310671435506
   20     -0.045933637193      2.347841487009      2.335164062856
   20      2.307603234149      4.688403259134      2.333863562680
   20     -2.325425267881      0.028052386670      2.391340141985
   20      2.344405220017      2.344405220017      4.721167981024
   12      4.647460441377      4.647460441377      4.812987796826
   12     -0.063569873178     -0.063569873178      4.698358196985
   12     -2.349791244440      2.395807632614     -0.052154660474
   12     -0.042138110969      4.748027473149     -0.082040513554
   20     -4.727184530410     -0.009318764171     -0.022767795579
   20     -0.003973045122     -2.348160859259     -2.334577562593
   20      2.393318954843     -0.007585827272     -2.324197176724
   12     -2.324682119110     -4.633057862064     -2.310671435506
   12      2.395807632614     -2.349791244440     -0.052154660474
   12      4.748027473149     -0.042138110969     -0.082040513554
   20     -0.009318764171     -4.727184530410     -0.022767795579
   20     -2.334047080699     -2.334047080699     -4.775103886072
   12     -0.047212178918     -0.047212178918     -4.696310106572
   20     -4.639239011981     -4.639239011981     -4.688889197892
    8      0.000270825254      0.000270825254     -2.379795242826
    8      2.433199483405      2.433199483405     -2.341367153740
    8     -2.406821500667     -2.406821500667     -2.356254989679
    8      2.420889469599     -0.096834111909     -0.012074769578
    8      4.673723747480      2.261142224491     -0.071948922877
    8      0.053285279734     -2.348513895246      0.011102582874
    8      4.746536251258     -0.007095634298      2.326834016189
    8      7.003316447971      2.265643418507      2.352303659830
    8      2.342332349309     -2.328907009890      2.323737663305
    8     -0.096834111909      2.420889469599     -0.012074769578
    8      2.261142224491      4.673723747480     -0.071948922877
    8     -2.348513895246      0.053285279734      0.011102582874
    8      2.331836307511      2.331836307511      2.336459478045
    8      4.676191695155      4.676191695155      2.391320661906
    8     -0.006108628340     -0.006108628340      2.392051195755
    8      4.673071221159      2.427606724784      4.765458157982
    8      7.011025897023      4.780976375013      4.807652748400
    8      2.249173433366     -0.083310635748      4.694219039234
    8     -0.007095634298      4.746536251258      2.326834016189
    8      2.265643418507      7.003316447971      2.352303659830
    8     -2.328907009890      2.342332349309      2.323737663305
    8      2.427606724784      4.673071221159      4.765458157982
    8      4.780976375013      7.011025897023      4.807652748400
    8     -0.083310635748      2.249173433366      4.694219039234
    8      4.654026191116      4.654026191116      6.906419172147
    8      6.881365976143      6.881365976143      7.064458719291
    8      2.414988844769      2.414988844769      7.022984844060
    0    0
