   3   1   1 E -1.6031100068369E+04 DE-4.9E-10( 11)
  0.197812864776E-01  0.700476184288E+01  0.700498609049E+01
  0.701253076366E+01  0.164045416412E-02  0.701410134600E+01
  0.701539721759E+01  0.701187636395E+01  0.415480686827E-02
    1
  0.100000000000E+01  0.000000000000E+00  0.000000000000E+00
  0.000000000000E+00  0.100000000000E+01  0.000000000000E+00
  0.000000000000E+00  0.000000000000E+00  0.100000000000E+01
  0.000000000000E+00  0.000000000000E+00  0.000000000000E+00
   54
   20      0.029305164838     -0.016946507930     -0.028473422375
   20      2.363714423194      2.317444647687     -0.040976238070
   20     -2.320301090096     -2.344226126606     -0.029818758126
   20      2.366745411665     -0.033132262520      2.323638737472
   20      4.720808842598      2.290029680023      2.297902844431
   20      0.042751481682     -2.363587766782      2.310341557811
   20     -2.307702000291     -0.012402447107     -2.308789818719
   20      0.028550998287      2.319992833560     -2.372266286484
   12     -4.710376008962     -2.237092118181     -2.275944426171
   20     -0.018505539815      2.371128313763      2.340914309721
   20      2.313174815226      4.713163324332      2.345038640714
   20     -2.372660834855      0.020272800793      2.315070140288
   20      2.332960663648      2.351806871764      4.753921775354
   20      4.630152399362      4.684627910955      4.722800106523
   20      0.012369176669      0.010428165166      4.737479289084
   12     -2.388753311633      2.297645715187      0.008084303183
   20     -0.023297257916      4.720523461499      0.005244385412
   12     -4.688107935772      0.027507478283     -0.003849629918
   12      0.087923503470     -2.291157497530     -2.306223159392
   12      2.262683152838     -0.132831124796     -2.292041173920
   20     -2.359049324562     -4.675049647904     -2.305947679005
   12      2.359074677119     -2.304728333891     -0.045595359840
   12      4.599337776166      0.037508256362      0.015193258481
   12     -0.019410661959     -4.737848687475      0.036228070278
   20     -2.342726832788     -2.315598776218     -4.688218377407
   12     -0.020506226927     -0.004013530826     -4.710015653782
   20     -4.701791234738     -4.676955673103     -4.704173276563
    8      0.130485796863     -0.093836818478     -2.398198160239
    8      2.324730789710      2.333027366591     -2.334459201824
    8     -2.348520736249     -2.330985246057     -2.301585624840
    8      2.421504410559     -0.081801998212     -0.082602522655
    8      4.748679178909      2.232458312862      0.011866932646
    8      0.118963733144     -2.421263559308     -0.085066948198
    8      4.775266413117      0.002827583734      2.281377264643
    8      7.016191923175      2.260518219839      2.239217005975
    8      2.332024916823     -2.319035470800      2.336437172550
    8     -0.054404896996      2.338308164733     -0.016291147305
    8      2.336461733083      4.758728133004     -0.086892328338
    8     -2.400321788490      0.086970479985      0.005636439035
    8      2.336515644563      2.333546520702      2.335651689236
    8      4.671026828501      4.669437202203      2.312667876111
    8      0.002710794799      0.000640437102      2.329219618717
    8      4.671190925836      2.332127603443      4.726533739937
    8      7.078367721841      4.682236049667      4.697214007503
    8      2.345455313960     -0.091466664357      4.761603649838
    8      0.021610508494      4.758029111747      2.402740817439
    8      2.245557987748      6.986258420291      2.265454239664
    8     -2.347388451282      2.339940742592      2.261158437876
    8      2.261588349489      4.760542773078      4.753667816946
    8      4.611002902893      6.999418029235      4.719671216562
    8      0.012834294705      2.412399416571      4.764724719123
    8      4.565380212471      4.684621512541      7.003036101806
    8      7.066253806284      7.105828982540      7.100554251029
    8      2.395159164332      2.326269710711      7.001728872918
    0    0
