   3   1   1 E -1.6031075828871E+04 DE-1.7E-09( 11)
 -0.248714772411E-02  0.699303183698E+01  0.696942100853E+01
  0.700376408711E+01 -0.598138964261E-02  0.697959039797E+01
  0.700789066038E+01  0.701396523739E+01 -0.164321561601E-01
    1
  0.100000000000E+01  0.000000000000E+00  0.000000000000E+00
  0.000000000000E+00  0.100000000000E+01  0.000000000000E+00
  0.000000000000E+00  0.000000000000E+00  0.100000000000E+01
  0.000000000000E+00  0.000000000000E+00  0.000000000000E+00
   54
   20      0.010670052888     -0.034964348761     -0.032089838030
   20      2.365331541931      2.377689679070     -0.069374293869
   20     -2.354104327407     -2.376024440191     -0.087323291968
   20      2.364564624598     -0.052511380599      2.347970327792
   20      4.679433565524      2.331913582777      2.294582635334
   20      0.003537136165     -2.361050445748      2.372618985577
   20     -2.338049476584     -0.078655922791     -2.363590986008
   20     -0.012508945872      2.398283890510     -2.276433878187
   12     -4.699776624438     -2.331789192290     -2.354104987936
   20     -0.046333521284      2.404704182180      2.332211369231
   20      2.287953687680      4.702475704058      2.281346587540
   20     -2.365488200183     -0.011114211762      2.365121938996
   20      2.298291032031      2.347818033719      4.691092499418
   12      4.663515960711      4.697961532382      4.850787276109
   20     -0.046810564745     -0.022195444646      4.787268681643
   20     -2.323910411474      2.375258751162     -0.001523758106
   12     -0.120660296248      4.733224516883     -0.039895916648
   12     -4.661214449134      0.036747016956      0.015555436339
   12     -0.022015023436     -2.401011954232     -2.247462931085
   20      2.391795314325     -0.010211938403     -2.310901564210
   12     -2.349738548040     -4.616003632202     -2.325168491748
   20      2.394965273583     -2.343081849126     -0.001281318176
   12      4.709062497432     -0.033960066304     -0.085166546308
   12      0.141690919179     -4.669952151126     -0.057702401647
   12     -2.328419902945     -2.342282762470     -4.635466674780
   20     -0.034061181656     -0.028721527805     -4.714267557552
   20     -4.627786159231     -4.642243646321     -4.653899923323
    8      0.000795470285     -0.075552263154     -2.349755276965
    8      2.417684045128      2.423828984966     -2.321045607856
    8     -2.335358803580     -2.484020149834     -2.434454262882
    8      2.410441325757     -0.009531155577     -0.005819781155
    8      4.791712046221      2.243239777073     -0.150562361712
    8     -0.005750050597     -2.419012397088     -0.079587978930
    8      4.665280482652     -0.095112163761      2.231924836450
    8      6.988260529693      2.356333687497      2.272060054022
    8      2.466444099309     -2.344530010175      2.413302267254
    8     -0.011132990840      2.405815093688     -0.004054902136
    8      2.233234164767      4.790270705034     -0.177019463695
    8     -2.381623202967     -0.033511438626     -0.033646882089
    8      2.328632005492      2.356056279558      2.315798806162
    8      4.661431986636      4.667354786830      2.341140180318
    8     -0.017688070887     -0.021533431608      2.377280631290
    8      4.654060655037      2.393501482295      4.682181902722
    8      6.970475215074      4.666991759125      4.773083229303
    8      2.333549381873     -0.114011084205      4.762837178074
    8     -0.124590661618      4.686565062543      2.262306351417
    8      2.318485968505      7.000740680750      2.283042179920
    8     -2.323357912632      2.407255864917      2.393143391626
    8      2.346022760241      4.664352438857      4.659629516933
    8      4.679347046728      7.009659234322      4.749374630504
    8     -0.098834259596      2.441905583264      4.773209081603
    8      4.814210628749      4.764471240508      6.953543854829
    8      6.996030606508      7.010915754010      6.953267799050
    8      2.283557759624      2.261824285168      6.972525874038
    0    0
