   3   1   1 E -1.6031112797376E+04 DE 4.3E-09(  9)
  0.162081065701E-02  0.700515131047E+01  0.700515131047E+01
  0.701695408791E+01  0.151565296464E-01  0.699157441124E+01
  0.701695408791E+01  0.699157441124E+01  0.151565296464E-01
    2
  0.100000000000E+01  0.000000000000E+00  0.000000000000E+00
  0.000000000000E+00  0.100000000000E+01  0.000000000000E+00
  0.000000000000E+00  0.000000000000E+00  0.100000000000E+01
  0.000000000000E+00  0.000000000000E+00  0.000000000000E+00
  0.100000000000E+01  0.000000000000E+00  0.000000000000E+00
  0.000000000000E+00  0.000000000000E+00  0.100000000000E+01
  0.000000000000E+00  0.100000000000E+01  0.000000000000E+00
  0.000000000000E+00  0.000000000000E+00  0.000000000000E+00
   54
   20     -0.046569360396     -0.002628475722     -0.002628475722
   20      2.364469033911      2.357257239597      0.012217669676
   20     -2.350215954680     -2.333699617950     -0.023783925111
   20      2.364469033911      0.012217669676      2.357257239597
   20      4.677076311956      2.334968888079      2.334968888079
   20     -0.001577491185     -2.333825949426      2.317235842854
   20     -2.350215954680     -0.023783925111     -2.333699617950
   20     -0.001577491185      2.317235842854     -2.333825949426
   12     -4.739567827937     -2.381822885602     -2.381822885602
   20     -0.001473856021      2.363722519330      2.363722519330
   12      2.310875967842      4.712576486288      2.428559044832
   12     -2.355234806496      0.000265289342      2.265386460734
   12      2.310875967842      2.428559044832      4.712576486288
   20      4.662169397091      4.690906777392      4.690906777392
   20      0.003611302296      0.045076298425      4.687670064828
   12     -2.355234806496      2.265386460734      0.000265289342
   20      0.003611302296      4.687670064828      0.045076298425
   20     -4.682332689521      0.000281387500      0.000281387500
   12      0.081136368393     -2.365598096579     -2.365598096579
   20      2.347065624072     -0.041516435450     -2.356727272241
   20     -2.321815389227     -4.670888113846     -2.337547026353
   20      2.347065624072     -2.356727272241     -0.041516435450
   12      4.764673526221      0.063821555461      0.063821555461
   12     -0.042270553485     -4.669610737086     -0.039383051585
   20     -2.321815389227     -2.337547026353     -4.670888113846
   12     -0.042270553485     -0.039383051585     -4.669610737086
   20     -4.675206742352     -4.723840936268     -4.723840936268
    8     -0.001918851390     -0.076803829785     -2.413956747148
    8      2.341535175315      2.417103565846     -2.344578991170
    8     -2.303968615485     -2.352559975997     -2.352559975997
    8      2.354531829284      0.009871990345      0.009871990345
    8      4.763204418562      2.242371633404      0.010246052977
    8     -0.001918851390     -2.413956747148     -0.076803829785
    8      4.763204418562      0.010246052977      2.242371633404
    8      7.020957046753      2.242401009381      2.242401009381
    8      2.341535175315     -2.344578991170      2.417103565846
    8     -0.078681674527      2.329138043400     -0.003693901492
    8      2.323482995886      4.646749407411     -0.013578294542
    8     -2.357093152779      0.075244454247      0.075244454247
    8      2.339323447825      2.433918901782      2.433918901782
    8      4.599801855850      4.781562667535      2.342417635835
    8     -0.078681674527     -0.003693901492      2.329138043400
    8      4.599801855850      2.342417635835      4.781562667535
    8      7.123159665026      4.674828178295      4.674828178295
    8      2.323482995886     -0.013578294542      4.646749407411
    8      0.103017925800      4.773647046675      2.441855370518
    8      2.375712688881      6.875162588858      2.341693996601
    8     -2.341318860693      2.209055895444      2.209055895444
    8      2.258753377328      4.584951917043      4.584951917043
    8      4.678702051836      7.014910795834      4.701969623926
    8      0.103017925800      2.441855370518      4.773647046675
    8      4.678702051836      4.701969623926      7.014910795834
    8      6.906101935920      7.110468094762      7.110468094762
    8      2.375712688881      2.341693996601      6.875162588858
    0    0
