   3   1   1 E -1.6031065971745E+04 DE 5.3E-11( 11)
  0.296929769323E-01  0.695449326851E+01  0.694096065620E+01
  0.701180461187E+01  0.132240207090E-01  0.694978997275E+01
  0.701047664026E+01  0.695595241807E+01  0.207373619273E-01
    1
  0.100000000000E+01  0.000000000000E+00  0.000000000000E+00
  0.000000000000E+00  0.100000000000E+01  0.000000000000E+00
  0.000000000000E+00  0.000000000000E+00  0.100000000000E+01
  0.000000000000E+00  0.000000000000E+00  0.000000000000E+00
   54
   20      0.020413790004     -0.011986583013     -0.043252662392
   20      2.362141070604      2.315318952776     -0.039668313307
   20     -2.336099294169     -2.322630133163     -0.040781575171
   20      2.348133630788     -0.013865679292      2.333470810050
   20      4.688336668096      2.325541650453      2.326582830156
   20      0.019695374085     -2.338603371559      2.305901570821
   20     -2.335792496068     -0.013767040627     -2.297020762834
   20      0.029956571655      2.321493486391     -2.323463799839
   12     -4.656736410005     -2.268425948712     -2.403107192067
   20     -0.003363271437      2.329181222954      2.315571883090
   20      2.355144317396      4.676489365659      2.319876238350
   20     -2.362775324701      0.011600744842      2.290348754018
   20      2.355116836831      2.322426825616      4.698990368594
   12      4.676852724797      4.710399089980      4.720823621060
   20     -0.014616807595     -0.003041479705      4.663902490105
   12     -2.367956113967      2.297695787872     -0.043950862615
   20      0.012769851588      4.657652717124     -0.022522530440
   12     -4.646150773279      0.033513109535     -0.061357890648
   12      0.011060385384     -2.312996371108     -2.248638516255
   12      2.358854916028      0.132883348732     -2.277830162298
   20     -2.384869763199     -4.658459505982     -2.314243303629
   20      2.349956387266     -2.348206506413     -0.007761030502
   12      4.505947224261     -0.017375784978      0.027585650217
   12     -0.144175063126     -4.672578252722      0.105471983678
   20     -2.347678236135     -2.341906061593     -4.640842843938
   20      0.016509223154      0.017903745622     -4.640191561771
   12     -4.643037248639     -4.761400021612     -4.710212354996
    8      0.052871647906     -0.033020149416     -2.327328766337
    8      2.346428211787      2.302537131651     -2.362397618899
    8     -2.340864253721     -2.333932264108     -2.302694788269
    8      2.379826537528     -0.021377013022     -0.033785718662
    8      4.688403683893      2.281729403978     -0.005652069927
    8      0.013250980695     -2.369318176783     -0.055286962431
    8      4.671310645899      0.002412183882      2.317024875955
    8      7.048149042597      2.327002769094      2.293412442388
    8      2.347209094257     -2.359525635096      2.347496411642
    8      0.002671452137      2.321917962990     -0.034987636088
    8      2.353458744457      4.682537995654     -0.042403624353
    8     -2.358737617275      0.032153044212     -0.033062277803
    8      2.349752948144      2.328210598115      2.326387403374
    8      4.678743501716      4.653646254864      2.332128774538
    8      0.003470439128     -0.006224822432      2.310027690323
    8      4.694051016770      2.364187929218      4.687366274323
    8      7.024162835629      4.646808154573      4.646970970087
    8      2.337635316271     -0.024471483101      4.689611879517
    8      0.028137439699      4.649267204230      2.326889464597
    8      2.358362335735      7.034070254747      2.313042241950
    8     -2.372333169513      2.310448265831      2.290412970440
    8      2.354757558239      4.681147294797      4.663846970994
    8      4.595768002470      6.906154424666      4.676556098518
    8     -0.021982922182      2.335275477569      4.696337646495
    8      4.693571446913      4.631489064916      6.893667391155
    8      7.024077014469      7.023446114502      6.938143775742
    8      2.414093927510      2.223084390155      7.056291302241
    0    0
