   3   1   1 E -1.6031055972247E+04 DE 5.5E-08(  8)
  0.116156156391E-01  0.701581766403E+01  0.701253876399E+01
  0.701781971977E+01  0.462857720472E-02  0.701180454340E+01
  0.702759795389E+01  0.701898570479E+01  0.974668202264E-03
    1
  0.100000000000E+01  0.000000000000E+00  0.000000000000E+00
  0.000000000000E+00  0.100000000000E+01  0.000000000000E+00
  0.000000000000E+00  0.000000000000E+00  0.100000000000E+01
  0.000000000000E+00  0.000000000000E+00  0.000000000000E+00
   54
   20     -0.003993122512     -0.004329184291     -0.006458169535
   20      2.341687763422      2.346273088442     -0.009054443196
   20     -2.352534462733     -2.327703759110     -0.008004972974
   20      2.347476114826     -0.012288647765      2.332623344602
   20      4.682670965363      2.338929875729      2.332341146589
   20      0.007661334939     -2.335673502012      2.334985230886
   20     -2.343971291356     -0.010731352741     -2.331088371924
   20      0.004519847428      2.342350068437     -2.328404582355
   12     -4.678303322359     -2.352136298732     -2.307609403465
   20     -0.008033341063      2.345692603064      2.329805398129
   20      2.339003165641      4.687777576746      2.323072105973
   12     -2.352186984975      0.007784467143      2.284875108143
   20      2.346976427940      2.342272960866      4.688315031811
   20      4.687216245992      4.685106293554      4.687697210805
   20      0.003359252943     -0.010692422179      4.683234677819
   12     -2.430061421369      2.357621775792      0.128270297573
   12     -0.015459880519      4.701074899046     -0.005921236984
   12     -4.616073022280     -0.015168842778     -0.003865057011
   12      0.003550531816     -2.329735651519     -2.329041263014
   20      2.344761427120     -0.008043197405     -2.334021046047
   20     -2.346163491277     -4.675361943703     -2.342048071055
   12      2.378709562224     -2.351872244930     -0.003574475318
   12      4.676051502036     -0.026553642107      0.005273285120
   20      0.000243660694     -4.680106800734     -0.007072658349
   12     -2.349640755865     -2.329268702580     -4.711257020180
   20     -0.004252434334     -0.016691995145     -4.687569037474
   20     -4.668353711188     -4.677937864650     -4.691295408993
    8     -0.001718208972     -0.014661011924     -2.337036764046
    8      2.346931428598      2.347561338665     -2.340168849169
    8     -2.358271607143     -2.336188072522     -2.352919287169
    8      2.354695658417     -0.013088816868     -0.006376934445
    8      4.680122409794      2.335574429146     -0.004809731105
    8      0.009567396883     -2.336511107674     -0.006637171984
    8      4.677661353574     -0.015951885493      2.321230127022
    8      7.025478441230      2.340812324598      2.330217919028
    8      2.363561277412     -2.339814737523      2.333420686767
    8     -0.010803021588      2.352453635405     -0.006201281537
    8      2.320686743844      4.703276853047     -0.026534604771
    8     -2.359097285872      0.013550654239      0.012560477536
    8      2.343270447517      2.342891337721      2.331961459468
    8      4.683448489707      4.692484110941      2.333339037087
    8     -0.007227886839     -0.005103041477      2.332315671124
    8      4.683760724731      2.342453115813      4.695806342377
    8      7.043151259000      4.679527646392      4.692192218294
    8      2.340531261028     -0.013508863239      4.691968483243
    8     -0.017977915258      4.679185886643      2.327191387730
    8      2.362965345472      7.009007690588      2.322733307035
    8     -2.333634990867      2.341999247131      2.306197156108
    8      2.338897721035      4.681265614425      4.684497758455
    8      4.692712390422      7.013268222788      4.679609162319
    8      0.004055468288      2.346205626372      4.677749836868
    8      4.682226222491      4.703004051456      7.084328653641
    8      7.028956338681      6.995173567264      7.005990503553
    8      2.367839779687      2.341988384762      7.007097707148
    0    0
