   3   1   1 E -1.6031101731943E+04 DE-7.5E-10( 11)
  0.781426367797E-02  0.699332968388E+01  0.700866401125E+01
  0.701899121004E+01 -0.473868425980E-02  0.701419397343E+01
  0.702104166473E+01  0.699419668046E+01 -0.753063036670E-04
    1
  0.100000000000E+01  0.000000000000E+00  0.000000000000E+00
  0.000000000000E+00  0.100000000000E+01  0.000000000000E+00
  0.000000000000E+00  0.000000000000E+00  0.100000000000E+01
  0.000000000000E+00  0.000000000000E+00  0.000000000000E+00
   54
   20      0.005785186705      0.008226050757      0.011827032643
   20      2.364257203951      2.332146379852     -0.062735689117
   20     -2.358353524833     -2.318420402390     -0.017437687028
   20      2.352871099738     -0.074813487233      2.328915167871
   20      4.714907820047      2.301666678676      2.335255308448
   20      0.057642299061     -2.344739318933      2.337477317694
   20     -2.353814791725     -0.027064748706     -2.353648707036
   20      0.073402988677      2.315833809428     -2.352003952661
   12     -4.610675918219     -2.376225879741     -2.391411385555
   20     -0.082363569282      2.336977561492      2.336082255437
   20      2.330352337991      4.747352663503      2.353925433576
   12     -2.381046497383      0.099940086242      2.381344505640
   20      2.363433622751      2.352674675703      4.727545516860
   20      4.642627502672      4.686207019076      4.664028702839
   20     -0.030995023185      0.002490029510      4.654219501545
   12     -2.373036258529      2.364238333560      0.069980400204
   20     -0.032316017964      4.658631418149      0.030385897810
   20     -4.679047143540      0.035721794792      0.039886265716
   20     -0.011077052301     -2.304866066231     -2.360770663351
   12      2.354296524214      0.038550981763     -2.455079892378
   12     -2.439818470387     -4.668073355013     -2.464628823290
   12      2.379076684788     -2.360856341720     -0.042739425707
   20      4.656925715793     -0.036485109769     -0.016095900143
   20      0.020018857272     -4.668604526602      0.003324120608
   12     -2.380164040362     -2.395317439958     -4.642308927749
   12     -0.007115594235     -0.000008454476     -4.646806358560
   12     -4.581680359291     -4.723442765533     -4.572713772261
    8      0.031137970754      0.013180587694     -2.415503539461
    8      2.460487341489      2.365586152649     -2.442497138839
    8     -2.450432730153     -2.425756495785     -2.417334169852
    8      2.341419121338     -0.088533315328     -0.099698732051
    8      4.685537117478      2.328846809227     -0.059442996807
    8      0.057789099789     -2.331307180393     -0.011323471179
    8      4.745753186817     -0.100192124152      2.336245354967
    8      7.103035701700      2.225337100338      2.333924245051
    8      2.441358701016     -2.419846130108      2.387485012225
    8     -0.032075903985      2.340106021235      0.029024952027
    8      2.350620012306      4.678975322025     -0.010407389101
    8     -2.363563336336      0.093665245030      0.101584242162
    8      2.347724955093      2.330072876690      2.338847079815
    8      4.686219214301      4.736654959836      2.333340839836
    8     -0.042495203152     -0.001748969569      2.332858698725
    8      4.706314199474      2.328359296370      4.747593334750
    8      7.097243848811      4.658999163197      4.673892604940
    8      2.331353242385     -0.062276917149      4.675495939240
    8     -0.081498465098      4.749552920256      2.338739411043
    8      2.351950238057      7.091124793111      2.439526890239
    8     -2.438472528663      2.277288735546      2.332811545795
    8      2.349285843455      4.752017574555      4.745718320785
    8      4.586054427472      7.102473219260      4.577462293564
    8     -0.067197055061      2.336215608481      4.672137724163
    8      4.561326371123      4.541774901767      7.114736173237
    8      7.003454718038      6.985937293246      7.038774276858
    8      2.458888452144      2.434297526104      7.112714308503
    0    0
