   3   1   1 E -1.6031055927992E+04 DE 3.1E-10( 11)
  0.443618736185E-02  0.696963249487E+01  0.699622403552E+01
  0.692712284839E+01 -0.110085764520E-02  0.699533989332E+01
  0.693663262926E+01  0.697212457943E+01 -0.443841521916E-02
    1
  0.100000000000E+01  0.000000000000E+00  0.000000000000E+00
  0.000000000000E+00  0.100000000000E+01  0.000000000000E+00
  0.000000000000E+00  0.000000000000E+00  0.100000000000E+01
  0.000000000000E+00  0.000000000000E+00  0.000000000000E+00
   54
   20     -0.007242653581     -0.011722874168      0.000508492017
   20      2.320568821072      2.313347172722     -0.022904577006
   20     -2.328572645897     -2.326749585321     -0.010819964415
   20      2.322462921183     -0.019141193175      2.355175188212
   20      4.625161272935      2.310752129184      2.316829297173
   20      0.010813273546     -2.339423260298      2.344350074098
   20     -2.335328827858     -0.006061102533     -2.330116253665
   20      0.014441497728      2.322683480832     -2.335064904142
   12     -4.556485093323     -2.308683024365     -2.313427715486
   20     -0.014640916200      2.324682788489      2.338290205880
   20      2.326958078801      4.673191827356      2.315869053852
   12     -2.223614377820     -0.116431533544      2.294082667759
   12      2.334468265395      2.299076734084      4.726555374809
   20      4.592159083770      4.666886790673      4.663574170607
   20     -0.011696844698      0.024373141385      4.683921685949
   20     -2.372095188107      2.308185661431      0.016861214614
   20     -0.005240681743      4.683675762012     -0.003043388318
   12     -4.563117904479      0.058089565089     -0.034668650650
   20     -0.008450649656     -2.329671780856     -2.341438655846
   12      2.248671577614      0.071256547776     -2.449783288608
   20     -2.346911085051     -4.661708333244     -2.344672833654
   20      2.300300731882     -2.350088033736      0.010165983325
   12      4.588613589211      0.197047763603      0.072611163495
   12      0.069532928183     -4.786285986533     -0.031554389371
   12     -2.261346173299     -2.367395247676     -4.620712302280
   20      0.034978041571      0.030476559890     -4.672415775284
   12     -4.531072879768     -4.650683025566     -4.570431802958
    8      0.025757382989     -0.002380015901     -2.338949761253
    8      2.303096086779      2.313758701495     -2.368171866428
    8     -2.373278622577     -2.328360616333     -2.373437419140
    8      2.332689103300     -0.022607853318     -0.009820694846
    8      4.637821529613      2.271802366457     -0.023102261603
    8     -0.004963835542     -2.351471459771      0.000613878324
    8      4.624302838038     -0.020248434481      2.311347737378
    8      6.978325143169      2.321352350301      2.331203481979
    8      2.348606376859     -2.376353527644      2.375390684952
    8     -0.006654061665      2.322617977530      0.000316405992
    8      2.316308173731      4.681848507092     -0.031011654784
    8     -2.358208151994     -0.008738801665      0.011662720116
    8      2.315472674810      2.321579544034      2.334376314960
    8      4.619175674330      4.663081271120      2.322515881721
    8     -0.025361358094     -0.004632366054      2.342038294590
    8      4.575415471444      2.318393872906      4.658867602443
    8      6.947928918178      4.662182104290      4.674710304489
    8      2.305010175751      0.015428542700      4.703258365062
    8     -0.014059070248      4.668190217587      2.316366468276
    8      2.409594523292      7.023849130895      2.335909742315
    8     -2.387111392140      2.315456263897      2.335790951682
    8      2.303156223782      4.649338408702      4.658215294793
    8      4.562493859304      6.995320559196      4.625555996393
    8      0.012579383004      2.323607960329      4.691884555126
    8      4.585016239846      4.676017409890      7.016043001635
    8      6.947270856927      7.052302138906      7.002083871848
    8      2.203164188280      2.241937779304      6.980666845145
    0    0
