   3   1   1 E -1.6031077775607E+04 DE-3.2E-07(  7)
  0.143424866569E-01  0.698304828291E+01  0.701464665053E+01
  0.703016783854E+01  0.188575548898E-01  0.700305309698E+01
  0.704079009795E+01  0.697514383489E+01  0.152824080003E-01
    1
  0.100000000000E+01  0.000000000000E+00  0.000000000000E+00
  0.000000000000E+00  0.100000000000E+01  0.000000000000E+00
  0.000000000000E+00  0.000000000000E+00  0.100000000000E+01
  0.000000000000E+00  0.000000000000E+00  0.000000000000E+00
   54
   20      0.012279637792     -0.004067292552     -0.061150876583
   20      2.377136491349      2.302870566218     -0.090082117205
   20     -2.376989787969     -2.302336860236     -0.052287285619
   20      2.320051435496     -0.037130738059      2.379153969625
   20      4.676596378709      2.331037812004      2.357426433253
   20      0.032502996926     -2.307358501059      2.389483113302
   20     -2.385969552645     -0.039986998458     -2.277981210472
   20      0.031224112412      2.352921576588     -2.350192898592
   12     -4.726035316309     -2.194329370089     -2.341914862729
   20     -0.038743618851      2.323311484726      2.362992165360
   20      2.347908820493      4.728504990443      2.362653333804
   20     -2.383660104482      0.013401229409      2.348159155046
   20      2.336157541830      2.328846183247      4.757730642616
   12      4.662440412264      4.774355719211      4.759217896320
   12      0.018316643213     -0.094329255213      4.791166769047
   12     -2.353795741463      2.263696587377     -0.015859582657
   20     -0.005813553759      4.714852109567     -0.095854595248
   12     -4.624352199537      0.037303744599     -0.002932509156
   12      0.057171051876     -2.261071114870     -2.344066806653
   12      2.373741848612     -0.123365366834     -2.261700347925
   20     -2.388204726076     -4.729794798357     -2.361585365173
   20      2.389128065735     -2.331468660728     -0.047523346543
   12      4.771149349422      0.082265061397     -0.209158934285
   20      0.028448839876     -4.707610083084     -0.027076795088
   20     -2.370388145579     -2.376086936118     -4.681984923236
   20      0.043890095444     -0.021074763991     -4.666847033301
   12     -4.730176302971     -4.654561308440     -4.604448135966
    8      0.101155194000     -0.094536437541     -2.336006972388
    8      2.361074691165      2.275574810966     -2.460617798281
    8     -2.376142573716     -2.357093412073     -2.325419322599
    8      2.408479695123     -0.022147804452     -0.078958580012
    8      4.676624455762      2.244931950480     -0.022128275280
    8     -0.010928183258     -2.337272856806     -0.054649143377
    8      4.657019619383     -0.021176801246      2.335467603223
    8      7.098351910019      2.319810193486      2.360665418327
    8      2.346156533378     -2.378691991017      2.409572802983
    8     -0.029177677920      2.336293190631     -0.089464851039
    8      2.358604623454      4.756097177769     -0.125442326394
    8     -2.435015246583      0.095157181049     -0.021489729462
    8      2.330425267365      2.329287943628      2.361077977957
    8      4.693133347202      4.685020649723      2.406701969024
    8      0.004602448761     -0.006915096297      2.378824148696
    8      4.669690249904      2.419072501663      4.784591445771
    8      7.072753235673      4.829406044793      4.666120113547
    8      2.202589091483     -0.118071590236      4.850769969495
    8      0.019291728092      4.678122804489      2.381404190708
    8      2.382107082607      7.073944817434      2.377142226820
    8     -2.463891883897      2.282837837317      2.308640267745
    8      2.346508517472      4.780531915005      4.678223399871
    8      4.682396459418      6.830527816564      4.751530698133
    8      0.004085579338      2.304135058174      4.694147522175
    8      4.684937502802      4.701692302025      6.907227484694
    8      7.026249519939      6.986350424510      6.893397163582
    8      2.478756045385      2.235039880388      7.101756443944
    0    0
