   3   1   1 E -1.6031058137191E+04 DE 5.9E-08(  8)
 -0.117168096198E-01  0.701156087187E+01  0.702140763941E+01
  0.699829157446E+01 -0.262547141128E-03  0.701705310313E+01
  0.699384705441E+01  0.700876546285E+01 -0.159723109485E-02
    1
  0.100000000000E+01  0.000000000000E+00  0.000000000000E+00
  0.000000000000E+00  0.100000000000E+01  0.000000000000E+00
  0.000000000000E+00  0.000000000000E+00  0.100000000000E+01
  0.000000000000E+00  0.000000000000E+00  0.000000000000E+00
   54
   20      0.000082765130     -0.005981929684     -0.002615534038
   20      2.332493070224      2.346060895609     -0.012509465440
   20     -2.341401361172     -2.342116941433     -0.011711369463
   20      2.335662968036     -0.014702413033      2.341945899897
   20      4.669901455826      2.332693209783      2.335859272390
   20      0.013590480653     -2.336175119596      2.342174167999
   20     -2.342673531842     -0.014655941146     -2.335325253581
   20      0.004584202941      2.347594169330     -2.333655075899
   12     -4.629874170466     -2.292774419869     -2.313286491578
   20     -0.020957129153      2.342278633659      2.335547819517
   20      2.306748778973      4.685523857090      2.329175814101
   20     -2.338965725172      0.006800842435      2.340897487250
   20      2.306441380639      2.328750195107      4.696102980530
   20      4.666583605505      4.684463062978      4.684024000882
   12     -0.021866679638     -0.024835272735      4.739982081414
   20     -2.343157809472      2.347962478976      0.007021562987
   12      0.027590702150      4.710468676859      0.008654761583
   12     -4.645222837096     -0.087783566705     -0.044046394838
   20     -0.016487369895     -2.346802491742     -2.338502544588
   20      2.334477844775      0.003285375068     -2.338997847345
   12     -2.297924137090     -4.639451887235     -2.345578072469
   12      2.337502705635     -2.335136522185      0.028915715942
   20      4.693899318682     -0.005651590579      0.000114074553
   12      0.038423613430     -4.686604485476     -0.020361745737
   12     -2.306166039960     -2.339167869002     -4.678566434818
   12     -0.025431183840     -0.005485007446     -4.717165930186
   20     -4.663500015541     -4.664094203182     -4.683076206796
    8     -0.004306923869     -0.003119754800     -2.336011363794
    8      2.345718993413      2.357103466270     -2.340931342812
    8     -2.362856497696     -2.363627283394     -2.356357118765
    8      2.339356646674     -0.010349695614     -0.001500436948
    8      4.682649739531      2.335056162926     -0.013839789015
    8      0.010679109809     -2.354855821458     -0.003511920326
    8      4.686349942301     -0.018843811242      2.343852574540
    8      7.000833861730      2.330174593559      2.330363011434
    8      2.351702655913     -2.337444896901      2.338646738450
    8     -0.004705516370      2.351122990220     -0.001475719322
    8      2.299538029320      4.694742540712     -0.024604936015
    8     -2.350041617554     -0.003027961209     -0.002668993068
    8      2.319921572934      2.336868873434      2.335507844188
    8      4.659779580267      4.676744574962      2.337471834533
    8     -0.002336973315     -0.002771381115      2.338915558567
    8      4.659902429150      2.339172766357      4.686750297365
    8      7.019556259269      4.700543277340      4.686078776857
    8      2.311142244097     -0.029323105231      4.704107010267
    8     -0.047736696940      4.695301570001      2.331842827756
    8      2.305233881525      7.016861471504      2.332644104404
    8     -2.342758431427      2.354873829420      2.346940991964
    8      2.314806275226      4.675574450448      4.688639318050
    8      4.677532439624      7.025563957599      4.681474038645
    8     -0.046917253445      2.313198918875      4.680140523096
    8      4.671555446162      4.683112780158      7.034570618340
    8      7.043721972988      6.992038477829      7.008102586088
    8      2.299222115036      2.341134317640      7.025721494736
    0    0
