   3   1   1 E -1.6031090510206E+04 DE 1.1E-09( 10)
 -0.335093599727E-02  0.701649755066E+01  0.703373153458E+01
  0.700462657811E+01 -0.296134369591E-02  0.703875351475E+01
  0.699370924375E+01  0.701703142650E+01  0.135640062596E-02
    1
  0.100000000000E+01  0.000000000000E+00  0.000000000000E+00
  0.000000000000E+00  0.100000000000E+01  0.000000000000E+00
  0.000000000000E+00  0.000000000000E+00  0.100000000000E+01
  0.000000000000E+00  0.000000000000E+00  0.000000000000E+00
   54
   20      0.032109876379     -0.018031171983     -0.059269752886
   20      2.332678736279      2.364489051020     -0.057890150666
   20     -2.362317111595     -2.347257377060     -0.035047292658
   20      2.314142427829     -0.037772237378      2.364994515092
   20      4.653262283532      2.354118639479      2.364409155536
   20      0.034877735870     -2.337682410928      2.385299554173
   20     -2.336296155048     -0.038223533065     -2.332747394118
   12      0.061394971896      2.342706221428     -2.350867354892
   12     -4.704321323262     -2.343958744770     -2.334953435015
   20     -0.004920596939      2.358499381344      2.408639557029
   12      2.291029995027      4.781218183634      2.370391874227
   20     -2.366861055525      0.003083931872      2.387756366926
   20      2.285788766298      2.362115733874      4.725238566764
   20      4.635795804560      4.717771711453      4.686203645570
   12      0.054426364820      0.003934311819      4.723259671153
   20     -2.357116112666      2.341964745368     -0.021019432935
   20      0.055921045252      4.695902141932     -0.064179672203
   12     -4.743179955007     -0.152736860799     -0.076914803898
   12      0.084644782562     -2.302495018123     -2.359083007182
   12      2.265584299785     -0.049788575061     -2.318175426377
   12     -2.300999771896     -4.678889857255     -2.338419787945
   12      2.333097112761     -2.299356562991     -0.040359903457
   20      4.665023504865      0.004693743980     -0.044791508360
   20      0.023241298945     -4.671640751722     -0.058640557290
   20     -2.343014733206     -2.366168474272     -4.649162129743
   20      0.061159426360     -0.017991671335     -4.648749991247
   20     -4.665783767575     -4.691299940101     -4.657328800898
    8      0.108750628536     -0.010618121101     -2.346815515386
    8      2.292468470226      2.341661107908     -2.349226130926
    8     -2.355215064071     -2.435590991420     -2.344175325997
    8      2.336789044142     -0.071355267736     -0.094881783076
    8      4.660798519040      2.343473796471     -0.061663397816
    8      0.086072181288     -2.332264454653     -0.051033007050
    8      4.673230504377     -0.018447612267      2.377766797913
    8      7.015165338771      2.338432140786      2.411028371481
    8      2.336415476289     -2.343401528478      2.381221226524
    8      0.017710667354      2.347672939623     -0.065602974150
    8      2.329186711038      4.777333119316     -0.030215812614
    8     -2.393759049915     -0.014456288818     -0.019283486371
    8      2.325079601366      2.388249413540      2.365749029606
    8      4.590016606946      4.683255917004      2.374340374839
    8      0.011280716875     -0.002981673546      2.396793445114
    8      4.693376213239      2.346533517938      4.704006055223
    8      7.101179385858      4.693314079638      4.684671029679
    8      2.225423470924     -0.108378030750      4.747629682006
    8      0.102115476650      4.680225959142      2.426457694661
    8      2.328861814983      6.900312540826      2.370508365887
    8     -2.342362271294      2.339680503536      2.386849812136
    8      2.205208154021      4.806534917681      4.696032663472
    8      4.661772352628      7.111344335169      4.700356072621
    8     -0.084026397467      2.340522553938      4.692751278367
    8      4.612163815153      4.686202108469      7.012516485931
    8      7.112625413338      7.017506554306      6.976673076625
    8      2.327736355793      2.355588203714      7.021239991406
    0    0
