   3   1   1 E -1.6031087734379E+04 DE 5.4E-09(  9)
  0.136522115160E-01  0.697564194233E+01  0.698768246126E+01
  0.702120044801E+01  0.505910546675E-02  0.698826912868E+01
  0.703442214783E+01  0.698340837011E+01 -0.185348888526E-02
    1
  0.100000000000E+01  0.000000000000E+00  0.000000000000E+00
  0.000000000000E+00  0.100000000000E+01  0.000000000000E+00
  0.000000000000E+00  0.000000000000E+00  0.100000000000E+01
  0.000000000000E+00  0.000000000000E+00  0.000000000000E+00
   54
   20      0.025819840780     -0.016473011217     -0.044173044786
   20      2.348778928309      2.317088129910     -0.046557377175
   20     -2.350018974569     -2.312648256213     -0.019065957452
   20      2.342636503125     -0.032779752363      2.335775349063
   20      4.677116100533      2.338159979273      2.332742962140
   20      0.025210214193     -2.305627056336      2.344224750660
   20     -2.367825415981     -0.013267804219     -2.319100153709
   20      0.014698094306      2.350223579379     -2.332935579437
   12     -4.701245609716     -2.227904348505     -2.292968732189
   20     -0.017727157068      2.320270216485      2.339133739072
   20      2.347468132117      4.693820111434      2.359508518099
   20     -2.352059625077     -0.011992695539      2.348849521922
   20      2.334779775216      2.350001169629      4.730241182049
   12      4.689827963498      4.698750479943      4.746315074996
   12      0.054358509197     -0.080553255584      4.740156488701
   12     -2.419094783043      2.301089804542     -0.039322020979
   20     -0.021565657358      4.695836524990     -0.045215399888
   12     -4.669243800773     -0.054599178131     -0.056710433241
   12      0.036590891952     -2.267869909789     -2.307855900709
   12      2.393269056052     -0.081012133876     -2.301335918665
   20     -2.355438845824     -4.692644298079     -2.285842866118
   12      2.405059948042     -2.277266582499     -0.095978413198
   12      4.614538577619     -0.036663535245     -0.090182266497
   20      0.021678974961     -4.666230058715     -0.043342061722
   20     -2.374289159787     -2.335046183348     -4.687781311756
   20      0.005038287866     -0.012681918306     -4.662898855948
   20     -4.667416406800     -4.662243668788     -4.669267683304
    8      0.047223538089     -0.060258260207     -2.337035948817
    8      2.351209762534      2.327660409419     -2.323418991836
    8     -2.356278623798     -2.334134500010     -2.302454527838
    8      2.418391174214     -0.067964769341     -0.059833480286
    8      4.681567541558      2.285648062057     -0.014339994889
    8      0.055777337575     -2.314718958579     -0.043638903721
    8      4.661102907961     -0.010166808033      2.316614372109
    8      7.035960085655      2.334164087539      2.322964221109
    8      2.347844768984     -2.320707849406      2.323924343801
    8     -0.032537434114      2.331608175140     -0.044826080144
    8      2.343676206414      4.726928789159     -0.033037420970
    8     -2.387392765212      0.043270824135     -0.013555933042
    8      2.336391443153      2.335079798428      2.347607736078
    8      4.692614287319      4.671302504549      2.365541279555
    8      0.017733209361     -0.015351193194      2.365425260412
    8      4.681829083566      2.396352502889      4.724704033630
    8      7.053434858403      4.759664844893      4.659627784541
    8      2.275426896705     -0.088024069586      4.753337972576
    8     -0.000521923144      4.660444160985      2.356001489178
    8      2.355247843908      6.968080767073      2.338005874526
    8     -2.352884213118      2.307205180134      2.305103595793
    8      2.327137595199      4.778613377169      4.766096147405
    8      4.671489538122      6.831931842658      4.716527417483
    8      0.007974343926      2.314043344774      4.680763368517
    8      4.565620507798      4.689798604755      6.852429293478
    8      7.038002132291      6.984180521577      6.942784568245
    8      2.434752168010      2.326104642801      6.981710367919
    0    0
