   3   1   1 E -1.6031094895067E+04 DE-1.9E-09(  9)
  0.120123658912E-01  0.697141712907E+01  0.702873339828E+01
  0.701763939968E+01 -0.538797775030E-02  0.703742707923E+01
  0.702568146972E+01  0.698229724255E+01 -0.746804110707E-02
    1
  0.100000000000E+01  0.000000000000E+00  0.000000000000E+00
  0.000000000000E+00  0.100000000000E+01  0.000000000000E+00
  0.000000000000E+00  0.000000000000E+00  0.100000000000E+01
  0.000000000000E+00  0.000000000000E+00  0.000000000000E+00
   54
   20      0.013622629539      0.001583565257     -0.026508009056
   20      2.365449010803      2.293062542714     -0.029018298775
   20     -2.352733730424     -2.341834532302     -0.018603355383
   20      2.369651160425     -0.013546949479      2.374255042691
   20      4.683682815243      2.296436012978      2.336028624605
   20     -0.025497230225     -2.316834538739      2.377800854540
   20     -2.359212403647     -0.004652930069     -2.363337724388
   20     -0.009559067107      2.322186394100     -2.373269025335
   20     -4.678477421172     -2.313578602039     -2.323809343921
   20     -0.008659061520      2.325474272937      2.406019106005
   20      2.315287703456      4.695219027336      2.361482253451
   20     -2.367163032012      0.004713871656      2.413080589125
   12      2.349368420432      2.283190005257      4.741852993783
   12      4.677741974713      4.735259816873      4.675024706418
   12      0.019117411165      0.038388291223      4.712203523646
   20     -2.369556065918      2.366258574131     -0.010939366185
   20     -0.038393221642      4.745988718213     -0.006699865602
   12     -4.708747593965      0.012265568202     -0.056382288708
   20      0.018520386345     -2.338926861644     -2.366130263526
   12      2.340048741335      0.029127509497     -2.319877824923
   12     -2.317530280470     -4.708484711331     -2.367160252594
   20      2.390139226057     -2.311347313838     -0.038356744463
   12      4.675830821461     -0.018080052242     -0.106622024749
   20      0.008732106434     -4.743430642107     -0.021845225163
   12     -2.241062030302     -2.321224695111     -4.597087825622
   12     -0.017689424697     -0.011400675652     -4.685964523325
   20     -4.673154371814     -4.689818321351     -4.666241251816
    8      0.085734982605      0.006619902528     -2.404654666619
    8      2.427871077272      2.229843820578     -2.339022511788
    8     -2.319606332299     -2.394027711686     -2.373299818829
    8      2.426185038816      0.000797838129     -0.054505691683
    8      4.676547483100      2.219403602301     -0.090946900962
    8      0.001082182269     -2.336332435754     -0.019853105977
    8      4.743833977154     -0.107693138612      2.336381151335
    8      7.013483468966      2.231447991536      2.349342834908
    8      2.379269341386     -2.330451122285      2.388173925513
    8     -0.010981415991      2.336124733157     -0.017186907369
    8      2.337510583806      4.740644831000     -0.017720200343
    8     -2.406782972269      0.004558685014      0.004861150118
    8      2.326686253584      2.319925598180      2.374668893465
    8      4.667253458374      4.655216044555      2.372468319571
    8     -0.018855075024     -0.004153197878      2.392679134531
    8      4.598152246889      2.388251077170      4.672320204768
    8      6.930256965347      4.756904577002      4.687962438690
    8      2.274810255766      0.077315037033      4.779447517541
    8     -0.091495124321      4.732694865002      2.331711028735
    8      2.282319698476      6.981817878844      2.357619204311
    8     -2.331651010951      2.414621177401      2.447697137562
    8      2.458481591451      4.671024013435      4.686152192870
    8      4.649644931972      6.980872276137      4.739630583009
    8      0.009589422647      2.221498957250      4.681262648704
    8      4.689063689157      4.745695438955      7.009060364277
    8      7.052292810983      6.976160380908      6.998102125202
    8      2.338544557140      2.232694308025      6.951870431534
    0    0
