   3   1   1 E -1.6031095017488E+04 DE-7.6E-10( 11)
  0.327991283521E-01  0.699756522730E+01  0.698881208557E+01
  0.702912039822E+01 -0.831966237433E-02  0.701999819350E+01
  0.701952202849E+01  0.701502311090E+01  0.643641673684E-02
    1
  0.100000000000E+01  0.000000000000E+00  0.000000000000E+00
  0.000000000000E+00  0.100000000000E+01  0.000000000000E+00
  0.000000000000E+00  0.000000000000E+00  0.100000000000E+01
  0.000000000000E+00  0.000000000000E+00  0.000000000000E+00
   54
   20     -0.000730998086     -0.007674407757     -0.056440346142
   20      2.362948341877      2.298795638973     -0.060603112598
   20     -2.314054039855     -2.376074057912     -0.036742979577
   20      2.344185589595     -0.004350463213      2.338940999514
   20      4.736428623162      2.302142878467      2.295396616292
   20      0.024349581498     -2.368534407200      2.326326168960
   20     -2.317517927699     -0.000800795479     -2.351953865942
   20      0.026545954243      2.296696807083     -2.381947269476
   20     -4.666596577841     -2.365821334198     -2.371049530230
   20     -0.025777723843      2.336243943396      2.381228092095
   20      2.284151220073      4.720720302323      2.362281880396
   20     -2.360758678836      0.052576836635      2.372811689366
   20      2.293777407168      2.345109075106      4.685303156878
   20      4.680911744018      4.711478908910      4.696949662356
   12      0.000259000109      0.070197635389      4.889863911305
   12     -2.363455165376      2.307798240308     -0.011839700207
   20     -0.051586478811      4.707222019916     -0.038267961367
   20     -4.731124455279      0.058866297504      0.011916260608
   12      0.016480037502     -2.318077478082     -2.330145128068
   12      2.249920498478      0.003142527902     -2.382422070184
   12     -2.279022073828     -4.749817097682     -2.268475132977
   20      2.354719538795     -2.348369637312      0.021154173183
   12      4.749251684615      0.077886696565     -0.036719098412
   12     -0.040248309876     -4.741212497408     -0.035351451880
   20     -2.333938353547     -2.354234095828     -4.681281199835
   12      0.023984138627      0.028882093563     -4.627258238412
   12     -4.681889458374     -4.723606142020     -4.677532073137
    8      0.062498427440     -0.078653166831     -2.434878416967
    8      2.398030955473      2.243949737514     -2.406744053923
    8     -2.259947824970     -2.397933159188     -2.328255455998
    8      2.423515417690      0.005909060536     -0.050243048580
    8      4.771456959913      2.251589446863     -0.086703549254
    8     -0.002168585130     -2.409034390984     -0.052822027299
    8      4.727109325132      0.007035887181      2.291252828245
    8      7.112408066934      2.228895852589      2.250200665410
    8      2.345127945220     -2.394569945921      2.341003090445
    8     -0.061237104270      2.322233768850     -0.030792071303
    8      2.326922118756      4.680769989008     -0.021708450756
    8     -2.345890339310      0.059036136173     -0.011309165945
    8      2.341940690755      2.337357144208      2.337541134421
    8      4.678629660836      4.680802992983      2.331094823949
    8     -0.022618520983      0.001587915337      2.364084719652
    8      4.700676051117      2.331277851023      4.704213482750
    8      7.024745669653      4.712114832109      4.665840665960
    8      2.300110130089      0.001135959076      4.687514528520
    8     -0.005013211084      4.734485166298      2.381008993063
    8      2.249109491494      7.116215119178      2.437941890185
    8     -2.401232501212      2.323105666279      2.373323654416
    8      2.284344625921      4.755510155483      4.684486492819
    8      4.768276723102      7.117651811921      4.799398969296
    8     -0.049171402229      2.348709722230      4.765635652858
    8      4.707268054568      4.660037254548      6.989914985155
    8      6.942093117983      7.092806551400      6.995497691785
    8      2.368289936377      2.327994195395      7.057968649741
    0    0
