   3   1   1 E -1.6031080432157E+04 DE 1.8E-09( 11)
 -0.324995136667E-02  0.698222376751E+01  0.698222376751E+01
  0.699080869531E+01 -0.110976046943E-01  0.699006542064E+01
  0.699080869531E+01  0.699006542064E+01 -0.110976046943E-01
    2
  0.100000000000E+01  0.000000000000E+00  0.000000000000E+00
  0.000000000000E+00  0.100000000000E+01  0.000000000000E+00
  0.000000000000E+00  0.000000000000E+00  0.100000000000E+01
  0.000000000000E+00  0.000000000000E+00  0.000000000000E+00
  0.100000000000E+01  0.000000000000E+00  0.000000000000E+00
  0.000000000000E+00  0.000000000000E+00  0.100000000000E+01
  0.000000000000E+00  0.100000000000E+01  0.000000000000E+00
  0.000000000000E+00  0.000000000000E+00  0.000000000000E+00
   54
   20     -0.017130432005     -0.003335300054     -0.003335300054
   20      2.366440268687      2.345352319966     -0.047002582970
   20     -2.325556255407     -2.340325547611     -0.041712790619
   20      2.366440268687     -0.047002582970      2.345352319966
   20      4.662577852442      2.333566610154      2.333566610154
   20     -0.005098630117     -2.333946003327      2.371817978126
   20     -2.325556255407     -0.041712790619     -2.340325547611
   20     -0.005098630117      2.371817978126     -2.333946003327
   12     -4.649193067892     -2.359640192734     -2.359640192734
   20     -0.097897823646      2.349038032282      2.349038032282
   20      2.368350493829      4.685582228805      2.358118048546
   12     -2.415496912305      0.054535691913      2.352457965731
   20      2.368350493829      2.358118048546      4.685582228805
   12      4.701610377767      4.695579672107      4.695579672107
   20     -0.058779993517     -0.007090662941      4.664814187936
   12     -2.415496912305      2.352457965731      0.054535691913
   20     -0.058779993517      4.664814187936     -0.007090662941
   20     -4.623908440283      0.017558133406      0.017558133406
   12     -0.022715157702     -2.375093550265     -2.375093550265
   20      2.413778011917      0.017860253033     -2.361273731489
   12     -2.380283000655     -4.557993017593     -2.385620211432
   20      2.413778011917     -2.361273731489      0.017860253033
   12      4.717670397693     -0.020164217303     -0.020164217303
   20     -0.024976302550     -4.658058720662     -0.007648572874
   12     -2.380283000655     -2.385620211432     -4.557993017593
   20     -0.024976302550     -0.007648572874     -4.658058720662
   12     -4.624158396840     -4.757817771260     -4.757817771260
    8      0.012319594585     -0.032735935673     -2.341822706541
    8      2.425772616487      2.448534995107     -2.435326152781
    8     -2.346701686669     -2.455668573300     -2.455668573300
    8      2.390069359707     -0.007958080985     -0.007958080985
    8      4.662655267718      2.292461176182     -0.076850151162
    8      0.012319594585     -2.341822706541     -0.032735935673
    8      4.662655267718     -0.076850151162      2.292461176182
    8      7.005924771134      2.341431726995      2.341431726995
    8      2.425772616487     -2.435326152781      2.448534995107
    8     -0.051415615145      2.347362956978     -0.009140296249
    8      2.342585725847      4.668602808683     -0.047375406658
    8     -2.312852934700      0.031773764282      0.031773764282
    8      2.332364678707      2.337378968616      2.337378968616
    8      4.671993360534      4.721053213220      2.375955051821
    8     -0.051415615145     -0.009140296249      2.347362956978
    8      4.671993360534      2.375955051821      4.721053213220
    8      6.949046279364      4.658041386765      4.658041386765
    8      2.342585725847     -0.047375406658      4.668602808683
    8     -0.063456395879      4.659074454658      2.402252882420
    8      2.404666752515      7.048230791977      2.323363420913
    8     -2.487589823113      2.315744448631      2.315744448631
    8      2.374682490825      4.664168061417      4.664168061417
    8      4.669268230941      6.986773768633      4.636994152097
    8     -0.063456395879      2.402252882420      4.659074454658
    8      4.669268230941      4.636994152097      6.986773768633
    8      6.925320596901      6.983483150670      6.983483150670
    8      2.404666752515      2.323363420913      7.048230791977
    0    0
