   3   1   1 E -1.6031082220656E+04 DE-2.6E-09( 11)
 -0.764152985051E-02  0.699229927532E+01  0.701192287706E+01
  0.699000192124E+01 -0.146947185105E-01  0.702527847022E+01
  0.697415008921E+01  0.699745005439E+01 -0.664844401700E-02
    1
  0.100000000000E+01  0.000000000000E+00  0.000000000000E+00
  0.000000000000E+00  0.100000000000E+01  0.000000000000E+00
  0.000000000000E+00  0.000000000000E+00  0.100000000000E+01
  0.000000000000E+00  0.000000000000E+00  0.000000000000E+00
   54
   20      0.039556760146     -0.004814644562     -0.017467381400
   20      2.386082641542      2.304558298093     -0.093429993841
   20     -2.341018384667     -2.353176099396     -0.034154168854
   20      2.344895572562     -0.047777563477      2.330361920953
   20      4.690203764139      2.311129918363      2.350065177705
   20      0.036900431143     -2.316118894247      2.388243324066
   20     -2.350914966452      0.015322123277     -2.320604575220
   20      0.041039855297      2.364201148707     -2.348718917486
   12     -4.595846918012     -2.272017142184     -2.330201859768
   20     -0.042410754902      2.317009410433      2.345927941741
   20      2.317737786305      4.715416103117      2.383761697937
   20     -2.328844894830      0.009182295576      2.410551247976
   20      2.339537018921      2.364200841713      4.733280291684
   12      4.576437131992      4.673627268275      4.794676375523
   12     -0.012010162773     -0.077520354521      4.674698491292
   12     -2.345363443773      2.365501171415     -0.071197498392
   20     -0.080127962862      4.722697865420     -0.057406951033
   20     -4.701847549453      0.014807417743     -0.023892482653
   20      0.017657842900     -2.307416758325     -2.334110923109
   12      2.388630441655     -0.058264467403     -2.257284370862
   12     -2.356469214526     -4.681251622775     -2.317738730605
   12      2.410292377695     -2.299277526870     -0.067757244694
   12      4.484780624913     -0.190006970568     -0.068374674516
   20      0.007783905516     -4.694963603492     -0.019618739547
   20     -2.341910283223     -2.331250254275     -4.726112645641
   12     -0.053442589630      0.016719359691     -4.606956032983
   20     -4.616126044394     -4.655874061978     -4.634544201219
    8      0.035260531036      0.012602262375     -2.375911085152
    8      2.480932615602      2.324988449464     -2.347141045609
    8     -2.406237965489     -2.382620836143     -2.359675754488
    8      2.469782387099     -0.126496381389     -0.122188099484
    8      4.667912893193      2.251380315706     -0.079812271980
    8      0.053952564961     -2.333327485358     -0.005489426966
    8      4.736901227661     -0.002332400412      2.288547702102
    8      7.004088539190      2.257044860477      2.356096930348
    8      2.358342711581     -2.328378095952      2.361329568629
    8     -0.044566896309      2.339539577164     -0.053498413558
    8      2.310989841149      4.681434087172     -0.061658837139
    8     -2.338867803756      0.056232226850      0.001565856329
    8      2.331479181952      2.327054413566      2.357123430452
    8      4.649841551498      4.668535415141      2.406366638551
    8      0.018045023122     -0.012978669148      2.396359141038
    8      4.676259115235      2.417752931020      4.765566078143
    8      7.005174533692      4.802217652885      4.679226145766
    8      2.250077915893     -0.071355122663      4.690291857306
    8     -0.026255322358      4.755337502569      2.330743112745
    8      2.277330053665      6.997798495003      2.382351841038
    8     -2.327749119028      2.327640137351      2.349549286256
    8      2.416372834143      4.793081837106      4.772457785567
    8      4.594985197007      6.943813817167      4.832734850346
    8     -0.077800701121      2.259104399190      4.678384662380
    8      4.501459718298      4.636089035298      6.837170926965
    8      6.837593417431      7.001584480736      6.951379781217
    8      2.433790132129      2.387359587465      7.023622326832
    0    0
