   3   1   1 E -1.6031099038136E+04 DE-1.1E-09( 10)
  0.827095469764E-02  0.698730185372E+01  0.700353817184E+01
  0.703806018527E+01 -0.682467360465E-02  0.701098887199E+01
  0.704117405358E+01  0.699119795909E+01 -0.291329962167E-02
    1
  0.100000000000E+01  0.000000000000E+00  0.000000000000E+00
  0.000000000000E+00  0.100000000000E+01  0.000000000000E+00
  0.000000000000E+00  0.000000000000E+00  0.100000000000E+01
  0.000000000000E+00  0.000000000000E+00  0.000000000000E+00
   54
   20     -0.040872897043     -0.006564604692     -0.019959510392
   20      2.328547376970      2.376154625596     -0.046900042480
   20     -2.371782646026     -2.288914020896      0.017075771814
   20      2.342854516355     -0.030549316131      2.323981656221
   20      4.717633256099      2.331224857978      2.376145051433
   20     -0.008656087904     -2.316666704598      2.370977012235
   20     -2.357785368867     -0.010280574332     -2.316163825061
   20      0.000677373051      2.368522929657     -2.329850370810
   12     -4.736702813545     -2.309035563827     -2.297986386750
   20     -0.020685971686      2.366872968643      2.311855208364
   20      2.335377015214      4.714368978725      2.320350911436
   12     -2.380715360355     -0.002779444437      2.321235506772
   20      2.365466419113      2.366929432726      4.714621133554
   12      4.647905739712      4.628329156714      4.732357186564
   20     -0.003302529720     -0.034930510809      4.694666192932
   12     -2.433883437325      2.346743583018      0.026848744499
   12      0.078048728987      4.675327274401     -0.016905186524
   12     -4.730110703796     -0.085886131543      0.045589872490
   12     -0.009764480049     -2.294342582046     -2.361994049741
   20      2.356519229376     -0.058758899089     -2.319273667742
   20     -2.340083616195     -4.638357467992     -2.362196401046
   12      2.406793904596     -2.357429287546     -0.019421375866
   20      4.704741160737     -0.066369148697     -0.040222213683
   20      0.067421567442     -4.674705853388      0.020912211763
   20     -2.323852884735     -2.331615099284     -4.702843848959
   12     -0.030440507307     -0.065062551253     -4.685179569557
   20     -4.673254647408     -4.681035588588     -4.716050759063
    8     -0.014131131875     -0.098160952946     -2.408218418893
    8      2.370980737476      2.406900985198     -2.325497001336
    8     -2.339414193020     -2.333306493358     -2.335803809965
    8      2.341668973719     -0.084807857362     -0.023249033671
    8      4.714720500784      2.322689063615      0.016601040208
    8      0.023412356909     -2.331338579473     -0.048986032578
    8      4.763396339115     -0.000234182971      2.324121490567
    8      7.041709692378      2.256768161704      2.344591902184
    8      2.344184486525     -2.328581834705      2.312373428907
    8     -0.027543025948      2.430734499591     -0.020444838063
    8      2.270242867524      4.748711495244     -0.053362761104
    8     -2.479997607441      0.091320224066      0.051227708667
    8      2.347874705259      2.338170894289      2.333148672930
    8      4.700097811955      4.753551228054      2.417414075577
    8     -0.071640046434      0.010257862002      2.321530359163
    8      4.701888821505      2.429693616713      4.754057177424
    8      7.107745516362      4.666747833372      4.776855878285
    8      2.332902426771     -0.113252118695      4.757025784115
    8      0.010293528106      4.777117693294      2.309739483029
    8      2.407815527600      6.996871056426      2.282714463684
    8     -2.328178087716      2.238156945324      2.232742111376
    8      2.308976758215      4.643861994159      4.706109132458
    8      4.705460295783      6.869144630209      4.600744803402
    8      0.012426089131      2.421683511732      4.668895414635
    8      4.673243072351      4.572837294290      6.917782137363
    8      7.142987877112      6.882402015290      7.098259854523
    8      2.442556743132      2.383408683061      7.000219573661
    0    0
