   3   1   1 E -1.6031053949634E+04 DE 2.6E-10( 11)
  0.250098685394E-01  0.688928282776E+01  0.697136702202E+01
  0.700795462711E+01  0.856165064986E-02  0.698053942339E+01
  0.705618076557E+01  0.694022426693E+01 -0.330171075013E-01
    1
  0.100000000000E+01  0.000000000000E+00  0.000000000000E+00
  0.000000000000E+00  0.100000000000E+01  0.000000000000E+00
  0.000000000000E+00  0.000000000000E+00  0.100000000000E+01
  0.000000000000E+00  0.000000000000E+00  0.000000000000E+00
   54
   20     -0.018563508954      0.000838416740     -0.009953648693
   20      2.330911031789      2.329766468443     -0.040815420157
   20     -2.377631032208     -2.273309842757      0.014919198229
   20      2.336192315489     -0.027220226490      2.321318069762
   20      4.685884503496      2.323303623468      2.323272690816
   20     -0.016892804114     -2.304267365942      2.345287128762
   20     -2.338414468002     -0.000795414232     -2.310369580425
   20      0.011682579482      2.328243989919     -2.329651177642
   12     -4.762569885313     -2.234268204184     -2.296072073766
   20      0.001285215009      2.309589980263      2.317044236061
   20      2.337612810879      4.658048795879      2.300313958899
   12     -2.354760371716      0.076670455530      2.312825666130
   20      2.353088423941      2.316497647869      4.675616187170
   12      4.702178365788      4.679954247494      4.686772806355
   20      0.011104971697     -0.059947526501      4.683507925194
   12     -2.161038499995      2.438976028493     -0.032960336066
   12      0.109235888768      4.696379328704      0.013308898634
   12     -4.813442294578      0.013492627140     -0.108437452639
   12     -0.000841254358     -2.335498663094     -2.310797914672
   20      2.340649677488     -0.021210496205     -2.324876029492
   20     -2.358037623993     -4.620316600143     -2.312572281497
   12      2.320774241418     -2.382338494814      0.012491780952
   20      4.685538668257     -0.055714554429     -0.029326302617
   20     -0.002615665145     -4.630253206753      0.030194202291
   20     -2.340626868952     -2.328051137872     -4.663671216394
   12     -0.008236391521     -0.097758806288     -4.660204026894
   20     -4.688983127889     -4.632915052599     -4.648291512022
    8     -0.009121201447     -0.021975946907     -2.341137508144
    8      2.347361840482      2.334122194410     -2.338501602975
    8     -2.352847579494     -2.302192781681     -2.313922907943
    8      2.334002910761     -0.041344804736     -0.017257741110
    8      4.692442979743      2.314083229343     -0.012702632021
    8     -0.018000335132     -2.304747564606     -0.004249374100
    8      4.688695504033     -0.018985672033      2.315482297723
    8      7.027254532741      2.299052184964      2.315574549794
    8      2.327021616487     -2.320723739155      2.326618486509
    8      0.008784797682      2.352143674262     -0.026347946610
    8      2.313165549672      4.673219698979     -0.058757367293
    8     -2.361395349935      0.084409926024      0.026080957031
    8      2.340866416241      2.322745931262      2.317673915214
    8      4.695464217714      4.681853466770      2.326321612795
    8     -0.014012738819     -0.013711853416      2.329258469766
    8      4.684199299025      2.354254202777      4.678468514717
    8      7.062781361201      4.622163971606      4.671487738123
    8      2.348674715444     -0.045251255430      4.690735185025
    8     -0.001313026500      4.649925965858      2.311636347036
    8      2.372560532502      6.912177435900      2.292284616293
    8     -2.326306945170      2.244953781356      2.301686544192
    8      2.350034389591      4.612545561822      4.663412408099
    8      4.716686362826      6.833498965193      4.618720964695
    8      0.009478660780      2.300215980299      4.673035941893
    8      4.697562138351      4.474000619168      6.927725384423
    8      7.096468655076      6.816273687919      7.002090375437
    8      2.387159474866      2.290706476433      7.000711015766
    0    0
