   3   1   1 E -1.6031101722113E+04 DE-3.8E-10( 11)
 -0.659854829370E-03  0.699756922599E+01  0.698798658818E+01
  0.704657687598E+01 -0.310609175001E-01  0.701132176586E+01
  0.703193293799E+01  0.699987863320E+01 -0.949143208681E-02
    1
  0.100000000000E+01  0.000000000000E+00  0.000000000000E+00
  0.000000000000E+00  0.100000000000E+01  0.000000000000E+00
  0.000000000000E+00  0.000000000000E+00  0.100000000000E+01
  0.000000000000E+00  0.000000000000E+00  0.000000000000E+00
   54
   20      0.022858441114     -0.019597871619     -0.000986506150
   20      2.365965351774      2.340676641983     -0.044979941026
   20     -2.370859663433     -2.353235372606     -0.022959097573
   20      2.359761438759     -0.063057569257      2.335261954918
   20      4.726003199600      2.292700130522      2.317372542173
   20      0.035839684935     -2.380618207994      2.374905081738
   20     -2.366392055953     -0.014104242767     -2.327000582753
   20      0.026112267933      2.380514209964     -2.342210982428
   12     -4.644812045475     -2.372113669350     -2.284441131822
   20     -0.006916420226      2.353025239111      2.320886688613
   20      2.346919892726      4.706132535014      2.297008386546
   20     -2.379677228345      0.026585444155      2.360652195536
   20      2.358824837233      2.335505277953      4.718615413510
   12      4.609807435869      4.665951107443      4.730758077886
   20     -0.027898686079     -0.047942518915      4.748624717176
   20     -2.377401113745      2.399273334940      0.013336659741
   12      0.002087286097      4.801011940920     -0.002373740729
   12     -4.706729528616     -0.101307557499      0.019699453521
   20      0.012074913944     -2.337806943367     -2.335865620850
   20      2.398508131677      0.017295238863     -2.355757784313
   12     -2.428066347987     -4.608500646669     -2.338878443419
   12      2.412115715472     -2.316183519841     -0.009873979722
   12      4.671424582525     -0.088772595716     -0.050973653916
   20      0.017659552832     -4.738245096706      0.028921457166
   20     -2.368152624075     -2.325477063514     -4.710307803464
   12      0.013055441548      0.048433012417     -4.745658430944
   12     -4.743760829555     -4.577707669593     -4.669896648273
    8      0.009489116945     -0.003756651523     -2.390359554844
    8      2.445583010047      2.445674408046     -2.404809806299
    8     -2.418901890785     -2.415518045927     -2.342021535301
    8      2.423919164278     -0.084117240037     -0.003438868062
    8      4.694025266674      2.224148196431     -0.093431473792
    8      0.061270656318     -2.354229045698      0.010337413358
    8      4.731449408180     -0.022729311149      2.325183354426
    8      7.113340069507      2.225916640789      2.339192997482
    8      2.336046418193     -2.441728919781      2.337878812324
    8      0.014286609056      2.403251254195      0.003873514455
    8      2.279268236230      4.754763675217     -0.093582196014
    8     -2.396724830385      0.001669814488     -0.017144241153
    8      2.358103201175      2.330060555947      2.318727928830
    8      4.698087309216      4.662907584681      2.366717193534
    8     -0.005641883598     -0.016264366964      2.350710486172
    8      4.702207029730      2.386261979989      4.682597914160
    8      7.052494978103      4.663305024290      4.765289059682
    8      2.342320586050     -0.105623865966      4.751926339287
    8      0.008435361083      4.742648399994      2.247729169998
    8      2.259872997299      7.087623947923      2.233743867957
    8     -2.401608227037      2.350571754354      2.367605473222
    8      2.442550984747      4.673527460206      4.710582558272
    8      4.692010670692      6.988844946491      4.732098807112
    8     -0.054747678296      2.322743336426      4.668980321415
    8      4.621401412876      4.761840402994      6.887330359688
    8      7.044848933275      6.889966980564      7.093328773283
    8      2.338586276032      2.354548753767      7.081251198500
    0    0
