   3   1   1 E -1.6031057612630E+04 DE 6.4E-11( 11)
 -0.178183964744E-01  0.701111515652E+01  0.699872545163E+01
  0.697811314464E+01 -0.256443923767E-02  0.697755319825E+01
  0.700030321219E+01  0.700514576734E+01 -0.180133598917E-01
    1
  0.100000000000E+01  0.000000000000E+00  0.000000000000E+00
  0.000000000000E+00  0.100000000000E+01  0.000000000000E+00
  0.000000000000E+00  0.000000000000E+00  0.100000000000E+01
  0.000000000000E+00  0.000000000000E+00  0.000000000000E+00
   54
   20     -0.000593842559     -0.000757134485     -0.007036634490
   20      2.332249076812      2.342986973974     -0.019125615118
   20     -2.342698599338     -2.331039278629     -0.000429050690
   20      2.315760696431     -0.005540836793      2.334542728507
   20      4.652067636225      2.339986834808      2.329446111113
   20     -0.005307745997     -2.332993306218      2.342738048037
   20     -2.335997570108      0.002708385308     -2.328939038224
   20      0.019460705282      2.347274696961     -2.334525052405
   12     -4.646238801467     -2.371790937741     -2.277938912753
   20     -0.010852963218      2.345761479312      2.330744273335
   20      2.338469492143      4.691722501258      2.341736033886
   12     -2.334498591049      0.011105773646      2.372896251248
   12      2.322840922200      2.403761721054      4.655788874474
   12      4.511473811794      4.646760360562      4.620934492972
   20     -0.038461637841     -0.009308829389      4.652227253538
   20     -2.348013533622      2.354121827210      0.000667649785
   12      0.134933039715      4.714373170820     -0.000358829838
   20     -4.673569069829      0.000816139124      0.007747655304
   20      0.026175025548     -2.335409347908     -2.325366222797
   12      2.453938659076      0.016198455075     -2.326295521040
   12     -2.359053577398     -4.680119462066     -2.319197021017
   12      2.423416293679     -2.417499746739      0.015399552668
   20      4.640048944029     -0.020223121257     -0.034395122105
   20     -0.005776848040     -4.676934333152     -0.004474380529
   20     -2.330363676060     -2.336524602503     -4.659865961019
   12      0.012501591498     -0.062450175269     -4.651839902747
   20     -4.645480776702     -4.675323251768     -4.640003677942
    8      0.017323024479      0.001863111571     -2.345341025114
    8      2.371010191196      2.333693095444     -2.333693715233
    8     -2.343997445995     -2.348631183583     -2.331333282387
    8      2.321414775509     -0.018247306864     -0.029086021618
    8      4.654936056295      2.333668314843     -0.028433047695
    8      0.012772043603     -2.336938883707     -0.001184209560
    8      4.656775487853     -0.006429259470      2.325532779017
    8      6.992534128683      2.322656915770      2.321955172129
    8      2.323751775253     -2.340425352817      2.336489514046
    8      0.000929072258      2.357070662042     -0.008621160329
    8      2.309845742398      4.681199314746     -0.031131086788
    8     -2.335671851710      0.005461046172      0.002892565930
    8      2.325753760493      2.344017612999      2.337749555607
    8      4.662428294905      4.695083120063      2.337677061159
    8     -0.025845442866     -0.000166052819      2.328520354843
    8      4.627019443856      2.358178029368      4.644393405696
    8      7.013772610880      4.678966998590      4.659508624257
    8      2.305031131563      0.000206435769      4.655905913958
    8     -0.003185799642      4.699062712537      2.330870807832
    8      2.357854054808      7.012626657450      2.346984385939
    8     -2.346830945586      2.332282975913      2.350785477942
    8      2.389320175820      4.664467125590      4.697701591502
    8      4.576167592244      6.988914116295      4.593651290724
    8     -0.017870970516      2.337391303708      4.660686445373
    8      4.598203537382      4.669220148928      6.955754493484
    8      6.966152531439      6.977451659281      6.975234335185
    8      2.306669185793      2.357326907794      6.983645596899
    0    0
