   3   1   1 E -1.6031109686412E+04 DE 7.4E-10( 10)
  0.846448499992E-02  0.699318470680E+01  0.700653854317E+01
  0.698003649797E+01 -0.271548190021E-02  0.701079616389E+01
  0.697897593886E+01  0.698965306511E+01  0.494871382173E-02
    1
  0.100000000000E+01  0.000000000000E+00  0.000000000000E+00
  0.000000000000E+00  0.100000000000E+01  0.000000000000E+00
  0.000000000000E+00  0.000000000000E+00  0.100000000000E+01
  0.000000000000E+00  0.000000000000E+00  0.000000000000E+00
   54
   20      0.019372450297     -0.001841987248      0.001062521937
   20      2.346000002449      2.342579208077     -0.067807235644
   20     -2.366642105901     -2.342561290072     -0.042474092495
   20      2.366741441664     -0.035895907656      2.334592377874
   20      4.692197501501      2.286752704818      2.317665204622
   20      0.047274030449     -2.367742791919      2.358871426957
   20     -2.315272607181     -0.037872957475     -2.371502404783
   20      0.079317632015      2.325077680779     -2.322566425936
   12     -4.639435250417     -2.299890574210     -2.357521308500
   20     -0.048141770174      2.380814439044      2.326089963660
   20      2.277664075954      4.723463021930      2.319813289983
   20     -2.407738194990      0.043279751949      2.366287556744
   20      2.327182145537      2.312157259041      4.696373916596
   20      4.667623897006      4.703219885383      4.730222159259
   20     -0.007234593388     -0.010040648801      4.724502319746
   20     -2.336367945635      2.359720176293      0.049610869418
   12     -0.007894674033      4.763104887822      0.054591264341
   12     -4.652477039331     -0.016901012272     -0.009030161894
   20     -0.027424972719     -2.317253209137     -2.392326141776
   12      2.301741763351      0.028711849346     -2.343247522682
   12     -2.432329334384     -4.657497801173     -2.372130597892
   20      2.375209436702     -2.326820398785      0.023529183645
   12      4.599678857843     -0.013061977693     -0.001297693458
   20      0.003807431709     -4.732524365415      0.009855458356
   12     -2.358845590587     -2.330770636733     -4.671468821945
   12      0.044063102638     -0.014122026672     -4.773739433724
   12     -4.678065244472     -4.709673498530     -4.590687963833
    8      0.116560699388     -0.000611322032     -2.356819867031
    8      2.432059791260      2.293891728937     -2.426927932998
    8     -2.436349192840     -2.415910834801     -2.416017124217
    8      2.398295158718      0.002366910372     -0.048073429453
    8      4.654530294178      2.230845858133     -0.074483690102
    8      0.003474411933     -2.346503083822     -0.005800349632
    8      4.738738234469     -0.083188213552      2.244527314108
    8      7.070703500756      2.233862363152      2.344358667565
    8      2.420101106387     -2.415580259412      2.424128095491
    8      0.007895991554      2.392574227913      0.007738484850
    8      2.239136708774      4.771639757087     -0.087914760914
    8     -2.397162803887     -0.006104076845     -0.005355231976
    8      2.335497991852      2.339142042525      2.327294603906
    8      4.646135858154      4.661025319363      2.344550549142
    8     -0.008304613619     -0.001429086614      2.342425907042
    8      4.672561691702      2.327751024863      4.683023784956
    8      7.084608451505      4.659552820965      4.722917503113
    8      2.342159069116     -0.067977542575      4.712959536138
    8     -0.086670800741      4.756637825094      2.278832685386
    8      2.223723048664      7.066272593551      2.337111108454
    8     -2.417652467108      2.420502176268      2.410447418762
    8      2.334302845471      4.724414176392      4.679942976546
    8      4.554368630037      7.069227065701      4.749579841913
    8     -0.056653714816      2.329142919793      4.663571734396
    8      4.748927997877      4.767064658028      7.094351716345
    8      7.024140421420      6.898382453957      7.098875172129
    8      2.338513392147      2.249149021949      7.057762971453
    0    0
