   3   1   1 E -1.6031099143946E+04 DE 7.7E-10( 10)
  0.985537553592E-02  0.701484871706E+01  0.701171192468E+01
  0.697987105211E+01  0.151807648108E-01  0.700109934526E+01
  0.699781547011E+01  0.701423419177E+01  0.480821634044E-02
    1
  0.100000000000E+01  0.000000000000E+00  0.000000000000E+00
  0.000000000000E+00  0.100000000000E+01  0.000000000000E+00
  0.000000000000E+00  0.000000000000E+00  0.100000000000E+01
  0.000000000000E+00  0.000000000000E+00  0.000000000000E+00
   54
   20     -0.011775528709      0.002826197911     -0.000169426389
   20      2.323969850285      2.358985950822     -0.046908537593
   20     -2.368435685774     -2.313624128431     -0.003671409175
   20      2.356346244143     -0.045583071439      2.308754474305
   20      4.686633424990      2.346014601124      2.333467110806
   20      0.040164527235     -2.338272252639      2.321259018287
   20     -2.359556847164     -0.017547627370     -2.294125701857
   20      0.035948852450      2.348158824524     -2.280452782312
   12     -4.642854748692     -2.238157888280     -2.281020996183
   20     -0.059689719805      2.353006574676      2.289202152239
   20      2.325441298677      4.732945873439      2.335412297979
   12     -2.386106652070      0.028847306206      2.281965961446
   20      2.314552975957      2.341845653145      4.750077414392
   20      4.659968700678      4.691449551308      4.738816276624
   20     -0.005160956294     -0.007285473894      4.701290245345
   12     -2.324726835372      2.325765142767      0.057992233069
   12      0.085946364918      4.653521884306      0.003022268285
   12     -4.738231704370     -0.012402071350     -0.045243338079
   20     -0.014406980523     -2.340635975545     -2.338429760547
   12      2.405913252581     -0.090764898668     -2.283101898009
   20     -2.356835961235     -4.683613244647     -2.388894606553
   12      2.276000604756     -2.364054203553     -0.020685924243
   20      4.684954233495     -0.049255436459      0.034135848314
   12      0.027105248974     -4.626022954175      0.009451991825
   12     -2.362368785989     -2.348310964653     -4.740297509183
   20      0.051482131153     -0.017165519129     -4.702659931171
   20     -4.632310050981     -4.680249293415     -4.728844192275
    8      0.070797342560     -0.002788721072     -2.312720306807
    8      2.339754945825      2.339694046501     -2.343347723236
    8     -2.436556772864     -2.334745468230     -2.390543927079
    8      2.344418965903     -0.083315954897     -0.086646458391
    8      4.717509582226      2.339798132952     -0.018168959915
    8      0.069379026565     -2.409285923838     -0.004734651452
    8      4.667442909862     -0.059902130692      2.331051326025
    8      6.990828680123      2.346647125242      2.255629481227
    8      2.433754109561     -2.325778473966      2.286083112668
    8     -0.061852008717      2.418319060337      0.002706376606
    8      2.248907971204      4.776778668395     -0.072512806948
    8     -2.451658768597      0.092382099457      0.110905784328
    8      2.327955726278      2.346374243848      2.329605094269
    8      4.670069221931      4.751235519281      2.337830512293
    8     -0.062447639809     -0.005729336945      2.308085720806
    8      4.654695891040      2.345746891213      4.754393454862
    8      7.102819937830      4.690166940370      4.746245889075
    8      2.314649954914     -0.086615761071      4.740582107946
    8     -0.054455169735      4.675950624332      2.302139720741
    8      2.438286130195      7.006255999811      2.334796657703
    8     -2.324496706636      2.326259848306      2.227892798248
    8      2.331945262779      4.751153424001      4.758596686316
    8      4.576927527435      7.007028536247      4.637658458251
    8     -0.002815754526      2.341424465534      4.730234488768
    8      4.635552497565      4.567202126518      7.099597032922
    8      7.106383459012      7.009680462502      7.008136602014
    8      2.284174964654      2.364827530670      6.995449937669
    0    0
