   3   1   1 E -1.6031074457971E+04 DE 3.1E-11( 11)
  0.211239438422E-01  0.697912324126E+01  0.698495104513E+01
  0.698490578382E+01 -0.115776453477E-02  0.701216325322E+01
  0.696279112849E+01  0.699246010535E+01  0.122112238274E-01
    1
  0.100000000000E+01  0.000000000000E+00  0.000000000000E+00
  0.000000000000E+00  0.100000000000E+01  0.000000000000E+00
  0.000000000000E+00  0.000000000000E+00  0.100000000000E+01
  0.000000000000E+00  0.000000000000E+00  0.000000000000E+00
   54
   20     -0.002662376741     -0.020699892997     -0.008060102010
   20      2.339838205397      2.314576817930     -0.012347458153
   20     -2.328104361008     -2.307772138211     -0.020216474908
   20      2.317197218467     -0.030333641630      2.361959952507
   20      4.653727293512      2.304371110032      2.349529154896
   20      0.020161824520     -2.300085224354      2.352293080318
   20     -2.359521411346     -0.007841979933     -2.325852024603
   20      0.002419997205      2.325467958569     -2.340954224740
   12     -4.607547763175     -2.336065339499     -2.315979215305
   20     -0.005045811974      2.324944499750      2.361634678155
   20      2.297831673738      4.681896731179      2.362638425414
   12     -2.196712528987     -0.011083772750      2.238689250915
   12      2.207525306464      2.285061695942      4.777148176285
   20      4.624082216033      4.665686420144      4.708873820731
   12      0.142754908535     -0.008324202595      4.587864558644
   12     -2.337615136135      2.266591229060     -0.026016134812
   20     -0.038601728384      4.698586064569     -0.028371417450
   20     -4.662037372513      0.026975255814     -0.058458936861
   12     -0.007936948162     -2.264468396808     -2.333995111703
   20      2.315676435306     -0.045091408428     -2.299084804377
   20     -2.285493644219     -4.685448209007     -2.337221752753
   12      2.441809640899     -2.246641675715     -0.136318313486
   12      4.568392340739      0.004132829458      0.063200603955
   20      0.043924247465     -4.651276550347     -0.023176936003
   20     -2.339786741839     -2.321111195113     -4.678113466020
   12     -0.097763040077      0.014764973988     -4.578588663394
   20     -4.621974144035     -4.657988788026     -4.689185309589
    8     -0.018021236849     -0.063072182944     -2.364337432145
    8      2.339076465765      2.343535019453     -2.333132881257
    8     -2.329870051404     -2.331881289117     -2.339888060181
    8      2.380018387866     -0.087320076964      0.011555628020
    8      4.663578389888      2.291561263021      0.001842573793
    8      0.022968107113     -2.316251250912     -0.053360532701
    8      4.672837401624     -0.006847700324      2.334831623972
    8      6.988883737799      2.292366144705      2.341521120440
    8      2.334359804602     -2.324903356331      2.344151927872
    8     -0.033876582832      2.324126217232     -0.012806402297
    8      2.299620679997      4.679231740783     -0.036223964103
    8     -2.337214116449      0.058797405692      0.024432895029
    8      2.322758740252      2.320256354908      2.387339593398
    8      4.638406270695      4.713880527262      2.358451209150
    8     -0.041203830703     -0.009730911857      2.372314551178
    8      4.591401471735      2.323677000536      4.734874745203
    8      7.019453863425      4.731093887300      4.694522066492
    8      2.240069489827     -0.009903449225      4.670528007241
    8     -0.023912227842      4.713178978556      2.387912734667
    8      2.315165883479      6.985606701854      2.329054310170
    8     -2.286547976079      2.267319121862      2.270216578403
    8      2.237459758689      4.590822622089      4.745423369618
    8      4.762468389505      6.952762677704      4.718276762051
    8      0.105946322911      2.334055858598      4.651663204322
    8      4.578320786124      4.650976829149      7.000306503904
    8      6.881821231958      7.020019414852      6.948299041378
    8      2.451186391894      2.404734400386      6.902304320545
    0    0
