   3   1   1 E -1.6031096721047E+04 DE-5.3E-10( 11)
  0.180827094258E-01  0.702012887384E+01  0.703172149631E+01
  0.701937878211E+01  0.627109141962E-02  0.703602247928E+01
  0.701845875615E+01  0.701785409993E+01  0.129840035204E-01
    1
  0.100000000000E+01  0.000000000000E+00  0.000000000000E+00
  0.000000000000E+00  0.100000000000E+01  0.000000000000E+00
  0.000000000000E+00  0.000000000000E+00  0.100000000000E+01
  0.000000000000E+00  0.000000000000E+00  0.000000000000E+00
   54
   20     -0.002042184036     -0.020385886316     -0.038228409377
   20      2.358599565052      2.362954330635     -0.041831041865
   20     -2.346628290647     -2.340400946647     -0.050958025474
   20      2.353601243586     -0.065350897450      2.349092126566
   20      4.682581406850      2.353529343991      2.367780077696
   20      0.054617767054     -2.354707853016      2.364931635810
   20     -2.363326999628     -0.046835267095     -2.330978000089
   20      0.012707312310      2.370967416530     -2.345610827414
   12     -4.610481574525     -2.382368417937     -2.341594810135
   20     -0.066782230663      2.379616817827      2.338186473678
   20      2.340559587129      4.704281017361      2.361316221960
   20     -2.368741081978      0.053916397658      2.335983699012
   20      2.339752497817      2.372325373752      4.757088072661
   12      4.613522900137      4.620874940496      4.727512856271
   20      0.009087009488     -0.009030900784      4.700471911156
   12     -2.453336568460      2.388279468610     -0.002129892507
   20     -0.040558047157      4.678843220311     -0.029003953272
   12     -4.614782433031      0.004398049715      0.037472765424
   12     -0.058642450438     -2.390586880383     -2.335622366292
   20      2.351569684007     -0.013450726518     -2.354128679557
   12     -2.314337558632     -4.559515172423     -2.412784522444
   12      2.393770936289     -2.361112326037     -0.052160601936
   20      4.667988095455     -0.049860988450     -0.029709931663
   20      0.043631945031     -4.659601033600     -0.014785951997
   12     -2.434541543128     -2.436269752303     -4.608767519985
   20     -0.007308420416     -0.024990349888     -4.663890929185
   12     -4.518253283664     -4.608850125191     -4.677592502471
    8     -0.007610661839     -0.064793121957     -2.336276391469
    8      2.469860321165      2.449875131024     -2.424643388522
    8     -2.353839629947     -2.446579799871     -2.376176500070
    8      2.351784539065     -0.059285300031     -0.024853354324
    8      4.680049747443      2.339576995275     -0.044236878617
    8      0.071907042625     -2.347381526241     -0.057953330627
    8      4.655665062520     -0.072760973009      2.366452905251
    8      7.077131113388      2.345505616576      2.367079869407
    8      2.449504623986     -2.423460526916      2.361898318708
    8     -0.053247353399      2.347041315978     -0.012042497502
    8      2.338842334211      4.753716041717     -0.066353182890
    8     -2.424373540531      0.048924439915     -0.017713365737
    8      2.328901355193      2.351399723617      2.350057327540
    8      4.690737524721      4.691560349061      2.389954059996
    8     -0.005840481656      0.000487913494      2.351624443866
    8      4.672552037273      2.411895282001      4.757627363062
    8      7.020222784783      4.683222179519      4.695080985916
    8      2.348756687468     -0.071986974311      4.750557774826
    8     -0.068892636095      4.677066865436      2.341410169524
    8      2.343417460855      7.087730313096      2.296033053996
    8     -2.434601969088      2.467047659296      2.373252670810
    8      2.387560482686      4.674386416920      4.786768859065
    8      4.689864452684      7.010222562701      4.682389788804
    8     -0.072048227982      2.444076330874      4.680554189133
    8      4.549446340879      4.560773413804      6.981207047239
    8      7.078933011284      7.014999564000      7.039727075500
    8      2.444731409119      2.359214548528      7.141791018570
    0    0
