   3   1   1 E -1.6031109387265E+04 DE 3.4E-09(  9)
  0.565540327070E-02  0.700633297307E+01  0.695830171765E+01
  0.703089016707E+01 -0.189017907221E-01  0.698284708921E+01
  0.701198837634E+01  0.701198837634E+01 -0.428575544446E-19
    2
  0.100000000000E+01  0.000000000000E+00  0.000000000000E+00
  0.000000000000E+00  0.100000000000E+01  0.000000000000E+00
  0.000000000000E+00  0.000000000000E+00  0.100000000000E+01
  0.000000000000E+00  0.000000000000E+00  0.000000000000E+00
  0.000000000000E+00 -0.100000000000E+01  0.000000000000E+00
 -0.100000000000E+01  0.000000000000E+00  0.000000000000E+00
  0.000000000000E+00  0.000000000000E+00  0.100000000000E+01
  0.000000000000E+00  0.000000000000E+00  0.000000000000E+00
   54
   20     -0.015230495240      0.015230495240     -0.017465133416
   20      2.357752768274      2.322319186802     -0.066733341668
   20     -2.322319186802     -2.357752768274     -0.066733341668
   20      2.345444154842     -0.049391285854      2.327357552760
   20      4.701760583578      2.310227792767      2.286191067646
   20      0.049391285854     -2.345444154842      2.327357552760
   20     -2.349568186436     -0.034758808745     -2.347029777202
   20      0.034758808745      2.349568186436     -2.347029777202
   12     -4.691446957928     -2.320541418416     -2.409682574102
   20     -0.048219658718      2.366674476580      2.390886817673
   20      2.329955904796      4.682032471548      2.356661837608
   20     -2.366674476580      0.048219658718      2.390886817673
   20      2.313520173222      2.320012733583      4.713516076523
   20      4.691975642761      4.698468203122      4.713516076523
   12      0.090120933073     -0.090120933073      4.718409246315
   12     -2.347391670167      2.347391670167      0.073458379986
   20     -0.034286405937      4.703873658863     -0.003311081374
   20     -4.703873658863      0.034286405937     -0.003311081374
   12      0.069609226709     -2.289478691214     -2.300706675872
   12      2.289478691214     -0.069609226709     -2.300706675872
   20     -2.341918842990     -4.670069533355     -2.324696481443
   20      2.373445910670     -2.373445910670      0.024142620868
   12      4.736490161346      0.057667121048     -0.041349199936
   12     -0.057667121048     -4.736490161346     -0.041349199936
   12     -2.386256401727     -2.348820106424     -4.644907547603
   20     -0.021798835614      0.021798835614     -4.650113819746
   12     -4.663168269920     -4.625731974617     -4.644907547603
    8      0.083626431740     -0.083626431740     -2.321638120056
    8      2.327423400480      2.361038525151     -2.436142580510
    8     -2.361038525150     -2.327423400479     -2.436142580510
    8      2.401305551517      0.004054265203     -0.102590784154
    8      4.756194099349      2.255794276995     -0.001057524915
    8     -0.004054265203     -2.401305551517     -0.102590784154
    8      4.665004617281     -0.087986735115      2.216261852859
    8      7.099975111461      2.346983759064      2.216261852859
    8      2.428994977313     -2.428994977312      2.437178868218
    8     -0.080144346427      2.344026789189     -0.002723095001
    8      2.349288195739      4.662700180606     -0.038525273615
    8     -2.344026789189      0.080144346427     -0.002723095001
    8      2.341425267310      2.320877378353      2.332787817583
    8      4.691110997991      4.670563109034      2.332787817583
    8     -0.016747677821      0.016747677821      2.395887319111
    8      4.687280294601      2.324708081744      4.717085538202
    8      7.122094387851      4.767961146605      4.649216420185
    8      2.244027229743     -0.110106011503      4.649216420185
    8     -0.034962205929      4.673873763122      2.376273666455
    8      2.338114613222      7.046950582273      2.376273666455
    8     -2.425692029930      2.425692029930      2.210858876280
    8      2.255529083030      4.756459293314      4.652107478993
    8      4.663399030685      7.001896822299      4.755510721245
    8      0.010091554049      2.348589345663      4.755510721245
    8      4.687259868255      4.645194876976      7.069664359652
    8      6.932246311629      7.091730441060      6.854404921728
    8      2.366793499367      2.324728508088      7.069664359652
    0    0
