   3   1   1 E -1.6031095098651E+04 DE-9.5E-10( 10)
  0.480208660848E-02  0.702058746556E+01  0.703273438346E+01
  0.700810401200E+01  0.860953702766E-02  0.702187501590E+01
  0.702283220695E+01  0.701737143915E+01  0.782396564908E-03
    1
  0.100000000000E+01  0.000000000000E+00  0.000000000000E+00
  0.000000000000E+00  0.100000000000E+01  0.000000000000E+00
  0.000000000000E+00  0.000000000000E+00  0.100000000000E+01
  0.000000000000E+00  0.000000000000E+00  0.000000000000E+00
   54
   20      0.014117017632     -0.007626209529     -0.022860022159
   20      2.359654439943      2.319028457474     -0.060294706323
   20     -2.350632633552     -2.321724940009     -0.037480303561
   20      2.347292677982     -0.048996393302      2.378599662020
   20      4.679135893552      2.318471853889      2.330945084733
   20      0.045078530957     -2.339656655546      2.393364817057
   20     -2.357580470318     -0.046652802596     -2.339212686086
   20      0.045063392749      2.330639495175     -2.346199184486
   12     -4.687873465102     -2.346112456717     -2.352534933196
   20     -0.048073598780      2.372288267458      2.351271938425
   20      2.328118950889      4.735009445313      2.343302542614
   20     -2.367659610561      0.058902829672      2.337718169286
   20      2.311408581312      2.324699753369      4.749249459420
   20      4.684632259741      4.732541844930      4.741994269966
   12     -0.064335581120     -0.061061746398      4.741511290242
   12     -2.423157587719      2.325726935655      0.052038067876
   20      0.002741727657      4.722683364035     -0.020376665122
   12     -4.638901521249      0.028708642622     -0.020930050181
   12      0.035226402212     -2.300509931113     -2.372205828790
   12      2.339399456728     -0.008203072317     -2.332758015443
   20     -2.363897201688     -4.667565605211     -2.371893669239
   20      2.381678028799     -2.349668249864      0.014224172078
   12      4.651718972002     -0.022902924341     -0.034754811451
   20      0.024329198174     -4.716640656142     -0.025673249744
   12     -2.386664880096     -2.363761590967     -4.724875489240
   20      0.013605602530     -0.022535614817     -4.676985827103
   12     -4.637616608259     -4.689772436903     -4.668919430363
    8      0.075740252405     -0.095522123356     -2.341916526245
    8      2.348775582074      2.312532901794     -2.410892037351
    8     -2.386688740478     -2.338726541692     -2.405486685643
    8      2.409430618220     -0.015050689709     -0.011717242234
    8      4.683634038379      2.283307807206     -0.029209551824
    8      0.010518621490     -2.348099177803     -0.026802390942
    8      4.661919011627     -0.073169194181      2.300181413034
    8      7.073691759067      2.331932025120      2.356893598759
    8      2.425079603722     -2.428656132845      2.425323573870
    8     -0.040905130005      2.337499253306     -0.036031169049
    8      2.361406729108      4.749371616884     -0.077256155463
    8     -2.410914556767      0.059229939603     -0.017673954180
    8      2.333669804297      2.340081485186      2.350614139230
    8      4.681551273670      4.701829673670      2.357383536329
    8      0.005671103020      0.010656885480      2.374409358424
    8      4.670564205821      2.341096833130      4.746325599765
    8      7.101857840361      4.777175943651      4.694571339006
    8      2.226157735803     -0.095325226679      4.771183521723
    8     -0.032913743305      4.696057059557      2.348236240542
    8      2.353590625851      7.120998630060      2.357854084600
    8     -2.436189934227      2.437444396008      2.260434358157
    8      2.286591072984      4.763154015866      4.695186471618
    8      4.689924643619      7.034263907946      4.706397380448
    8     -0.000317754849      2.354918620206      4.686498169723
    8      4.677859685149      4.730095923274      7.098923540015
    8      7.001723240361      7.026540209231      6.949303964756
    8      2.452586813167      2.240610343124      7.100263903363
    0    0
