   3   1   1 E -1.6031097995968E+04 DE 2.5E-09(  9)
  0.969306142576E-02  0.698193088159E+01  0.701029211270E+01
  0.705561157654E+01 -0.108996630209E-01  0.702315248268E+01
  0.705801960497E+01  0.699070031606E+01 -0.728565171729E-02
    1
  0.100000000000E+01  0.000000000000E+00  0.000000000000E+00
  0.000000000000E+00  0.100000000000E+01  0.000000000000E+00
  0.000000000000E+00  0.000000000000E+00  0.100000000000E+01
  0.000000000000E+00  0.000000000000E+00  0.000000000000E+00
   54
   20     -0.034667491268     -0.009137516434     -0.040273519416
   20      2.381164641303      2.345387337301     -0.052256622222
   20     -2.361670603010     -2.351745180814     -0.063624975952
   20      2.372072154130     -0.037572301303      2.356693817041
   20      4.727566691000      2.304578179211      2.308248547515
   20     -0.007440861239     -2.362403861751      2.339955637888
   20     -2.357559943384     -0.035503625492     -2.316109290994
   20     -0.023536849476      2.358709288315     -2.360072620777
   12     -4.683714571778     -2.333799694071     -2.322092046900
   20     -0.023045565640      2.361791204387      2.396946018506
   20      2.320291304841      4.698616432971      2.325320324565
   20     -2.374284824095      0.013982012147      2.359974517657
   20      2.352338755668      2.321944119920      4.743121503188
   12      4.702048234137      4.633474482720      4.733922881710
   20     -0.027154873666      0.010648177271      4.765033467591
   12     -2.322110516684      2.282478936331     -0.060439541176
   20      0.000929637952      4.745226096340      0.006264607243
   12     -4.637147125760      0.018782939030     -0.016339471370
   12     -0.009412986872     -2.355900117576     -2.313499531656
   20      2.385007477016     -0.012434152478     -2.327732193423
   12     -2.360585771624     -4.604481295186     -2.282422511658
   20      2.399808780855     -2.382918399988     -0.004561065337
   12      4.732433442355      0.158528600302     -0.039668277200
   12     -0.076384066028     -4.706383286570     -0.028894784355
   20     -2.341322213492     -2.346207007388     -4.671657532697
   12      0.012355220772      0.054572536733     -4.758010161010
   20     -4.689952969554     -4.682526291770     -4.684749882915
    8     -0.009180445858     -0.076687833222     -2.404849220380
    8      2.407050991838      2.435448912984     -2.358657650469
    8     -2.382091052057     -2.437843591802     -2.340263799837
    8      2.408214110290     -0.008431378051     -0.010894157349
    8      4.782189972469      2.234980934730     -0.112178652245
    8     -0.009049289330     -2.424468483301     -0.090320428722
    8      4.786386117058     -0.014492262773      2.289436587853
    8      7.037171006761      2.245004857691      2.253099097973
    8      2.342233015051     -2.355586772015      2.363986609837
    8     -0.053676358947      2.352379563466      0.005740370295
    8      2.351211054462      4.765836688593     -0.091886118307
    8     -2.422108362685      0.057922826308     -0.007346273902
    8      2.371922775221      2.330542763465      2.367875204467
    8      4.709960853044      4.650333186983      2.362505395747
    8     -0.005955087928     -0.004614109752      2.362718619422
    8      4.712177001451      2.372103492015      4.737609408200
    8      7.034566508912      4.666817326698      4.697556977237
    8      2.351814468247     -0.094623113314      4.760729987817
    8      0.000519026509      4.743806697575      2.406052595786
    8      2.292734031929      6.987226745033      2.267969488521
    8     -2.344811589612      2.324328765421      2.355878349344
    8      2.395898397069      4.643738629213      4.699022050166
    8      4.706794535328      6.994035087860      4.770630285958
    8     -0.098790938752      2.425963220565      4.788205682323
    8      4.722772218641      4.626132932408      6.947428160206
    8      7.011167437097      7.115769619152      7.091696067652
    8      2.399813590506      2.184459587764      7.012893315071
    0    0
