   3   1   1 E -1.6031037730283E+04 DE-1.4E-10(  2)
 -0.414392865368E-02  0.703036048238E+01  0.702891707665E+01
  0.703257072417E+01  0.339243851665E-02  0.702764044307E+01
  0.702621399770E+01  0.702990230453E+01  0.222654722234E-02
    1
  0.100000000000E+01  0.000000000000E+00  0.000000000000E+00
  0.000000000000E+00  0.100000000000E+01  0.000000000000E+00
  0.000000000000E+00  0.000000000000E+00  0.100000000000E+01
  0.000000000000E+00  0.000000000000E+00  0.000000000000E+00
   54
   20      0.000000000000      0.000000000000      0.000000000000
   20      2.342071332568      2.343300768178      0.000742182407
   20     -2.342071332568     -2.343300768178     -0.000742182407
   20      2.344190241391      0.001130812839      2.342546814358
   20      4.686261573959      2.344431581017      2.343288996765
   20      0.002118908822     -2.342169955339      2.341804631950
   20     -2.344190241391     -0.001130812839     -2.342546814358
   12     -0.002118908822      2.342169955339     -2.341804631950
   12     -4.686261573959     -2.344431581017     -2.343288996765
   20     -0.001381309551      2.343453494128      2.342972358884
   20      2.340690023017      4.686754262306      2.343714541292
   12     -2.343452642119      0.000152725950      2.342230176477
   12      2.342808931839      2.344584306967      4.685519173242
   20      4.684880264408      4.687885075145      4.686261355649
   12      0.000737599271      0.001283538789      4.684776990835
   12     -2.345571550942      2.342322681289      0.000425544526
   20     -0.003500218374      4.685623449467      0.001167726934
   20     -4.687642883510     -0.000978086889     -0.000316637881
   20      0.001381309551     -2.343453494128     -2.342972358884
   20      2.343452642119     -0.000152725950     -2.342230176477
   12     -2.340690023017     -4.686754262306     -2.343714541292
   12      2.345571550942     -2.342322681289     -0.000425544526
   20      4.687642883510      0.000978086889      0.000316637881
   20      0.003500218374     -4.685623449467     -0.001167726934
   20     -2.342808931839     -2.344584306967     -4.685519173242
   12     -0.000737599271     -0.001283538789     -4.684776990835
   20     -4.684880264408     -4.687885075145     -4.686261355649
    8     -0.000368799636     -0.000641769394     -2.342388495417
    8      2.341702532930      2.342658998781     -2.341646313010
    8     -2.342440132204     -2.343942537573     -2.343130677825
    8      2.343821441755      0.000489043444      0.000158318941
    8      4.685892774321      2.343789811620      0.000900501348
    8      0.001750109187     -2.342811724734     -0.000583863467
    8      4.688011683144      0.001619856283      2.342705133296
    8      7.030083015711      2.344920624460      2.343447315704
    8      2.345940350576     -2.341680911895      2.341962950889
    8     -0.001750109187      2.342811724734      0.000583863467
    8      2.340321223378      4.686112492909      0.001326045874
    8     -2.343821441755     -0.000489043444     -0.000158318941
    8      2.342440132204      2.343942537573      2.343130677825
    8      4.684511464769      4.687243305748      2.343872860232
    8      0.000368799636      0.000641769394      2.342388495417
    8      4.686630373594      2.345073350411      4.685677492181
    8      7.028701706159      4.688374118588      4.686419674589
    8      2.344559041025      0.001772582233      4.684935309774
    8     -0.003131418738      4.686265218860      2.343556222349
    8      2.338939913827      7.029565987036      2.344298404757
    8     -2.345202751306      2.342964450682      2.342814039942
    8      2.341058822653      4.687396031699      4.686103036707
    8      4.683130155218      7.030696799874      4.686845219114
    8     -0.001012509916      2.344095263520      4.685360854299
    8      4.685249064042      4.688526844537      7.028649851064
    8      7.027320396608      7.031827612713      7.029392033471
    8      2.343177731475      2.345226076360      7.027907668656
    0    0
