   3   1   1 E -1.6031098542185E+04 DE 8.6E-09(  9)
 -0.655157782003E-02  0.698231908487E+01  0.703003089457E+01
  0.699150297796E+01 -0.754269595001E-02  0.702508366979E+01
  0.701030106341E+01  0.698769021580E+01 -0.182811898513E-01
    1
  0.100000000000E+01  0.000000000000E+00  0.000000000000E+00
  0.000000000000E+00  0.100000000000E+01  0.000000000000E+00
  0.000000000000E+00  0.000000000000E+00  0.100000000000E+01
  0.000000000000E+00  0.000000000000E+00  0.000000000000E+00
   54
   20      0.002763914674      0.006282554681     -0.029249311395
   20      2.304059361686      2.346402500998     -0.052222845559
   20     -2.353971627660     -2.326704546939     -0.037613903298
   20      2.328910975314     -0.048703837480      2.373033325545
   20      4.667930752102      2.346648554254      2.355383351265
   20      0.030520607931     -2.318580717705      2.397615187657
   20     -2.330559582427     -0.024119842042     -2.341627833262
   20      0.024346933211      2.395663917701     -2.332835222776
   12     -4.666941678565     -2.289351330034     -2.338541465340
   20     -0.076511732258      2.380380469568      2.350173913493
   20      2.285754303401      4.689589741289      2.355672507159
   20     -2.358112578206      0.021116990834      2.386853022835
   20      2.322291159468      2.363483043024      4.710070181941
   12      4.696071246988      4.682768741464      4.692923353385
   12      0.050638894895     -0.126345490042      4.735639127546
   12     -2.385547408376      2.441820427699      0.020303121701
   12     -0.025472602277      4.683986142260     -0.117333294428
   20     -4.689786583573     -0.004739517749     -0.006791378234
   12      0.061192827690     -2.310607004126     -2.345801760150
   12      2.307960816443     -0.074043090265     -2.385039996374
   20     -2.368976613573     -4.648238662616     -2.372065152210
   20      2.401029794492     -2.353377802998     -0.009241045269
   20      4.692015638032     -0.090330682675     -0.046051847393
   20      0.015275692611     -4.671668740367     -0.045897966227
   12     -2.297669685641     -2.379344421322     -4.584612759872
   20      0.022375710800     -0.038603378351     -4.662547918742
   12     -4.590831738295     -4.712609882228     -4.647131133687
    8      0.082535210901     -0.067524368821     -2.335037048125
    8      2.337990466679      2.359346303831     -2.418237338935
    8     -2.346856356062     -2.328012804161     -2.399443306257
    8      2.339281954999     -0.034027189075     -0.060550538898
    8      4.665312340903      2.320730486367     -0.046484238008
    8      0.018856121982     -2.335209279102     -0.034469504549
    8      4.667415137056     -0.082611622554      2.350714946364
    8      7.060343445369      2.338637911396      2.347637477162
    8      2.440326966400     -2.408815365465      2.444855903870
    8     -0.081418131470      2.422247615057     -0.009053982532
    8      2.242233101255      4.656724097838     -0.108204851446
    8     -2.338579838332      0.040034756808     -0.010403093353
    8      2.309931853324      2.348901053299      2.354016472512
    8      4.655900150917      4.669114921401      2.362902597050
    8      0.001314871308     -0.008846470265      2.406594019404
    8      4.664638029112      2.431430144438      4.743932353211
    8      7.016145523582      4.783518469983      4.755312764274
    8      2.247884963107     -0.075581148511      4.692063436223
    8     -0.116257227078      4.664328978275      2.377793366707
    8      2.327567590613      7.057465917663      2.423527272298
    8     -2.459993995163      2.439787759207      2.283381194149
    8      2.320259574168      4.762879109866      4.682454902807
    8      4.649570323665      6.863091330598      4.659018083280
    8     -0.024000468821      2.349218424394      4.685626024766
    8      4.809857667730      4.511385415556      6.962821858042
    8      7.001436070948      6.878000743373      6.957579235024
    8      2.418183940015      2.334110392993      7.074339921912
    0    0
