   3   1   1 E -1.6031089114971E+04 DE-1.9E-09( 10)
  0.134742624288E-01  0.697492061133E+01  0.700339901087E+01
  0.701108289894E+01 -0.139756990625E-01  0.703647349636E+01
  0.698665348169E+01  0.699011145938E+01  0.376719610971E-02
    1
  0.100000000000E+01  0.000000000000E+00  0.000000000000E+00
  0.000000000000E+00  0.100000000000E+01  0.000000000000E+00
  0.000000000000E+00  0.000000000000E+00  0.100000000000E+01
  0.000000000000E+00  0.000000000000E+00  0.000000000000E+00
   54
   20      0.024459848176     -0.037577675236     -0.076209601601
   20      2.330497176556      2.363695662787     -0.025617968332
   20     -2.308988405226     -2.383077347547     -0.049922162792
   20      2.311466345236     -0.041137380225      2.356157442347
   20      4.694925005877      2.314341644276      2.350308890896
   20      0.049276715644     -2.379187383830      2.354252563917
   20     -2.328659732666     -0.033449018431     -2.365022049661
   12     -0.002864764944      2.314328463426     -2.338316611640
   12     -4.701808624856     -2.438421100394     -2.325873300265
   20      0.000638562905      2.352935154515      2.385889574751
   12      2.268679530635      4.734919867771      2.362628557048
   20     -2.318797898301     -0.012857817799      2.355656648463
   20      2.274119542006      2.348844142582      4.679983645221
   20      4.682371868834      4.654837651835      4.666021418709
   12     -0.029434660574      0.037220009412      4.702826889172
   20     -2.331086109600      2.345520155456     -0.022075968761
   20      0.046409819714      4.700017382813     -0.001051000946
   20     -4.719319124551     -0.006359528796     -0.021703131636
   12      0.064170440944     -2.307712297127     -2.338603725505
   20      2.296553320744     -0.003732220091     -2.352825911853
   12     -2.292907840514     -4.516201492035     -2.314421095885
   12      2.291179910523     -2.376957875647     -0.051166843304
   20      4.701186028521      0.025793837524     -0.020543047875
   12      0.001425928391     -4.674362799566     -0.080928926207
   20     -2.327635899207     -2.324184612874     -4.636448712876
   12     -0.004877394360     -0.006671787444     -4.564196103838
   20     -4.709215865948     -4.645212431303     -4.647332987133
    8     -0.013966046669     -0.003647961412     -2.432456985232
    8      2.308626786199      2.412495285252     -2.337722164457
    8     -2.315901061713     -2.410985411897     -2.342552289344
    8      2.333988841686     -0.038367222997     -0.035431648208
    8      4.713069469586      2.329095181640     -0.056511513828
    8      0.086652010920     -2.435664126564     -0.090904243743
    8      4.711488638451     -0.014462008694      2.369758643032
    8      6.998258585364      2.245783538533      2.393661811574
    8      2.337702264239     -2.354817273746      2.379452844463
    8      0.013572587307      2.350692383054     -0.050263557959
    8      2.325868463052      4.666848785378     -0.015862732511
    8     -2.324854977475     -0.020475735632     -0.032996965105
    8      2.316678560406      2.369140145157      2.358657400315
    8      4.649249451124      4.641687876904      2.337323883301
    8      0.010597500431     -0.023382359852      2.366946833377
    8      4.711783132967      2.323766384563      4.686420271664
    8      7.092913927319      4.643704925613      4.694340914238
    8      2.255495569830     -0.061559485789      4.694941930042
    8      0.103424798841      4.752415981321      2.458964441230
    8      2.267089143275      6.921557075293      2.355531546918
    8     -2.313573166294      2.334292193109      2.376186361214
    8      2.263520010982      4.644720198998      4.658847447593
    8      4.752607323321      7.032474781929      4.667349458275
    8     -0.118962447502      2.353113848615      4.792781773213
    8      4.654520597261      4.656634645214      7.008337682892
    8      7.005029630544      7.074066949440      6.996446543908
    8      2.263804576345      2.385273874950      7.013664497766
    0    0
