   3   1   1 E -1.6031097522096E+04 DE-4.1E-10( 11)
  0.191043766952E-02  0.703394135235E+01  0.701445235743E+01
  0.700791599750E+01 -0.137175112507E-01  0.702283632960E+01
  0.701628715329E+01  0.704490671899E+01 -0.161806051903E-01
    1
  0.100000000000E+01  0.000000000000E+00  0.000000000000E+00
  0.000000000000E+00  0.100000000000E+01  0.000000000000E+00
  0.000000000000E+00  0.000000000000E+00  0.100000000000E+01
  0.000000000000E+00  0.000000000000E+00  0.000000000000E+00
   54
   20      0.014261542986     -0.003038355357     -0.032547100743
   20      2.318780505557      2.346577551790     -0.069465388371
   20     -2.354472157400     -2.327611362395      0.000910085761
   20      2.343695429377     -0.038037209161      2.357248910528
   20      4.699982430332      2.329821530881      2.345097832945
   20      0.052030327050     -2.343663977038      2.414345643209
   20     -2.345384493026      0.010905444572     -2.385337680209
   12      0.062406163688      2.267639923579     -2.395603041137
   12     -4.698763324532     -2.361132597142     -2.339635325229
   20     -0.026851237222      2.339374425347      2.373793110504
   20      2.329200938856      4.735985759432      2.385963154676
   12     -2.328440439553     -0.034515748365      2.412220317306
   12      2.318758906609      2.377954188009      4.707423506057
   20      4.681062414323      4.707632268277      4.655720778403
   12      0.106836442936      0.071647629704      4.668270175466
   20     -2.362451719375      2.370389084209      0.027821316818
   20     -0.011952425457      4.721692784447     -0.047424710512
   20     -4.680977609363      0.015316898498     -0.019105472484
   20      0.028231074813     -2.326089080292     -2.364036166958
   12      2.308872237542      0.020341492095     -2.380535746325
   20     -2.367878199039     -4.717955796424     -2.369458119340
   12      2.398132088260     -2.431801834678     -0.113323574010
   20      4.669437690378     -0.040635204492      0.013364461686
   20      0.038656790355     -4.712930070949     -0.018078077095
   12     -2.475655743414     -2.310791972995     -4.664978193319
   12     -0.064468596867     -0.044456401033     -4.603346587115
   20     -4.667206521456     -4.693723162052     -4.623128700429
    8      0.088633593283      0.085253640964     -2.443325784282
    8      2.219916357491      2.350054620149     -2.338727520612
    8     -2.454567301858     -2.348697917256     -2.397953434117
    8      2.335217506702     -0.083013073239     -0.089438739234
    8      4.679111276357      2.344505321453     -0.027354572776
    8      0.096988883228     -2.350288905309     -0.010530669508
    8      4.757359916851     -0.098114921796      2.346169645715
    8      7.013812741347      2.237706739560      2.437133303917
    8      2.464395128341     -2.357769487821      2.417148643922
    8     -0.015914732171      2.348452929770     -0.043546524546
    8      2.333846048356      4.706815089647     -0.050955502939
    8     -2.337554680854      0.002339142339      0.018788059973
    8      2.342589909503      2.350908922103      2.372891061759
    8      4.696144641983      4.780126539200      2.355215543302
    8     -0.063723772435      0.000371684202      2.378054982513
    8      4.658617527025      2.342800324108      4.661313587358
    8      7.151998816240      4.732469084788      4.671278005110
    8      2.218709740967      0.005926126495      4.674934241604
    8     -0.100927149544      4.804465359649      2.346016045860
    8      2.399171122690      7.038016226786      2.462824697076
    8     -2.340013194309      2.326299683207      2.355137342518
    8      2.335529603087      4.692042424066      4.763949605514
    8      4.637043659875      7.039938896385      4.636246074793
    8      0.100635856976      2.254094092671      4.679131562965
    8      4.558402939583      4.686053048357      7.046723064980
    8      7.017942946873      7.042164064164      6.995945233987
    8      2.338301246100      2.431271657325      6.941743003315
    0    0
