   3   1   1 E -1.6031048790147E+04 DE 4.2E-08(  8)
 -0.723245497345E-03  0.699872965383E+01  0.700378944346E+01
  0.702044188820E+01 -0.919818950046E-02  0.700580330121E+01
  0.702653051905E+01  0.700071981550E+01 -0.909040180194E-02
    1
  0.100000000000E+01  0.000000000000E+00  0.000000000000E+00
  0.000000000000E+00  0.100000000000E+01  0.000000000000E+00
  0.000000000000E+00  0.000000000000E+00  0.100000000000E+01
  0.000000000000E+00  0.000000000000E+00  0.000000000000E+00
   54
   20     -0.005262451513      0.001890685823     -0.006936306319
   20      2.341448486583      2.341563090382     -0.004902958989
   20     -2.348627835739     -2.337822951375     -0.005225798958
   20      2.339804688874     -0.004706178298      2.342673119919
   20      4.691083122024      2.333971524889      2.339488831739
   12      0.022895021218     -2.354010084896      2.361122892751
   20     -2.342603571450      0.001337746713     -2.348733423211
   12     -0.016778819916      2.356683657092     -2.385786628095
   12     -4.684623571686     -2.359348362707     -2.372872011788
   20     -0.003106147629      2.337115821306      2.338864313652
   12      2.328941428395      4.690386913511      2.355966145684
   20     -2.339735438075      0.000317224353      2.338417231283
   12      2.354090633181      2.345291103068      4.686736678862
   20      4.688880302339      4.649364179388      4.666552861778
   20      0.004842179710     -0.008627067829      4.667457132549
   12     -2.352986490333      2.356676594017     -0.028564689352
   20      0.004020548524      4.662129293866     -0.003761663674
   20     -4.680079971570      0.000582488591     -0.000055451048
   20     -0.006373021383     -2.340973913801     -2.349831711439
   20      2.340796420516      0.002466860456     -2.345618165067
   12     -2.423059074755     -4.674290216840     -2.366042083290
   20      2.343507855435     -2.343906176152     -0.001341197658
   20      4.688165374086     -0.005893970499     -0.000968963958
   20      0.001096931507     -4.669098463301      0.003476513230
   12     -2.258101173561     -2.306662994793     -4.518669544827
   12     -0.032001769430      0.003692084955     -4.661613562235
   20     -4.677825136905     -4.649045964947     -4.653967761615
    8     -0.003110613478      0.006815516355     -2.357976409856
    8      2.342744218830      2.354598987129     -2.338946582516
    8     -2.369920292342     -2.342136694743     -2.360529239499
    8      2.341485723799     -0.001603228616     -0.003390603217
    8      4.684731537355      2.333480274455     -0.010054192741
    8     -0.003198929934     -2.338440206052     -0.001454586079
    8      4.689927531337     -0.012843449412      2.335109443809
    8      7.029227460649      2.338609033863      2.347469186942
    8      2.342040882344     -2.333552824594      2.347053541087
    8     -0.007073671220      2.336515120378     -0.003780102646
    8      2.342638381231      4.666217677266     -0.006701331435
    8     -2.342276640314      0.006684184990     -0.006792323913
    8      2.343603260202      2.342616647647      2.347071078876
    8      4.685336426207      4.661188051634      2.329627941308
    8      0.000539745689     -0.007445247254      2.339936564889
    8      4.688815710579      2.325367891744      4.672853514581
    8      7.041161530069      4.636725327766      4.653121976373
    8      2.341741212777     -0.007184653287      4.663589395562
    8     -0.003315743788      4.670233986566      2.336962887357
    8      2.336817470965      6.995711211228      2.331320057250
    8     -2.340550207626      2.351353297653      2.353694365170
    8      2.341064624855      4.647629242732      4.650784636451
    8      4.687192901090      7.000338747432      4.660660191145
    8     -0.004300784078      2.329252897738      4.661477364087
    8      4.685382150600      4.645050969789      7.008423780235
    8      7.028154159812      6.992577855280      7.003853693491
    8      2.350854663841      2.329287218558      7.003012496255
    0    0
