   3   1   1 E -1.6031064042466E+04 DE 8.4E-08(  8)
  0.365570102959E-01  0.692517339162E+01  0.697541208296E+01
  0.695597387408E+01  0.166904188097E-01  0.698813315926E+01
  0.700791395539E+01  0.698312719677E+01 -0.285254417645E-01
    1
  0.100000000000E+01  0.000000000000E+00  0.000000000000E+00
  0.000000000000E+00  0.100000000000E+01  0.000000000000E+00
  0.000000000000E+00  0.000000000000E+00  0.100000000000E+01
  0.000000000000E+00  0.000000000000E+00  0.000000000000E+00
   54
   20     -0.003857769893     -0.010746433713     -0.034817724140
   20      2.302722315533      2.346739659970     -0.053732177737
   20     -2.362580363663     -2.306949271928     -0.021003416717
   20      2.325274740032     -0.006388015875      2.331649030037
   20      4.664793849097      2.342708711098      2.309935637281
   20     -0.014943060510     -2.335580669518      2.334764525486
   20     -2.306394310513     -0.004020998384     -2.325906672809
   20      0.015854267365      2.326060507151     -2.356096099550
   12     -4.666175954253     -2.271640913339     -2.267215616092
   20     -0.007571341230      2.336342777285      2.330552464573
   20      2.301873073914      4.694051478153      2.318310169248
   20     -2.349726306005     -0.016951895054      2.338665341025
   20      2.332909925595      2.335353791074      4.682865699605
   12      4.807899535529      4.593840523511      4.665838281613
   20      0.020002058790     -0.040563266765      4.724009938976
   12     -2.228808880810      2.395755294104      0.006760825401
   12     -0.181887609846      4.564423399732     -0.032405923038
   12     -4.620742265269      0.000988121013      0.018368045793
   12      0.010784856427     -2.272113161536     -2.320831253893
   12      2.326224783417     -0.120768054372     -2.344346426270
   20     -2.356811676106     -4.633806551214     -2.296144800535
   20      2.317023380223     -2.328531509913     -0.017797653536
   20      4.700186540333     -0.016336321487      0.003154439468
   12     -0.018120789854     -4.602948746004      0.000087204819
   20     -2.307539523033     -2.322788765799     -4.650376506131
   12      0.041212957582     -0.004511798947     -4.739397546948
   20     -4.689373743523     -4.660632537875     -4.652294714962
    8      0.050728672974     -0.037916916497     -2.386787848479
    8      2.317697621794      2.337067233128     -2.350066327164
    8     -2.346476223562     -2.313364007888     -2.325926873180
    8      2.330607646176     -0.022965924380     -0.026744956315
    8      4.671963208194      2.343145227934     -0.022952948335
    8     -0.012607206229     -2.336502417188     -0.032520998228
    8      4.675150719950      0.002992949758      2.333897722670
    8      6.974550641491      2.325874035136      2.280757260232
    8      2.311159116521     -2.317243708897      2.350495801462
    8     -0.031959865885      2.353618650903     -0.023589793153
    8      2.252716655468      4.729234743319     -0.072594751800
    8     -2.361852909417      0.023324096953     -0.014800867090
    8      2.313146260940      2.345341710706      2.322425601485
    8      4.652316090048      4.665768382401      2.313403889505
    8     -0.005615452695     -0.012252791975      2.338456580765
    8      4.671598338816      2.379817682955      4.668851647117
    8      6.959521428801      4.632661552545      4.670619960324
    8      2.330988504706     -0.023719357322      4.700031554463
    8      0.010944824662      4.687401115420      2.338382376734
    8      2.286282948786      6.963827013545      2.321971606874
    8     -2.318791360699      2.294248263078      2.322501165540
    8      2.328276817846      4.688894419604      4.656224340812
    8      4.673053674935      6.907731787644      4.666963188292
    8      0.005727054756      2.340050562851      4.721567477632
    8      4.749206421306      4.557572417116      6.954378396843
    8      7.135727674401      6.911475104595      7.074814450211
    8      2.325711785498      2.255392355591      6.975236373847
    0    0
