   3   1   1 E -1.6031054279152E+04 DE 2.6E-10( 11)
  0.224196048732E-01  0.699295553618E+01  0.700166883168E+01
  0.700463506248E+01  0.490244490136E-02  0.701207315953E+01
  0.702143961616E+01  0.701337695633E+01 -0.494376023576E-02
    1
  0.100000000000E+01  0.000000000000E+00  0.000000000000E+00
  0.000000000000E+00  0.100000000000E+01  0.000000000000E+00
  0.000000000000E+00  0.000000000000E+00  0.100000000000E+01
  0.000000000000E+00  0.000000000000E+00  0.000000000000E+00
   54
   20     -0.002568892181     -0.000550108997     -0.004960822504
   20      2.335463560855      2.346297764049     -0.012349032991
   20     -2.338230542021     -2.342839376956     -0.004628932485
   20      2.335720446988     -0.006389674613      2.342252173946
   20      4.685263530883      2.337765888400      2.337110507563
   20      0.004409819246     -2.339163243282      2.345512678112
   20     -2.332540667939     -0.005105055551     -2.334923701235
   20      0.007552647627      2.352587539835     -2.334072626636
   12     -4.697683316728     -2.331132364457     -2.344876221001
   20      0.000860400491      2.340895705913      2.336067173241
   20      2.337665017346      4.675713756802      2.335544520090
   20     -2.332849636873     -0.003997438395      2.334875941572
   20      2.332569944380      2.333746098623      4.680909129798
   12      4.708928082010      4.649725576876      4.684236629200
   12     -0.019911897979     -0.083804795648      4.689596571607
   12     -2.349769056760      2.395759024051     -0.000062392262
   12     -0.026552835174      4.688819588022     -0.054612833539
   20     -4.679565047860     -0.006417797416     -0.000947110582
   12     -0.017296099293     -2.306820237799     -2.318953274883
   20      2.331776107465      0.005093842384     -2.340988393786
   20     -2.344883070285     -4.667198141161     -2.336113406051
   20      2.337183649783     -2.346749635866      0.005906687269
   20      4.690164596022     -0.004134211906     -0.008549272021
   12     -0.018401693617     -4.662297890595      0.066803376959
   20     -2.331438611053     -2.342238990315     -4.672687296983
   12      0.036030889521     -0.011039692633     -4.674475728451
   12     -4.708343562177     -4.662845418244     -4.714722205659
    8      0.000333560306     -0.003839108269     -2.347132929065
    8      2.339445039534      2.356901805546     -2.350168709973
    8     -2.338460091350     -2.339163524494     -2.337316451074
    8      2.337727862712     -0.001339453272     -0.002710194604
    8      4.687303824368      2.339535623616     -0.007156264425
    8      0.000955434529     -2.351399779152     -0.006650889973
    8      4.685298169215     -0.002526742380      2.340196337518
    8      7.034119002487      2.329661288992      2.332581275575
    8      2.338786094938     -2.348260868402      2.351140205237
    8     -0.005048829267      2.358619350012     -0.003578067420
    8      2.329130107593      4.677833105011     -0.020795116684
    8     -2.336143594360      0.000655486799     -0.002188091321
    8      2.336337355824      2.338970159884      2.336703841119
    8      4.686184424389      4.673161232814      2.338334503362
    8      0.000449676917     -0.002752489993      2.341429161866
    8      4.676214658386      2.352600285576      4.683594989349
    8      7.016102007504      4.709785867006      4.692027128454
    8      2.326117412446     -0.016637662730      4.682253445279
    8      0.009066346606      4.679120355424      2.338624319327
    8      2.337392882686      7.013876389723      2.332964539297
    8     -2.334196643947      2.330390643978      2.318552798181
    8      2.349347359137      4.662653006258      4.676555547512
    8      4.707185767746      6.991085849533      4.657547066967
    8      0.001849053741      2.333458130325      4.685501182186
    8      4.716359480089      4.635639485596      6.988165638646
    8      7.029049945086      7.003273592062      6.999572478594
    8      2.343764205817      2.325574477792      7.020652157160
    0    0
