   3   1   1 E -1.6031036310797E+04 DE-3.1E-11(  2)
  0.557204700976E-02  0.703247630849E+01  0.702846118990E+01
  0.702905230068E+01 -0.243788882670E-02  0.702916871747E+01
  0.703158169601E+01  0.703035371610E+01  0.651489728641E-03
    1
  0.100000000000E+01  0.000000000000E+00  0.000000000000E+00
  0.000000000000E+00  0.100000000000E+01  0.000000000000E+00
  0.000000000000E+00  0.000000000000E+00  0.100000000000E+01
  0.000000000000E+00  0.000000000000E+00  0.000000000000E+00
   54
   20      0.000000000000      0.000000000000      0.000000000000
   20      2.343860565338      2.343451238700      0.000217163243
   20     -2.343860565338     -2.343451238700     -0.000217163243
   20      2.343017433559     -0.000812629609      2.343056239157
   20      4.686877998897      2.342638609092      2.343273402400
   20     -0.000843131779     -2.344263868309      2.342839075914
   20     -2.343017433559      0.000812629609     -2.343056239157
   12      0.000843131779      2.344263868309     -2.342839075914
   12     -4.686877998897     -2.342638609092     -2.343273402400
   20      0.001857349003      2.344158769495      2.342820396635
   20      2.345717914341      4.687610008196      2.343037559877
   12     -2.342003216335      0.000707530795      2.342603233392
   12      2.344874782562      2.343346139886      4.685876635792
   20      4.688735347900      4.686797378587      4.686093799035
   12      0.001014217225     -0.000105098814      4.685659472549
   20     -2.341160084556      2.344971399104     -0.000235842523
   20      0.002700480782      4.688422637805     -0.000018679280
   20     -4.685020649894      0.001520160404     -0.000453005765
   12     -0.001857349003     -2.344158769495     -2.342820396635
   20      2.342003216335     -0.000707530795     -2.342603233392
   20     -2.345717914341     -4.687610008196     -2.343037559877
   12      2.341160084556     -2.344971399104      0.000235842523
   20      4.685020649894     -0.001520160404      0.000453005765
   12     -0.002700480782     -4.688422637805      0.000018679280
   20     -2.344874782562     -2.343346139886     -4.685876635792
   12     -0.001014217225      0.000105098814     -4.685659472549
   20     -4.688735347900     -4.686797378587     -4.686093799035
    8     -0.000507108612      0.000052549407     -2.342829736274
    8      2.343353456723      2.343503788106     -2.342612573032
    8     -2.344367673950     -2.343398689293     -2.343046899517
    8      2.342510324947     -0.000760080202      0.000226502883
    8      4.686370890283      2.342691158497      0.000443666126
    8     -0.001350240391     -2.344211318902      0.000009339640
    8      4.685527758507     -0.001572709811      2.343282742041
    8      7.029388323843      2.341878528889      2.343499905283
    8      2.341667193169     -2.345023948511      2.343065578798
    8      0.001350240391      2.344211318902     -0.000009339640
    8      2.345210805728      4.687662557602      0.000207823603
    8     -2.342510324947      0.000760080202     -0.000226502883
    8      2.344367673950      2.343398689293      2.343046899517
    8      4.688228239288      4.686849927994      2.343264062760
    8      0.000507108612     -0.000052549407      2.342829736274
    8      4.687385107509      2.342586059685      4.686103138674
    8      7.031245672847      4.686037298385      4.686320301916
    8      2.343524542171     -0.000865179016      4.685885975431
    8      0.003207589394      4.688370088398      2.342811056995
    8      2.347068154733      7.031821327099      2.343028220239
    8     -2.340652975944      2.344918849697      2.342593893752
    8      2.346225022953      4.687557458789      4.685867296152
    8      4.690085588292      7.031008697491      4.686084459395
    8      0.002364457616      2.344106220088      4.685650132909
    8      4.689242456511      4.686744829179      7.028923535306
    8      7.033103021850      7.030196067882      7.029140698549
    8      2.345381891173      2.343293590478      7.028706372064
    0    0
