   3   1   1 E -1.6031090179525E+04 DE-1.6E-09( 11)
  0.145824001568E-01  0.701213765939E+01  0.704288600244E+01
  0.702575323245E+01  0.334487699409E-02  0.704726627166E+01
  0.702883908827E+01  0.701315797231E+01  0.663105844828E-02
    1
  0.100000000000E+01  0.000000000000E+00  0.000000000000E+00
  0.000000000000E+00  0.100000000000E+01  0.000000000000E+00
  0.000000000000E+00  0.000000000000E+00  0.100000000000E+01
  0.000000000000E+00  0.000000000000E+00  0.000000000000E+00
   54
   20      0.002380414115     -0.022598269948     -0.040277865237
   20      2.387249089107      2.339675567741     -0.038337075724
   20     -2.372971545369     -2.346872270915     -0.071098774767
   20      2.361110544223     -0.043643759670      2.356853235700
   20      4.726674781715      2.311590848528      2.355822917525
   20      0.008065580105     -2.338714383503      2.362716702306
   20     -2.341731568697     -0.037618734395     -2.310888315708
   20      0.003129789521      2.360576044716     -2.342489753655
   12     -4.681300503585     -2.346148128600     -2.275905172215
   20     -0.043510632695      2.375826942804      2.367442568075
   20      2.328053279627      4.713490109246      2.367696739494
   20     -2.367728454334      0.023394993369      2.362560363428
   20      2.373032765484      2.373977403300      4.792159159546
   12      4.644542785936      4.623613020399      4.772659120026
   20     -0.034515687671     -0.012689545829      4.765579224620
   12     -2.392241211478      2.318164374346     -0.048347063151
   20     -0.053123571037      4.722711810791     -0.008186531917
   12     -4.679182432187     -0.081316886626      0.016072321935
   12     -0.020332730977     -2.375540325218     -2.382965330105
   20      2.356645083494     -0.033536020862     -2.341595617236
   12     -2.352033079540     -4.629147585054     -2.302814780349
   12      2.616631882207     -2.351905314516     -0.103356943195
   12      4.596584431693      0.096010480442     -0.093890270689
   20      0.020563322174     -4.687857867470     -0.011253961294
   20     -2.350679651779     -2.348702589023     -4.726123435022
   12     -0.030569278458      0.014867156926     -4.726103781723
   20     -4.649216983811     -4.672009307744     -4.713953182020
    8     -0.008497105525     -0.082396020116     -2.405721075622
    8      2.455400489780      2.425108297950     -2.344561377292
    8     -2.358202074995     -2.446109155630     -2.369554939912
    8      2.440230595261     -0.105572743373      0.003019135248
    8      4.693636733089      2.254955532946     -0.099764898762
    8      0.030628563430     -2.327559820758     -0.062164145404
    8      4.750356398538     -0.013116931487      2.292225311921
    8      7.037891198214      2.279059770618      2.353122838746
    8      2.342779595967     -2.331320795846      2.351096914899
    8     -0.043025339033      2.350459756616     -0.014406559586
    8      2.333789537908      4.754325495750     -0.076427405748
    8     -2.439418503307      0.079978420831     -0.015521123531
    8      2.347376177992      2.342650882417      2.365998913542
    8      4.667284432859      4.671600634758      2.368638860703
    8     -0.012106389293      0.000197364912      2.360919454478
    8      4.689828045356      2.430667503541      4.797528095750
    8      7.007219923413      4.687993052769      4.723191064988
    8      2.332944356618     -0.104287250535      4.803041598789
    8     -0.013905420382      4.777288563588      2.409819943190
    8      2.258430914143      7.001180742636      2.262732429368
    8     -2.338060375613      2.346250221213      2.345717711486
    8      2.390805229462      4.667612345668      4.786336989826
    8      4.671893722427      7.013411987740      4.791620257127
    8     -0.089139760313      2.438623207613      4.727309257458
    8      4.530000393581      4.704220884094      6.894291531895
    8      7.084695438273      7.005647649797      7.160316723431
    8      2.492923048317      2.362414928152      7.044744990812
    0    0
