   3   1   1 E -1.6031089364227E+04 DE 3.2E-10( 11)
  0.609448465998E-02  0.700625276926E+01  0.702936028922E+01
  0.699973748494E+01  0.126097689731E-01  0.702305120534E+01
  0.701234725392E+01  0.701234725392E+01  0.674184411125E-18
    2
  0.100000000000E+01  0.000000000000E+00  0.000000000000E+00
  0.000000000000E+00  0.100000000000E+01  0.000000000000E+00
  0.000000000000E+00  0.000000000000E+00  0.100000000000E+01
  0.000000000000E+00  0.000000000000E+00  0.000000000000E+00
  0.000000000000E+00 -0.100000000000E+01  0.000000000000E+00
 -0.100000000000E+01  0.000000000000E+00  0.000000000000E+00
  0.000000000000E+00  0.000000000000E+00  0.100000000000E+01
  0.000000000000E+00  0.000000000000E+00  0.000000000000E+00
   54
   20      0.007848086135     -0.007848086135     -0.033569539049
   20      2.345724480555      2.323904578267     -0.047968774356
   20     -2.323904578267     -2.345724480555     -0.047968774356
   20      2.357603733063     -0.026144701963      2.410419099329
   20      4.662535199589      2.349812054329      2.381006794910
   20      0.026144701963     -2.357603733063      2.410419099329
   20     -2.346194570591     -0.036126185328     -2.341679068868
   20      0.036126185328      2.346194570591     -2.341679068868
   12     -4.616885917604     -2.395461336315     -2.396036355536
   20     -0.064215476642      2.374693677772      2.371707563191
   20      2.336519868706      4.675827385212      2.392962753051
   20     -2.374693677772      0.064215476642      2.371707563191
   12      2.414657571235      2.419437082964      4.702368634136
   12      4.592910170955      4.597689682684      4.702368634136
   20     -0.021644135366      0.021644135366      4.681788404306
   12     -2.490886008374      2.490886008374     -0.115071027916
   20     -0.017141177210      4.650115678837     -0.015040503535
   20     -4.650115678837      0.017141177210     -0.015040503535
   12      0.029264963064     -2.367896539090     -2.371952640289
   12      2.367896539090     -0.029264963064     -2.371952640289
   12     -2.435812832103     -4.576534421816     -2.372471411324
   20      2.369909257370     -2.369909257370     -0.046814145695
   20      4.645940547618     -0.028579598405     -0.045846569521
   20      0.028579598405     -4.645940547618     -0.045846569521
   12     -2.324188375807     -2.399831708113     -4.576447881795
   20      0.016037624230     -0.016037624230     -4.639028525059
   12     -4.612515545806     -4.688158878112     -4.576447881795
    8      0.084615440209     -0.084615440209     -2.338843956222
    8      2.439256223007      2.358332999597     -2.407764702455
    8     -2.358332999595     -2.439256223005     -2.407764702455
    8      2.338984303297     -0.018084943797     -0.064165752346
    8      4.669092570825      2.343254683092     -0.060173473508
    8      0.018084943797     -2.338984303297     -0.064165752346
    8      4.666052889412     -0.060459625224      2.361300181541
    8      7.072806879139      2.346294364503      2.361300181541
    8      2.410944875642     -2.410944875642      2.396452141164
    8     -0.042753195290      2.329437602687     -0.004123360255
    8      2.354620114883      4.657727139038     -0.031866506509
    8     -2.329437602687      0.042753195290     -0.004123360255
    8      2.337598080214      2.337078575566      2.406714777476
    8      4.675268678351      4.674749173703      2.406714777476
    8     -0.014004707444      0.014004707444      2.374711423504
    8      4.582684731524      2.429662522395      4.791450578084
    8      7.019464182143      4.674510909172      4.687929276976
    8      2.337836344747     -0.007116928224      4.687929276976
    8     -0.052051044666      4.666570100621      2.411067475590
    8      2.345777153298      7.064398298585      2.411067475590
    8     -2.473773280348      2.473773280350      2.323534630603
    8      2.375105894827      4.637241359094      4.676707283107
    8      4.546423986106      7.018166848867      4.675113092897
    8     -0.005819594945      2.465923267815      4.675113092897
    8      4.673830388386      4.565401601184      6.974000553960
    8      7.003085045351      7.021609462484      6.999849854247
    8      2.446945652738      2.338516865535      6.974000553960
    0    0
