   3   1   1 E -1.6031063100444E+04 DE 2.3E-10( 11)
 -0.228535630274E-02  0.703021133690E+01  0.703145322145E+01
  0.702350293871E+01  0.200747793969E-01  0.701527241242E+01
  0.701983911405E+01  0.701641097434E+01  0.172629496899E-01
    1
  0.100000000000E+01  0.000000000000E+00  0.000000000000E+00
  0.000000000000E+00  0.100000000000E+01  0.000000000000E+00
  0.000000000000E+00  0.000000000000E+00  0.100000000000E+01
  0.000000000000E+00  0.000000000000E+00  0.000000000000E+00
   54
   20      0.006310752060      0.001295073167      0.000816838186
   20      2.342159295749      2.352887426878     -0.013722208978
   20     -2.345035175864     -2.333644335460     -0.009823738220
   20      2.340253536717     -0.003245445411      2.347922863492
   20      4.680293317910      2.339896238809      2.352821908303
   20      0.017208939081     -2.349434465855      2.346972203307
   20     -2.351871986001     -0.004407719649     -2.333746187630
   12      0.015181575062      2.327876529031     -2.355715042352
   12     -4.669424825316     -2.402347936679     -2.325756963768
   20     -0.000499087292      2.335126983541      2.356166358799
   20      2.339078702225      4.703137511007      2.342300190184
   12     -2.361534517898      0.073539914011      2.310523815834
   12      2.334929078158      2.356848652476      4.711460655854
   20      4.674741977774      4.688018155711      4.685675177046
   20      0.011831043716      0.011183813060      4.681025761996
   20     -2.357643647931      2.325365383216      0.015253182875
   20     -0.003567684828      4.678814829112      0.002033238220
   12     -4.666249743168     -0.005098875967      0.029717147398
   20      0.006255587788     -2.344613363538     -2.345697179382
   20      2.333954023870      0.026543592548     -2.369779126633
   12     -2.362234504274     -4.657431196889     -2.419615556010
   12      2.326347767045     -2.361221628808     -0.008790878915
   20      4.680587593112      0.004665494054     -0.004962287155
   20      0.021367085338     -4.686398854997     -0.006285348742
   20     -2.354152468035     -2.365692070183     -4.667094002128
   12      0.014725332098      0.010388158575     -4.676448538876
   12     -4.661769606626     -4.735792185344     -4.641433175638
    8     -0.008995194186      0.018641496511     -2.361098269515
    8      2.331976055390      2.389606201326     -2.386239696427
    8     -2.358534608041     -2.362783303727     -2.335966517226
    8      2.339512897139     -0.001360469090     -0.010257689304
    8      4.683417812961      2.342972947341     -0.006594334987
    8      0.018944919298     -2.342645801052     -0.008519946701
    8      4.682412266251      0.006088989854      2.341916744780
    8      7.045324905858      2.311039895702      2.377200783048
    8      2.343565852963     -2.363491829429      2.350417461370
    8      0.002675943987      2.339039782904     -0.000054979981
    8      2.336900584668      4.700660421340     -0.008241915512
    8     -2.354554657922     -0.004816409923      0.015293120949
    8      2.342494975637      2.345056520479      2.354823972937
    8      4.686429836582      4.696756825496      2.354416755551
    8     -0.000021145359     -0.000999481587      2.344642248141
    8      4.675924235874      2.347837645000      4.686381285889
    8      7.035150454069      4.667030893812      4.694920734699
    8      2.341439892786      0.009398590728      4.699110639915
    8     -0.007844195148      4.690604160211      2.351816859980
    8      2.326128110603      7.075132721539      2.302395913167
    8     -2.367797695210      2.304800167542      2.382196618845
    8      2.339058839296      4.687459963923      4.691459908152
    8      4.685666417561      7.052557420696      4.671297566255
    8      0.010847307463      2.344067137677      4.686527592171
    8      4.661364492119      4.687727441621      7.025026565283
    8      7.039794395448      7.029969805876      7.044795777315
    8      2.342230073510      2.343525496697      7.026462320134
    0    0
