   3   1   1 E -1.6031035535599E+04 DE 4.1E-10(  2)
 -0.327995646665E-02  0.702921537412E+01  0.703323754850E+01
  0.703163425605E+01  0.576445011025E-02  0.703051281705E+01
  0.702825551950E+01  0.702932783648E+01  0.264104667860E-02
    1
  0.100000000000E+01  0.000000000000E+00  0.000000000000E+00
  0.000000000000E+00  0.100000000000E+01  0.000000000000E+00
  0.000000000000E+00  0.000000000000E+00  0.100000000000E+01
  0.000000000000E+00  0.000000000000E+00  0.000000000000E+00
   54
   20      0.000000000000      0.000000000000      0.000000000000
   20      2.342751839834      2.343109278827      0.000880348893
   20     -2.342751839834     -2.343109278827     -0.000880348893
   20      2.343878085349      0.001921483370      2.343504272351
   20      4.686629925184      2.345030762197      2.344384621244
   20      0.001126245515     -2.341187795457      2.342623923458
   20     -2.343878085349     -0.001921483370     -2.343504272351
   12     -0.001126245515      2.341187795457     -2.342623923458
   12     -4.686629925184     -2.345030762197     -2.344384621244
   20     -0.001093318822      2.343071791375      2.344412516165
   20      2.341658521012      4.686181070202      2.345292865058
   12     -2.343845158657     -0.000037487452      2.343532167272
   12      2.342784766527      2.344993274745      4.687916788516
   20      4.685536606361      4.688102553572      4.688797137409
   20      0.000032926693      0.001883995918      4.687036439623
   20     -2.344971404172      2.341150308005      0.000908243814
   12     -0.002219564337      4.684259586832      0.001788592707
   20     -4.687723244006     -0.001958970822      0.000027894921
   20      0.001093318822     -2.343071791375     -2.344412516165
   20      2.343845158657      0.000037487452     -2.343532167272
   12     -2.341658521012     -4.686181070202     -2.345292865058
   12      2.344971404172     -2.341150308005     -0.000908243814
   20      4.687723244006      0.001958970822     -0.000027894921
   12      0.002219564337     -4.684259586832     -0.001788592707
   20     -2.342784766527     -2.344993274745     -4.687916788516
   20     -0.000032926693     -0.001883995918     -4.687036439623
   12     -4.685536606361     -4.688102553572     -4.688797137409
    8     -0.000016463346     -0.000941997959     -2.343518219812
    8      2.342735376487      2.342167280867     -2.342637870919
    8     -2.342768303181     -2.344051276786     -2.344398568704
    8      2.343861622003      0.000979485411     -0.000013947461
    8      4.686613461837      2.344088764238      0.000866401432
    8      0.001109782169     -2.342129793416     -0.000894296354
    8      4.687739707351      0.002900968781      2.343490324889
    8      7.030491547186      2.346010247609      2.344370673781
    8      2.344987867517     -2.340208310046      2.342609975996
    8     -0.001109782169      2.342129793416      0.000894296354
    8      2.341642057663      4.685239072240      0.001774645246
    8     -2.343861622003     -0.000979485411      0.000013947461
    8      2.342768303181      2.344051276786      2.344398568704
    8      4.685520143013      4.687160555611      2.345278917597
    8      0.000016463346      0.000941997959      2.343518219812
    8      4.686646388531      2.345972760156      4.687902841056
    8      7.029398228364      4.689082038983      4.688783189948
    8      2.343894548696      0.002863481329      4.687022492163
    8     -0.002203100991      4.685201584791      2.345306812519
    8      2.340548738840      7.028310863615      2.346187161413
    8     -2.344954940825      2.342092305964      2.344426463626
    8      2.341674984359      4.687123068161      4.688811084870
    8      4.684426824190      7.030232346985      4.689691433763
    8     -0.001076855476      2.344013789333      4.687930735976
    8      4.685553069710      4.689044551530      7.032315357221
    8      7.028304909542      7.032153830355      7.033195706114
    8      2.342801229875      2.345935272702      7.031435008329
    0    0
