   3   1   1 E -1.6031102107576E+04 DE 7.2E-10( 10)
 -0.200062502702E-02  0.702748536665E+01  0.701084754008E+01
  0.699567135920E+01  0.247852368684E-02  0.700032794277E+01
  0.700603707424E+01  0.702065942424E+01 -0.132493974862E-02
    1
  0.100000000000E+01  0.000000000000E+00  0.000000000000E+00
  0.000000000000E+00  0.100000000000E+01  0.000000000000E+00
  0.000000000000E+00  0.000000000000E+00  0.100000000000E+01
  0.000000000000E+00  0.000000000000E+00  0.000000000000E+00
   54
   20      0.023365221590     -0.044443048615     -0.041964920826
   20      2.323071465740      2.338478852005     -0.055101840245
   20     -2.326306573888     -2.352221252761     -0.022195287549
   20      2.352719519206     -0.017127827484      2.375561288467
   20      4.695114920794      2.339930599011      2.359395177385
   20      0.027524133929     -2.374611039291      2.330442951825
   20     -2.332183748259     -0.011054491274     -2.324572512168
   20      0.017454568507      2.341731244414     -2.366166635269
   12     -4.689226385937     -2.319773058873     -2.289107916471
   20      0.008054195706      2.360210985426      2.385313772496
   20      2.299884639369      4.713778481434      2.390397969163
   20     -2.390693205734     -0.025414797720      2.355946694384
   12      2.308951722638      2.445103433998      4.771266653511
   12      4.529342293913      4.677386711070      4.706679371222
   20      0.028420408939      0.003129497782      4.711346629125
   20     -2.430989540378      2.373684663836     -0.025553364771
   20      0.034942437058      4.725147444469      0.032971320514
   12     -4.690948116969      0.043504902238     -0.102473058279
   12      0.100932314516     -2.335707868786     -2.301085041292
   12      2.278267332004     -0.117050249775     -2.323939871574
   20     -2.359997760453     -4.673875919969     -2.350741924265
   12      2.285683557666     -2.309289367834     -0.131773005634
   20      4.658589774923     -0.021954955170     -0.042516267956
   12      0.104534981348     -4.662349717667     -0.051409528077
   20     -2.334534143844     -2.320279141921     -4.654353047521
   12      0.061371079266     -0.022126842954     -4.666835518996
   20     -4.704435864826     -4.700772258569     -4.696192598988
    8      0.140766664451     -0.109047172960     -2.415894903447
    8      2.330779845218      2.359351716966     -2.342362978409
    8     -2.360804893905     -2.341067664362     -2.324804325622
    8      2.327540707117     -0.088748237176     -0.081211838640
    8      4.745259756081      2.332709899064     -0.007879867346
    8      0.128817919782     -2.421761813071     -0.106341785092
    8      4.718471776525      0.005293693145      2.317440890926
    8      7.007152701153      2.252200250326      2.255946302889
    8      2.330561404621     -2.339269683460      2.332372890168
    8     -0.024203289997      2.343124189135     -0.028131380086
    8      2.343382375483      4.777312785428     -0.050621263710
    8     -2.395282961859      0.001427020464     -0.020347633442
    8      2.313369529824      2.354750494155      2.394282686406
    8      4.663697463216      4.675968432350      2.408391491819
    8     -0.006085705545     -0.007556709150      2.339073677824
    8      4.552937074609      2.452453684264      4.668408575492
    8      7.074906181803      4.685616431506      4.692095571593
    8      2.340256557830     -0.037953167913      4.760247442716
    8      0.000709342252      4.766423301928      2.450363671401
    8      2.266171162042      7.018134790837      2.404115393866
    8     -2.348515489893      2.340489111640      2.343033222272
    8      2.362369840055      4.683390352937      4.762312954850
    8      4.586612311720      6.903800579646      4.683541076742
    8      0.116603010048      2.452025176746      4.753216471331
    8      4.570841104005      4.686339856382      6.932930820801
    8      7.112665989904      7.103392180936      7.074389150347
    8      2.220795534476      2.324970438809      6.876421640096
    0    0
