   3   1   1 E -1.6031079852563E+04 DE-1.1E-09( 10)
  0.546575441817E-02  0.694866170899E+01  0.699851357598E+01
  0.698352726219E+01  0.108146861334E-01  0.698638132977E+01
  0.701551349512E+01  0.696197513128E+01 -0.147489656193E-01
    1
  0.100000000000E+01  0.000000000000E+00  0.000000000000E+00
  0.000000000000E+00  0.100000000000E+01  0.000000000000E+00
  0.000000000000E+00  0.000000000000E+00  0.100000000000E+01
  0.000000000000E+00  0.000000000000E+00  0.000000000000E+00
   54
   20      0.035915584553     -0.035912210437     -0.019759475350
   20      2.329797188521      2.342967850970     -0.054563351495
   20     -2.347607738336     -2.302491294962     -0.023245600892
   20      2.336587149190     -0.032623808667      2.341624995818
   20      4.677075396552      2.339107307700      2.338283678667
   20      0.036555232441     -2.348231857483      2.360720602558
   20     -2.313709098090     -0.030693159887     -2.323694563950
   20      0.055077068494      2.315473978632     -2.351695168778
   12     -4.722812510098     -2.356760511734     -2.361334110472
   20      0.015485287191      2.358253478837      2.331026914709
   20      2.288701173699      4.741537500005      2.326438201216
   20     -2.389542429343      0.007537765166      2.348401289817
   20      2.340467559283      2.372743945332      4.730160169000
   12      4.705054951087      4.707427689628      4.752342378369
   20      0.027776327210     -0.055600713292      4.708760802217
   20     -2.331836455833      2.342442433377     -0.000035133069
   12      0.143263036835      4.714946805252     -0.068654810409
   12     -4.756227624779     -0.043210165360      0.063067073124
   12     -0.085336513318     -2.278978923463     -2.404217521262
   12      2.223804834637     -0.083180657073     -2.231216251081
   20     -2.363750683289     -4.647083126175     -2.343087079319
   12      2.267178687029     -2.342801689259     -0.056960960735
   20      4.674742836687     -0.060736263131     -0.021911710705
   20      0.043781685972     -4.658223287563      0.030899910978
   20     -2.332722226195     -2.330276714218     -4.669202613907
   12      0.042409837970      0.022660401617     -4.763783023392
   12     -4.726388804253     -4.713567412427     -4.631574743757
    8      0.079475997153     -0.072888096613     -2.376463339777
    8      2.342818860496      2.304339040459     -2.408711049737
    8     -2.335196184311     -2.331395896585     -2.333337570282
    8      2.332004408009     -0.053385169632     -0.055228313305
    8      4.673668599503      2.317678732447     -0.020996190657
    8      0.077879405603     -2.343846877204      0.006161035092
    8      4.695303169673     -0.010497554191      2.340493042093
    8      7.060773658617      2.257104381903      2.334833400129
    8      2.322819575629     -2.383873632832      2.348623408709
    8      0.039559096724      2.358299126138     -0.044989907672
    8      2.265177667606      4.744008457269     -0.117805408580
    8     -2.365439986566     -0.006161742658     -0.012034513394
    8      2.331165379769      2.360489115160      2.334318402830
    8      4.652329718803      4.671565017409      2.335976710600
    8      0.010817844167     -0.020613228059      2.345643124664
    8      4.670942898947      2.378298927612      4.679984099376
    8      7.063995297695      4.626917290211      4.714432274389
    8      2.334002122319     -0.044952075709      4.707271275779
    8      0.026759439764      4.708240513414      2.312678985402
    8      2.216660238330      7.102731392407      2.298628309378
    8     -2.362388202580      2.319623275965      2.338792514111
    8      2.304297471142      4.794025891465      4.752384996519
    8      4.628842197232      6.866918978184      4.660548663981
    8      0.019772434521      2.355179912955      4.692833017179
    8      4.623147072189      4.631146159228      6.918196491633
    8      7.105744316880      6.833647751960      7.040595831699
    8      2.331607051631      2.339204816718      7.066037542552
    0    0
