   3   1   1 E -1.6031092196524E+04 DE-1.7E-10( 11)
  0.107062955377E-01  0.699036307141E+01  0.706439509693E+01
  0.697724251555E+01  0.148377464199E-01  0.705426099222E+01
  0.701131748321E+01  0.700721212864E+01 -0.115404203355E-01
    1
  0.100000000000E+01  0.000000000000E+00  0.000000000000E+00
  0.000000000000E+00  0.100000000000E+01  0.000000000000E+00
  0.000000000000E+00  0.000000000000E+00  0.100000000000E+01
  0.000000000000E+00  0.000000000000E+00  0.000000000000E+00
   54
   20     -0.026076459552      0.000278375889      0.011188852858
   20      2.311989225446      2.368447959467     -0.014332849090
   20     -2.350765687156     -2.335918900619      0.017581191270
   20      2.354154119963     -0.043060472422      2.345732761136
   20      4.682931026291      2.304558562408      2.328448162388
   20      0.048886368721     -2.348020738203      2.343556038537
   20     -2.360554402882     -0.012072161756     -2.346548892038
   20     -0.004049788249      2.349027668760     -2.336759607560
   12     -4.700839990488     -2.350766593092     -2.313432214240
   20     -0.046721594838      2.377696924377      2.312234231392
   20      2.293460455432      4.704546282550      2.352685325180
   12     -2.310073830640      0.009511499041      2.319284650982
   12      2.408748678363      2.370712670203      4.810868319598
   20      4.658051418748      4.634123878284      4.698171648804
   20      0.024780217407     -0.000814703818      4.717299021505
   12     -2.298320557943      2.500507778930      0.069086327633
   12     -0.000857775402      4.680582820771      0.000560567565
   20     -4.671013002335      0.044395349792      0.014148595034
   20     -0.014823231097     -2.351243329128     -2.333899812822
   20      2.329795140758     -0.027952524218     -2.348526757251
   20     -2.327525800582     -4.669822939949     -2.347717441396
   12      2.346283591124     -2.368306392437     -0.049166997706
   20      4.713235936803     -0.086224363397      0.038705152520
   12      0.009841234870     -4.611452621816      0.002063004031
   12     -2.325650234847     -2.314238178571     -4.802224585664
   12     -0.052515477848     -0.071029531558     -4.790679637080
   20     -4.638319693970     -4.655197883750     -4.721893686957
    8     -0.014227851818     -0.013103063729     -2.335726932514
    8      2.349210454493      2.388617738081     -2.348515640170
    8     -2.452142725956     -2.358898075655     -2.356174803893
    8      2.332372140159     -0.069521262769      0.002490621918
    8      4.731263830142      2.321852276473      0.005376176981
    8      0.075669393639     -2.418724683417      0.021165415001
    8      4.744098904495     -0.098931366185      2.360351191154
    8      7.007355781257      2.257102233427      2.262278256222
    8      2.451849387076     -2.341192331056      2.347864166088
    8     -0.092193205491      2.434485168562      0.004188429794
    8      2.243931286893      4.686790500590     -0.083790098528
    8     -2.344000386665      0.074707627835      0.094673605518
    8      2.314894326907      2.354556974268      2.348454655837
    8      4.673595174140      4.723356196710      2.345598614075
    8     -0.067193404303     -0.003393545561      2.322187654045
    8      4.565360222416      2.338507854172      4.705381147977
    8      7.088761723641      4.674194935203      4.725309346337
    8      2.323638458069     -0.000901274092      4.701222349093
    8     -0.124103579049      4.795668561032      2.294076980993
    8      2.355448323077      7.006919580022      2.364753965302
    8     -2.322682299049      2.347106192702      2.298926228643
    8      2.328016907138      4.577843049457      4.744916916053
    8      4.690160578248      6.969036963533      4.702820445625
    8      0.072764318723      2.354688685686      4.738787835423
    8      4.660392791060      4.500938985705      7.132617571654
    8      7.018136669662      6.998460796423      7.123744182433
    8      2.332271219306      2.457421105914      6.982610859982
    0    0
