   3   1   1 E -1.6031092828718E+04 DE-6.7E-10( 11)
  0.961720997023E-02  0.697174799381E+01  0.701540826137E+01
  0.700689887036E+01  0.882834039047E-02  0.700937891175E+01
  0.702893532948E+01  0.698119826920E+01 -0.675396630993E-02
    1
  0.100000000000E+01  0.000000000000E+00  0.000000000000E+00
  0.000000000000E+00  0.100000000000E+01  0.000000000000E+00
  0.000000000000E+00  0.000000000000E+00  0.100000000000E+01
  0.000000000000E+00  0.000000000000E+00  0.000000000000E+00
   54
   20      0.026233532955     -0.037884668276     -0.015756047934
   20      2.337544930879      2.353029833338     -0.047721970350
   20     -2.352955554473     -2.312386717438     -0.020396286001
   20      2.343700520728     -0.029961743398      2.350007689289
   20      4.690793193864      2.343066034601      2.352117217585
   20      0.031822814479     -2.358669973850      2.366592033848
   20     -2.323327361417     -0.031483309348     -2.330964629730
   20      0.042491031415      2.322130703698     -2.361218635385
   12     -4.699692537530     -2.327193056542     -2.319868200068
   20      0.001372509593      2.371483193368      2.336879596451
   20      2.304617825142      4.744526686233      2.346158947578
   20     -2.408012499657      0.000949254896      2.363492266488
   20      2.345711276321      2.386018265371      4.744109372716
   12      4.645824702745      4.703428070009      4.754838657177
   20      0.020780015749     -0.048650508566      4.716277718729
   20     -2.352800667310      2.355117868332      0.003551705896
   12      0.105605200260      4.703980450361     -0.059727449604
   12     -4.744790629550     -0.036072766499     -0.017024535000
   12      0.031935843798     -2.291064659968     -2.378637835329
   12      2.309730569619     -0.086595906593     -2.247831931702
   20     -2.378890596021     -4.658598024971     -2.358434490172
   12      2.297845584588     -2.321074387139     -0.075372053650
   20      4.684688573464     -0.057752645855     -0.019274221950
   20      0.040015145954     -4.669559425261      0.029750220350
   20     -2.346904844033     -2.334419238953     -4.690953506402
   12      0.030438651333      0.004851076880     -4.764157226553
   12     -4.712587239867     -4.695445210722     -4.656998617883
    8      0.097692813018     -0.095858908903     -2.368916331420
    8      2.353344046756      2.319603183049     -2.420569734989
    8     -2.334909956166     -2.338238914541     -2.344431781280
    8      2.337229196635     -0.053910491236     -0.061217098988
    8      4.683415156682      2.323886324550     -0.012917505361
    8      0.084681678933     -2.345387084713      0.007850219889
    8      4.722129797522     -0.000059016876      2.349748755997
    8      7.079095845148      2.243955805524      2.340441629933
    8      2.327635951539     -2.394622637648      2.351340245965
    8      0.026681928734      2.375681769123     -0.038395611930
    8      2.266765943417      4.754050184851     -0.108580869507
    8     -2.393493705125     -0.010278288481     -0.009092345945
    8      2.338039109617      2.367188345767      2.348312357922
    8      4.666123262683      4.671232050904      2.354597271655
    8      0.000072775630     -0.013749692123      2.351463863818
    8      4.674966238419      2.395892626165      4.690636511330
    8      7.076311556934      4.647280918352      4.745242212707
    8      2.337134910023     -0.045420339473      4.723350691488
    8      0.018102299638      4.730930645705      2.328893544938
    8      2.221589175346      7.091348916781      2.300792981745
    8     -2.386629242859      2.324864451557      2.343741378311
    8      2.309268567022      4.778995512011      4.764125886266
    8      4.628982450441      6.870944464547      4.681846469872
    8      0.010402434121      2.380222181101      4.692211443711
    8      4.628664785662      4.653559120039      6.918517491585
    8      7.129651864557      6.856972886450      7.061900365465
    8      2.330392466796      2.347132509061      7.090819599077
    0    0
