   3   1   1 E -1.6031073089982E+04 DE 5.4E-10( 11)
  0.202195031620E-01  0.699950780850E+01  0.698414151712E+01
  0.699220815965E+01 -0.542317508714E-02  0.700227585543E+01
  0.699460598112E+01  0.701452449141E+01 -0.194585374670E-02
    1
  0.100000000000E+01  0.000000000000E+00  0.000000000000E+00
  0.000000000000E+00  0.100000000000E+01  0.000000000000E+00
  0.000000000000E+00  0.000000000000E+00  0.100000000000E+01
  0.000000000000E+00  0.000000000000E+00  0.000000000000E+00
   54
   20      0.020635208786     -0.038910623497     -0.040669084997
   20      2.346587835524      2.349234302313     -0.060092942092
   20     -2.346577853418     -2.344440142501     -0.053618716230
   20      2.349797278096     -0.028074179913      2.360240199839
   20      4.639679345190      2.352994018798      2.364974149137
   20      0.030176690231     -2.337827910522      2.350887930232
   20     -2.373988265325     -0.046199643875     -2.366167686669
   20      0.018629594434      2.353966070506     -2.334899272649
   12     -4.639372939235     -2.267177061698     -2.331653542080
   20     -0.010198302106      2.380348110100      2.384475397051
   20      2.330101579823      4.683178727409      2.375691485244
   20     -2.380189651239     -0.004735580571      2.366753665988
   12      2.392091376348      2.407672370490      4.800483237649
   12      4.532477176736      4.653804691698      4.698181321108
   20      0.004225790199     -0.003719608185      4.680433812314
   20     -2.392603566752      2.360641600523     -0.028096072076
   20     -0.007655718210      4.692055453975     -0.025770172814
   12     -4.692158750212     -0.042776353019     -0.081897160210
   12      0.129221703371     -2.344974065993     -2.355836516857
   12      2.393633325125     -0.081235930112     -2.261408843400
   12     -2.442255022916     -4.559920496232     -2.289751209908
   12      2.519940120598     -2.470958199748     -0.067520287376
   20      4.608177975477     -0.031008509459     -0.051421981338
   20      0.028829242484     -4.644631858716     -0.052102112654
   12     -2.332700051969     -2.263086867521     -4.630123501885
   20     -0.002918664145     -0.031367161528     -4.637000536456
   20     -4.635139923862     -4.658570271432     -4.646086514554
    8      0.054270310363     -0.074910692737     -2.342400892705
    8      2.419970150824      2.361377363856     -2.338982819035
    8     -2.373037521443     -2.394031245649     -2.409429271148
    8      2.329132609891     -0.061864634737     -0.066608444582
    8      4.649821373714      2.349417174245     -0.062913416938
    8      0.078448622977     -2.334580782630     -0.056040648492
    8      4.632201365480     -0.051715673727      2.341967403068
    8      7.006122971616      2.348123871822      2.346870671154
    8      2.431751955822     -2.341160216185      2.344144055059
    8     -0.005631914146      2.352168643624     -0.031071910809
    8      2.332232571050      4.734399151689     -0.047835142864
    8     -2.395930531225     -0.020263106571     -0.036094654736
    8      2.347800742060      2.357367312946      2.393144861239
    8      4.637097867729      4.675607880512      2.363092789280
    8     -0.001461802262     -0.007424904706      2.352294184584
    8      4.587470993841      2.382102026070      4.684622773569
    8      7.005465802006      4.678216984336      4.669555659960
    8      2.332019945279     -0.026695698395      4.722958680002
    8     -0.033787291279      4.669556218510      2.386141359090
    8      2.345076891556      6.985618455890      2.352396805215
    8     -2.361162714099      2.407904119398      2.386538967466
    8      2.413088001989      4.629433663944      4.759434271895
    8      4.563628315966      6.978607265652      4.657412945553
    8      0.016539942420      2.428823431339      4.663436077580
    8      4.545660622486      4.662871370455      6.951505278084
    8      7.040347767276      6.995330987298      6.973289606025
    8      2.346068814809      2.320181214185      6.904687602769
    0    0
