   3   1   1 E -1.6031060925585E+04 DE 3.5E-10( 11)
 -0.167914458124E-01  0.700216611244E+01  0.698288192888E+01
  0.700176216163E+01 -0.125514170892E-01  0.698582526156E+01
  0.701059104918E+01  0.701876704795E+01 -0.257443038383E-01
    1
  0.100000000000E+01  0.000000000000E+00  0.000000000000E+00
  0.000000000000E+00  0.100000000000E+01  0.000000000000E+00
  0.000000000000E+00  0.000000000000E+00  0.100000000000E+01
  0.000000000000E+00  0.000000000000E+00  0.000000000000E+00
   54
   20      0.005949073166      0.003062717564     -0.008350720417
   20      2.338301678181      2.333240783287     -0.025341195107
   20     -2.342219507037     -2.357424002576     -0.012695874154
   20      2.338663790567     -0.006733806538      2.336307079192
   20      4.677533779834      2.328368657877      2.318629490680
   20      0.007726831765     -2.351568432670      2.350450521965
   20     -2.336789381624      0.001703022191     -2.339374147375
   12      0.031659336645      2.371226189549     -2.343841928729
   12     -4.695309126360     -2.380840089874     -2.362703072958
   20     -0.004099691567      2.344362588919      2.339365585571
   20      2.323490085766      4.672459344134      2.320096691036
   20     -2.346406961454      0.004373954447      2.349399816486
   12      2.328796133748      2.340019848250      4.681325872221
   20      4.674486380055      4.676635390466      4.673853721853
   20     -0.009445081954      0.000039207558      4.688347017708
   20     -2.333998072841      2.354739035026     -0.000368296412
   12     -0.052675161182      4.657030157284     -0.034654253256
   20     -4.684069328167      0.000628811369     -0.008169349285
   20     -0.001570104596     -2.342410865362     -2.328406294293
   12      2.356865977069      0.042995844892     -2.310854810720
   12     -2.339010738069     -4.708605714532     -2.347358813282
   20      2.354382787546     -2.333681639526      0.003181274367
   12      4.687044251276      0.035973649553      0.028069255815
   12     -0.018298029671     -4.691613608129     -0.021358585150
   12     -2.347169216308     -2.357062970000     -4.699274302005
   20      0.002077309861      0.008105751724     -4.672342507748
   20     -4.665762381615     -4.661727148679     -4.634471069561
    8      0.018217640708      0.013526641231     -2.341345576386
    8      2.337091121455      2.338292479941     -2.342790229786
    8     -2.355324715036     -2.363528387574     -2.357899179978
    8      2.348368415609     -0.003041637637     -0.009982245406
    8      4.690034949445      2.310338694275     -0.042036086836
    8      0.004688507772     -2.351284662626     -0.001059758648
    8      4.670100798055     -0.018960856748      2.308229393798
    8      7.008226946273      2.333253934602      2.316686410030
    8      2.358235051838     -2.341607396804      2.364073616248
    8      0.005132387296      2.354955366435     -0.016757800858
    8      2.316395933595      4.664941438293     -0.047077643906
    8     -2.337807025980      0.000941267015     -0.006373288921
    8      2.338689957863      2.336165074180      2.332302333369
    8      4.671067586463      4.670910949252      2.321263454965
    8     -0.002923387018     -0.000996263668      2.342348587357
    8      4.671976511921      2.336133250944      4.656375506214
    8      7.031450972307      4.657454974527      4.685350147839
    8      2.328688154682     -0.005405912204      4.664048696148
    8     -0.032482195085      4.666004889448      2.312526219580
    8      2.328835692383      7.019875687034      2.323031538747
    8     -2.341237207954      2.354191213141      2.355579338099
    8      2.330628958703      4.672177713233      4.660691849102
    8      4.652058772710      7.036407478934      4.678377071280
    8      0.006129754760      2.337779478332      4.691238360722
    8      4.693461375674      4.692032836725      7.016945988057
    8      6.977855703050      7.007838407176      6.968689629162
    8      2.312312648004      2.336024511174      6.971435553242
    0    0
