   3   1   1 E -1.6031075992751E+04 DE 9.9E-10( 11)
  0.377422292724E-01  0.699143721590E+01  0.700290544359E+01
  0.699359618540E+01  0.189687110578E-01  0.701292750550E+01
  0.701414839230E+01  0.701660294925E+01  0.423897740336E-02
    1
  0.100000000000E+01  0.000000000000E+00  0.000000000000E+00
  0.000000000000E+00  0.100000000000E+01  0.000000000000E+00
  0.000000000000E+00  0.000000000000E+00  0.100000000000E+01
  0.000000000000E+00  0.000000000000E+00  0.000000000000E+00
   54
   20     -0.008418685088      0.021056330094     -0.015535497763
   20      2.347898761935      2.319457525037     -0.027593293428
   20     -2.362188733486     -2.330536048589     -0.020768878302
   20      2.329172736915      0.008347508493      2.333982929257
   20      4.688184206832      2.315157478572      2.322745956503
   20     -0.004122916461     -2.329638556040      2.349366091254
   20     -2.340285339075      0.009624200293     -2.332123070969
   20      0.037030049953      2.313859680111     -2.333237317060
   20     -4.684006764514     -2.342292919800     -2.333601390159
   20     -0.041788784080      2.338692783707      2.326353518432
   20      2.299364251481      4.716049731237      2.310854287364
   20     -2.392412795139      0.062997643650      2.343028622221
   20      2.338934860941      2.302308327560      4.710552638418
   20      4.686508152969      4.704002918407      4.724445055594
   12     -0.021918728742      0.029825581986      4.774442103926
   12     -2.406104139937      2.273318850436      0.022478247623
   12      0.157501319779      4.690023285782      0.092168776484
   12     -4.725185487434      0.023629029639      0.022197528090
   20     -0.010784775271     -2.325811112558     -2.349988037372
   12      2.332684369143      0.071007723561     -2.352067795488
   12     -2.231820137357     -4.696186333338     -2.225210012477
   20      2.351913934923     -2.335567777368     -0.008539738863
   12      4.748134903670      0.011209411484     -0.091589613162
   20     -0.003390405317     -4.754942251864      0.005442602308
   20     -2.327358000274     -2.338458391211     -4.704653422870
   12      0.085419688700      0.002341879889     -4.772196444503
   12     -4.715353437109     -4.702844105180     -4.712222312952
    8      0.027102290444      0.004567302452     -2.373064626391
    8      2.416469093946      2.267822766221     -2.392049115136
    8     -2.346005988283     -2.356025799835     -2.339484186423
    8      2.382078588302      0.004519020812     -0.021806558435
    8      4.670860041522      2.276300072043     -0.047378166745
    8     -0.007600872199     -2.338436022479     -0.004847191479
    8      4.691940053770      0.013624648818      2.301170757550
    8      7.055690840338      2.279508348273      2.346461601196
    8      2.326503116505     -2.352806324592      2.333934779693
    8     -0.041837318576      2.365630024866     -0.022434280777
    8      2.288530413654      4.708645498252     -0.030445748887
    8     -2.393239371652      0.060092231221     -0.013525858271
    8      2.328603778362      2.331337448887      2.334404902223
    8      4.659796254650      4.699679066286      2.338663822655
    8     -0.015555043671      0.022686831780      2.361536675961
    8      4.683918921949      2.335865178774      4.712313656775
    8      7.010476600977      4.719636139104      4.723020409370
    8      2.278720196869      0.007874363955      4.711896445639
    8      0.015898502220      4.697961011181      2.281415661949
    8      2.245306367342      7.100800049794      2.290189286147
    8     -2.412195204057      2.356288607634      2.328916516237
    8      2.349190073312      4.702507792376      4.681334973302
    8      4.678779044171      7.097367765839      4.761859670129
    8     -0.033121948070      2.261749655878      4.678569168470
    8      4.747891619012      4.657808835855      6.998057193674
    8      7.038047371059      6.907906054208      7.022754828446
    8      2.430835101487      2.231996981331      7.070127520198
    0    0
