   3   1   1 E -1.6031094718991E+04 DE-7.3E-10(  9)
 -0.252558509539E-02  0.699121698324E+01  0.703555626899E+01
  0.700989478190E+01 -0.261518587591E-02  0.702811715248E+01
  0.701280110725E+01  0.698139267460E+01  0.257546333307E-03
    1
  0.100000000000E+01  0.000000000000E+00  0.000000000000E+00
  0.000000000000E+00  0.100000000000E+01  0.000000000000E+00
  0.000000000000E+00  0.000000000000E+00  0.100000000000E+01
  0.000000000000E+00  0.000000000000E+00  0.000000000000E+00
   54
   20     -0.009945726215     -0.031518250059      0.009104258483
   20      2.333884944547      2.345006539168     -0.031980492953
   20     -2.331608552919     -2.291378180267      0.014761539182
   20      2.367245646590     -0.023841191379      2.375182362371
   20      4.681403745013      2.329276955171      2.374995820258
   20      0.019132549894     -2.320619148063      2.356158984190
   20     -2.361134234454     -0.036249205424     -2.361995907317
   20     -0.006348952743      2.344232781154     -2.356360761019
   12     -4.677556923410     -2.348066273763     -2.398925023104
   20     -0.020202985240      2.362641738566      2.367076234144
   20      2.317438815457      4.697952254151      2.354341021249
   12     -2.371754094965     -0.045914838315      2.406939870930
   12      2.313219969686      2.439374040538      4.755123761190
   12      4.573881920567      4.673648528385      4.666661641362
   20      0.029278426329     -0.015375217219      4.688116849882
   20     -2.384967795715      2.350308141889      0.008774938262
   20     -0.013937167011      4.695108109457      0.012768250416
   12     -4.667451174003      0.004574191441     -0.046542169084
   12      0.016369231098     -2.353318744399     -2.401923824220
   20      2.341797535774     -0.071854598196     -2.325971607030
   20     -2.326809920062     -4.632305804939     -2.403042000275
   12      2.398465864043     -2.339334136774     -0.037239246322
   20      4.689153843160     -0.052930798336     -0.012587917345
   20      0.059633142930     -4.652400155650     -0.011346858797
   12     -2.345283579427     -2.283769814195     -4.627601181789
   12     -0.078750617589     -0.033985058442     -4.641506121059
   20     -4.652991635192     -4.673431268944     -4.725415251633
    8      0.011402236027     -0.089095869101     -2.380831917435
    8      2.339155379935      2.395394920950     -2.365147762122
    8     -2.330570714335     -2.342013466933     -2.385966310026
    8      2.336578551748     -0.068210029597     -0.027045278395
    8      4.683753044714      2.325284558830      0.000636454763
    8      0.115199046266     -2.326988659099     -0.024327371161
    8      4.765214871697     -0.087207318706      2.346891107245
    8      7.006927562429      2.243410793272      2.338247287238
    8      2.455849162833     -2.326040207455      2.385403921743
    8      0.000373093624      2.337804222594      0.007775296973
    8      2.346867912024      4.730896876359     -0.040958920018
    8     -2.443547304627     -0.001460222471      0.033655760788
    8      2.330552422624      2.334776688432      2.367789639553
    8      4.656575236215      4.736790974711      2.392349771269
    8     -0.053443285306      0.001942314498      2.375199763946
    8      4.591764629713      2.409576823648      4.696961665135
    8      7.032072848918      4.639354451330      4.684262414709
    8      2.338092539341     -0.036082349554      4.767655176012
    8     -0.114966632666      4.766645358321      2.397123866017
    8      2.378274075561      6.983046469127      2.321849828583
    8     -2.325599038838      2.338139469916      2.343972888884
    8      2.340838298012      4.567828569489      4.749102272923
    8      4.675729128248      6.869354275215      4.618548895572
    8      0.079837963320      2.448794330771      4.678259831620
    8      4.557868456140      4.655428711991      7.044265027464
    8      7.089764302869      6.990358052648      7.018068818763
    8      2.334040305603      2.331414789064      6.936380055092
    0    0
