   3   1   1 E -1.6031098695159E+04 DE 1.3E-09( 11)
  0.214630680697E-01  0.700357020851E+01  0.700381261406E+01
  0.699717515502E+01  0.870213996125E-02  0.700799393669E+01
  0.700343425281E+01  0.700858360460E+01  0.819985694707E-02
    1
  0.100000000000E+01  0.000000000000E+00  0.000000000000E+00
  0.000000000000E+00  0.100000000000E+01  0.000000000000E+00
  0.000000000000E+00  0.000000000000E+00  0.100000000000E+01
  0.000000000000E+00  0.000000000000E+00  0.000000000000E+00
   54
   20     -0.013560262453      0.017013643888     -0.003059288854
   20      2.348878969861      2.350426039701     -0.013333720436
   20     -2.346740708621     -2.349711452385     -0.020394141434
   20      2.338574329703     -0.004984021388      2.347379822447
   20      4.715375892870      2.306841554523      2.294904793303
   20      0.015385612691     -2.354919214634      2.337425281358
   20     -2.347382956428      0.006660887595     -2.313992138560
   20      0.015531824208      2.338578396247     -2.351544161063
   20     -4.683245495371     -2.331374773189     -2.324052152521
   20     -0.046068158896      2.350565242451      2.336724140466
   20      2.295055903070      4.720954008413      2.301765506655
   20     -2.358951077991      0.055974730192      2.337354982508
   20      2.313172633667      2.304841233709      4.721497105159
   20      4.701272677043      4.699658264734      4.730042335329
   12     -0.052194399886      0.054429502452      4.773586326984
   12     -2.272807509428      2.289631465455      0.025910478313
   12     -0.134355365980      4.706430659128     -0.041840928018
   12     -4.656259978213      0.007930484114      0.106421168870
   20     -0.010920406065     -2.360880520752     -2.318998952006
   20      2.358251243270      0.033610295428     -2.353566415297
   12     -2.296852117137     -4.710859738180     -2.251398955347
   20      2.366631512651     -2.383093558011      0.024268654128
   12      4.785203141572      0.078140688985     -0.014234564426
   12     -0.021937104501     -4.792275984653      0.009895544709
   20     -2.311660464220     -2.347351812001     -4.711785499219
   12      0.033132295174      0.030104066121     -4.786582967201
   12     -4.667592338869     -4.702855804048     -4.745708148658
    8     -0.009274901099      0.002739461602     -2.383901333183
    8      2.416559030893      2.332594478026     -2.386867768528
    8     -2.332037300656     -2.394277688547     -2.335134364092
    8      2.392405399178      0.001657893109      0.001755099904
    8      4.748055505128      2.254375854048     -0.069656123330
    8      0.000868633458     -2.400672269970      0.003281084617
    8      4.724504240046      0.016176022028      2.269794528611
    8      7.086811053013      2.243254139780      2.230110273886
    8      2.329108876979     -2.396568973530      2.332517227287
    8     -0.083235753508      2.393999369371     -0.009016873920
    8      2.269365588290      4.750696660331     -0.000856609556
    8     -2.390548088606      0.086412185008     -0.002518784810
    8      2.328302994552      2.340038157610      2.334981040369
    8      4.669448515030      4.678924719668      2.320302849836
    8      0.000031663652      0.006307142985      2.377064783636
    8      4.672048524433      2.342194646326      4.714853088298
    8      6.999145393735      4.744936745406      4.747577504952
    8      2.244827710729      0.010917440699      4.759917753630
    8      0.009705448173      4.738498032539      2.268644075557
    8      2.249271877825      7.090436488691      2.230039510453
    8     -2.427352155313      2.333425786345      2.315419192528
    8      2.347094109538      4.672160439449      4.683344336065
    8      4.767111160793      7.090086818490      4.744979893101
    8     -0.076276542993      2.243650898741      4.750315227377
    8      4.782641873666      4.672523911160      7.003516880637
    8      6.947596982786      6.988555792275      6.990324193140
    8      2.367208610109      2.237323353296      7.102558040972
    0    0
