   3   1   1 E -1.6031096810375E+04 DE-3.3E-10( 10)
  0.742669098430E-02  0.700743301565E+01  0.700707426276E+01
  0.700708538422E+01 -0.201216124718E-02  0.700704738700E+01
  0.699500520874E+01  0.699004714011E+01  0.161600666106E-01
    1
  0.100000000000E+01  0.000000000000E+00  0.000000000000E+00
  0.000000000000E+00  0.100000000000E+01  0.000000000000E+00
  0.000000000000E+00  0.000000000000E+00  0.100000000000E+01
  0.000000000000E+00  0.000000000000E+00  0.000000000000E+00
   54
   20     -0.005550150089     -0.010387424769      0.012954923626
   20      2.354861165814      2.340322522866     -0.007341498246
   20     -2.336838972821     -2.357127287865     -0.019984059272
   20      2.361973043120     -0.029448045000      2.275301833031
   20      4.722396800705      2.299015265229      2.310436405665
   20      0.040507708613     -2.389223649198      2.318455292961
   20     -2.340156153926      0.011011804488     -2.299675726445
   20      0.008563765981      2.332614296188     -2.301982785310
   20     -4.670873143016     -2.339612090991     -2.351264221213
   20     -0.060812059191      2.367063258582      2.295536344743
   20      2.306439212078      4.721258476664      2.341670519232
   20     -2.383336088573      0.058640017749      2.327584742231
   20      2.320479577530      2.328835734241      4.755031697027
   20      4.673722065826      4.668478689595      4.765805430114
   20     -0.014949191121      0.014024442559      4.737501707190
   12     -2.385028078388      2.354489907352     -0.014851441870
   12      0.036526563893      4.726214875162      0.031887278127
   12     -4.686359433256      0.008211479313      0.070337024894
   20     -0.005337861489     -2.361726108080     -2.313550439355
   20      2.350337958981      0.009086813879     -2.330329754490
   12     -2.331601406630     -4.693249722249     -2.257368569955
   12      2.320276983638     -2.402111926445      0.046678112230
   12      4.700234770219      0.049426163750     -0.010141760909
   12      0.018941287228     -4.661700057530      0.013398682574
   20     -2.333103058687     -2.345926765599     -4.740445471007
   12      0.046776429132      0.028614927445     -4.812339528770
   12     -4.656862092280     -4.689021309146     -4.801680164809
    8      0.005587515900     -0.004296918576     -2.308202066761
    8      2.424785554943      2.335854036904     -2.375018016846
    8     -2.341402812323     -2.403497589594     -2.346253863711
    8      2.419701578747     -0.085835857174      0.006993164560
    8      4.765615556241      2.236792154180     -0.065797292666
    8      0.084919571888     -2.443181271887      0.016365540306
    8      4.740344531480      0.015440865430      2.246259540775
    8      7.073925329321      2.233936559382      2.249509486152
    8      2.333565733713     -2.420156765879      2.248380258597
    8     -0.075688656452      2.419828769666      0.007267448157
    8      2.249537804124      4.748722528623      0.016293407957
    8     -2.422683518084      0.083266757091      0.012952210807
    8      2.329987733585      2.340213229296      2.308952521867
    8      4.658762938858      4.661304990326      2.328001868285
    8     -0.009773563262     -0.002305854127      2.306964087214
    8      4.664292017350      2.329573060249      4.754279656771
    8      6.995453315487      4.665659865261      4.713877051550
    8      2.332176131383      0.003174458479      4.740509802680
    8      0.021145088566      4.757943440056      2.269256328661
    8      2.226987632180      7.093568258221      2.233983427640
    8     -2.439880778223      2.336225599503      2.306628731043
    8      2.345562027790      4.660309586260      4.765446282189
    8      4.679495806573      7.094271557793      4.777837757033
    8     -0.095459181463      2.320759960497      4.697902617664
    8      4.682920741972      4.654393014333      7.015671027395
    8      6.982210722932      6.985634806139      7.085962736473
    8      2.359509311241      2.324232446667      7.080619437856
    0    0
