   3   1   1 E -1.6031081300631E+04 DE-7.6E-10( 11)
  0.425521330353E-01  0.697214160142E+01  0.703118240747E+01
  0.702323487135E+01  0.520115428486E-03  0.706561329155E+01
  0.702611541027E+01  0.700282264463E+01  0.408873688663E-02
    1
  0.100000000000E+01  0.000000000000E+00  0.000000000000E+00
  0.000000000000E+00  0.100000000000E+01  0.000000000000E+00
  0.000000000000E+00  0.000000000000E+00  0.100000000000E+01
  0.000000000000E+00  0.000000000000E+00  0.000000000000E+00
   54
   20     -0.002549736486     -0.004791466205     -0.050192047159
   20      2.378095242930      2.336330500217     -0.058365771815
   20     -2.353574456594     -2.332283487607     -0.056400171329
   20      2.323278771089     -0.029975932390      2.396511050574
   20      4.710330983877      2.326367252083      2.400315776631
   20      0.007532319595     -2.316560823928      2.402059708690
   20     -2.349931802479     -0.027259299059     -2.334968779537
   20      0.052162260843      2.330151711531     -2.368031751308
   12     -4.641604104432     -2.275956452287     -2.342698199665
   20     -0.030954029598      2.335498019921      2.428043136990
   20      2.322148027946      4.731328458679      2.367730923928
   20     -2.370582999591      0.010376913347      2.384666989903
   20      2.339564282905      2.323334267895      4.723554495836
   12      4.694561614928      4.688723899016      4.755577347314
   12      0.031270561582     -0.092162686460      4.749509342579
   12     -2.365271400476      2.368751803003     -0.135452047842
   20      0.005400850914      4.708066457032     -0.056191460335
   12     -4.867549522541      0.044962932604     -0.133378941026
   12     -0.012282507149     -2.268070323025     -2.363025106676
   12      2.367999295183     -0.063754220554     -2.276922822015
   12     -2.345263255868     -4.650476180763     -2.279927895701
   20      2.361162619302     -2.329413860232     -0.028056121429
   20      4.709938573183     -0.007694752606     -0.046580522811
   20     -0.005087551046     -4.709226199171     -0.045804014943
   20     -2.340869766549     -2.359637166824     -4.664075834860
   12     -0.020531339756     -0.002736329373     -4.679741844904
   20     -4.659472206360     -4.702566414381     -4.652294825762
    8      0.105226018058     -0.121517662009     -2.469402423767
    8      2.473574285445      2.328753640907     -2.338694108611
    8     -2.359811546376     -2.421159415317     -2.342161684286
    8      2.347918138923     -0.010222363901     -0.066575690385
    8      4.689683606127      2.328482178676     -0.059589401414
    8     -0.001690773753     -2.329941957829     -0.048475559755
    8      4.736230168232     -0.010084964210      2.392731242729
    8      7.040887120097      2.267309126902      2.385305633611
    8      2.355311735548     -2.330585752908      2.428954206891
    8     -0.044785348655      2.334597059354     -0.043681263469
    8      2.349470872520      4.770001584566     -0.105048486027
    8     -2.416489219617      0.066926785924     -0.020376869374
    8      2.340224744704      2.339399076528      2.395172226350
    8      4.685782478334      4.680180444336      2.407597251803
    8     -0.007482306043     -0.001437829222      2.415056407034
    8      4.704870188075      2.397887789193      4.754007636667
    8      7.026433109860      4.783767138466      4.699254421497
    8      2.217637437130     -0.090854733288      4.782042635083
    8      0.012567045495      4.763760810807      2.427142607105
    8      2.266963120931      6.981914833178      2.348118416950
    8     -2.317394849954      2.308296228422      2.394501951101
    8      2.353827672886      4.770254979743      4.687114972688
    8      4.675783766116      6.950914415176      4.678070867606
    8     -0.086120749317      2.315011502971      4.688731102379
    8      4.712351055701      4.574068827056      6.961023925306
    8      7.144733287502      6.978543354314      7.036392889347
    8      2.469939082610      2.234087908347      7.030906441189
    0    0
