   3   1   1 E -1.6031104371237E+04 DE-1.4E-09( 10)
  0.335071623497E-02  0.699508817548E+01  0.701242720269E+01
  0.699754506996E+01 -0.574506871546E-02  0.701652645634E+01
  0.700489614822E+01  0.699858327286E+01 -0.542759972150E-02
    1
  0.100000000000E+01  0.000000000000E+00  0.000000000000E+00
  0.000000000000E+00  0.100000000000E+01  0.000000000000E+00
  0.000000000000E+00  0.000000000000E+00  0.100000000000E+01
  0.000000000000E+00  0.000000000000E+00  0.000000000000E+00
   54
   20     -0.029712006478      0.007064309620     -0.013691175024
   20      2.333950942918      2.348669905717     -0.038366754706
   20     -2.341399713601     -2.335257258505     -0.042372978639
   20      2.362470586937     -0.046513066928      2.372923519584
   20      4.655805090164      2.309391766542      2.303134883034
   20      0.019688471441     -2.334169732536      2.344550519576
   20     -2.329492905323     -0.057055347659     -2.345178083979
   20      0.017332672880      2.359347501418     -2.330381570813
   12     -4.672993215774     -2.442787058640     -2.331150791591
   20     -0.092507884812      2.370285642665      2.358769860582
   20      2.308998243822      4.695219590519      2.324537868741
   12     -2.348523794334      0.078697813390      2.300552318828
   20      2.327741985715      2.356710341933      4.706247186664
   20      4.695057798251      4.700767941772      4.724123791186
   20     -0.044185459154     -0.001838387575      4.698967035810
   12     -2.344898727883      2.321544995242      0.075607952830
   12     -0.064066624026      4.644942842618     -0.013802772718
   20     -4.656745360080      0.006138086449      0.017258474237
   12     -0.034429562504     -2.368549769896     -2.365416370190
   20      2.380045726757      0.037303404296     -2.363953045244
   12     -2.360131493968     -4.630922945184     -2.367232639034
   20      2.402391243210     -2.345295126323      0.040793342820
   12      4.690893537613      0.012848811083      0.033086749683
   20     -0.025184152821     -4.669889852764     -0.013705620849
   12     -2.305818210058     -2.353912742731     -4.690013288704
   20     -0.020837594428     -0.041658644486     -4.705769010274
   12     -4.547889409800     -4.633956229974     -4.662446578115
    8      0.000543951894     -0.073606652348     -2.343258687176
    8      2.432342516490      2.443667157653     -2.437267560754
    8     -2.313706977613     -2.446110494474     -2.428078032742
    8      2.397402361302      0.001356325525     -0.009151102440
    8      4.660148649116      2.255092788292     -0.080097233665
    8      0.022268448390     -2.333642838229     -0.031325711992
    8      4.659186937517     -0.085682122835      2.268281827058
    8      7.047964482421      2.326638184444      2.327692866036
    8      2.431412853933     -2.434466766882      2.414907210928
    8     -0.092163688894      2.403532876158      0.007633270221
    8      2.252590262035      4.667696065624     -0.088297844228
    8     -2.334781249364      0.060157822886      0.073417441237
    8      2.311070136889      2.338452374209      2.324721501457
    8      4.667480972079      4.724477415180      2.332640599595
    8     -0.081268162990      0.004260426140      2.367571225209
    8      4.660595134099      2.329500409940      4.725367226291
    8      7.088318215511      4.659597093653      4.747839075767
    8      2.335867283185     -0.067169607505      4.686354550199
    8     -0.088483579742      4.661796114849      2.344587232493
    8      2.415486949844      7.084019889550      2.331780537702
    8     -2.428793258770      2.300016226687      2.312625116917
    8      2.310423426435      4.675503865155      4.665843391217
    8      4.662817755099      7.114359237797      4.678445435209
    8     -0.078028367943      2.436513474364      4.683368482577
    8      4.774076663016      4.654738286644      7.108598780050
    8      6.900675429339      6.920063532813      7.008128255405
    8      2.437056376926      2.337780832968      7.096466590637
    0    0
