   3   1   1 E -1.6031103976866E+04 DE 6.0E-09(  8)
 -0.926456149399E-03  0.701030501923E+01  0.702218736954E+01
  0.697961739425E+01 -0.544453956764E-02  0.702027040886E+01
  0.698594021482E+01  0.700827626373E+01 -0.545358450322E-02
    1
  0.100000000000E+01  0.000000000000E+00  0.000000000000E+00
  0.000000000000E+00  0.100000000000E+01  0.000000000000E+00
  0.000000000000E+00  0.000000000000E+00  0.100000000000E+01
  0.000000000000E+00  0.000000000000E+00  0.000000000000E+00
   54
   20      0.016706116363     -0.004394024965     -0.035470365510
   20      2.302252151073      2.332317249683     -0.066772809156
   20     -2.325816792578     -2.317826584107     -0.013322600005
   20      2.336877874573     -0.021182799614      2.365689299511
   20      4.634914084055      2.316248248357      2.333819332661
   20      0.013609799720     -2.315553057197      2.342347889907
   20     -2.330724345552     -0.007087621924     -2.321733899892
   20     -0.003552605075      2.355698294844     -2.325546805292
   12     -4.739468999952     -2.322704364953     -2.262758698486
   20     -0.018226624875      2.365991027413      2.331778178945
   20      2.334108808301      4.694304525135      2.395138442474
   12     -2.327271380709      0.013834059126      2.271717209026
   12      2.321736160736      2.387576794348      4.718015800837
   20      4.603897170072      4.694902301185      4.748327859287
   20     -0.046112250372     -0.010047462731      4.707790556057
   12     -2.325081403879      2.360207906261      0.013417948659
   12     -0.044522555430      4.661054839255     -0.025104005965
   20     -4.646795151239      0.018264988906     -0.023915096977
   12      0.124070399964     -2.358897580525     -2.283369445654
   12      2.388588461462     -0.070350147004     -2.299658001824
   20     -2.350910196666     -4.691930310831     -2.347465959323
   12      2.354837680319     -2.327986264680     -0.087144539701
   12      4.612244231446     -0.056268062197     -0.005688908786
   20      0.032285293667     -4.658773303460     -0.029736155350
   20     -2.321014756179     -2.350005057431     -4.729634393568
   20      0.019260217027     -0.051421396916     -4.692442126583
   20     -4.614799140226     -4.664660952320     -4.673281016203
    8      0.124578217739     -0.096106143657     -2.329980117713
    8      2.312086702200      2.360741248238     -2.348588993145
    8     -2.328796944105     -2.343123989816     -2.338431495468
    8      2.445407053541     -0.107112884941     -0.066918460812
    8      4.654519485604      2.273234298980     -0.012495968058
    8      0.086985804645     -2.332346613427     -0.048657948967
    8      4.662551552724     -0.010026069867      2.307193251441
    8      6.985775038174      2.327015356137      2.330003647474
    8      2.321827576182     -2.337973756780      2.346525062251
    8     -0.090600357265      2.443380104586     -0.010498511725
    8      2.249027352604      4.679194811996     -0.095274989495
    8     -2.315437383593      0.074623909212      0.056526069452
    8      2.321142341103      2.340675104301      2.384986881008
    8      4.656229453086      4.754280663709      2.344830386614
    8     -0.091221852067      0.009629848493      2.365400492444
    8      4.550053859344      2.340666647423      4.746116411052
    8      7.059656131654      4.671207283415      4.777235610107
    8      2.304974420010     -0.025119602039      4.692765380152
    8      0.013579709949      4.671707198626      2.311288852053
    8      2.429921932494      7.009464284983      2.344516538020
    8     -2.326460301644      2.227711076327      2.238726368614
    8      2.232239367201      4.676043752788      4.787871353653
    8      4.521758450279      7.008477153862      4.739787791392
    8      0.101059573464      2.439644966007      4.694149540673
    8      4.644961218003      4.678515255877      7.016523825415
    8      6.879901502952      6.906089354029      7.014383761384
    8      2.434028037810      2.447310843145      6.913536445617
    0    0
