   3   1   1 E -1.6031080897241E+04 DE-2.6E-09( 11)
  0.355568523451E-01  0.696863464216E+01  0.706330489398E+01
  0.700625752887E+01  0.178430386366E-01  0.707228135252E+01
  0.704042939745E+01  0.700624036831E+01 -0.103583915651E-01
    1
  0.100000000000E+01  0.000000000000E+00  0.000000000000E+00
  0.000000000000E+00  0.100000000000E+01  0.000000000000E+00
  0.000000000000E+00  0.000000000000E+00  0.100000000000E+01
  0.000000000000E+00  0.000000000000E+00  0.000000000000E+00
   54
   20      0.000960762095     -0.011505628646     -0.053488364814
   20      2.400989930474      2.282338736345     -0.046871590411
   20     -2.301982693173     -2.366169781918     -0.023008015887
   20      2.333745870177     -0.001072726496      2.361355090553
   20      4.700406774398      2.334651591884      2.357961226394
   20     -0.023185023557     -2.335815964412      2.388239069701
   20     -2.336185950194     -0.004339524405     -2.335588652492
   20      0.000975464575      2.326302720806     -2.356991702791
   20     -4.661102722768     -2.332179305226     -2.330795017949
   20     -0.028693077994      2.328174796483      2.380459270721
   20      2.358818233343      4.710762982639      2.351653833688
   20     -2.350594049718      0.002886708536      2.389905744883
   20      2.288324873071      2.337482795383      4.748819414049
   12      4.735894723100      4.700414317642      4.788806640862
   12     -0.025300772206      0.001664566258      4.807580418138
   12     -2.350199815597      2.298172065588     -0.063388121220
   20     -0.004376760973      4.727547888356     -0.062591761219
   12     -4.641081117813      0.136000303070     -0.120367892344
   12     -0.069111434170     -2.283077283707     -2.274394194797
   12      2.337864164339     -0.073486436359     -2.226429557116
   12     -2.217986340383     -4.776739644261     -2.164480498959
   20      2.342490505683     -2.332259721447     -0.060700707932
   12      4.629200605443      0.114187627082     -0.087570971570
   12     -0.178307245968     -4.752649932540     -0.062277352078
   20     -2.321292356311     -2.355187622638     -4.736857375674
   20      0.006641672343      0.024062438272     -4.742941540946
   20     -4.661009895836     -4.724381884725     -4.716017349930
    8      0.053147086667     -0.075008217055     -2.358638613640
    8      2.440465614011      2.239467585593     -2.363781271836
    8     -2.248200162950     -2.405340831644     -2.352581463769
    8      2.401799193120     -0.017843670371     -0.058737665360
    8      4.807779166193      2.217441005367     -0.044428672412
    8     -0.009226129664     -2.382731665522     -0.046820779286
    8      4.665235961343      0.022499220918      2.308617276937
    8      6.996913204934      2.328991246695      2.323935127222
    8      2.340547186637     -2.335292671718      2.363010138936
    8     -0.047547845856      2.328611224628     -0.050478280547
    8      2.381864362879      4.724115637103     -0.029176981968
    8     -2.394158116173      0.063543966237     -0.013152650617
    8      2.336956384560      2.334261373298      2.358051338079
    8      4.711349871393      4.678197605340      2.401019889845
    8     -0.030255504092      0.001266121889      2.385057220210
    8      4.668765167512      2.417265665946      4.793455776273
    8      6.960900838878      4.765505612188      4.715963857881
    8      2.280037761961      0.030486159545      4.774651502080
    8      0.024402404614      4.671913792555      2.376105683258
    8      2.380920399458      6.986559810934      2.345272194284
    8     -2.312586971506      2.298667593039      2.357263819520
    8      2.343327787253      4.754766161864      4.715235603624
    8      4.728891473019      6.981871463642      4.816252247280
    8     -0.179886850617      2.318281021535      4.826903905681
    8      4.701104572613      4.661751881756      6.941623988825
    8      7.034439183202      7.179528468291      6.915141679790
    8      2.367206642222      2.202671577348      7.053740436046
    0    0
