   3   1   1 E -1.6031089515151E+04 DE-8.9E-10( 11)
 -0.929845204337E-02  0.695423983073E+01  0.700589299640E+01
  0.699163018088E+01 -0.168171542351E-01  0.702080369841E+01
  0.698491937058E+01  0.696878627229E+01 -0.164163636010E-01
    1
  0.100000000000E+01  0.000000000000E+00  0.000000000000E+00
  0.000000000000E+00  0.100000000000E+01  0.000000000000E+00
  0.000000000000E+00  0.000000000000E+00  0.100000000000E+01
  0.000000000000E+00  0.000000000000E+00  0.000000000000E+00
   54
   20      0.020288170316     -0.001560343689     -0.013416427975
   20      2.362317943255      2.322259001702     -0.053877551247
   20     -2.351179009335     -2.350272396424     -0.029942181178
   20      2.339891087234     -0.094787481448      2.340141866793
   20      4.679785577119      2.276468404660      2.334774373759
   20      0.052223582831     -2.356314330069      2.396192263119
   20     -2.346864952699      0.003048472024     -2.309172606001
   20      0.022446757593      2.377163783015     -2.371439310269
   12     -4.660091255428     -2.402566772223     -2.352078706110
   20     -0.082326992122      2.298295667057      2.344250446324
   20      2.317170582832      4.688895532025      2.350528750952
   20     -2.336366216286      0.053812723041      2.403558087323
   20      2.346414129913      2.328608133272      4.722394995190
   12      4.660720972104      4.593168687963      4.765862188071
   12     -0.100768384701     -0.208432421121      4.645036461944
   12     -2.418943515621      2.395786933667     -0.043308603511
   20     -0.085660212580      4.703876945765     -0.044586801666
   20     -4.701268151350      0.052676092863      0.004739766202
   20      0.003622248797     -2.319850052910     -2.359053283224
   20      2.434197117904      0.046951617424     -2.352254616218
   12     -2.348562580542     -4.672948028513     -2.282523176738
   12      2.448241524688     -2.304537674977      0.050191180472
   12      4.706308475358      0.057576640336     -0.046134052841
   20      0.026413548793     -4.708498559525     -0.002996350722
   20     -2.402011116808     -2.351232497821     -4.731513087610
   12      0.007576741050      0.107227907891     -4.623433291090
   12     -4.581511293260     -4.626842959390     -4.664455836452
    8      0.011049445997      0.014898323213     -2.408914484171
    8      2.447504867360      2.468052695665     -2.422238920219
    8     -2.420367044958     -2.420908151928     -2.360768974715
    8      2.461642016896     -0.095464816431     -0.060278720923
    8      4.669672567305      2.225188353544     -0.109553124949
    8      0.075449989324     -2.350718554430     -0.005102057993
    8      4.726523289800     -0.022221018861      2.334278463512
    8      7.076204251851      2.212170913867      2.334513699675
    8      2.341808075033     -2.468929009170      2.373935010007
    8     -0.070340746285      2.340623775849     -0.041437631558
    8      2.304919963589      4.669365293526     -0.037158135713
    8     -2.342324660560      0.074378372574      0.005396478074
    8      2.328478642090      2.299720692517      2.345317339506
    8      4.664492999763      4.647944242550      2.392378306583
    8      0.015190355233     -0.014811883575      2.406960512300
    8      4.657658957774      2.406246431058      4.748520797708
    8      6.995504186471      4.734816755187      4.689291630224
    8      2.226184482045     -0.097772654084      4.737287765736
    8     -0.045436844161      4.714533994690      2.313969229591
    8      2.244723593253      7.090864416412      2.340519790914
    8     -2.478754169742      2.323946406661      2.288917159447
    8      2.425841899495      4.656198134906      4.697790465600
    8      4.774986862587      6.983581451424      4.766244375737
    8     -0.096274935705      2.235873815430      4.676633891542
    8      4.494646080527      4.611953642462      6.878981666450
    8      6.890708024512      6.972665220435      6.973234755699
    8      2.460873018854      2.457770401441      7.110057705102
    0    0
