   3   1   1 E -1.6031049060449E+04 DE 2.4E-10( 11)
  0.671121447053E-02  0.702650383191E+01  0.702941093714E+01
  0.701405098433E+01  0.263300637219E-01  0.700420375487E+01
  0.703872927132E+01  0.701881342812E+01  0.834749635240E-02
    1
  0.100000000000E+01  0.000000000000E+00  0.000000000000E+00
  0.000000000000E+00  0.100000000000E+01  0.000000000000E+00
  0.000000000000E+00  0.000000000000E+00  0.100000000000E+01
  0.000000000000E+00  0.000000000000E+00  0.000000000000E+00
   54
   20      0.003079443013     -0.000564698542     -0.001816705424
   20      2.343221465162      2.352543509730     -0.011226123935
   20     -2.346858355137     -2.337487110377     -0.006145562029
   20      2.338580848963      0.001932332158      2.339699261110
   20      4.679425221924      2.347982347334      2.339515233357
   20     -0.002886646314     -2.340974213727      2.340060726911
   20     -2.344178833863     -0.011203931399     -2.331006204920
   20      0.002340474715      2.336766532807     -2.331388875533
   12     -4.685482728406     -2.381529235178     -2.317935654104
   20      0.005046865753      2.346536553527      2.341776013540
   20      2.344926139526      4.693994352622      2.336651152133
   20     -2.346921076847      0.007106413274      2.340798087701
   12      2.361646128977      2.354355258556      4.707684183893
   12      4.687562659639      4.677738740666      4.755208414426
   20      0.003309717863     -0.000245095685      4.685916493264
   20     -2.347000199340      2.338975383880      0.002349952643
   12      0.010877295986      4.767513546544     -0.041084379752
   12     -4.677853532458     -0.068059303883      0.047685660327
   20      0.003579611209     -2.345955384186     -2.343889842989
   20      2.344041517097      0.004132401816     -2.349092416491
   12     -2.367899555985     -4.627431067951     -2.404472339774
   12      2.351694112983     -2.361384807955     -0.005905149936
   20      4.683671184942     -0.001922772464     -0.006820112424
   20     -0.002806362423     -4.685431289223     -0.004652829443
   20     -2.347574246595     -2.357909728562     -4.676064984915
   12      0.005570405262      0.029546964692     -4.736944267039
   12     -4.681112815279     -4.723180650126     -4.650929184152
    8     -0.000887768058     -0.003145682689     -2.339510257395
    8      2.340665757246      2.356667313243     -2.356863838823
    8     -2.344737312991     -2.357160391477     -2.334957210843
    8      2.341216497870     -0.000022870322     -0.006464817741
    8      4.686764322694      2.342526196137     -0.004884828968
    8      0.004683423758     -2.345940170009     -0.001025650808
    8      4.677817088602      0.005163638991      2.336191388487
    8      7.028385197302      2.338428264497      2.346337992848
    8      2.333281187692     -2.345140160946      2.340186708153
    8      0.001657730433      2.348215634569     -0.002514591625
    8      2.347701627951      4.708120219460     -0.018901340583
    8     -2.344995955467     -0.000698697111     -0.000958720120
    8      2.342637693315      2.350059927816      2.338608295474
    8      4.687237488543      4.686585269201      2.345853147406
    8      0.001564208370      0.002271250478      2.341153312893
    8      4.663791761346      2.363281099076      4.671027178395
    8      7.036164609561      4.683002809927      4.688962698478
    8      2.338511300942      0.003881670055      4.685786074287
    8      0.002275780917      4.688170178725      2.337030838975
    8      2.346830602860      7.041645227793      2.327222021739
    8     -2.342586183447      2.339455428277      2.347709701905
    8      2.358174836276      4.679711511394      4.688001019079
    8      4.693201054398      7.026334799785      4.686081216312
    8      0.009555218832      2.342934693891      4.686779869173
    8      4.664031783518      4.696396598952      7.009357270560
    8      7.041377837737      7.004795071818      7.041714526164
    8      2.335393085010      2.351029076970      7.018937297745
    0    0
