   3   1   1 E -1.6031082545477E+04 DE-1.5E-09( 11)
 -0.552194388508E-03  0.700541714829E+01  0.699470469032E+01
  0.698869635174E+01  0.154991444684E-02  0.698592154191E+01
  0.699740245425E+01  0.699893027554E+01 -0.677151644754E-03
    1
  0.100000000000E+01  0.000000000000E+00  0.000000000000E+00
  0.000000000000E+00  0.100000000000E+01  0.000000000000E+00
  0.000000000000E+00  0.000000000000E+00  0.100000000000E+01
  0.000000000000E+00  0.000000000000E+00  0.000000000000E+00
   54
   20     -0.027829083064      0.014751200258     -0.078316764790
   20      2.326477092102      2.368014958548     -0.069666909077
   20     -2.353047527457     -2.331928006692     -0.076885185243
   20      2.325180424930     -0.047896952858      2.400940546516
   20      4.695126742808      2.354963023071      2.378096937909
   20      0.007822461107     -2.339012165517      2.396535686601
   20     -2.338635464672     -0.036605729965     -2.307727300504
   12     -0.079634176501      2.392410405190     -2.277213340104
   12     -4.686472866882     -2.334412074021     -2.352295520004
   20     -0.078842763516      2.356565068127      2.393164783084
   20      2.341367954617      4.690289462115      2.346843470860
   20     -2.321495113049      0.035476920996      2.359344999721
   20      2.334286395833      2.325100217316      4.740007689510
   12      4.739828927290      4.598565959059      4.662053067478
   12     -0.078876956754     -0.053060053939      4.709936145969
   12     -2.301649717835      2.395089628253     -0.100331045359
   20     -0.010170539365      4.653978328336     -0.074665390054
   12     -4.643644060216     -0.036004371929     -0.055890774168
   12     -0.032625079615     -2.323565739132     -2.405109521463
   20      2.367107714223      0.009473871313     -2.338895429648
   12     -2.309559007309     -4.514414339806     -2.319932885792
   20      2.385383275222     -2.373899192972     -0.023777662825
   20      4.717420668019     -0.041789243440     -0.049835461264
   20      0.005488843758     -4.684902645553     -0.078708397205
   12     -2.512378334615     -2.315845769395     -4.606229293827
   20      0.001719118457     -0.021632025921     -4.628350347369
   20     -4.604912380125     -4.647123490586     -4.634764758504
    8     -0.006639598517     -0.010482969557     -2.334248401848
    8      2.351818105640      2.449488584120     -2.344833535294
    8     -2.361351016366     -2.426431581639     -2.443340806638
    8      2.353155054933     -0.010662772741     -0.046905685302
    8      4.670439261687      2.337303248313     -0.096955935330
    8      0.000408683741     -2.337998483931     -0.077766055006
    8      4.665573737045     -0.060706652707      2.366076466713
    8      6.998968520177      2.342277824568      2.388712347190
    8      2.445502451012     -2.347788835880      2.436322587754
    8     -0.107820550746      2.346322331170     -0.082222587237
    8      2.330871595414      4.733258992910     -0.090428112192
    8     -2.418189831422      0.059567853054     -0.028312015909
    8      2.328867100248      2.339168216667      2.373616990537
    8      4.683432149372      4.667231907862      2.387396708781
    8     -0.025180949415     -0.003056862105      2.396337396905
    8      4.775048857316      2.424372643509      4.834217466310
    8      6.978265254063      4.645252535804      4.661749157189
    8      2.214079322408     -0.125960264878      4.816016468790
    8     -0.067395024726      4.660545009043      2.394168372483
    8      2.348884933675      7.003089717021      2.313092633265
    8     -2.324764845210      2.466867639256      2.344706702430
    8      2.350395619442      4.657555510237      4.670067557299
    8      4.807238381739      6.985430559350      4.662589413138
    8     -0.110286806863      2.361390531019      4.677849242500
    8      4.683666239996      4.530543404917      6.916791183078
    8      7.083510812401      6.987098783659      6.919300097788
    8      2.419025747759      2.260273912364      6.987445864817
    0    0
