   3   1   1 E -1.6031071318855E+04 DE 4.4E-10( 11)
  0.656134009364E-01  0.694518303541E+01  0.695629120502E+01
  0.700936356910E+01 -0.995462668557E-02  0.702213742360E+01
  0.701616865218E+01  0.701374858614E+01 -0.115333653452E-01
    1
  0.100000000000E+01  0.000000000000E+00  0.000000000000E+00
  0.000000000000E+00  0.100000000000E+01  0.000000000000E+00
  0.000000000000E+00  0.000000000000E+00  0.100000000000E+01
  0.000000000000E+00  0.000000000000E+00  0.000000000000E+00
   54
   20      0.027510016056     -0.046413428256     -0.045282152898
   20      2.327143892286      2.329874913877     -0.031536756091
   20     -2.345132749887     -2.338602882717     -0.025211116147
   20      2.343962820918     -0.040618495211      2.323478550871
   20      4.709364523608      2.314864274059      2.334007516227
   20      0.021087854814     -2.331180240321      2.319802392803
   20     -2.317913329497     -0.041729499111     -2.359116838494
   20      0.027648331667      2.318548126621     -2.346986673403
   20     -4.689545649830     -2.299584050244     -2.320382367614
   20     -0.002834020490      2.359592408589      2.349622204415
   20      2.267814419137      4.718042420869      2.337649596134
   20     -2.351395834340     -0.019214426387      2.325953928004
   20      2.299677845107      2.329873441329      4.732072097898
   20      4.702278994347      4.699122906951      4.703779231663
   12      0.093911566064     -0.083239937762      4.816250713967
   20     -2.335467369372      2.346588944511     -0.010924247461
   12      0.080113278098      4.804897273021      0.007872227044
   12     -4.842701729061     -0.050800069504     -0.095760121676
   12     -0.098831220499     -2.284272984356     -2.311917634925
   12      2.262553857782     -0.051045131689     -2.184597507959
   20     -2.324975522993     -4.654263935022     -2.309693580840
   12      2.273400986011     -2.241589414017     -0.026629618725
   20      4.750672442176     -0.025380942017      0.026698169594
   12      0.016171727309     -4.609712907230     -0.061701368898
   12     -2.340053354880     -2.333308974725     -4.833928204654
   12      0.076198504486     -0.120526836520     -4.634996528290
   20     -4.730324900271     -4.659924993149     -4.697198116157
    8      0.055782717172     -0.091253563919     -2.391546672651
    8      2.325117674968      2.317187067968     -2.345540676748
    8     -2.304253731419     -2.318372091192     -2.352962019739
    8      2.368220452971     -0.068431424633     -0.050187349534
    8      4.736847813011      2.335980891214      0.000143623162
    8      0.044907888384     -2.365523922296     -0.077744027502
    8      4.736787766540     -0.086260901930      2.341769562815
    8      7.000601722338      2.295143584006      2.276525822320
    8      2.386579272636     -2.323697102143      2.291409912806
    8      0.020574289602      2.355599496188     -0.017648593579
    8      2.268262775176      4.731546088470     -0.005143863757
    8     -2.365411088490     -0.030782244258     -0.007018424247
    8      2.320720543443      2.336808087398      2.341740315570
    8      4.675381991783      4.681435031290      2.329215571713
    8      0.002102724474     -0.019466459655      2.337881809550
    8      4.686804338562      2.324204595126      4.687494056546
    8      7.026401385089      4.732676110908      4.712032755633
    8      2.310822266240     -0.029168632251      4.732809740611
    8     -0.080380602349      4.748390348514      2.279637265771
    8      2.254649919214      6.980766169865      2.316641084378
    8     -2.318790830877      2.343663971981      2.309424475960
    8      2.257396888054      4.739115604692      4.744729388050
    8      4.731304552403      6.970489326980      4.663656767231
    8      0.013739845692      2.305560626615      4.754588177558
    8      4.743916046274      4.668625493920      7.046718640196
    8      7.311357895445      6.921486667582      6.979399362931
    8      2.300375404877      2.324678094868      6.971678185310
    0    0
