   3   1   1 E -1.6031100726876E+04 DE 2.9E-10( 11)
 -0.645780534475E-02  0.701831837820E+01  0.700627204871E+01
  0.705278796822E+01 -0.217130406992E-01  0.701471298465E+01
  0.704044393085E+01  0.700780209814E+01 -0.279542339201E-02
    1
  0.100000000000E+01  0.000000000000E+00  0.000000000000E+00
  0.000000000000E+00  0.100000000000E+01  0.000000000000E+00
  0.000000000000E+00  0.000000000000E+00  0.100000000000E+01
  0.000000000000E+00  0.000000000000E+00  0.000000000000E+00
   54
   20     -0.059265263707     -0.001329975011     -0.070913522039
   20      2.346804336525      2.349262843636     -0.056294444717
   20     -2.334063357980     -2.317805602592     -0.014676283053
   20      2.368332319891     -0.058019739512      2.329655837945
   20      4.750315283044      2.307921701432      2.325207508717
   20      0.024548408308     -2.371810168200      2.355685256323
   20     -2.358671565557     -0.025519332718     -2.373954513698
   12     -0.029862002197      2.418755995586     -2.286020063636
   12     -4.710900977923     -2.319024699810     -2.309191998196
   20     -0.061010995197      2.347532786290      2.345755092558
   20      2.362027798628      4.716172520072      2.313516891184
   12     -2.472572659791     -0.033045557344      2.257965855810
   20      2.342247176285      2.311160306238      4.735239451879
   20      4.719594327598      4.677902221168      4.722095224916
   20     -0.002206150186     -0.002421356598      4.724551793025
   12     -2.341468749648      2.304161240702      0.027528902239
   20     -0.018863759648      4.715889853356     -0.003717081225
   12     -4.639630545413      0.065782553967      0.028403846303
   12     -0.006190510105     -2.399399173133     -2.313952641059
   20      2.332405797601      0.004336463285     -2.337028407000
   20     -2.320929203749     -4.652477535866     -2.330067726547
   20      2.382987026369     -2.394921766847      0.006590688777
   12      4.690332256362      0.041823686399      0.042256155249
   12     -0.035112142836     -4.726578123107     -0.047904461463
   12     -2.336755872775     -2.305716228311     -4.709575485896
   20     -0.010695338172      0.018741848216     -4.680242944598
   20     -4.668356307704     -4.667810666190     -4.713934048498
    8     -0.008137147400     -0.004636859465     -2.357277639265
    8      2.278970733071      2.440820597740     -2.350967740202
    8     -2.305910488094     -2.338996041487     -2.357144938333
    8      2.407692429967     -0.010084215547      0.003090544744
    8      4.783223392946      2.252951359614     -0.012670495827
    8      0.009088890269     -2.422860060576     -0.052445302912
    8      4.690524240923     -0.098843147214      2.250524076369
    8      7.047652702115      2.328064975407      2.334345007678
    8      2.465077941333     -2.358725417700      2.419901039332
    8     -0.107014904395      2.341617641779     -0.092424499828
    8      2.362324965246      4.783196150513     -0.083979573979
    8     -2.464197595500      0.076398720530      0.072284918992
    8      2.347963058998      2.334153936280      2.324189139838
    8      4.709342492713      4.737589101017      2.340029611357
    8     -0.078538175847     -0.007970421348      2.324757557231
    8      4.795777448988      2.324979923750      4.735400114051
    8      7.132132284264      4.583729394196      4.693632107283
    8      2.344416145330     -0.101505936955      4.738239800821
    8     -0.107383156383      4.675269867219      2.346254851494
    8      2.421654564020      7.023274842098      2.296018570574
    8     -2.338223580291      2.322447192715      2.215938784983
    8      2.299092855750      4.659883478432      4.707550414355
    8      4.689678015472      7.022683597316      4.701791034620
    8      0.007017701591      2.428689390838      4.780258219456
    8      4.696553697217      4.694933350259      7.115221809574
    8      7.019452856020      7.138349836624      7.010095003481
    8      2.379212725401      2.190858109243      7.012261945655
    0    0
