   3   1   1 E -1.6031099567807E+04 DE-8.8E-09(  9)
 -0.103551978893E-01  0.701273162763E+01  0.699937956498E+01
  0.700598372181E+01 -0.512248999285E-02  0.700119095299E+01
  0.700502248610E+01  0.701939309466E+01 -0.962910147541E-02
    1
  0.100000000000E+01  0.000000000000E+00  0.000000000000E+00
  0.000000000000E+00  0.100000000000E+01  0.000000000000E+00
  0.000000000000E+00  0.000000000000E+00  0.100000000000E+01
  0.000000000000E+00  0.000000000000E+00  0.000000000000E+00
   54
   20      0.031754826963     -0.015506513952     -0.080097123453
   20      2.319429921516      2.340390932717     -0.075871005367
   20     -2.311273775030     -2.345955755170     -0.036318224467
   20      2.321530308570     -0.055201731348      2.344409828644
   20      4.718863558386      2.332808285989      2.347925870812
   20      0.049622654973     -2.382109515334      2.352042007772
   20     -2.317781615628     -0.001523101582     -2.320427528037
   12      0.086650893434      2.338002592622     -2.340962341534
   12     -4.761016711719     -2.337012003257     -2.344021628062
   20     -0.042597972027      2.325216783571      2.357034628967
   20      2.326525485116      4.700015058619      2.368479768139
   20     -2.338472686465      0.035208756658      2.344653294372
   20      2.306593397283      2.353848128206      4.748254440336
   20      4.677135445137      4.682725165631      4.688561467887
   12      0.064228508556      0.005534305567      4.718846578912
   12     -2.326025588607      2.352418329637     -0.011412365608
   20     -0.004609658506      4.672812119361     -0.039133809603
   20     -4.686838984451      0.062084376342      0.000078256655
   12      0.107802362304     -2.370359940740     -2.286883615342
   12      2.240876987292     -0.024753451358     -2.361276614128
   20     -2.361199303166     -4.680202105971     -2.339630915865
   12      2.303642606193     -2.424713785498     -0.015729119587
   20      4.652730034955     -0.011121936694     -0.026619843846
   12     -0.020350704074     -4.669222798615     -0.065755528989
   20     -2.364007053073     -2.380344836609     -4.670745695568
   20      0.033069870102      0.041089322977     -4.639732566988
   12     -4.705001796597     -4.589984334895     -4.657602509158
    8      0.111905193018      0.006080048299     -2.348767689826
    8      2.212611325013      2.388611467066     -2.422819530174
    8     -2.336657729948     -2.337005521138     -2.331873784186
    8      2.330843060234     -0.072291880165     -0.086792894906
    8      4.734674073648      2.344515924400     -0.017921413786
    8      0.089982452686     -2.443904707960     -0.081473663594
    8      4.674168117802     -0.007567138170      2.336683014230
    8      7.095759214848      2.333892836037      2.348675668640
    8      2.342301756065     -2.439702735316      2.350923389949
    8     -0.072195289514      2.339969511713     -0.100461968044
    8      2.326805407879      4.693053884778     -0.055976382738
    8     -2.332470250027      0.074721328573     -0.014068319136
    8      2.328272900038      2.335362676439      2.350995606725
    8      4.681301498094      4.674897544174      2.333752100986
    8      0.021790777243     -0.006579865079      2.363233035890
    8      4.754503704289      2.333938562398      4.756144527872
    8      7.118215383563      4.698067458117      4.662328359465
    8      2.232230514154     -0.056353301266      4.671907700245
    8      0.005408653659      4.666205930460      2.404353536009
    8      2.339907224083      7.098200723878      2.413164486719
    8     -2.437733247910      2.330945492046      2.297922979197
    8      2.219240857200      4.750181175713      4.747600121604
    8      4.661274894873      7.011533958193      4.667288958825
    8     -0.001432779320      2.336662124856      4.767078618434
    8      4.599402817310      4.564058560420      6.982654879649
    8      6.995751350730      7.106986623412      6.913565304202
    8      2.305786653969      2.442887016579      7.093054025066
    0    0
