   3   1   1 E -1.6031085144547E+04 DE 6.5E-09(  9)
  0.618261812032E-01  0.695570616070E+01  0.698534489987E+01
  0.700187646997E+01  0.162546122375E-02  0.703600946029E+01
  0.699691181177E+01  0.699720276150E+01  0.113312393205E-01
    1
  0.100000000000E+01  0.000000000000E+00  0.000000000000E+00
  0.000000000000E+00  0.100000000000E+01  0.000000000000E+00
  0.000000000000E+00  0.000000000000E+00  0.100000000000E+01
  0.000000000000E+00  0.000000000000E+00  0.000000000000E+00
   54
   20      0.013939568295     -0.027119775813     -0.052875978027
   20      2.368303913289      2.306606489965     -0.060711676385
   20     -2.291410396511     -2.355880155426     -0.052359056771
   20      2.307164409705     -0.015029070065      2.331616130154
   20      4.681261241348      2.339091766926      2.341756249608
   20      0.040809300058     -2.365264692294      2.311942668830
   20     -2.340975121688     -0.000683480310     -2.316735047778
   20      0.040116582828      2.302629653450     -2.358013176379
   20     -4.642921038136     -2.356474682320     -2.363822307935
   20     -0.032369676939      2.324307383338      2.354150774485
   20      2.327292042210      4.716563335844      2.364752843260
   20     -2.359747107299      0.062318560398      2.336730639853
   20      2.269506256135      2.337091757261      4.768944253049
   20      4.652584630642      4.699652265514      4.711705465525
   12     -0.027303469873     -0.026961997083      4.726103080430
   12     -2.463669582535      2.400680325526      0.023570970664
   20      0.051950288088      4.674722666388     -0.060190386332
   12     -4.738289443928      0.089711163431      0.008529550818
   12      0.053770381756     -2.292433558187     -2.239692442543
   12      2.340662932969      0.027167224192     -2.278115817111
   12     -2.311965171511     -4.748385530860     -2.280879904902
   12      2.309914309646     -2.310052405644      0.032077072909
   20      4.671956293299      0.032767324221     -0.038723640511
   12     -0.049834925375     -4.687001228859     -0.011195764968
   20     -2.365603324297     -2.378246229306     -4.671368883963
   20      0.040627193997      0.041185783671     -4.673521729832
   12     -4.613359412165     -4.782999491779     -4.777220961953
    8      0.068665072672     -0.060793327808     -2.335402263195
    8      2.442231887425      2.219075056895     -2.444675274403
    8     -2.264959130942     -2.399710686528     -2.337315285652
    8      2.331289920282     -0.053730529966     -0.079587290390
    8      4.726659177968      2.331866500761     -0.067130494638
    8      0.127820303158     -2.433464324108     -0.100629160601
    8      4.662126949371      0.007422307595      2.352091467964
    8      7.051779297216      2.329600744512      2.311047271972
    8      2.331578086736     -2.390584667281      2.292304065892
    8     -0.000978231431      2.316889665698     -0.036456552907
    8      2.364354675943      4.697962124800     -0.028874345783
    8     -2.393799192429      0.059568596835     -0.034136509664
    8      2.323673151697      2.336658736401      2.357968252813
    8      4.668266804934      4.677391180469      2.344006794631
    8      0.011042292755      0.001155369212      2.368331564834
    8      4.655131568785      2.339179198465      4.749136304752
    8      7.034681868600      4.692754909280      4.676783181271
    8      2.255653858143      0.000328880968      4.751074504749
    8      0.049969472593      4.654929550360      2.367990063477
    8      2.352519342594      7.094093819381      2.352622087221
    8     -2.385723434539      2.312113291881      2.316470684957
    8      2.251221967813      4.743397180961      4.796913653508
    8      4.691462959886      7.101253034756      4.671309236020
    8     -0.128412076223      2.292499647387      4.824312842008
    8      4.637285773380      4.586558333950      6.988457893064
    8      7.116000078749      7.074055386948      6.934836397120
    8      2.360811964109      2.256971341386      7.079183184450
    0    0
