   3   1   1 E -1.6031103453922E+04 DE 2.7E-09(  9)
  0.164766117863E-01  0.697583418469E+01  0.701400770442E+01
  0.705071206435E+01 -0.862722708258E-02  0.703174145761E+01
  0.703351710244E+01  0.697062623664E+01  0.154489360497E-01
    1
  0.100000000000E+01  0.000000000000E+00  0.000000000000E+00
  0.000000000000E+00  0.100000000000E+01  0.000000000000E+00
  0.000000000000E+00  0.000000000000E+00  0.100000000000E+01
  0.000000000000E+00  0.000000000000E+00  0.000000000000E+00
   54
   20      0.006890695600      0.017869317182     -0.040320916791
   20      2.352855998704      2.338840238530     -0.037621119958
   20     -2.379603777266     -2.317339692094      0.002884180751
   20      2.342344829660     -0.023316342220      2.366459594954
   20      4.725409115382      2.311063017301      2.342096373742
   20      0.025681834254     -2.323465536222      2.381274000631
   20     -2.397670268735      0.027124884526     -2.333706066759
   12      0.053259507355      2.378803206028     -2.314372779618
   12     -4.722789659990     -2.403456776990     -2.272102086253
   20     -0.006169041034      2.315223742484      2.367224567876
   20      2.358505005478      4.667263931572      2.317083817280
   12     -2.352101711558      0.047756399470      2.296622858456
   12      2.426043231258      2.394984291218      4.752903381733
   20      4.706707162121      4.685278422026      4.724760900197
   20      0.002630952403     -0.013230015291      4.709111570775
   20     -2.373724846696      2.358541155207      0.006976523811
   12      0.119417787448      4.691723985816     -0.058063238988
   12     -4.693619784541     -0.105490309712     -0.096560303237
   20     -0.000896697967     -2.371439015222     -2.333860314995
   20      2.369466742254      0.031724662987     -2.325246929415
   12     -2.391383806430     -4.703000411255     -2.326925728348
   12      2.307733501962     -2.281290498934     -0.029856334419
   12      4.573133558320     -0.034239526190      0.025105606113
   20      0.021974721637     -4.704048210216     -0.035519179379
   20     -2.377978075700     -2.341576926614     -4.698053328358
   20      0.000391776263     -0.008528777553     -4.719728589079
   20     -4.674612282252     -4.651520305655     -4.686951473648
    8      0.006154688655      0.081394824552     -2.345292870778
    8      2.347771882201      2.426519139162     -2.325424608213
    8     -2.447513207815     -2.430803373219     -2.337439131231
    8      2.421408686649     -0.091342328532      0.002829171344
    8      4.695593795283      2.216307966951     -0.080010804484
    8      0.081796395162     -2.324279174985      0.022602349484
    8      4.681309019671     -0.004449165284      2.281075092941
    8      7.049535391637      2.312541567931      2.414175685051
    8      2.336543705558     -2.332353345267      2.345644474841
    8      0.008801505330      2.418492945133     -0.068554290793
    8      2.282499906126      4.743064474099     -0.086998787711
    8     -2.403712487111      0.015201767720     -0.007286283538
    8      2.374143879877      2.331236366148      2.399011731440
    8      4.696751162982      4.753233323347      2.370234151886
    8     -0.095978796147     -0.004747845329      2.323126064448
    8      4.664057969784      2.348150911515      4.684248250092
    8      7.139608249233      4.524057746886      4.797382332108
    8      2.341665803080     -0.013530623615      4.775012043798
    8      0.008904417674      4.631667030474      2.277573247392
    8      2.443878230002      6.972064586025      2.280788280980
    8     -2.338114084442      2.216376800498      2.409702375469
    8      2.348124475619      4.579418603044      4.760964985470
    8      4.683587269579      7.110588821538      4.735552676384
    8      0.021426221758      2.318079275948      4.700191539515
    8      4.632079014953      4.771534505575      7.019139029702
    8      7.084741253227      6.830762825318      7.026325007866
    8      2.366215187129      2.336806838322      6.917204740815
    0    0
