   3   1   1 E -1.6031071527958E+04 DE-3.9E-09( 10)
  0.238964879891E-01  0.696375673838E+01  0.698129011798E+01
  0.694761439866E+01  0.142388027128E-01  0.698380455157E+01
  0.698566260673E+01  0.699768559432E+01 -0.171313745258E-01
    1
  0.100000000000E+01  0.000000000000E+00  0.000000000000E+00
  0.000000000000E+00  0.100000000000E+01  0.000000000000E+00
  0.000000000000E+00  0.000000000000E+00  0.100000000000E+01
  0.000000000000E+00  0.000000000000E+00  0.000000000000E+00
   54
   20      0.016291784722     -0.040273567191     -0.050711696644
   20      2.373214225235      2.328847385800     -0.051093847037
   20     -2.287589340415     -2.386425695982     -0.053620625098
   20      2.311649419496     -0.029472461127      2.340507365003
   20      4.656763306324      2.346255621107      2.326929618536
   20      0.008770206863     -2.326440382804      2.346333903192
   20     -2.330887298686     -0.030230953746     -2.313068443069
   20      0.012339186518      2.377286755288     -2.314019284533
   12     -4.672131578933     -2.276648239372     -2.333171158365
   20     -0.043249280726      2.333994562685      2.360490967412
   20      2.332466005336      4.659437302808      2.333904617163
   20     -2.288882762142      0.002515772186      2.359418207812
   20      2.285008191429      2.373694162285      4.716859464116
   12      4.596523523508      4.646217056297      4.807154210901
   12     -0.129524510480      0.030495215815      4.685662987192
   12     -2.358493643056      2.361251884817     -0.068559336061
   20     -0.064176852192      4.689715093463     -0.057699398540
   20     -4.690479234411      0.019398115237     -0.037577666542
   12      0.029110187317     -2.393562023565     -2.241031743426
   20      2.400309631862     -0.020809289226     -2.291642329895
   12     -2.239226475991     -4.567853314692     -2.267655657036
   12      2.415592923796     -2.336364250984     -0.100717659565
   12      4.655282730282     -0.109995097062     -0.056539317373
   12      0.039748984547     -4.727230554496     -0.013374037369
   20     -2.361575857437     -2.358898771350     -4.678883338084
   20     -0.023845086268      0.020732792594     -4.665756560805
   20     -4.619862671182     -4.609107686187     -4.644941920243
    8      0.012847268333     -0.042702537011     -2.324053972748
    8      2.421413224264      2.412911012762     -2.329885631745
    8     -2.311755076063     -2.426090810868     -2.338096348853
    8      2.408951399242     -0.062745575730     -0.009982569773
    8      4.778139877094      2.249764355029     -0.090164935446
    8      0.092806396080     -2.452205770165     -0.077200021405
    8      4.632984379766      0.009838792758      2.313350271726
    8      6.957744425382      2.366430941165      2.302620243743
    8      2.308307589300     -2.321419642469      2.342217905847
    8     -0.024440007135      2.339164586873     -0.032152822414
    8      2.333748773634      4.670877237349     -0.052800758367
    8     -2.314994944560      0.009317929671     -0.026737984591
    8      2.320010593054      2.336469727706      2.337651345355
    8      4.671855986327      4.654282879012      2.350686905389
    8     -0.008595066138     -0.011375215693      2.361336430885
    8      4.630351736308      2.409871331628      4.730859824494
    8      6.931958171393      4.766753327899      4.642625828888
    8      2.231959153965     -0.050565291953      4.677920406034
    8     -0.015547851697      4.645903369827      2.345818217329
    8      2.358676448729      6.989239762771      2.327101560875
    8     -2.306849553011      2.335253440512      2.329471489339
    8      2.351712968528      4.653435506836      4.703876576932
    8      4.800171697842      6.961304311932      4.734034351547
    8     -0.124722023350      2.344734783099      4.779646995302
    8      4.477932969686      4.613986057591      6.827609873636
    8      6.830603067937      7.084996314844      6.903453152835
    8      2.338863399994      2.426604851375      6.999431171131
    0    0
