   3   1   1 E -1.6031097957385E+04 DE-6.1E-10( 11)
 -0.635197323627E-02  0.701447344365E+01  0.704585328712E+01
  0.699991555339E+01 -0.481650163847E-02  0.704900232830E+01
  0.699062082681E+01  0.701631167592E+01 -0.417027094656E-02
    1
  0.100000000000E+01  0.000000000000E+00  0.000000000000E+00
  0.000000000000E+00  0.100000000000E+01  0.000000000000E+00
  0.000000000000E+00  0.000000000000E+00  0.100000000000E+01
  0.000000000000E+00  0.000000000000E+00  0.000000000000E+00
   54
   20      0.017610894639      0.019466183408      0.020445513691
   20      2.362858499422      2.338009689376     -0.066542094112
   20     -2.345820165260     -2.389131423362     -0.038196875087
   20      2.356138852306     -0.019020541989      2.369996840276
   20      4.698029434749      2.314988626887      2.354774011328
   20      0.023864829291     -2.378186444985      2.371771019580
   20     -2.337473153623      0.005912763597     -2.316512831901
   20      0.025338929109      2.362812276188     -2.309214359195
   12     -4.650157379398     -2.331770052153     -2.336827519000
   20     -0.032517136922      2.380171178969      2.334899177354
   20      2.298376766431      4.728586642261      2.353183561624
   20     -2.368966312806      0.016351362517      2.377658224582
   20      2.344165171630      2.368191745824      4.730289431863
   12      4.647935639945      4.719542883068      4.800240485414
   20     -0.061418613614     -0.016381400684      4.733608927280
   12     -2.270219896540      2.369613226824     -0.043209202268
   12     -0.028737668474      4.673744593907     -0.062068258649
   20     -4.739378674038      0.009933460269     -0.007040460569
   20     -0.003520261285     -2.325830170778     -2.318018162548
   12      2.360185721303     -0.048342358393     -2.303604004989
   12     -2.367856221861     -4.669211790476     -2.321123075623
   20      2.406646599482     -2.337939219492     -0.022126076816
   12      4.687218364903      0.032565251256     -0.080184223353
   12     -0.070719012109     -4.812191797746      0.010180613110
   20     -2.304302890307     -2.338962361544     -4.738548815088
   12     -0.052424250175     -0.026103596608     -4.830853471195
   20     -4.664838029850     -4.701823559879     -4.660196069131
    8      0.070048312029      0.010860813138     -2.294402616487
    8      2.450391090953      2.359488862909     -2.342167513961
    8     -2.416087044688     -2.417913264935     -2.354488701119
    8      2.441986482728      0.005825514909     -0.037608116802
    8      4.764925931022      2.230703790451     -0.100806886431
    8      0.009008475740     -2.401766456167      0.008523015858
    8      4.752544397426      0.006293713194      2.350713583440
    8      6.992166152945      2.230428596061      2.312651315057
    8      2.359240966217     -2.344817203413      2.398495879695
    8     -0.081653984484      2.418219249693     -0.002671982664
    8      2.213662324288      4.678338635337     -0.118240986360
    8     -2.348935511545      0.043479610713      0.008681261076
    8      2.340515894918      2.351297471423      2.356153802571
    8      4.672704943416      4.664639344770      2.368311381537
    8     -0.002310366225     -0.002028896776      2.353990518697
    8      4.680705308149      2.432105361434      4.792595016741
    8      7.022095991015      4.676274985621      4.738481075175
    8      2.312494359866     -0.058356336807      4.714250836363
    8     -0.002740478380      4.780439989924      2.286006323579
    8      2.247418819255      7.012524281796      2.347363034524
    8     -2.333753332231      2.340642169107      2.342713510845
    8      2.417583368012      4.770422926750      4.706722282894
    8      4.537588646724      7.008418922293      4.784425770068
    8     -0.073972555168      2.340731804763      4.707298042761
    8      4.785294871847      4.663164815773      6.930857519786
    8      6.862031234594      7.034911299747      7.102126959421
    8      2.325855495970      2.337533612723      7.045327417316
    0    0
