   3   1   1 E -1.6031090727418E+04 DE 3.8E-10( 11)
  0.209904660626E-01  0.699380823239E+01  0.699829179496E+01
  0.699691984035E+01  0.441821976128E-03  0.701254887475E+01
  0.701209888362E+01  0.701681871500E+01 -0.843698568982E-02
    1
  0.100000000000E+01  0.000000000000E+00  0.000000000000E+00
  0.000000000000E+00  0.100000000000E+01  0.000000000000E+00
  0.000000000000E+00  0.000000000000E+00  0.100000000000E+01
  0.000000000000E+00  0.000000000000E+00  0.000000000000E+00
   54
   20      0.005620493700      0.002007802191     -0.078757534997
   20      2.365787704867      2.312306808777     -0.071256932514
   20     -2.314502359375     -2.397117191908     -0.056293750558
   20      2.328238357427     -0.020267285660      2.376571629117
   20      4.709778160805      2.319652973434      2.333111809643
   20      0.016890364060     -2.353965985422      2.375149377423
   20     -2.311309918121     -0.022459933755     -2.323752430806
   12      0.019844049205      2.334674764990     -2.305478647412
   12     -4.742600650305     -2.361468829329     -2.350326214031
   20     -0.034319146399      2.330003572301      2.364974483009
   20      2.324720717046      4.690615016904      2.346912783279
   20     -2.328715928787      0.032400687960      2.369060169196
   20      2.304220673214      2.336482232359      4.718871354928
   20      4.694770304061      4.713090179992      4.709124924254
   12     -0.038448516618      0.054969408796      4.742503329890
   12     -2.261847603236      2.308096282771     -0.052763990296
   20     -0.003663689434      4.678062125837     -0.041967207143
   20     -4.703478162183      0.014603282248     -0.047686199128
   12      0.012624595505     -2.372330848812     -2.305750743623
   12      2.268884066226      0.027119981278     -2.306295115413
   12     -2.291967147640     -4.699801709360     -2.276547115909
   20      2.341638314385     -2.337637811209     -0.026065226997
   12      4.682472849351      0.114362188968     -0.081505892772
   12     -0.085450149663     -4.627964569376     -0.086331699906
   20     -2.329946185079     -2.367714835168     -4.648831511978
   20     -0.005509773750      0.028499902085     -4.660937623938
   20     -4.675302832082     -4.673726363241     -4.633520547332
    8      0.089487842931      0.006707235144     -2.347066084331
    8      2.327822317956      2.327996208722     -2.339038959776
    8     -2.307252139293     -2.439917805650     -2.329622888280
    8      2.369016170322      0.000146599353     -0.073407377744
    8      4.780275769243      2.231602813057     -0.087984143941
    8      0.005479742575     -2.416001673944     -0.066734118614
    8      4.671429632145      0.000147509892      2.329251433233
    8      7.002461981174      2.339857647728      2.360280444793
    8      2.329964287341     -2.346792532686      2.391377814801
    8     -0.048479182994      2.329991947622     -0.078991121027
    8      2.335778479115      4.664589432850     -0.063375012275
    8     -2.327862995119      0.025436179675     -0.028905596176
    8      2.339449780416      2.328739737732      2.358952518430
    8      4.689799132174      4.673328546232      2.349511301687
    8     -0.001959456408      0.005497055562      2.390590898782
    8      4.752481220071      2.339216427278      4.750724819871
    8      7.091689730189      4.681477339418      4.676947920480
    8      2.253928169868     -0.061366341113      4.682113760462
    8      0.010808199480      4.664427253269      2.376903832056
    8      2.330055065982      7.020293162696      2.354031063701
    8     -2.316050083097      2.316621851229      2.347635606445
    8      2.275172011533      4.730656573610      4.675031447701
    8      4.707121215457      7.130480960117      4.754956552029
    8     -0.095956188712      2.334662404237      4.762885189612
    8      4.687856703222      4.657772652133      6.995303751500
    8      6.891357584946      7.112309933530      6.890738082337
    8      2.342737777470      2.329436496786      6.996493966350
    0    0
