   3   1   1 E -1.6031081439921E+04 DE-4.5E-11( 11)
 -0.836198352689E-03  0.699729473704E+01  0.701818429806E+01
  0.691279854429E+01  0.307698269286E-01  0.698172204962E+01
  0.696746926921E+01  0.700785908370E+01 -0.166429590374E-01
    1
  0.100000000000E+01  0.000000000000E+00  0.000000000000E+00
  0.000000000000E+00  0.100000000000E+01  0.000000000000E+00
  0.000000000000E+00  0.000000000000E+00  0.100000000000E+01
  0.000000000000E+00  0.000000000000E+00  0.000000000000E+00
   54
   20      0.013075842766     -0.028178267932     -0.068373219184
   20      2.331662309754      2.353150655702     -0.034229878874
   20     -2.301968458338     -2.363392396344     -0.020904799157
   20      2.303880502495     -0.028369142403      2.336085720704
   20      4.654854977118      2.348960502197      2.329828315482
   20      0.031148114491     -2.361641189628      2.355143872821
   20     -2.293869122527     -0.025142152646     -2.302624089220
   12      0.036912010683      2.297786373327     -2.274949956582
   12     -4.681039902695     -2.349504530615     -2.323838510243
   20      0.014298999510      2.355519258441      2.347837387138
   12      2.297554394063      4.717175575091      2.290343885068
   20     -2.308425198973     -0.016689751248      2.342685070894
   20      2.282022495912      2.386408000357      4.698612488226
   20      4.622257812763      4.669688576316      4.726553166453
   12     -0.000001724972     -0.009751289314      4.760001646948
   12     -2.220009872177      2.293094097375      0.031404689273
   20     -0.001486396599      4.679011550149     -0.078335781405
   20     -4.678938646848      0.020545214121     -0.017033767033
   12     -0.025231649508     -2.394692317665     -2.328856486577
   20      2.290436892777     -0.031724263328     -2.303435373497
   20     -2.274106236621     -4.670772667542     -2.301287571153
   12      2.275151397853     -2.396452683255      0.016792046227
   12      4.651143651239      0.095326931120     -0.043716554224
   12     -0.080277048806     -4.594528151822     -0.076092261227
   20     -2.313489057756     -2.347634443646     -4.688163134481
   20     -0.001737080353      0.005575646273     -4.673426829387
   20     -4.654438751215     -4.636351089814     -4.673446849685
    8      0.014994786609     -0.020016710415     -2.327822401023
    8      2.283783299879      2.393054238919     -2.354216572504
    8     -2.298101988023     -2.356771240567     -2.313521883404
    8      2.384655007740     -0.063886738417     -0.021542308508
    8      4.721425130558      2.287538193993     -0.011655364754
    8      0.087463448099     -2.426913276013     -0.061556050196
    8      4.619707274186      0.016496766765      2.311811744062
    8      6.937590415331      2.361332129227      2.321952099150
    8      2.290217727435     -2.338121013128      2.334028128635
    8     -0.030698636288      2.338804881098     -0.075725913827
    8      2.310712499785      4.684293802314     -0.047555463888
    8     -2.307773508109      0.017375561412     -0.014254314282
    8      2.313362698448      2.387523100931      2.332968993266
    8      4.611133759245      4.659385651198      2.317424675396
    8      0.012812049725     -0.015258637489      2.370879142108
    8      4.698182557530      2.349182105018      4.737949375422
    8      7.030347684422      4.686264939467      4.671632048514
    8      2.198757649373     -0.036735325576      4.691613764805
    8      0.089139885512      4.670329969989      2.344956480448
    8      2.304144901671      6.954473188659      2.326652034572
    8     -2.311734079217      2.333553106949      2.302642170078
    8      2.213067450157      4.667833080157      4.707828569619
    8      4.725379677235      6.987696202526      4.712298302227
    8      0.018105846723      2.377434340813      4.764212295046
    8      4.516054939606      4.676867523340      6.979537282797
    8      6.791073645223      7.142867882184      6.903296548817
    8      2.264257891243      2.459634647894      6.994278639009
    0    0
