   3   1   1 E -1.6031060706533E+04 DE 4.9E-11( 11)
  0.122437880310E-01  0.701396008037E+01  0.700254969219E+01
  0.701479348022E+01 -0.128962945252E-19  0.701479348022E+01
  0.700293467290E+01  0.701434542243E+01  0.118588073162E-01
    2
  0.100000000000E+01  0.000000000000E+00  0.000000000000E+00
  0.000000000000E+00  0.100000000000E+01  0.000000000000E+00
  0.000000000000E+00  0.000000000000E+00  0.100000000000E+01
  0.000000000000E+00  0.000000000000E+00  0.000000000000E+00
  0.000000000000E+00  0.000000000000E+00 -0.100000000000E+01
  0.000000000000E+00  0.100000000000E+01  0.000000000000E+00
 -0.100000000000E+01  0.000000000000E+00  0.000000000000E+00
  0.000000000000E+00  0.000000000000E+00  0.000000000000E+00
   54
   20      0.000013028360      0.001301371026     -0.000013028360
   20      2.344439511682      2.344708319224     -0.012589194297
   20     -2.338665790100     -2.345795260899     -0.013855974008
   20      2.349357542514     -0.009451373072      2.353961553332
   20      4.674836029327      2.341440066510      2.339957450889
   20      0.013855974008     -2.345795260899      2.338665790100
   20     -2.353961553332     -0.009451373072     -2.349357542514
   20      0.012589194297      2.344708319224     -2.344439511682
   12     -4.656329114532     -2.352148878508     -2.358464365684
   20     -0.014380601209      2.344286853817      2.356810486295
   20      2.341947688445      4.684895874715      2.351209983340
   12     -2.360768366394      0.010117032945      2.360768366394
   12      2.323783112509      2.338193815158      4.691010367707
   20      4.663583496876      4.684895874715      4.672845791771
   20      0.008697503820      0.007274475404      4.682911191500
   20     -2.356810486295      2.344286853817      0.014380601209
   12     -0.005240329807      4.663356101191      0.005240329807
   20     -4.682911191500      0.007274475404     -0.008697503820
   20     -0.006078502857     -2.352624689079     -2.329022882054
   12      2.362133858603      0.015744004896     -2.362133858603
   12     -2.319523692526     -4.674146894939     -2.392117447226
   20      2.329022882054     -2.352624689079      0.006078502857
   20      4.679194067304      0.001798756770      0.001951018520
   12      0.033469684449     -4.666225940699     -0.033469684449
   12     -2.360972077580     -2.354114333931     -4.653821402636
   20     -0.001951018520      0.001798756770     -4.679194067304
   12     -4.622676032990     -4.674146894939     -4.695269787690
    8      0.011193288206      0.000203753868     -2.344669121756
    8      2.370998249289      2.344658522618     -2.370998249288
    8     -2.354953047763     -2.375204731526     -2.353446685009
    8      2.344669121756      0.000203753868     -0.011193288206
    8      4.686930992491      2.341429665465     -0.014973400778
    8     -0.000247700831     -2.355064823130      0.000247700831
    8      4.674941315472     -0.014564218444      2.339852164742
    8      7.029766880994      2.341429665465      2.327862487724
    8      2.353446685008     -2.375204731526      2.354953047763
    8     -0.002548935297      2.353282647855      0.002548935297
    8      2.322033737526      4.674037975503     -0.017067072306
    8     -2.346453895438      0.000690747349      0.006637768336
    8      2.340651624570      2.341773450370      2.357586771343
    8      4.672757020550      4.691423895948      2.342036459666
    8     -0.006637768336      0.000690747349      2.346453895438
    8      4.657206708874      2.341773450370      4.674141855646
    8      7.031860552521      4.674037975503      4.692759742690
    8      2.339499525299     -0.003203540306      4.675293954919
    8     -0.010527658625      4.671161072867      2.334988568202
    8      2.342199748940      7.045409214622      2.345877237673
    8     -2.395859031487      2.343868014204      2.395859031487
    8      2.340549168801      4.674473002638      4.674244311416
    8      4.668916242542      7.045409214622      4.672593731275
    8     -0.008503963402      2.338487135498      4.694154362047
    8      4.679804912015      4.671161072867      7.025321138843
    8      7.015886026711      7.016969330750      7.013700933722
    8      2.320639118171      2.338487135498      7.023297443620
    0    0
