   3   1   1 E -1.6031033095449E+04 DE-9.0E-10(  2)
  0.107967825792E-01  0.702761619329E+01  0.703000739429E+01
  0.703009607748E+01  0.987910374405E-03  0.703156716763E+01
  0.703815761949E+01  0.703068351317E+01 -0.241381880116E-03
    1
  0.100000000000E+01  0.000000000000E+00  0.000000000000E+00
  0.000000000000E+00  0.100000000000E+01  0.000000000000E+00
  0.000000000000E+00  0.000000000000E+00  0.100000000000E+01
  0.000000000000E+00  0.000000000000E+00  0.000000000000E+00
   54
   20      0.000000000000      0.000000000000      0.000000000000
   20      2.346052539831      2.343561171057     -0.000080460627
   20     -2.346052539831     -2.343561171057      0.000080460627
   20      2.343365359159      0.000329303458      2.343855722544
   20      4.689417898990      2.343890474515      2.343775261918
   20     -0.002687180672     -2.343231867598      2.343936183171
   20     -2.343365359159     -0.000329303458     -2.343855722544
   20      0.002687180672      2.343231867598     -2.343936183171
   20     -4.689417898990     -2.343890474515     -2.343775261918
   20      0.003598927526      2.342538731096      2.343335798096
   20      2.349651467357      4.686099902153      2.343255337469
   20     -2.342453612305     -0.001022439960      2.343416258722
   20      2.346964286686      2.342868034554      4.687191520640
   20      4.693016826516      4.686429205611      4.687111060013
   12      0.000911746855     -0.000693136502      4.687271981267
   12     -2.339766431633      2.342209427638     -0.000519924449
   12      0.006286108198      4.685770598695     -0.000600385075
   12     -4.685818971464     -0.001351743418     -0.000439463822
   12     -0.003598927526     -2.342538731096     -2.343335798096
   12      2.342453612305      0.001022439960     -2.343416258722
   12     -2.349651467357     -4.686099902153     -2.343255337469
   20      2.339766431633     -2.342209427638      0.000519924449
   20      4.685818971464      0.001351743418      0.000439463822
   20     -0.006286108198     -4.685770598695      0.000600385075
   20     -2.346964286686     -2.342868034554     -4.687191520640
   12     -0.000911746855      0.000693136502     -4.687271981267
   12     -4.693016826516     -4.686429205611     -4.687111060013
    8     -0.000455873427      0.000346568251     -2.343635990633
    8      2.345596666403      2.343907739307     -2.343716451260
    8     -2.346508413258     -2.343214602805     -2.343555530007
    8      2.342909485732      0.000675871709      0.000219731911
    8      4.688962025563      2.344237042766      0.000139271284
    8     -0.003143054099     -2.342885299347      0.000300192538
    8      4.686274844890      0.001005175167      2.344075454454
    8      7.032327384722      2.344566346225      2.343994993828
    8      2.340222305060     -2.342555995889      2.344155915082
    8      0.003143054099      2.342885299347     -0.000300192538
    8      2.349195593929      4.686446470403     -0.000380653164
    8     -2.342909485732     -0.000675871709     -0.000219731911
    8      2.346508413258      2.343214602805      2.343555530007
    8      4.692560953089      4.686775773862      2.343475069380
    8      0.000455873427     -0.000346568251      2.343635990633
    8      4.689873772417      2.343543906264      4.687411252551
    8      7.035926312248      4.687105077321      4.687330791923
    8      2.343821232586     -0.000017264793      4.687491713178
    8      0.006741981626      4.685424030446      2.343035605560
    8      2.352794521455      7.028985201501      2.342955144933
    8     -2.339310558205      2.341862859388      2.343116066186
    8      2.350107340785      4.685753333903      4.686891328103
    8      4.696159880616      7.029314504959      4.686810867478
    8      0.004054800954      2.342192162846      4.686971788730
    8      4.693472699944      4.686082637360      7.030747050647
    8      7.039525239775      7.029643808417      7.030666590020
    8      2.347420160114      2.342521466303      7.030827511273
    0    0
