   3   1   1 E -1.6031091866676E+04 DE-3.9E-10( 11)
  0.235635161792E-01  0.699927557109E+01  0.702949417118E+01
  0.701013071690E+01 -0.107713512041E-03  0.704528800004E+01
  0.700507599455E+01  0.700453653468E+01  0.106075227011E-01
    1
  0.100000000000E+01  0.000000000000E+00  0.000000000000E+00
  0.000000000000E+00  0.100000000000E+01  0.000000000000E+00
  0.000000000000E+00  0.000000000000E+00  0.100000000000E+01
  0.000000000000E+00  0.000000000000E+00  0.000000000000E+00
   54
   20     -0.007920383424      0.003839901555     -0.035191478336
   20      2.353609742811      2.355486374413     -0.026561563036
   20     -2.327512698109     -2.381268708092     -0.066878269502
   20      2.352074870857     -0.024806125299      2.375838941791
   20      4.683260045672      2.335991963602      2.331881390370
   20      0.034519824338     -2.362318689098      2.344352962594
   20     -2.339357864500     -0.020566665071     -2.331358555321
   20      0.012479213377      2.396818867711     -2.333374480603
   12     -4.681905059289     -2.429491128349     -2.352833227456
   20     -0.058916004051      2.371293631315      2.368971581733
   20      2.312971920095      4.681290780382      2.354778362836
   20     -2.353648850613      0.028507751852      2.345791066483
   20      2.345174792630      2.372525996364      4.747492349083
   12      4.736659466646      4.717436906599      4.781104083170
   20     -0.038085637146     -0.001431162367      4.753640827905
   12     -2.305524797089      2.381503247005     -0.046002054650
   12      0.043825139578      4.652601177374     -0.089636547860
   20     -4.702608758434      0.020197257162     -0.006026863733
   12     -0.017476951389     -2.405639219382     -2.285434626364
   20      2.370769520769      0.009689848900     -2.354985438450
   12     -2.479911913707     -4.626333129889     -2.309368650680
   20      2.372050753180     -2.366830076063     -0.001845610756
   12      4.739608153515     -0.088256545528     -0.062617497507
   12     -0.128085640009     -4.647375856241     -0.024860793118
   20     -2.347303887153     -2.372337527152     -4.698753364371
   20     -0.013651557557      0.000955204716     -4.718521004103
   12     -4.607416241037     -4.645100163818     -4.698641510727
    8      0.006903727184     -0.027739022919     -2.343611734880
    8      2.453086371064      2.460129420068     -2.403158045449
    8     -2.333471938537     -2.442085812165     -2.344325338868
    8      2.413886070925      0.002589116614      0.006821787870
    8      4.760085227606      2.248363137817     -0.080777893431
    8      0.007196794683     -2.418710694394     -0.073330492273
    8      4.671077576150     -0.006305923694      2.339603878831
    8      7.066685551530      2.347999085529      2.290808669960
    8      2.341024244253     -2.422720544421      2.392557926272
    8     -0.073509953346      2.425304324358      0.013146310718
    8      2.247980695165      4.666136847852     -0.101129341404
    8     -2.332401682979      0.036258821175     -0.019520641154
    8      2.332094786980      2.347015178735      2.365393198202
    8      4.685238774151      4.663675629819      2.369357028707
    8     -0.005274942930      0.003563082118      2.355263409318
    8      4.689743044468      2.411726635026      4.752666020380
    8      7.015866570127      4.674134009067      4.762915316947
    8      2.322355073576     -0.047054741786      4.719127147435
    8     -0.001441781016      4.662190650055      2.360234821626
    8      2.341684398475      7.065512304966      2.334492455751
    8     -2.439314245757      2.330271143398      2.358597611906
    8      2.357081733939      4.676728209416      4.713562620397
    8      4.685668602460      6.982451599486      4.756616032236
    8     -0.094272631713      2.430748256978      4.788107538923
    8      4.805815053582      4.655024626615      6.947310946230
    8      6.892964916246      6.996184560115      7.052658721841
    8      2.410036788075      2.338895952707      7.109905637184
    0    0
