   3   1   1 E -1.6031050853328E+04 DE 2.7E-10( 11)
  0.432037399527E-02  0.702580843460E+01  0.698573354222E+01
  0.701923723274E+01 -0.674645604357E-02  0.699027599414E+01
  0.701985847759E+01  0.702465614297E+01 -0.103344382840E-02
    1
  0.100000000000E+01  0.000000000000E+00  0.000000000000E+00
  0.000000000000E+00  0.100000000000E+01  0.000000000000E+00
  0.000000000000E+00  0.000000000000E+00  0.100000000000E+01
  0.000000000000E+00  0.000000000000E+00  0.000000000000E+00
   54
   20      0.009057517292     -0.005565060129     -0.015337041570
   20      2.331766977060      2.343981198473     -0.017802495981
   20     -2.342581060065     -2.349338568189     -0.014762316697
   20      2.328076188675     -0.006570566840      2.337802942430
   20      4.675812869155      2.339959349998      2.339131082221
   20      0.008496605400     -2.345219910215      2.342121501826
   20     -2.343748244439     -0.003335079871     -2.329805164987
   12      0.023361930587      2.381944350869     -2.355608889717
   12     -4.715070659876     -2.357413523651     -2.301122060137
   20     -0.000548363172      2.345931936044      2.339029521022
   20      2.325541660253      4.682880090217      2.342168657711
   20     -2.341562642540      0.002349552994      2.340502218691
   12      2.305082915050      2.350254626691      4.696131823538
   20      4.686307114401      4.685832492738      4.678785991775
   12      0.014312517762      0.001142177267      4.690366033956
   20     -2.339230614676      2.350671410633     -0.008236634092
   12      0.123344423746      4.743988009069      0.006451977145
   20     -4.691069289191     -0.002870461421     -0.016373489083
   12      0.069981028924     -2.361017667695     -2.344596814955
   12      2.321196758654     -0.013392318540     -2.355405408571
   12     -2.345555653425     -4.689556532763     -2.362978711164
   12      2.319736615733     -2.346872401794     -0.030355922819
   20      4.673674517361     -0.004848293160     -0.009747407639
   20      0.002231654873     -4.686337925581     -0.015167324204
   20     -2.346721602634     -2.345573635067     -4.653930995718
   20     -0.001590114292     -0.003949609488     -4.651660507326
   20     -4.686427977001     -4.679659925011     -4.649270902927
    8      0.013185523819     -0.006367288743     -2.333259239474
    8      2.331803013761      2.344633708658     -2.334319396394
    8     -2.346087393626     -2.357730562864     -2.335239043127
    8      2.332510871193     -0.011914045386     -0.017998479248
    8      4.674814597415      2.339313462826     -0.018162227277
    8      0.018435318237     -2.351762160064     -0.012287651418
    8      4.673778982934     -0.007501142869      2.337735985537
    8      7.019654014268      2.336534425972      2.341771332845
    8      2.327307553008     -2.349432750249      2.335876228576
    8      0.004656201127      2.355092447770     -0.018358932610
    8      2.320301378159      4.681012928636     -0.017670665158
    8     -2.340925532437     -0.002773770429     -0.010622417485
    8      2.330366051055      2.343336479793      2.345609669998
    8      4.678393819450      4.681752469254      2.340137147953
    8      0.003766185477     -0.001490598970      2.340574862687
    8      4.677976030378      2.340481725451      4.665907231694
    8      7.069924006531      4.692078652424      4.677898268336
    8      2.317168961711     -0.008222034833      4.657779763155
    8     -0.001802653666      4.682957227313      2.335263983659
    8      2.334579161543      7.025113236504      2.338819227600
    8     -2.340077836468      2.345293214653      2.340581581124
    8      2.312286764078      4.682416634323      4.704425471205
    8      4.677597789120      7.037025441784      4.665565145555
    8      0.003160285581      2.342565437067      4.654580574486
    8      4.682830785887      4.681546856520      6.984439015128
    8      7.017151165407      7.007985173945      6.966708135915
    8      2.338742261889      2.347372662791      6.971307180407
    0    0
