   3   1   1 E -1.6031075141151E+04 DE 3.3E-10( 11)
 -0.111005538916E-01  0.698666069309E+01  0.698999200218E+01
  0.697810202362E+01  0.198674093006E-01  0.696490851463E+01
  0.699568766013E+01  0.698522216729E+01 -0.398900623361E-02
    1
  0.100000000000E+01  0.000000000000E+00  0.000000000000E+00
  0.000000000000E+00  0.100000000000E+01  0.000000000000E+00
  0.000000000000E+00  0.000000000000E+00  0.100000000000E+01
  0.000000000000E+00  0.000000000000E+00  0.000000000000E+00
   54
   20     -0.000370750566     -0.007597738689     -0.038852151596
   20      2.293336380897      2.371294023492     -0.046909999219
   20     -2.327480483520     -2.312138161659     -0.013061783953
   20      2.301926481401     -0.028620394698      2.331623548439
   20      4.691368154484      2.325066407598      2.338673241228
   20      0.052038040890     -2.338939157934      2.382581363296
   20     -2.318829995858     -0.029431184068     -2.335009109031
   12      0.018344223443      2.310562935099     -2.386963854467
   12     -4.737408357083     -2.422850484574     -2.283602455269
   20     -0.018157069898      2.356801285721      2.344414082667
   20      2.295641852617      4.714922318344      2.324891515476
   12     -2.340604270080      0.066530352608      2.393194911956
   20      2.284301350086      2.361896698077      4.675800047645
   20      4.703896378483      4.689748461796      4.667078651187
   12      0.059604377119     -0.009030923886      4.619834484237
   20     -2.329645553421      2.339904481730      0.020152038628
   12      0.015735762522      4.688702923187     -0.094744285455
   20     -4.702174347091     -0.017946460064      0.019801211987
   12      0.045302823605     -2.241993287321     -2.378299024202
   20      2.295384513790      0.020007624191     -2.370423609309
   20     -2.324655159492     -4.645824456733     -2.378839327028
   12      2.319662401090     -2.365101689501     -0.069576154489
   20      4.686772600640     -0.020991501289     -0.018402703846
   20      0.037011169833     -4.665577035793      0.005361112501
   20     -2.330704065361     -2.338380316859     -4.651546267518
   12     -0.021039657373     -0.215336965152     -4.483548640556
   12     -4.672333990436     -4.716124458035     -4.601605961368
    8     -0.010869885473     -0.012560701407     -2.413580748018
    8      2.262586547545      2.400528619067     -2.419247138623
    8     -2.330175953705     -2.330956312858     -2.354728883909
    8      2.313407784455     -0.029317796715     -0.034654573746
    8      4.676221341766      2.337052516783     -0.016552405604
    8      0.037443282795     -2.339843710818     -0.029228553569
    8      4.684531384774     -0.003888120392      2.327274582137
    8      7.087529591002      2.248374911086      2.416599145924
    8      2.320708738993     -2.393565302325      2.350721252238
    8     -0.014520211840      2.386636863512     -0.054504171808
    8      2.271969780070      4.682163496372     -0.058976401206
    8     -2.320455711984     -0.007397230274      0.022626373775
    8      2.307180367735      2.353847792433      2.326100217199
    8      4.695466951855      4.708143956256      2.350869405744
    8     -0.028880244744      0.002386474704      2.375355497206
    8      4.689997353315      2.346229955764      4.656699125868
    8      7.127154743373      4.679125521907      4.778066679027
    8      2.243886307348     -0.041724001530      4.653101948563
    8     -0.024336203584      4.743281974568      2.317903101739
    8      2.294054140050      7.045612282161      2.340454973100
    8     -2.365228347689      2.291129238751      2.340844481972
    8      2.287716380875      4.694242711314      4.668175091698
    8      4.720261584739      6.991403907212      4.627161441144
    8     -0.005085764464      2.352364327500      4.656989916208
    8      4.651723998149      4.674440095394      6.978784051537
    8      6.981247964799      6.914842676808      6.965352372440
    8      2.301642353506      2.400768772687      7.035474134623
    0    0
