   3   1   1 E -1.6031104208855E+04 DE 5.9E-09(  8)
 -0.111040660699E-01  0.699662772763E+01  0.700081395784E+01
  0.699063659663E+01  0.530967979020E-02  0.699103687107E+01
  0.699702481538E+01  0.699963698966E+01 -0.727765211003E-02
    1
  0.100000000000E+01  0.000000000000E+00  0.000000000000E+00
  0.000000000000E+00  0.100000000000E+01  0.000000000000E+00
  0.000000000000E+00  0.000000000000E+00  0.100000000000E+01
  0.000000000000E+00  0.000000000000E+00  0.000000000000E+00
   54
   20     -0.013982463422      0.006723737230     -0.019529905596
   20      2.365375456064      2.342850586176     -0.029777152050
   20     -2.353583457961     -2.328068594885     -0.065080880476
   20      2.353201037328     -0.023635433630      2.356031919011
   20      4.687435107054      2.294413537018      2.296714013291
   20      0.029073417269     -2.311324366788      2.366916907267
   20     -2.345897612839     -0.051399659131     -2.351105791775
   20      0.018926325996      2.334086941285     -2.342418651674
   12     -4.670124520783     -2.308629923160     -2.371307418070
   20     -0.067953442655      2.372507690533      2.387106776304
   20      2.285392746700      4.701302652096      2.311522524668
   20     -2.340718724717      0.051921579196      2.338181538029
   20      2.283602450195      2.303630446284      4.723561881535
   20      4.668192247484      4.682539148578      4.715486660354
   12      0.001492239543     -0.083856423996      4.716464909842
   12     -2.367585761004      2.293453110225     -0.000371976074
   20     -0.022460346193      4.710012126760     -0.001334540430
   12     -4.691756313625      0.001139882477     -0.019156016858
   12     -0.036214050655     -2.311830533089     -2.383835818722
   20      2.351182868058      0.004384770586     -2.334989554280
   12     -2.277768342329     -4.621598196362     -2.269347074993
   20      2.377741721850     -2.345700587081     -0.002925713623
   12      4.724819602409      0.025325242397      0.012952855285
   20     -0.010774234775     -4.714141878907     -0.012761363088
   12     -2.323158980285     -2.332294077171     -4.683950005493
   12     -0.032889758488     -0.068939851761     -4.677564496394
   20     -4.610952502808     -4.666695961105     -4.662005512811
    8     -0.007819303720     -0.084258670291     -2.410441626787
    8      2.422120640133      2.411545869489     -2.327186246253
    8     -2.324563409331     -2.420049053481     -2.429390308405
    8      2.397701880325     -0.002373606617      0.013315523485
    8      4.666444248038      2.254999777356     -0.087814062712
    8     -0.024029897077     -2.329422068624     -0.039343034040
    8      4.766011589144     -0.071890776034      2.226674088959
    8      6.997519932567      2.269523715249      2.330005994406
    8      2.440486244974     -2.324508372442      2.429215965290
    8     -0.041852072780      2.336976914506     -0.018639480383
    8      2.332674055897      4.764622839289     -0.090415864202
    8     -2.405599080806      0.078770503320     -0.008947258670
    8      2.327608995872      2.335373392476      2.342948299685
    8      4.657904797504      4.674482511628      2.330552420269
    8      0.006332615548      0.012148811939      2.389770478719
    8      4.660331249705      2.324337388128      4.723778949315
    8      7.063616275733      4.752799273394      4.659595941745
    8      2.220495741936     -0.081679521331      4.754999373151
    8     -0.085164272857      4.767305198431      2.412935828338
    8      2.232678287322      6.992676238976      2.272865159823
    8     -2.329946347364      2.423433732891      2.305987003600
    8      2.261958236898      4.657108794520      4.649823037836
    8      4.769620451002      7.069148777540      4.753894292660
    8     -0.111784699803      2.364183201216      4.674375788973
    8      4.653391519741      4.649567232130      7.069224691020
    8      6.956827095710      6.996781030494      6.991635415302
    8      2.410928575011      2.229305688926      7.013680811305
    0    0
