   3   1   1 E -1.6031047774979E+04 DE 3.2E-10( 11)
  0.221074473901E-01  0.700495088387E+01  0.702851950450E+01
  0.699597756433E+01  0.217592518558E-01  0.702227708915E+01
  0.702979414218E+01  0.702468170286E+01 -0.436779158013E-02
    1
  0.100000000000E+01  0.000000000000E+00  0.000000000000E+00
  0.000000000000E+00  0.100000000000E+01  0.000000000000E+00
  0.000000000000E+00  0.000000000000E+00  0.100000000000E+01
  0.000000000000E+00  0.000000000000E+00  0.000000000000E+00
   54
   20      0.001085907909     -0.003295927939     -0.001880648577
   20      2.343504230925      2.340490779105     -0.001612951052
   20     -2.341991755582     -2.343166637804     -0.000465223326
   20      2.340118472301     -0.004154491805      2.342843423842
   20      4.683786683367      2.340857757145      2.338125905551
   20     -0.003433187786     -2.340585220088      2.345492756206
   20     -2.327814007163     -0.015891369996     -2.340541119184
   20      0.012628230927      2.332996850602     -2.342844197632
   12     -4.684651177595     -2.346222435209     -2.350956941739
   20     -0.005158815649      2.346416376623      2.343158222452
   20      2.345155644988      4.683942426187      2.342764450303
   20     -2.339658039343     -0.003410056608      2.345372458446
   20      2.340876685540      2.341729082944      4.682025059319
   12      4.695898310248      4.687206869162      4.691595454404
   12     -0.007276125435     -0.015712807893      4.691082454400
   12     -2.401701703440      2.396916322226      0.010968652793
   20      0.006177381357      4.679895634645     -0.000892402684
   20     -4.673838917145     -0.011873384666      0.000727422426
   12     -0.076032495545     -2.262641558681     -2.355214957579
   20      2.342837874079      0.000347780630     -2.342947089630
   20     -2.350361652291     -4.675191973204     -2.342374113394
   20      2.337079535510     -2.337668545532     -0.000286511492
   12      4.754821722106     -0.034115697788     -0.005860447632
   20     -0.013370942875     -4.674782788761     -0.002617481637
   12     -2.336126960335     -2.346766125549     -4.683261834891
   12      0.009527391181     -0.037296431654     -4.682504720527
   12     -4.681215403775     -4.667850916016     -4.681006752412
    8      0.007877787578     -0.012919794181     -2.340907696443
    8      2.344743709197      2.345312899975     -2.342058452770
    8     -2.339448522313     -2.345052190551     -2.341278126862
    8      2.344082610344     -0.002063834509      0.001111299896
    8      4.683877581911      2.342117754405     -0.004181959957
    8     -0.002985404169     -2.341084023802     -0.002333444420
    8      4.684946504026     -0.007328669256      2.338265234319
    8      7.022035146334      2.342756614439      2.339425508103
    8      2.345261812270     -2.348477256816      2.350476102236
    8     -0.001180140992      2.339754901531     -0.001258202383
    8      2.347203207566      4.680580504358     -0.004451529484
    8     -2.337226975157     -0.004408817710     -0.000248961666
    8      2.340598151647      2.342156179967      2.340651627637
    8      4.688541834431      4.682789524360      2.341721996676
    8     -0.002737907777     -0.002294692248      2.345084420137
    8      4.675947096434      2.349340908234      4.680545176031
    8      7.014138324922      4.697104378649      4.677764556259
    8      2.327899366911      0.000551389915      4.680158306687
    8     -0.011100832956      4.701610782602      2.338497583305
    8      2.351780174927      7.018134926699      2.344820476980
    8     -2.354960714688      2.352079819455      2.348809979130
    8      2.353264533941      4.675166719597      4.684947212976
    8      4.719517980770      7.003325976270      4.679908338150
    8      0.003015495651      2.338881039026      4.683041991862
    8      4.680471185711      4.685453366615      7.022874058429
    8      7.010098865697      7.034244572191      7.021733085500
    8      2.348928433860      2.333356784300      7.026922162238
    0    0
