   3   1   1 E -1.6031084392058E+04 DE-7.0E-10( 11)
 -0.142566239410E-01  0.701936632929E+01  0.697455826753E+01
  0.699151971216E+01  0.268878954955E-01  0.693960373864E+01
  0.700920246306E+01  0.700802888214E+01  0.286584581454E-02
    1
  0.100000000000E+01  0.000000000000E+00  0.000000000000E+00
  0.000000000000E+00  0.100000000000E+01  0.000000000000E+00
  0.000000000000E+00  0.000000000000E+00  0.100000000000E+01
  0.000000000000E+00  0.000000000000E+00  0.000000000000E+00
   54
   20      0.015828535285     -0.033692499346     -0.033470397359
   20      2.301607429702      2.375910026704     -0.084585568072
   20     -2.382265287743     -2.312750643421     -0.046507971545
   20      2.338882235340     -0.002474424195      2.364761488335
   20      4.660099659132      2.343067321855      2.313133984475
   20      0.036406111655     -2.306179714449      2.326182887130
   20     -2.368028702538     -0.052081657287     -2.300572408583
   20      0.025431374020      2.334787534877     -2.326078909442
   12     -4.688988574490     -2.336428056124     -2.189136247313
   20     -0.013664304942      2.382425997133      2.363556612359
   20      2.281400470082      4.725203215722      2.305071704548
   12     -2.271892649278      0.039983150240      2.285751831399
   12      2.335301157853      2.352436180613      4.682055803550
   20      4.650278022335      4.700629978967      4.669787959155
   20      0.034454198806      0.034962229757      4.697588378426
   20     -2.381035277129      2.339625934416      0.022130079467
   12      0.159047922097      4.765055114251     -0.068939452710
   12     -4.799626354208     -0.125148240660     -0.079363497990
   12      0.047426274073     -2.422289696665     -2.359588003500
   20      2.306068923989     -0.035615854259     -2.367003070256
   12     -2.323308611991     -4.647546235391     -2.253100191730
   12      2.262033819035     -2.291416331914     -0.107929238461
   20      4.714948702106     -0.019971737962      0.004933169432
   20      0.037414205091     -4.665185182221     -0.072102049049
   20     -2.314582548403     -2.362870296595     -4.588745152643
   12     -0.036851876159     -0.131580159951     -4.662772310370
   20     -4.646344291762     -4.708743481136     -4.646681124603
    8     -0.011381100542     -0.098588810177     -2.400734845835
    8      2.406978933555      2.376683795929     -2.325953589006
    8     -2.368774527261     -2.440777816564     -2.293361483849
    8      2.354083625647     -0.047982302394     -0.011247868100
    8      4.657332095645      2.342488258443     -0.089577620175
    8      0.108030917629     -2.339595835693     -0.095687734597
    8      4.711376801537     -0.003948828907      2.345179703575
    8      7.010464773593      2.300753835409      2.292944308305
    8      2.329286993930     -2.333214638436      2.335586509911
    8      0.004496201904      2.395523752972     -0.007383009798
    8      2.196572060202      4.761839134546     -0.130315209752
    8     -2.376595368339     -0.005207622849      0.055561580167
    8      2.326021755746      2.373958519645      2.364116918951
    8      4.664750840450      4.753675154316      2.318945133188
    8     -0.028516436816      0.017565090404      2.342099518993
    8      4.588547679374      2.358518214780      4.650625973682
    8      7.111026151136      4.703455231747      4.740949138146
    8      2.321186816912      0.028698213228      4.773002881661
    8      0.002039804059      4.791772517213      2.384690196701
    8      2.241073485301      7.016547314465      2.214573630054
    8     -2.352490975212      2.233935822965      2.438704734092
    8      2.227709005242      4.586271573170      4.705552738399
    8      4.663835087675      7.097601646429      4.586061833854
    8      0.048286207777      2.478485409036      4.670180499020
    8      4.651376667506      4.688274748341      6.972075974262
    8      7.155621213816      6.914232644011      7.102345119734
    8      2.316715708301      2.353196486149      6.839311997730
    0    0
