   3   1   1 E -1.6031100504611E+04 DE-3.6E-09(  9)
  0.104057592194E-01  0.702680174590E+01  0.701088481847E+01
  0.704808152037E+01 -0.126179312268E-01  0.702920196981E+01
  0.702697931181E+01  0.701592217815E+01  0.161267086223E-01
    1
  0.100000000000E+01  0.000000000000E+00  0.000000000000E+00
  0.000000000000E+00  0.100000000000E+01  0.000000000000E+00
  0.000000000000E+00  0.000000000000E+00  0.100000000000E+01
  0.000000000000E+00  0.000000000000E+00  0.000000000000E+00
   54
   20      0.005743125858      0.019286224570     -0.086580714248
   20      2.316361319273      2.344738952447     -0.070085129375
   20     -2.333837518446     -2.356277245597     -0.051388502129
   20      2.334696081992     -0.039725689140      2.398436236227
   20      4.738355440688      2.333843804629      2.366009581436
   20      0.024925680263     -2.374329108584      2.381732668453
   20     -2.321974203258     -0.002209863743     -2.330782101183
   12      0.088528289362      2.359001331021     -2.333734168598
   12     -4.807792986239     -2.307525309690     -2.320634309908
   20     -0.022138166695      2.362523507039      2.364060676711
   20      2.309064778920      4.721371459800      2.333560069709
   20     -2.353804544246      0.046808254669      2.345842466827
   20      2.320002010316      2.340192925554      4.700039739851
   20      4.738135308837      4.686518342837      4.730573090432
   12      0.043029958477     -0.049779523940      4.760229648296
   12     -2.233044632756      2.381645808172     -0.005127905726
   12     -0.034189480562      4.624069222106     -0.116582179106
   20     -4.715560911365      0.048538966604     -0.016004494857
   12      0.065501906967     -2.343322853788     -2.284473432095
   12      2.259526276940     -0.021390778476     -2.364134256666
   20     -2.364743615774     -4.691548499845     -2.354534673124
   20      2.341457270343     -2.399717825605      0.015716455441
   20      4.731578828932     -0.021603451484     -0.000723733261
   12     -0.016050280254     -4.603848678495     -0.077288891026
   20     -2.344133759617     -2.384582697116     -4.670511609816
   20      0.017947836149      0.016736405297     -4.660895710086
   12     -4.733963235782     -4.667528769122     -4.653736127446
    8      0.119955154508     -0.017731094621     -2.348594757946
    8      2.220757884827      2.323292374064     -2.414338853113
    8     -2.329751111814     -2.342829760118     -2.343146101986
    8      2.363841425690     -0.007043979550     -0.028438515832
    8      4.769646740060      2.326677719586      0.000606669481
    8     -0.002459488813     -2.438069344675     -0.084672445599
    8      4.704737595453     -0.012118671281      2.362933803047
    8      7.114461233006      2.338396082935      2.371512520380
    8      2.341577312290     -2.428794440042      2.431088770307
    8     -0.070970249919      2.445891560753     -0.085444735597
    8      2.231808661796      4.669380675763     -0.119111462912
    8     -2.334124373564      0.078660928272     -0.020114316810
    8      2.350481993557      2.343582795613      2.364973857292
    8      4.691137257226      4.680018981583      2.346763802167
    8     -0.000068194422      0.006179887417      2.372946916398
    8      4.804453397068      2.337488508941      4.758422851692
    8      7.115383588887      4.696410393593      4.797028971431
    8      2.233086720209     -0.096514228491      4.703338531651
    8      0.014087392145      4.684113416148      2.353094644563
    8      2.353282378447      7.119008132387      2.432724854310
    8     -2.447634728078      2.340209127663      2.225016602847
    8      2.237068576505      4.763924226162      4.702821542213
    8      4.716280872156      7.014462224901      4.701135928288
    8      0.002309314167      2.362079078358      4.766877774453
    8      4.810572157694      4.565776826370      7.005030567696
    8      7.034151943407      7.019547706159      6.929260170965
    8      2.286905430481      2.341592929709      7.072260451977
    0    0
