   3   1   1 E -1.6031095279517E+04 DE-8.1E-10( 11)
  0.133119888294E-01  0.704013923757E+01  0.703130556601E+01
  0.698269542597E+01 -0.406733473353E-02  0.703986206317E+01
  0.697535838482E+01  0.703702337684E+01  0.863342839399E-02
    1
  0.100000000000E+01  0.000000000000E+00  0.000000000000E+00
  0.000000000000E+00  0.100000000000E+01  0.000000000000E+00
  0.000000000000E+00  0.000000000000E+00  0.100000000000E+01
  0.000000000000E+00  0.000000000000E+00  0.000000000000E+00
   54
   20      0.042284840671     -0.028570459879     -0.054762066957
   20      2.325187574695      2.319750301828     -0.071291408877
   20     -2.303481512221     -2.333180166363     -0.013225460598
   20      2.346818814888     -0.055066323262      2.357585675861
   20      4.703952241391      2.303795310051      2.343579666562
   20      0.023641559119     -2.335002055014      2.380648697943
   20     -2.267559121572     -0.022315381122     -2.354804968832
   12     -0.003367117554      2.320335529872     -2.387935799504
   12     -4.784048379517     -2.293037604960     -2.294513705560
   20     -0.012741092632      2.330350071271      2.400186516190
   20      2.303757972545      4.759714776300      2.372251963654
   12     -2.307330979685      0.016102565005      2.406901454779
   20      2.307743223685      2.355426606451      4.706288483099
   20      4.648400023258      4.759231939541      4.690651527086
   12      0.014046995452     -0.036104642589      4.667190289571
   20     -2.327628727908      2.349082397313      0.016662262963
   20     -0.029589538839      4.739369718234     -0.066955691736
   20     -4.677069464155     -0.014287456926      0.006212213027
   12      0.069050683236     -2.294856133455     -2.340115550866
   12      2.313271831378     -0.058516074432     -2.316665887352
   20     -2.343468859720     -4.727343359937     -2.352050746167
   12      2.324768480726     -2.274841347217     -0.092696987381
   12      4.643536264589     -0.003230275121     -0.016485112964
   20      0.004487946266     -4.722703472272     -0.024451177204
   20     -2.339428932011     -2.310611935233     -4.691730777119
   12     -0.029222837467      0.032921222218     -4.590496583850
   20     -4.683154096316     -4.709174318110     -4.637340156149
    8      0.140276230957     -0.025642477352     -2.441401603095
    8      2.187328269805      2.364088901271     -2.330862498555
    8     -2.301340169646     -2.341918167470     -2.339769093548
    8      2.451626045847     -0.123627872954     -0.107101829276
    8      4.656243840053      2.274079659120     -0.008135994372
    8      0.119692964276     -2.342883414880     -0.055508133965
    8      4.762094965877     -0.006081218837      2.331243028759
    8      6.990428945361      2.249303119600      2.448931591872
    8      2.325204837879     -2.340037839735      2.378009326474
    8     -0.002327077350      2.340870890991     -0.059427517853
    8      2.307604462919      4.707769504946     -0.053461433004
    8     -2.303788861700     -0.008210631646     -0.000225761376
    8      2.325072080666      2.329299824391      2.344330178803
    8      4.659705582715      4.761298479924      2.359952964834
    8     -0.080423627111     -0.006110219487      2.404598287537
    8      4.731157372033      2.350726484454      4.702983261579
    8      7.067432521600      4.716668251852      4.690875479216
    8      2.250470459059     -0.085627540944      4.710005156433
    8     -0.006658445578      4.784249450189      2.405956408226
    8      2.356276647563      7.039526661959      2.468717014914
    8     -2.332719914699      2.275466732655      2.359212636487
    8      2.210481172294      4.781877354914      4.728090080675
    8      4.633450217752      7.038129002631      4.672143472611
    8      0.012520086998      2.328840552934      4.685479929874
    8      4.560165034121      4.782464293024      7.010677585074
    8      6.854638314538      7.035694163731      6.977129196687
    8      2.333676349764      2.381475381071      7.034026354426
    0    0
