   3   1   1 E -1.6031036927208E+04 DE 6.3E-10(  2)
  0.364393248941E-03  0.703110943439E+01  0.702715760625E+01
  0.702463368115E+01 -0.222135823450E-02  0.702551581700E+01
  0.703251987926E+01  0.702893086866E+01 -0.219036513660E-02
    1
  0.100000000000E+01  0.000000000000E+00  0.000000000000E+00
  0.000000000000E+00  0.100000000000E+01  0.000000000000E+00
  0.000000000000E+00  0.000000000000E+00  0.100000000000E+01
  0.000000000000E+00  0.000000000000E+00  0.000000000000E+00
   54
   20      0.000000000000      0.000000000000      0.000000000000
   20      2.344173293086      2.342976956221     -0.000730121712
   20     -2.344173293086     -2.342976956221      0.000730121712
   20      2.341544560385     -0.000740452745      2.341838605668
   20      4.685717853471      2.342236503476      2.341108483955
   20     -0.002628732702     -2.343717408966      2.342568727380
   20     -2.341544560385      0.000740452745     -2.341838605668
   20      0.002628732702      2.343717408966     -2.342568727380
   12     -4.685717853471     -2.342236503476     -2.341108483955
   20      0.000121464416      2.343703144797      2.342385868751
   20      2.344294757503      4.686680101018      2.341655747039
   12     -2.344051828670      0.000726188575      2.343115990463
   12      2.341666024801      2.342962692052      4.684224474418
   20      4.685839317888      4.685939648273      4.683494352706
   20     -0.002507268285     -0.000014264169      4.684954596131
   20     -2.341423095969      2.344443597542      0.000547263083
   12      0.002750197118      4.687420553763     -0.000182858629
   20     -4.685596389055      0.001466641320      0.001277384795
   20     -0.000121464416     -2.343703144797     -2.342385868751
   12      2.344051828670     -0.000726188575     -2.343115990463
   12     -2.344294757503     -4.686680101018     -2.341655747039
   12      2.341423095969     -2.344443597542     -0.000547263083
   20      4.685596389055     -0.001466641320     -0.001277384795
   12     -0.002750197118     -4.687420553763      0.000182858629
   12     -2.341666024801     -2.342962692052     -4.684224474418
   20      0.002507268285      0.000014264169     -4.684954596131
   20     -4.685839317888     -4.685939648273     -4.683494352706
    8      0.001253634143      0.000007132085     -2.342477298065
    8      2.345426927228      2.342984088305     -2.343207419778
    8     -2.342919658944     -2.342969824137     -2.341747176353
    8      2.342798194527     -0.000733320660     -0.000638692398
    8      4.686971487613      2.342243635560     -0.001368814110
    8     -0.001375098559     -2.343710276881      0.000091429315
    8      4.684342754911     -0.001473773405      2.341199913269
    8      7.028516047997      2.341503182815      2.340469791557
    8      2.340169461824     -2.344450729626      2.341930034980
    8      0.001375098559      2.343710276881     -0.000091429315
    8      2.345548391644      4.686687233102     -0.000821551027
    8     -2.342798194527      0.000733320660      0.000638692398
    8      2.342919658944      2.342969824137      2.341747176353
    8      4.687092952029      4.685946780357      2.341017054641
    8     -0.001253634143     -0.000007132085      2.342477298065
    8      4.684464219327      2.342229371392      4.683585782019
    8      7.028637512413      4.685206327612      4.682855660308
    8      2.340290926239     -0.000747584830      4.684315903730
    8      0.001496562975      4.687413421677      2.342294439435
    8      2.345669856062      7.030390377897      2.341564317722
    8     -2.342676730111      2.344436465457      2.343024561148
    8      2.343041123360      4.686672968932      4.684133045103
    8      4.687214416446      7.029649925153      4.683402923390
    8     -0.001132169726      2.343696012712      4.684863166816
    8      4.684585683743      4.685932516188      7.025971650769
    8      7.028758976829      7.028909472408      7.025241529057
    8      2.340412390656      2.342955559967      7.026701772481
    0    0
