   3   1   1 E -1.6031092586759E+04 DE-6.8E-09(  9)
 -0.523709613227E-02  0.699230606156E+01  0.699976751101E+01
  0.698655521834E+01 -0.159504490484E-01  0.700616601183E+01
  0.700439706494E+01  0.700781382413E+01 -0.255280465919E-01
    1
  0.100000000000E+01  0.000000000000E+00  0.000000000000E+00
  0.000000000000E+00  0.100000000000E+01  0.000000000000E+00
  0.000000000000E+00  0.000000000000E+00  0.100000000000E+01
  0.000000000000E+00  0.000000000000E+00  0.000000000000E+00
   54
   20     -0.001963139391     -0.021400602697     -0.037404495299
   20      2.322418949095      2.362390433771     -0.048964818229
   20     -2.328080597068     -2.343795727774     -0.010828830695
   20      2.350142589946     -0.035095625624      2.386840831535
   20      4.671365534348      2.355220223808      2.367432852763
   20     -0.013926794272     -2.336035235573      2.357713069815
   20     -2.332415685160     -0.027160329036     -2.351067206421
   20      0.036028077651      2.380575796819     -2.300563029453
   12     -4.673910063697     -2.316563608230     -2.325503836425
   20     -0.031485172109      2.377696336960      2.364620009074
   20      2.325601404614      4.684960080060      2.392419618089
   12     -2.396531433801     -0.124155999158      2.394482338530
   12      2.279241772001      2.404937020883      4.693072149825
   12      4.653923144911      4.675368641888      4.642782097193
   20     -0.020672593706     -0.030458321783      4.710676425952
   20     -2.336136353579      2.388200840013      0.022017605502
   12     -0.026558929753      4.656262179840     -0.057502011108
   20     -4.695883866006     -0.002188131502     -0.030641491582
   12     -0.037240284280     -2.358991758500     -2.302029923573
   12      2.364343547824     -0.098503961439     -2.363151402286
   20     -2.346412772050     -4.663918166930     -2.391855617514
   20      2.332108862595     -2.358409275299     -0.086617513724
   20      4.685709496762     -0.046000341971     -0.040108827582
   12      0.041106306561     -4.577268757067     -0.046159648894
   12     -2.280671917089     -2.285528087024     -4.630696386595
   20      0.019708433857     -0.035871431932     -4.683251005478
   20     -4.624871418672     -4.647574772681     -4.617692199788
    8      0.084547292004     -0.084014810506     -2.352338482748
    8      2.351257169382      2.383178835919     -2.351386660124
    8     -2.286402754418     -2.337937871591     -2.401548354647
    8      2.336628494042     -0.014539558782     -0.069857990172
    8      4.730983283477      2.342500376501     -0.023008731363
    8     -0.001843402210     -2.415782271866     -0.085893654918
    8      4.666285631017     -0.081391626809      2.332733557129
    8      7.000540436579      2.343331740037      2.298569802055
    8      2.370267416436     -2.344811479443      2.379506400627
    8      0.004339841238      2.408331289058      0.007378342723
    8      2.299500623609      4.674658634093     -0.043493644624
    8     -2.329933243198     -0.007935454404      0.022276790461
    8      2.318813412575      2.344574518701      2.400407673480
    8      4.664128379948      4.763872971113      2.409169219026
    8     -0.050195887321     -0.013980143207      2.376822999548
    8      4.587776268883      2.424526802029      4.678471409059
    8      6.998746725785      4.664195171842      4.743667829452
    8      2.324469939017     -0.046709813355      4.677928725307
    8     -0.091293478644      4.662129102512      2.321370706740
    8      2.393236932623      6.991523578247      2.349972232963
    8     -2.334951342932      2.363799355000      2.346281375323
    8      2.326470626274      4.667528875051      4.651961256102
    8      4.576869005819      6.870827695296      4.601324402388
    8      0.087135775395      2.441842472163      4.743684932690
    8      4.740100601857      4.663653353658      6.973714165912
    8      6.987630565940      6.955228749438      6.976277997967
    8      2.245672929464      2.333470554353      6.939813589142
    0    0
