   3   1   1 E -1.6031067985327E+04 DE 5.7E-10( 11)
  0.139722351323E-01  0.699498194872E+01  0.696170626623E+01
  0.700370690329E+01  0.105037891215E-01  0.695795208796E+01
  0.701914442600E+01  0.700117190127E+01  0.752453220876E-03
    1
  0.100000000000E+01  0.000000000000E+00  0.000000000000E+00
  0.000000000000E+00  0.100000000000E+01  0.000000000000E+00
  0.000000000000E+00  0.000000000000E+00  0.100000000000E+01
  0.000000000000E+00  0.000000000000E+00  0.000000000000E+00
   54
   20      0.025464172408      0.000501608207     -0.051858847124
   20      2.339510828305      2.326364871835     -0.099126012186
   20     -2.356948851672     -2.343946919113     -0.049532038615
   20      2.347995086412     -0.000540244191      2.368176391314
   20      4.675850079525      2.326984043954      2.333551166508
   20      0.018284113425     -2.356530431175      2.364590515601
   20     -2.335639792993     -0.011493558859     -2.302980192483
   12      0.036974890661      2.378486453772     -2.424239774284
   12     -4.717782125979     -2.311966930407     -2.407258118100
   20      0.015142263479      2.349114955888      2.354569252074
   20      2.328363667873      4.689580641031      2.338842370238
   20     -2.388964338689      0.045647168314      2.347661485245
   12      2.270374776537      2.336183117494      4.645150299329
   20      4.635909904393      4.687441095223      4.674629489388
   20      0.007086407988      0.033700264778      4.691440246797
   20     -2.366443957031      2.315083998286     -0.013060160195
   20      0.019997055513      4.682127172418     -0.026184838984
   12     -4.684357223215      0.198642382932     -0.051661869847
   12      0.127534135525     -2.428713773008     -2.290878386663
   12      2.366579213303      0.003972312291     -2.312395999634
   12     -2.353147033601     -4.684248363244     -2.303649890085
   20      2.325251461733     -2.356307378622     -0.025402213189
   12      4.597817802206      0.028406862854      0.011944903161
   20      0.020285924198     -4.683714662736     -0.018748283440
   20     -2.349557487626     -2.365363198841     -4.596060102493
   20      0.042353822780      0.014014358296     -4.608869957687
   12     -4.633006791528     -4.856784207745     -4.572488200970
    8      0.088137648751      0.004531101334     -2.314374940731
    8      2.310504773309      2.318103891666     -2.551139659945
    8     -2.351461930963     -2.414179441118     -2.301089370427
    8      2.380455136456     -0.002329852051     -0.038888822983
    8      4.668916991698      2.281538975906     -0.082050930693
    8      0.007734423467     -2.349222338785     -0.042852169039
    8      4.661525748678      0.002955099640      2.325012271010
    8      7.077687194414      2.329286591855      2.391732249660
    8      2.334117438998     -2.387384580808      2.395798351147
    8      0.010671554913      2.339354492632     -0.061553997496
    8      2.339913482256      4.704777995128     -0.076774296186
    8     -2.369211064766      0.001545931415     -0.027235485638
    8      2.341587703193      2.336798584938      2.340113292902
    8      4.658032777882      4.677228120260      2.341419989134
    8      0.004553976352      0.012055402190      2.348599699330
    8      4.650592267388      2.334915119207      4.652360778888
    8      7.047786911063      4.639487019189      4.669990459045
    8      2.346061827204      0.020110309873      4.718809978575
    8      0.038774338047      4.654931963767      2.353760177249
    8      2.346056471151      7.090378211369      2.338236404011
    8     -2.374745649331      2.328484940774      2.370206713973
    8      2.272927678478      4.657705404146      4.646495764135
    8      4.596217416158      7.087323676705      4.724736065833
    8      0.032297359160      2.389439704867      4.666554306594
    8      4.651070747841      4.691368896909      6.959570497195
    8      7.044735592515      7.018971542783      6.967378513991
    8      2.335837221656      2.245140972558      6.950871560150
    0    0
