   3   1   1 E -1.6031058690208E+04 DE 5.2E-08(  8)
  0.112395032809E-01  0.701561076100E+01  0.702806754770E+01
  0.699671176912E+01  0.255376966018E-01  0.700866166531E+01
  0.703084138163E+01  0.702214410487E+01 -0.103147192122E-02
    1
  0.100000000000E+01  0.000000000000E+00  0.000000000000E+00
  0.000000000000E+00  0.100000000000E+01  0.000000000000E+00
  0.000000000000E+00  0.000000000000E+00  0.100000000000E+01
  0.000000000000E+00  0.000000000000E+00  0.000000000000E+00
   54
   20      0.001262221538     -0.001397237561     -0.001266242634
   20      2.340770139900      2.353082815991     -0.010017614186
   20     -2.358717273090     -2.334869160325     -0.009357914737
   20      2.345865300404     -0.008147701285      2.337111099949
   20      4.678176804250      2.349855817600      2.336391142673
   20      0.004421662482     -2.343489229728      2.341852913248
   20     -2.335459864286     -0.011955414822     -2.334830963483
   20      0.015669803319      2.340787513266     -2.335924425882
   12     -4.631764920468     -2.380142335839     -2.317601206645
   20     -0.009082616878      2.354554856151      2.336491719562
   20      2.329023843536      4.701087432368      2.330331721087
   20     -2.354433462918      0.007765008183      2.344273854276
   20      2.334419673696      2.351661927477      4.684425730585
   12      4.664215378193      4.702967525961      4.685690140129
   20      0.003584462417     -0.009671246097      4.683798606929
   20     -2.341869408729      2.346123925867      0.006866254355
   12      0.007000635563      4.711010375621     -0.001034428312
   12     -4.688639037755     -0.022458565526      0.045443865248
   20     -0.016479496185     -2.333264833956     -2.345464965737
   20      2.339573919028      0.007460078293     -2.349535378507
   12     -2.405344151039     -4.667170168526     -2.390743643375
   12      2.357545962542     -2.351715329604      0.002304547604
   20      4.683545503422     -0.007234007041      0.000763565346
   20     -0.004571019229     -4.680300214885     -0.001507416103
   12     -2.329195239895     -2.379094055618     -4.666729878400
   12      0.034014127021     -0.031041465906     -4.686185594510
   12     -4.630616727447     -4.720919051203     -4.663872688591
    8     -0.001065928969      0.000046569438     -2.340869893818
    8      2.363318801474      2.358449304631     -2.354171294206
    8     -2.367128001492     -2.342730550235     -2.361930255104
    8      2.344757186821     -0.006568790973     -0.005013866986
    8      4.680225619528      2.344459448202     -0.010196354382
    8      0.000543954110     -2.340467308958     -0.000810218428
    8      4.683840087107     -0.005284327502      2.342042541459
    8      7.030056108011      2.341035247401      2.334787713365
    8      2.368001295673     -2.362132328941      2.344097408540
    8      0.002219878810      2.354828890055     -0.001651564332
    8      2.320314282090      4.706788846851     -0.027525190440
    8     -2.351863550152      0.001521734455     -0.001659420551
    8      2.336426517199      2.351357255868      2.333456742696
    8      4.677413679354      4.690250559597      2.339848745305
    8     -0.000446680482     -0.001426059835      2.339663083829
    8      4.666373798367      2.365782518491      4.677422313303
    8      7.029200211627      4.684809039811      4.677694349710
    8      2.340404767681     -0.006294173752      4.685307869842
    8     -0.025301681711      4.707839330444      2.331330595952
    8      2.324699026338      7.047588774587      2.328012246089
    8     -2.358999116379      2.361172672367      2.358524896165
    8      2.349622545677      4.688384080279      4.689089670701
    8      4.688809145326      7.016997590077      4.681310944954
    8     -0.009406772291      2.342831353180      4.680953977501
    8      4.668825944869      4.690050538583      7.025087458250
    8      7.053242277539      6.996808450989      7.042167031385
    8      2.327567327662      2.355230607145      7.031997504228
    0    0
