   3   1   1 E -1.6031047501466E+04 DE 4.9E-08(  8)
  0.169278673679E-01  0.701588198911E+01  0.701903452110E+01
  0.701535097092E+01  0.792625966802E-02  0.702122633901E+01
  0.702395115476E+01  0.702138407820E+01  0.480244864367E-02
    1
  0.100000000000E+01  0.000000000000E+00  0.000000000000E+00
  0.000000000000E+00  0.100000000000E+01  0.000000000000E+00
  0.000000000000E+00  0.000000000000E+00  0.100000000000E+01
  0.000000000000E+00  0.000000000000E+00  0.000000000000E+00
   54
   20      0.011319114121     -0.008536218652     -0.007157051427
   20      2.342302958158      2.336393129203     -0.004131678031
   20     -2.344524428889     -2.338825229616     -0.001475658728
   20      2.338840269657     -0.007059874706      2.347332071605
   20      4.678044369060      2.342018092983      2.347030027841
   20      0.005493271418     -2.338332657042      2.348059794312
   20     -2.340968065447     -0.008835517498     -2.334765986443
   12     -0.003642627205      2.306225233838     -2.333448048759
   12     -4.678824762648     -2.320831886341     -2.319230341286
   20      0.007947460200      2.338608558829      2.345087238902
   12      2.328472896800      4.717657823019      2.355808543239
   20     -2.337240652589     -0.008102564904      2.345988380344
   20      2.333724781192      2.350176377521      4.682103092990
   20      4.679492937751      4.695150763772      4.690533446237
   12      0.016843567138     -0.015378967750      4.709610914789
   20     -2.337140645451      2.337558492540      0.000495957429
   20      0.011497779475      4.682580858628     -0.006413190602
   12     -4.666535939870     -0.059882906915     -0.022237471742
   12     -0.005770931953     -2.210861236767     -2.476782967965
   12      2.318754626916     -0.020883336227     -2.323838570784
   20     -2.349696016125     -4.685106359003     -2.329135038842
   12      2.356660023352     -2.327259709788     -0.042566548876
   12      4.660988314555     -0.001828025014     -0.015108174526
   20     -0.003246484397     -4.681805580791     -0.008120306987
   20     -2.347121718772     -2.341338356083     -4.673036221674
   20      0.005125850775     -0.011305934236     -4.671465393206
   20     -4.688300032761     -4.688092020668     -4.673587761905
    8      0.015913955439     -0.009971647161     -2.338416970841
    8      2.330549901100      2.331555962873     -2.329233668461
    8     -2.345874645717     -2.343521377227     -2.331958363992
    8      2.359709693303     -0.018646393729     -0.007985108194
    8      4.678542887070      2.334655354098      0.002687031083
    8      0.008782403179     -2.339339853614     -0.007564461488
    8      4.673660706564     -0.002100854810      2.345429394232
    8      7.020921369928      2.340409294551      2.352841284907
    8      2.334285058948     -2.338838364525      2.347506769811
    8      0.007393305285      2.336915988857     -0.006847142018
    8      2.344685881945      4.691593519067      0.000027398801
    8     -2.342809414782     -0.004644570920     -0.000521018608
    8      2.339470436419      2.344193294477      2.342750772474
    8      4.678878335309      4.688029086012      2.348576139214
    8      0.006016830220     -0.004709518269      2.346561890286
    8      4.680255993187      2.346341027419      4.683669650264
    8      7.031477517071      4.691128786119      4.692508774763
    8      2.320188102118     -0.007167148898      4.700662056185
    8      0.021432738332      4.673725717174      2.352109897386
    8      2.354788014453      6.997446980459      2.347970310845
    8     -2.334169908690      2.333566131914      2.345557307249
    8      2.334764342907      4.727337821425      4.649418488075
    8      4.689106815232      7.012735270314      4.697552592307
    8      0.007158575824      2.339203956307      4.683153705641
    8      4.672477599153      4.694608426054      7.022564296086
    8      7.030824772781      7.011575127457      7.015241195234
    8      2.342107787654      2.345180507658      7.018973612281
    0    0
