   3   1   1 E -1.6031045745812E+04 DE 4.4E-10( 11)
  0.328793197561E-01  0.697466723079E+01  0.698184071719E+01
  0.703801554460E+01 -0.132001346710E-01  0.701923060343E+01
  0.704301826698E+01  0.701205219616E+01 -0.123850803171E-01
    1
  0.100000000000E+01  0.000000000000E+00  0.000000000000E+00
  0.000000000000E+00  0.100000000000E+01  0.000000000000E+00
  0.000000000000E+00  0.000000000000E+00  0.100000000000E+01
  0.000000000000E+00  0.000000000000E+00  0.000000000000E+00
   54
   20      0.007534330150     -0.012097446111     -0.013467336192
   20      2.346920157434      2.332936615282     -0.010816610470
   20     -2.348495237294     -2.341401497916      0.000998914505
   20      2.348262497904     -0.011131523226      2.335460739331
   20      4.693404659453      2.329327995695      2.333120812120
   20      0.006933867155     -2.353878187667      2.333391143787
   20     -2.345285885685     -0.001351992068     -2.341134487020
   20      0.009381624278      2.333508004904     -2.356437038468
   12     -4.714306371748     -2.330151684054     -2.312737217632
   20      0.012222370318      2.330581027444      2.330869628860
   20      2.351326989060      4.675583305195      2.335931547681
   20     -2.335869688075     -0.009275667058      2.334630034143
   20      2.351781227879      2.334447189506      4.680498722993
   12      4.714282941388      4.643772733398      4.652920943263
   20      0.010777334803     -0.014203194733      4.674320118986
   20     -2.331843670541      2.334357199268     -0.011760721697
   12      0.031807879734      4.658376783059     -0.064340857201
   20     -4.690688675427      0.000229582600      0.002582134542
   12     -0.033898144800     -2.296880349550     -2.296346327265
   12      2.356249928294     -0.011009380948     -2.392025207279
   20     -2.361227302982     -4.661272871302     -2.325668379898
   12      2.359888032991     -2.360722470542     -0.023683659525
   20      4.685211913305      0.000000083670      0.002099891162
   12     -0.033982397965     -4.651252303846      0.083477848777
   20     -2.355768429386     -2.322002307716     -4.667711544051
   12     -0.017287204674      0.043403572514     -4.635611068256
   12     -4.728081120240     -4.622769167470     -4.629737018210
    8      0.004598185209     -0.013355519589     -2.356432661719
    8      2.346407633222      2.339889571648     -2.355164850110
    8     -2.357223515026     -2.331774450193     -2.330836379977
    8      2.348757160388     -0.011150387201     -0.014251272392
    8      4.687017707883      2.337001479410     -0.005381564995
    8      0.002829427290     -2.355588512428     -0.012995540110
    8      4.687148491559     -0.007478729946      2.340372311958
    8      7.044100643674      2.316222374814      2.319075569249
    8      2.346101691693     -2.350662382439      2.335624763958
    8      0.010908401226      2.332707754590     -0.013081256909
    8      2.347991858450      4.674784354989     -0.009258120415
    8     -2.341554677097     -0.004761247233     -0.004483244487
    8      2.349959866241      2.332725588107      2.335588492231
    8      4.701898993557      4.668116394837      2.330443172499
    8      0.010005914619     -0.011835996304      2.331854192607
    8      4.699255354989      2.327490194162      4.671275369576
    8      7.054810624163      4.658405417978      4.664722691356
    8      2.349074218193     -0.012263736524      4.678354160118
    8      0.011002158326      4.670727615599      2.332110649813
    8      2.351326141174      7.016446335443      2.337162475436
    8     -2.328871563511      2.325072976980      2.324045240803
    8      2.351227595569      4.682324673558      4.684748892236
    8      4.713774486244      6.986700656265      4.651033454107
    8      0.009151200165      2.328774968991      4.677151288055
    8      4.717387510855      4.643422345573      6.993191817378
    8      7.052927191927      6.987980887129      7.002305169624
    8      2.353344764702      2.333790138714      7.023088254520
    0    0
