   3   1   1 E -1.6031055106045E+04 DE 4.8E-10( 11)
  0.156246290823E-01  0.701911951223E+01  0.702313983229E+01
  0.701092718184E+01  0.745734628773E-02  0.702336577029E+01
  0.702047865531E+01  0.702289678743E+01  0.418364443464E-02
    1
  0.100000000000E+01  0.000000000000E+00  0.000000000000E+00
  0.000000000000E+00  0.100000000000E+01  0.000000000000E+00
  0.000000000000E+00  0.000000000000E+00  0.100000000000E+01
  0.000000000000E+00  0.000000000000E+00  0.000000000000E+00
   54
   20     -0.007122278281      0.002329091790     -0.002917493258
   20      2.337204077875      2.345897106784     -0.003035611260
   20     -2.342902248854     -2.340424951579     -0.007788575712
   20      2.336824181193     -0.003623177216      2.339389941662
   20      4.683060212305      2.338844839660      2.337725812932
   20     -0.000749587473     -2.338476204166      2.334369358326
   20     -2.343599785943     -0.002011213870     -2.335642289159
   20     -0.002458218137      2.342870763425     -2.336367233020
   20     -4.683638331570     -2.337943218427     -2.339157638495
   20     -0.020355250094      2.350448670592      2.334815843028
   20      2.325903518789      4.692913869120      2.332101924801
   20     -2.341029599038      0.010432583049      2.334151509965
   20      2.323501973557      2.339853732155      4.692443743070
   20      4.688137146741      4.681399961513      4.691793069420
   12      0.064344761665      0.059385991683      4.701823531000
   12     -2.345706000464      2.361211042460      0.015049554541
   12      0.000147627298      4.716248016604      0.020180083532
   12     -4.746663693812      0.002005921457      0.007850832801
   20     -0.019282719707     -2.343125754823     -2.336591725525
   20      2.332876221834      0.002747226197     -2.337674608260
   12     -2.294826148475     -4.682297513446     -2.348788212923
   12      2.334921893324     -2.357927095552      0.020726015613
   20      4.704586493609     -0.007271375415      0.006373143621
   12      0.000268219921     -4.712980423705     -0.023308357238
   12     -2.295641159108     -2.393560599170     -4.681739792358
   12      0.061023439965     -0.077404668060     -4.696004574443
   20     -4.683062995682     -4.679762691210     -4.696779688764
    8     -0.011909528964      0.000707839744     -2.341571237143
    8      2.346222513523      2.343319949176     -2.337035758988
    8     -2.348126310451     -2.348841061396     -2.346635516611
    8      2.340694483573     -0.006823509931     -0.000194068762
    8      4.700013987257      2.341507545162     -0.004704692997
    8      0.004138645027     -2.349184300657     -0.002169622145
    8      4.694453107876     -0.011501103666      2.347373157756
    8      7.014939487288      2.334641331226      2.330241469645
    8      2.344088424967     -2.334787302340      2.332080222567
    8     -0.017760805801      2.355289913712     -0.003712948196
    8      2.324951619267      4.696065682628     -0.003848126504
    8     -2.355459702240      0.012149492446     -0.003809612235
    8      2.330088347698      2.344223919014      2.335844516988
    8      4.679723369364      4.686077326981      2.338149006661
    8     -0.005745172270      0.004025512099      2.340691056894
    8      4.672524164423      2.346889999469      4.692801978304
    8      7.015348648695      4.699515631380      4.693838269892
    8      2.312584274532      0.003149407710      4.689921374654
    8     -0.031728723968      4.705156587517      2.326928052399
    8      2.331423829774      7.028051821981      2.327602324635
    8     -2.342305026561      2.356854470974      2.330242539139
    8      2.339090036513      4.679502904265      4.694605801594
    8      4.705210414267      7.031687498230      4.686832380048
    8     -0.034332738627      2.326656610210      4.693329077400
    8      4.708311631115      4.649766495072      7.039412442519
    8      7.095851994735      7.015322588743      7.028703678600
    8      2.333584375598      2.343426227164      7.020187281570
    0    0
