   3   1   1 E -1.6031084271153E+04 DE-8.6E-10( 11)
 -0.110428477177E-01  0.697399303912E+01  0.704690897263E+01
  0.697673202759E+01 -0.915179487954E-02  0.705091237449E+01
  0.696069258822E+01  0.696960620358E+01 -0.846088085132E-03
    1
  0.100000000000E+01  0.000000000000E+00  0.000000000000E+00
  0.000000000000E+00  0.100000000000E+01  0.000000000000E+00
  0.000000000000E+00  0.000000000000E+00  0.100000000000E+01
  0.000000000000E+00  0.000000000000E+00  0.000000000000E+00
   54
   20      0.020659180460     -0.006963739330     -0.024604569899
   20      2.359425436590      2.313405268155     -0.069099536393
   20     -2.332660101143     -2.337105840627     -0.051157784602
   20      2.314471095228     -0.060222675899      2.352730413762
   20      4.678035030200      2.285910169221      2.349765020900
   20      0.063778681593     -2.330304997664      2.342965491181
   20     -2.362126842385     -0.018231797899     -2.314795400757
   20      0.064278946101      2.315869412595     -2.368370169592
   12     -4.724436790291     -2.332083436002     -2.278688740788
   20     -0.060419705022      2.302615578617      2.365968631605
   20      2.281142908927      4.711823115805      2.360902615173
   20     -2.369522423727      0.057067174050      2.343863758622
   20      2.283755580692      2.289655629762      4.804173028457
   20      4.640151560590      4.696120045193      4.737611227596
   12      0.069818329624      0.079463089586      4.709946450899
   12     -2.401187815949      2.342971452725     -0.019644954678
   20      0.023007160545      4.721023932991     -0.026333168588
   12     -4.885949965588      0.015250687738     -0.049653163542
   20      0.018933727408     -2.345150182383     -2.310944529032
   12      2.257642027213     -0.027688145611     -2.280062750709
   12     -2.333448715972     -4.711836978873     -2.318647400275
   12      2.344246675968     -2.301125738730     -0.073687005653
   20      4.699923815686      0.022375832409     -0.043948629122
   12      0.150578454263     -4.691638272004     -0.009304057169
   20     -2.348032290253     -2.357887952121     -4.715885473888
   12      0.040943282316      0.037692620416     -4.658119267386
   20     -4.627897184863     -4.681752253851     -4.725196448269
    8      0.067348042009     -0.004537011014     -2.390721825509
    8      2.463839628344      2.287771705481     -2.364824150377
    8     -2.418611127288     -2.409878589467     -2.355118799909
    8      2.330079987329     -0.077537821496     -0.075563631077
    8      4.744400552750      2.305930787464     -0.067899440275
    8      0.108643244573     -2.398247057764     -0.003939223481
    8      4.705785002237     -0.023523263844      2.359081398530
    8      6.986178476523      2.214939651094      2.267747030248
    8      2.339104153952     -2.341089802039      2.339581269911
    8     -0.031736689286      2.330158747636     -0.043504274506
    8      2.300899818584      4.733338848341     -0.066968540229
    8     -2.405412191835      0.095823656088     -0.019687139161
    8      2.311496920125      2.305908291627      2.366924190976
    8      4.644045075585      4.667645855689      2.347520914712
    8      0.013473392090      0.011708523894      2.382478605497
    8      4.655993158635      2.314787972810      4.774236624104
    8      7.083056404745      4.754947634558      4.703990503456
    8      2.198189150925     -0.138478523097      4.819613214193
    8     -0.016542618253      4.714063350837      2.355225951017
    8      2.155072555552      6.979560500303      2.333680487632
    8     -2.353626191572      2.311862945733      2.337979438823
    8      2.317126441663      4.728513333995      4.771854782980
    8      4.627988744114      7.103262946962      4.700977467709
    8     -0.091485457615      2.217483723466      4.813250881745
    8      4.578181584680      4.595928990613      7.023680583754
    8      7.144756347759      7.144226338180      7.046183887504
    8      2.345363491862      2.291189780865      7.050824869533
    0    0
