   3   1   1 E -1.6031097333986E+04 DE-1.2E-09( 10)
  0.894672311700E-02  0.701549330837E+01  0.704337479987E+01
  0.702215072860E+01  0.133073117772E-01  0.703265235872E+01
  0.702872105129E+01  0.700517170162E+01  0.128747951849E-01
    1
  0.100000000000E+01  0.000000000000E+00  0.000000000000E+00
  0.000000000000E+00  0.100000000000E+01  0.000000000000E+00
  0.000000000000E+00  0.000000000000E+00  0.100000000000E+01
  0.000000000000E+00  0.000000000000E+00  0.000000000000E+00
   54
   20     -0.008113523965     -0.000120926482     -0.035562117147
   20      2.337428267013      2.361943110052     -0.040374552588
   20     -2.389721412496     -2.318809410969     -0.029233085829
   20      2.353091878707     -0.040608010018      2.376496386963
   20      4.717084676406      2.310505887928      2.389446035734
   20      0.052120666190     -2.344286891459      2.384267141319
   20     -2.378355497969     -0.019051962660     -2.352054375047
   12      0.027585074807      2.318102224423     -2.366803846970
   12     -4.635225621992     -2.426654327947     -2.342609215447
   20     -0.044317068544      2.350338827679      2.397487108976
   20      2.336926643667      4.731237024797      2.340016971038
   12     -2.339571979944     -0.018792392177      2.332454223998
   12      2.366906497321      2.361796764374      4.764423210091
   20      4.664173079334      4.672423409269      4.699693490035
   20      0.024789933364      0.025947657508      4.696668041804
   20     -2.405273547029      2.328607251436      0.036801597064
   20      0.009869780585      4.687513211210     -0.003225897304
   12     -4.573710482538     -0.017932759984      0.002235882562
   20     -0.014609526521     -2.350063815893     -2.403283629112
   20      2.322700590267      0.042648591748     -2.381176542115
   12     -2.382502227691     -4.618878275013     -2.441010456597
   12      2.350815579750     -2.340972502586     -0.075898213211
   20      4.688596492226     -0.023878448105      0.031954554353
   20      0.047219462766     -4.687858183030     -0.030281321523
   12     -2.413595304972     -2.328141367453     -4.646075006137
   12     -0.016043303917      0.003262577789     -4.700616859513
   20     -4.645258472822     -4.681436042140     -4.668306113852
    8     -0.015631781815      0.079565450512     -2.445838370135
    8      2.351736871221      2.455791392464     -2.335799013199
    8     -2.482800487514     -2.475056792983     -2.472513330716
    8      2.336113967653     -0.050710991573     -0.010105905535
    8      4.685948222853      2.331746074998     -0.050117012255
    8      0.077965199636     -2.340909719468     -0.002948460748
    8      4.741006815562     -0.098005952348      2.366342021700
    8      7.045712204925      2.244937111310      2.447616575885
    8      2.470750397496     -2.333582042319      2.424706469846
    8     -0.021703130349      2.337704881484     -0.030986697808
    8      2.347276968013      4.744739574090     -0.066297706615
    8     -2.409772108394     -0.013804700110     -0.002534083307
    8      2.357377606027      2.344662845884      2.416386772141
    8      4.688524208355      4.749768274734      2.365033909746
    8     -0.061835870598     -0.008637954475      2.342934146080
    8      4.647043372671      2.341504352752      4.697593255487
    8      7.115631305212      4.580932057217      4.701092666401
    8      2.327653923286      0.018119203507      4.787769885224
    8     -0.082307458500      4.784605776353      2.349475608943
    8      2.331004033268      7.022312485825      2.299007105174
    8     -2.352381288777      2.328907114887      2.449864218529
    8      2.341594331645      4.625693454108      4.735048697834
    8      4.678495701786      7.094459833838      4.627014327342
    8      0.029248674503      2.353842868723      4.700165138743
    8      4.580297528015      4.679294003934      7.095934801504
    8      7.136807094981      7.022104280740      7.103968594137
    8      2.352416310394      2.356051341562      6.971811766048
    0    0
