   3   1   1 E -1.6031102426008E+04 DE-6.5E-10( 10)
 -0.910035492365E-03  0.700600664227E+01  0.699689414628E+01
  0.700947113947E+01 -0.244707375005E-02  0.700378194619E+01
  0.699998230580E+01  0.700997862082E+01 -0.334684893210E-04
    1
  0.100000000000E+01  0.000000000000E+00  0.000000000000E+00
  0.000000000000E+00  0.100000000000E+01  0.000000000000E+00
  0.000000000000E+00  0.000000000000E+00  0.100000000000E+01
  0.000000000000E+00  0.000000000000E+00  0.000000000000E+00
   54
   20      0.009867085855     -0.018374687515     -0.031303775171
   20      2.343457935530      2.354816191521     -0.055234283356
   20     -2.330944141651     -2.342856022649     -0.050495260149
   20      2.327731360354     -0.060631136782      2.345948300338
   20      4.709145824059      2.311092218680      2.334934288273
   20      0.053425320116     -2.373935751542      2.365114121796
   20     -2.327823159932     -0.041273955937     -2.320522320749
   12      0.020726625307      2.376292554303     -2.368396321236
   12     -4.750515101824     -2.364728297854     -2.299068414140
   20     -0.028121862940      2.341994243044      2.387726540526
   20      2.307268022300      4.722496535855      2.325598146931
   20     -2.376219975433      0.041049091900      2.347674195058
   20      2.296445676591      2.329487122332      4.715613768996
   20      4.700730563939      4.678253874403      4.677286389574
   12      0.019525519125     -0.024986255748      4.692043015285
   20     -2.387777877851      2.338423951163     -0.005461477486
   20      0.018559297823      4.703598694535     -0.041489269878
   12     -4.751085041433     -0.049796032719     -0.008430390328
   12      0.031055708256     -2.326073763610     -2.344019369201
   20      2.302035253990      0.039242068196     -2.351128479693
   12     -2.278549031341     -4.593114466514     -2.361247710512
   12      2.309046071207     -2.350288057045     -0.021783790041
   20      4.710002185300     -0.000394392322     -0.002159777843
   20      0.036124140221     -4.691272109011     -0.037643419947
   20     -2.359483879709     -2.357120135946     -4.613431571949
   12      0.055411263114      0.025317197008     -4.575271021241
   12     -4.697039318550     -4.642010775042     -4.648308403751
    8      0.002205009523     -0.015739816348     -2.413834180757
    8      2.283397946478      2.435963155333     -2.413822462145
    8     -2.325161781904     -2.449498515916     -2.327861824385
    8      2.338547428679     -0.066007474493     -0.010324847892
    8      4.674382321621      2.333350716723     -0.084008943342
    8      0.116463090654     -2.336832067994     -0.078578444359
    8      4.729151072331     -0.006776350661      2.339238224638
    8      7.083377769330      2.235468757860      2.446897910105
    8      2.331200008398     -2.435208819086      2.335383126645
    8      0.015415362550      2.332871082237     -0.036955707177
    8      2.332895479394      4.754643287379     -0.092827160426
    8     -2.406436088012     -0.007587416416     -0.005767984597
    8      2.330564655496      2.334931356836      2.340112604964
    8      4.674925717732      4.672189655606      2.337298887515
    8     -0.011515860217     -0.010825123502      2.387816131770
    8      4.731728136836      2.333259952225      4.665746914239
    8      7.092057519113      4.640030686014      4.658025976209
    8      2.232483562932     -0.094055840149      4.746357891053
    8      0.011033957753      4.761742529906      2.449866425588
    8      2.213961930045      7.099578714015      2.230571476202
    8     -2.391518948180      2.332090259982      2.410323995919
    8      2.276741460841      4.681397687091      4.728725366845
    8      4.750346527532      7.102377072579      4.667659643456
    8     -0.069235268437      2.341906019642      4.660412285075
    8      4.625020615037      4.670536822082      7.005867955760
    8      7.102392190831      7.007195793005      6.924219789359
    8      2.331023065189      2.388711825398      7.075805047544
    0    0
