   3   1   1 E -1.6031061494840E+04 DE 5.0E-08(  8)
  0.745030427098E-02  0.700527879067E+01  0.698684742213E+01
  0.701433139131E+01 -0.993223612985E-02  0.699669523670E+01
  0.701884089119E+01  0.701444840687E+01 -0.888208321515E-02
    1
  0.100000000000E+01  0.000000000000E+00  0.000000000000E+00
  0.000000000000E+00  0.100000000000E+01  0.000000000000E+00
  0.000000000000E+00  0.000000000000E+00  0.100000000000E+01
  0.000000000000E+00  0.000000000000E+00  0.000000000000E+00
   54
   20      0.008412492680     -0.002402330957     -0.003458213059
   20      2.347532163744      2.336146874708     -0.013782592612
   20     -2.340121076239     -2.345276561377     -0.004793347316
   20      2.338412456777     -0.008016998753      2.336045124349
   20      4.678880505258      2.334875088784      2.338933481310
   20      0.001677783582     -2.348580271459      2.337063905828
   20     -2.342551436247      0.008061834001     -2.326228089268
   20      0.006418110246      2.342625858972     -2.337865545504
   12     -4.658553079341     -2.348427870243     -2.346881567520
   20      0.001030825596      2.338765268013      2.338523389297
   20      2.344084152196      4.681739448307      2.345692942768
   20     -2.346757142102      0.007499528204      2.341872238699
   12      2.369512146111      2.361637459807      4.722936786635
   12      4.623381798057      4.652679679252      4.701023311685
   20     -0.006442511822      0.001492272469      4.673297553392
   12     -2.369218719949      2.378038598420     -0.036716978367
   20     -0.006556432273      4.675764369089     -0.012309012808
   20     -4.682357610519      0.020215331334     -0.008591656862
   20      0.014471540483     -2.341989632202     -2.313317388593
   12      2.351456239871     -0.046037100420     -2.363352247843
   12     -2.364755358283     -4.671920299923     -2.335543371406
   12      2.355624195581     -2.388741213539     -0.044630249037
   20      4.669264243448     -0.005057711774     -0.012758077379
   12     -0.002456629560     -4.696110566721     -0.021011536710
   20     -2.347997022426     -2.342354313347     -4.662860150715
   12      0.044019077334      0.010351469488     -4.677027603911
   20     -4.684193456240     -4.661342532773     -4.662141989697
    8      0.022235979145      0.002753765423     -2.332851359564
    8      2.359235031618      2.341619031779     -2.342566360597
    8     -2.351607912432     -2.351971932249     -2.329442021274
    8      2.341904098896     -0.018310484628     -0.018858047743
    8      4.683466079673      2.334844873569     -0.016949546394
    8      0.016079438902     -2.355937944105      0.004306783450
    8      4.681916015044     -0.006953506681      2.335729161730
    8      7.015439386210      2.321182788213      2.318815517503
    8      2.337813432797     -2.348713466954      2.333128605151
    8     -0.002949784232      2.338712859841     -0.008938517503
    8      2.340949435444      4.678007667168     -0.016750911128
    8     -2.339821356273      0.015263628931     -0.001491588585
    8      2.347565211369      2.339752299842      2.349389798427
    8      4.670496483857      4.672472654593      2.339035499468
    8      0.000556019741     -0.001024898517      2.338281875623
    8      4.662950219196      2.354784038627      4.684952731844
    8      7.014680468347      4.669588709967      4.661023893593
    8      2.334199487596     -0.002181006631      4.668775556350
    8      0.005482695312      4.680349612083      2.336315399435
    8      2.327993563885      7.026877318562      2.340045635951
    8     -2.343730278606      2.341782252131      2.329132134880
    8      2.386865452008      4.676697807610      4.708499957674
    8      4.657426044649      7.015986671497      4.656495202900
    8      0.018578704072      2.333993678257      4.689132583617
    8      4.653193559303      4.641013257981      6.958216375952
    8      7.010889511132      7.025702128861      6.993107789421
    8      2.328777397861      2.374149843833      6.957317324724
    0    0
