   3   1   1 E -1.6031096875348E+04 DE-6.5E-10( 11)
  0.405436442297E-01  0.695329034606E+01  0.701211637320E+01
  0.703182132710E+01  0.804000983290E-03  0.704238591255E+01
  0.704381569372E+01  0.698952687956E+01 -0.475607980502E-02
    1
  0.100000000000E+01  0.000000000000E+00  0.000000000000E+00
  0.000000000000E+00  0.100000000000E+01  0.000000000000E+00
  0.000000000000E+00  0.000000000000E+00  0.100000000000E+01
  0.000000000000E+00  0.000000000000E+00  0.000000000000E+00
   54
   20     -0.000610027273     -0.015636366568     -0.030008212850
   20      2.354202031705      2.325364242401      0.000062181021
   20     -2.319769743583     -2.358938026757     -0.009444209277
   20      2.361001456132     -0.039170924586      2.344034243010
   20      4.736194333323      2.288976886115      2.323915096206
   20      0.006246873317     -2.372247789711      2.354390053736
   20     -2.312848761511     -0.029578971919     -2.401480209304
   20      0.022203707686      2.347609375729     -2.375197064532
   20     -4.690672678095     -2.336695531674     -2.352001131326
   20     -0.017535272143      2.385683232688      2.371380577056
   20      2.306428684791      4.679617001910      2.342913689043
   20     -2.333678182758     -0.007890058771      2.372629440801
   20      2.313967949939      2.338668476234      4.690033458140
   12      4.803311278389      4.686814140244      4.728963940570
   12     -0.058038408319     -0.120546731217      4.770431332524
   20     -2.313895535928      2.404150483838     -0.015932472499
   12     -0.089592783339      4.862991371049     -0.019827169605
   20     -4.762804877031      0.012424035822      0.001431046907
   12     -0.059474548473     -2.322839283124     -2.297306974194
   20      2.343846748008     -0.011935336169     -2.358173355358
   20     -2.309835344313     -4.668826654575     -2.324223543491
   20      2.343216900759     -2.335491258592      0.009944484610
   12      4.768502955412     -0.042668666538      0.025600079239
   12     -0.033247523829     -4.718732776862     -0.008211414781
   12     -2.309942554034     -2.294844535598     -4.687713261311
   12     -0.053640416940      0.014376884410     -4.691952341434
   12     -4.736179234234     -4.677932526883     -4.727586065731
    8     -0.007246324409     -0.064906251400     -2.426208127084
    8      2.360778306531      2.329431356298     -2.371890705708
    8     -2.268367998086     -2.335800110097     -2.371480097865
    8      2.383812764677     -0.015453269783     -0.003415880393
    8      4.785918907180      2.257721441893      0.007686946423
    8     -0.011320611977     -2.400205164317     -0.054938578802
    8      4.760326515274     -0.083074655146      2.273827504781
    8      7.111090891469      2.246566436607      2.269947799139
    8      2.395901312479     -2.400070963629      2.358713345574
    8      0.010241938894      2.395036799002     -0.005153978934
    8      2.291952610110      4.662162669432      0.004535853238
    8     -2.347188569206      0.004778573058     -0.005364675707
    8      2.339150594120      2.332886403438      2.346796338020
    8      4.720553222126      4.640471400470      2.359012131689
    8      0.006616883305     -0.009929466083      2.388739728176
    8      4.716013884631      2.378122967591      4.670530567050
    8      6.990867338809      4.737169830481      4.740493483093
    8      2.295856071059     -0.022735471487      4.704064829039
    8     -0.107581260818      4.798419013854      2.334192032672
    8      2.295024464521      7.042385086141      2.333882058697
    8     -2.372605023288      2.402397809323      2.342646906207
    8      2.343605518185      4.645538472280      4.673319066888
    8      4.822497302844      6.846721137428      4.755540200596
    8      0.013507331882      2.327298593873      4.757559723040
    8      4.781097053864      4.797807023849      7.035960333980
    8      6.951362111861      6.918923597077      7.005815682878
    8      2.303590729034      2.321931568661      7.062373242929
    0    0
