   3   1   1 E -1.6031075100330E+04 DE 6.8E-10( 11)
 -0.234617580851E-01  0.694775453905E+01  0.698351858982E+01
  0.697656583455E+01 -0.253264470550E-01  0.699223588969E+01
  0.696709375934E+01  0.695385121292E+01 -0.226850670468E-01
    1
  0.100000000000E+01  0.000000000000E+00  0.000000000000E+00
  0.000000000000E+00  0.100000000000E+01  0.000000000000E+00
  0.000000000000E+00  0.000000000000E+00  0.100000000000E+01
  0.000000000000E+00  0.000000000000E+00  0.000000000000E+00
   54
   20      0.010346092035     -0.007227446016     -0.021740905126
   20      2.321348637615      2.315166151608     -0.050852402735
   20     -2.333794542162     -2.308324897023     -0.015975412569
   20      2.309749895140     -0.044948096236      2.328678701728
   20      4.660292845718      2.308746813472      2.329998601194
   20      0.023148130041     -2.319043719498      2.335185956074
   20     -2.349822795866      0.012359980768     -2.305762032002
   20      0.010875839981      2.344345863033     -2.353756196107
   12     -4.639267842894     -2.230284781526     -2.286962815598
   20     -0.017886863196      2.304439272502      2.332256020448
   20      2.304459760130      4.685821430239      2.346936324148
   20     -2.363994104873     -0.009931218534      2.326246501441
   20      2.318850222926      2.309712592265      4.739174269166
   12      4.530189133052      4.654668988466      4.647684965205
   12      0.216017430314      0.105919422867      4.721272467211
   12     -2.361454372176      2.390628998634      0.011307993465
   20     -0.010847565392      4.693862792507     -0.049588596604
   12     -4.716354121999     -0.058401601186      0.008392833115
   20      0.041590707588     -2.299182753970     -2.299995423218
   12      2.313223404343     -0.144868593998     -2.326771603941
   20     -2.317219964308     -4.674124838078     -2.315360402034
   12      2.343357139044     -2.331525286816     -0.071850390225
   20      4.668949923617     -0.045552934172     -0.028314553041
   12      0.040009392509     -4.714481785985     -0.062351287004
   20     -2.335997107418     -2.318979321382     -4.685419413587
   12      0.030202704586     -0.019809093231     -4.578869357917
   20     -4.661444030536     -4.641912356436     -4.675287143684
    8      0.038390904614      0.013913634860     -2.361253595472
    8      2.318654916628      2.311743637973     -2.359607294936
    8     -2.359669926861     -2.318160106293     -2.323084299604
    8      2.324550174100     -0.070230316602     -0.052035170601
    8      4.685443577211      2.297258236525     -0.027552691533
    8      0.062714206632     -2.358093340968      0.001948872100
    8      4.676350728085     -0.024039110458      2.324477845823
    8      6.979880707515      2.257629800280      2.271815612414
    8      2.327493032990     -2.327746332224      2.326285590015
    8     -0.028827894885      2.333643911368     -0.042329123232
    8      2.305491598083      4.713068197191     -0.067008269031
    8     -2.376057086720      0.047069235574     -0.006742255727
    8      2.318310231447      2.315221683843      2.337089441010
    8      4.645601686560      4.646700321584      2.335830164681
    8      0.001830376460     -0.016782865966      2.354991932963
    8      4.643042854097      2.361376229201      4.709412766757
    8      6.992192040576      4.719942933719      4.633105238078
    8      2.251220135195     -0.087396485030      4.731371223185
    8     -0.010639520113      4.681944594469      2.326539658327
    8      2.200273829806      6.958937832779      2.294511246398
    8     -2.351661752541      2.300331331712      2.314541212019
    8      2.391209028117      4.730768517180      4.757110401362
    8      4.614027301836      6.852078683662      4.640410567576
    8     -0.000602432090      2.253805093865      4.728966416657
    8      4.568181706396      4.566034390851      6.901646753641
    8      7.084838548951      7.029356329248      7.026472321712
    8      2.304123341202      2.297807251532      7.013621093717
    0    0
