   3   1   1 E -1.6031101045263E+04 DE-2.5E-10( 11)
 -0.695896228649E-02  0.698415950149E+01  0.702108653673E+01
  0.700200498946E+01  0.279659680307E-02  0.701839237205E+01
  0.700545043359E+01  0.699173129289E+01 -0.767488896647E-02
    1
  0.100000000000E+01  0.000000000000E+00  0.000000000000E+00
  0.000000000000E+00  0.100000000000E+01  0.000000000000E+00
  0.000000000000E+00  0.000000000000E+00  0.100000000000E+01
  0.000000000000E+00  0.000000000000E+00  0.000000000000E+00
   54
   20      0.009336700457      0.001728415486     -0.019363398349
   20      2.344003668308      2.334555951739     -0.045353897557
   20     -2.343492982171     -2.330795078253     -0.017555204185
   20      2.327796097874     -0.038131969332      2.342860517611
   20      4.699060580200      2.333015637125      2.353893765572
   20      0.022836577061     -2.337474113389      2.356919321464
   20     -2.357416123631      0.016589731411     -2.316247097851
   20      0.018046877679      2.355051526473     -2.359359617120
   12     -4.652495813122     -2.232613585979     -2.274262338742
   20     -0.027796786619      2.311046747809      2.346822757970
   20      2.318733290687      4.709399349210      2.366494801597
   20     -2.385802789829     -0.004199341081      2.340772631882
   20      2.340098302896      2.326973222906      4.767861049121
   12      4.559781566433      4.714611116465      4.714113422867
   12      0.030191594590     -0.010847429610      4.684348687259
   12     -2.376799707791      2.344741891071     -0.042030674071
   20     -0.009029318586      4.716313933399     -0.039595544930
   12     -4.733940798303     -0.009375929492     -0.023609847297
   20      0.043001443021     -2.324393661598     -2.324115846100
   12      2.318858703101     -0.082419454795     -2.293848954579
   20     -2.329479549761     -4.711859964110     -2.322451082364
   12      2.339395553312     -2.348738636419     -0.067001766127
   20      4.696337178148     -0.035334943451     -0.027486941409
   12      0.023737926321     -4.710076357260      0.005960055351
   20     -2.348174111288     -2.344602357909     -4.722354480475
   12      0.143141663119      0.027562428854     -4.682395818880
   20     -4.683589220473     -4.674655951513     -4.701109272542
    8      0.072553649431      0.006436071516     -2.390499845246
    8      2.342522695370      2.324120863190     -2.344313805477
    8     -2.395514616047     -2.334656833756     -2.342748101841
    8      2.336420763110     -0.070617017190     -0.065121612455
    8      4.742606328562      2.313744411945     -0.012137496996
    8      0.095294950499     -2.405793236898      0.008736972559
    8      4.732708053896     -0.001981141705      2.338133558118
    8      7.001096262574      2.255197148558      2.275859139309
    8      2.342091508089     -2.325291428527      2.334506667471
    8     -0.052351840160      2.348011957611     -0.041765238086
    8      2.327820843235      4.755445654258     -0.079875382402
    8     -2.416895662191      0.079941238358     -0.004146320941
    8      2.332444608449      2.332145000517      2.355623451389
    8      4.673095120373      4.659146458988      2.371454829021
    8      0.000861412609     -0.000013156249      2.394573984923
    8      4.670111665337      2.417333143654      4.747739116354
    8      7.038010898492      4.783479729767      4.678898706995
    8      2.256285395112     -0.088189057226      4.766798677925
    8     -0.008261981256      4.718788565005      2.337129838123
    8      2.199518895596      6.985291529271      2.311950107466
    8     -2.350382784570      2.312289733464      2.324454814925
    8      2.418705744674      4.762099220856      4.781579315703
    8      4.617375578533      6.863649467690      4.683722755408
    8      0.009956668178      2.223619201082      4.773198748438
    8      4.566211845971      4.564840967742      6.916345289834
    8      7.121302922701      7.095334672331      7.000950300449
    8      2.342304625228      2.333648918375      7.020164390126
    0    0
