   3   1   1 E -1.6031081031080E+04 DE-1.6E-09( 11)
  0.735663388707E-02  0.694157216937E+01  0.704011634258E+01
  0.698700403718E+01 -0.662967800044E-02  0.705937586938E+01
  0.695954928347E+01  0.694109130859E+01  0.126905190265E-01
    1
  0.100000000000E+01  0.000000000000E+00  0.000000000000E+00
  0.000000000000E+00  0.100000000000E+01  0.000000000000E+00
  0.000000000000E+00  0.000000000000E+00  0.100000000000E+01
  0.000000000000E+00  0.000000000000E+00  0.000000000000E+00
   54
   20      0.004041966273     -0.004610988723      0.001911810784
   20      2.365552434986      2.304884541702     -0.021187805076
   20     -2.334036974432     -2.324110703998     -0.020788182913
   20      2.356890739887     -0.053340648108      2.360930435522
   20      4.661730052181      2.255613377849      2.337846409258
   20      0.051795659513     -2.338465870639      2.343289629324
   20     -2.367395290160     -0.007532191908     -2.328279289147
   20      0.009331612216      2.312671393288     -2.359175557544
   12     -4.614906725290     -2.457325057816     -2.436321727466
   20     -0.038235784551      2.275935019084      2.346888862278
   20      2.312182573694      4.668367880090      2.358788217349
   12     -2.311901826881      0.157646939689      2.285924940119
   12      2.397755638447      2.372936535871      4.684588224114
   20      4.603085425336      4.640136071721      4.725880371538
   20     -0.003566496626      0.040563613778      4.678553219816
   12     -2.434306000771      2.287458846407      0.013505822022
   20     -0.055653677927      4.649411101939     -0.003736667857
   20     -4.641883816806      0.087571941290     -0.027599014155
   20      0.005105551645     -2.343661832531     -2.364098088559
   20      2.360398838022      0.046811643331     -2.360741370579
   12     -2.395331000016     -4.645578401338     -2.336907822183
   12      2.438239201155     -2.377935419400     -0.004452124619
   12      4.673500929409      0.061752772154      0.013289864889
   20      0.064938426451     -4.637109524931      0.007631026763
   20     -2.399658524624     -2.393654903427     -4.715377403071
   12     -0.122852931450     -0.025412024315     -4.678669338795
   12     -4.619315987265     -4.560271198057     -4.439217034064
    8      0.000733465650      0.007605191050     -2.362067852709
    8      2.429562365945      2.423486870215     -2.426077714172
    8     -2.388840355823     -2.412025922660     -2.366251381570
    8      2.415987737358     -0.055588361490     -0.022603172503
    8      4.675787522284      2.214434364930     -0.047325230091
    8      0.065681032667     -2.338005345267      0.006808308134
    8      4.732083394098     -0.050549905501      2.347915373564
    8      7.063402340827      2.201524302092      2.359144964620
    8      2.326161761513     -2.447855415360      2.368355384970
    8     -0.056398560585      2.307093712360     -0.002898299716
    8      2.308217507500      4.648250739813     -0.020214999230
    8     -2.342022797950      0.087117613747      0.049408222898
    8      2.347034656638      2.290486793533      2.377807393542
    8      4.640248662156      4.678086479542      2.353898176179
    8     -0.030941715801      0.007800610645      2.342618737411
    8      4.570100095810      2.296539364304      4.746450686256
    8      7.018418294143      4.627948182893      4.703964175014
    8      2.334547252395      0.014190057215      4.704215333852
    8     -0.036957152038      4.654445206745      2.337865480200
    8      2.297263912812      7.087491773797      2.342785603758
    8     -2.454537403030      2.194450458065      2.379146342270
    8      2.333750690526      4.575394814832      4.747013902092
    8      4.638632202884      7.072785166316      4.705443018918
    8      0.019465217975      2.312529828511      4.688665528323
    8      4.517293268603      4.605959201844      7.046830980452
    8      6.894659591410      6.977522699426      7.052366700229
    8      2.507757794984      2.468280705237      7.029079219007
    0    0
