   3   1   1 E -1.6031094591507E+04 DE 5.6E-09(  9)
  0.621010817928E-01  0.692109473110E+01  0.698366731368E+01
  0.704174040747E+01  0.427296835223E-02  0.703218869480E+01
  0.706097703510E+01  0.698280774160E+01 -0.783234935511E-02
    1
  0.100000000000E+01  0.000000000000E+00  0.000000000000E+00
  0.000000000000E+00  0.100000000000E+01  0.000000000000E+00
  0.000000000000E+00  0.000000000000E+00  0.100000000000E+01
  0.000000000000E+00  0.000000000000E+00  0.000000000000E+00
   54
   20      0.010091562768     -0.015902501520     -0.055842995400
   20      2.345674741672      2.332555725768     -0.051295378449
   20     -2.333319824772     -2.337993590268     -0.034694135183
   20      2.366052611493     -0.053569312442      2.363669294664
   20      4.742362436920      2.318863011576      2.337256851184
   20      0.033325933729     -2.386949264479      2.339219428856
   20     -2.310349573461     -0.031778201167     -2.378126123383
   20      0.044464085509      2.312534778646     -2.391932375648
   12     -4.741214257039     -2.332387448058     -2.386370612497
   20     -0.035705177518      2.372926871286      2.346390602862
   20      2.348208905141      4.709741903324      2.389881241088
   20     -2.381588562034      0.025707103005      2.325844020730
   20      2.359751532182      2.359314378385      4.706750592873
   12      4.765515859748      4.581120679448      4.676869653001
   20     -0.001920359208     -0.028594017761      4.692179458503
   12     -2.327927083794      2.324504280930      0.036048339566
   20     -0.004216854272      4.654678383053      0.007700822407
   20     -4.709525672478      0.040815704949      0.008254460589
   12     -0.059632763964     -2.348559438791     -2.337376272200
   12      2.329037145182     -0.008947722776     -2.372272968329
   20     -2.414407348156     -4.600705938627     -2.373263994614
   20      2.366048629145     -2.361425837490      0.018957199113
   20      4.694896126897     -0.025696083784      0.011106441725
   12     -0.037442799072     -4.661510619341      0.037676456419
   12     -2.435759826231     -2.251400547851     -4.560220934712
   12      0.034258113848     -0.000550839547     -4.631259178463
   12     -4.792877871164     -4.640857411370     -4.645957535824
    8      0.123260984564     -0.102789290752     -2.443775192685
    8      2.342135795831      2.375209003491     -2.443676225929
    8     -2.334036271697     -2.312712427313     -2.388855676725
    8      2.362096747549     -0.015246689393     -0.019062460114
    8      4.738439930464      2.339050083351     -0.017899166636
    8     -0.002581080470     -2.416795022060     -0.078323927791
    8      4.771325204333     -0.075329149095      2.345738615000
    8      7.123852675329      2.225904443341      2.228292430807
    8      2.406963148108     -2.425996059250      2.448425350921
    8     -0.032526032779      2.325906323542     -0.007619131336
    8      2.366751701678      4.669493241793     -0.033867876458
    8     -2.326688471250      0.042283419651     -0.029667618790
    8      2.369834092197      2.341211646799      2.370860930107
    8      4.733395124860      4.654020193853      2.382061087397
    8      0.006641469002     -0.013754720503      2.339179001287
    8      4.740511523481      2.383884072101      4.716528263125
    8      7.063274096753      4.629984095303      4.666304363633
    8      2.360783565693     -0.053293307464      4.691832328277
    8     -0.053764669730      4.712623550380      2.419113585816
    8      2.302284327422      7.074619981668      2.406341225430
    8     -2.405752581318      2.435165129905      2.203000538091
    8      2.405309161113      4.730159961308      4.700098862767
    8      4.648569596969      6.877016968354      4.643643508211
    8      0.002093677038      2.371846232598      4.722229613645
    8      4.730138465550      4.531014011860      7.016034309112
    8      7.071266898144      7.028040109694      7.052633767638
    8      2.374304569717      2.309339636485      7.067343602403
    0    0
