   3   1   1 E -1.6031075525574E+04 DE 2.1E-09(  9)
 -0.248179733011E-02  0.702814087490E+01  0.700160033816E+01
  0.700370415383E+01  0.219549237441E-01  0.697709816724E+01
  0.702565907758E+01  0.702565907758E+01 -0.421149501530E-18
    2
  0.100000000000E+01  0.000000000000E+00  0.000000000000E+00
  0.000000000000E+00  0.100000000000E+01  0.000000000000E+00
  0.000000000000E+00  0.000000000000E+00  0.100000000000E+01
  0.000000000000E+00  0.000000000000E+00  0.000000000000E+00
  0.000000000000E+00 -0.100000000000E+01  0.000000000000E+00
 -0.100000000000E+01  0.000000000000E+00  0.000000000000E+00
  0.000000000000E+00  0.000000000000E+00  0.100000000000E+01
  0.000000000000E+00  0.000000000000E+00  0.000000000000E+00
   54
   20      0.015892047900     -0.015892047900     -0.020400327828
   20      2.347120778145      2.353139771930     -0.067324695710
   20     -2.353139771930     -2.347120778145     -0.067324695710
   20      2.330555209336     -0.021720165564      2.378364788955
   20      4.663156058064      2.362503019513      2.368883521506
   20      0.021720165564     -2.330555209336      2.378364788955
   20     -2.361990350879     -0.044695335701     -2.351974954987
   20      0.044695335701      2.361990350879     -2.351974954987
   12     -4.698476234732     -2.327182842844     -2.432416438676
   20     -0.021610699714      2.371255108865      2.410581850293
   20      2.341311314239      4.684347763338      2.401781346305
   20     -2.371255108865      0.021610699714      2.410581850293
   12      2.258690022986      2.448860381106      4.656532799559
   12      4.576798696471      4.766969054591      4.656532799559
   12     -0.014677815080      0.014677815080      4.666631496440
   20     -2.382540866866      2.382540866866     -0.005235739625
   20     -0.012495819687      4.703102870419     -0.022435221967
   20     -4.703102870419      0.012495819687     -0.022435221967
   12      0.086108198125     -2.437651628316     -2.359315423142
   12      2.437651628316     -0.086108198125     -2.359315423142
   12     -2.371725687866     -4.653933389711     -2.394236220616
   20      2.359656610544     -2.359656610544     -0.026684301177
   20      4.672323309078     -0.012108328967     -0.048511856637
   20      0.012108328967     -4.672323309078     -0.048511856637
   12     -2.328280361191     -2.473732840539     -4.559583948304
   20      0.032166145323     -0.032166145323     -4.622252773948
   12     -4.551926237038     -4.697378716385     -4.559583948304
    8      0.064634553173     -0.064634553173     -2.318923342577
    8      2.461738402938      2.394593058705     -2.461331127029
    8     -2.394593058704     -2.461738402937     -2.461331127029
    8      2.355276350758     -0.008972782003     -0.047918341917
    8      4.669317593390      2.356341484187     -0.076623581864
    8      0.008972782003     -2.355276350758     -0.047918341917
    8      4.663340951657     -0.035796630587      2.339101907061
    8      7.061455708162      2.362318125918      2.339101907061
    8      2.428701865508     -2.428701865508      2.458592362663
    8      0.003152908348      2.357702745680     -0.022077495897
    8      2.342897718588      4.682761358989     -0.048753754349
    8     -2.357702745680     -0.003152908348     -0.022077495897
    8      2.331237093547      2.349792865129      2.392356772996
    8      4.675866212447      4.694421984028      2.392356772996
    8     -0.004731039026      0.004731039026      2.405791015372
    8      4.609537506913      2.416121570663      4.641087712678
    8      7.019954510847      4.780138267787      4.642912960750
    8      2.245520809791      0.005704566731      4.642912960750
    8     -0.029691531715      4.673705874794      2.411023014575
    8      2.351953202780      7.055350609289      2.411023014575
    8     -2.424001492056      2.424001492055      2.419430052017
    8      2.351509874568      4.674149203007      4.679245874547
    8      4.648513344873      7.013491848376      4.672706478301
    8      0.012167229203      2.377145732705      4.672706478301
    8      4.654502028188      4.693432414364      6.972213273846
    8      7.010476985149      7.040841170000      6.937584811931
    8      2.332226663209      2.371157049385      6.972213273846
    0    0
