   3   1   1 E -1.6031084751205E+04 DE 3.3E-09(  9)
  0.304567520197E-03  0.697420729085E+01  0.699404304311E+01
  0.696766164026E+01 -0.425054126397E-02  0.699169828275E+01
  0.697317121521E+01  0.697072633837E+01 -0.307708199332E-02
    1
  0.100000000000E+01  0.000000000000E+00  0.000000000000E+00
  0.000000000000E+00  0.100000000000E+01  0.000000000000E+00
  0.000000000000E+00  0.000000000000E+00  0.100000000000E+01
  0.000000000000E+00  0.000000000000E+00  0.000000000000E+00
   54
   20     -0.007369633659     -0.019179599409     -0.040951863646
   20      2.331560637313      2.344608528417     -0.027683764571
   20     -2.328588573579     -2.325986657381     -0.032259325759
   20      2.293113637019     -0.015595231745      2.379440128512
   20      4.662766431836      2.320881468268      2.344661664701
   20      0.021282039244     -2.348020746850      2.341738855794
   20     -2.367502139123     -0.011277314299     -2.334990694183
   20      0.022477129813      2.349244675684     -2.378094930617
   12     -4.690406988063     -2.306895224241     -2.375624764513
   20      0.027644095523      2.336070390183      2.375203149739
   20      2.301878002588      4.677968006909      2.342608760539
   20     -2.341125196506      0.005411805444      2.338129726006
   12      2.153207013907      2.258704997463      4.693695992675
   12      4.651787224554      4.661735952969      4.626415138743
   12      0.154995739170      0.037264597342      4.682362959399
   20     -2.371466586256      2.325175123351     -0.025069581399
   20      0.027517960700      4.714789915006     -0.031364647411
   12     -4.739146214158      0.000060047143      0.044002821482
   12      0.023093473708     -2.295479957347     -2.277107204771
   20      2.311668572871     -0.015533573353     -2.380173861764
   20     -2.281046906391     -4.642394437669     -2.323312016330
   20      2.286819806733     -2.394302536143     -0.022348209285
   20      4.702986645001     -0.002898959405     -0.009066672243
   12      0.085112282493     -4.682194413379      0.046164127554
   20     -2.320251679275     -2.328028087642     -4.622260719649
   12      0.073238330781      0.046947895500     -4.628120019473
   12     -4.687486889154     -4.681003813878     -4.609121189618
    8     -0.006940162604     -0.036344622766     -2.399516166276
    8      2.338905830921      2.363540544612     -2.395283033555
    8     -2.323499482338     -2.327840846856     -2.324868910296
    8      2.322299170608     -0.020467097139     -0.024928718212
    8      4.696695659913      2.319129907755     -0.013478027285
    8     -0.001432241482     -2.395472070450     -0.060183173831
    8      4.668047304231     -0.008010374238      2.361340524410
    8      7.069857981530      2.237884499262      2.280347243231
    8      2.310133249245     -2.383287345114      2.385331010794
    8      0.007327019656      2.345176601331     -0.021582214555
    8      2.316939080354      4.706548409445     -0.055896931691
    8     -2.372531051688      0.001036061939     -0.028814718906
    8      2.319061540868      2.334771516064      2.373837109976
    8      4.648536109121      4.650359520796      2.339864685085
    8      0.000125399165     -0.007312372239      2.358308676322
    8      4.586413797175      2.368543285327      4.646783996309
    8      7.000661918366      4.723913775348      4.634898803070
    8      2.195392384209     -0.010340184357      4.749742842096
    8      0.012548052138      4.708666210554      2.391811432604
    8      2.222501182501      7.061488022031      2.261371423080
    8     -2.342660925347      2.326736682717      2.349073716020
    8      2.295319921746      4.581163661822      4.637871240116
    8      4.704910888081      6.921744701281      4.644401668452
    8      0.122515489156      2.321842141299      4.755235219111
    8      4.643055573828      4.649014712287      6.957932351515
    8      7.108672568865      7.074636333387      7.010230078872
    8      2.195503928156      2.215879370778      7.011285111059
    0    0
