   3   1   1 E -1.6031034730826E+04 DE-9.1E-11(  2)
  0.585761453484E-02  0.702780348634E+01  0.702702656828E+01
  0.703168057120E+01  0.198052966732E-02  0.703092953206E+01
  0.703366110087E+01  0.703366110087E+01 -0.597407932106E-19
    2
  0.100000000000E+01  0.000000000000E+00  0.000000000000E+00
  0.000000000000E+00  0.100000000000E+01  0.000000000000E+00
  0.000000000000E+00  0.000000000000E+00  0.100000000000E+01
  0.000000000000E+00  0.000000000000E+00  0.000000000000E+00
  0.000000000000E+00 -0.100000000000E+01  0.000000000000E+00
 -0.100000000000E+01  0.000000000000E+00  0.000000000000E+00
  0.000000000000E+00  0.000000000000E+00  0.100000000000E+01
  0.000000000000E+00  0.000000000000E+00  0.000000000000E+00
   54
   20      0.000000000000      0.000000000000      0.000000000000
   20      2.344553700290      2.344553700290     -0.000000000000
   20     -2.344553700290     -2.344553700290     -0.000000000000
   20      2.343893523735      0.000660176556      2.343643177354
   20      4.688447224024      2.345213876846      2.343643177354
   20     -0.000660176556     -2.343893523735      2.343643177354
   20     -2.343893523735     -0.000660176556     -2.343643177354
   20      0.000660176556      2.343893523735     -2.343643177354
   20     -4.688447224024     -2.345213876846     -2.343643177354
   20      0.001952538178      2.342601162112      2.342342189426
   20      2.346506238468      4.687154862402      2.342342189426
   20     -2.342601162112     -0.001952538178      2.342342189426
   20      2.345846061913      2.343261338668      4.685985366780
   20      4.690399762202      4.687815038957      4.685985366780
   12      0.001292361623     -0.001292361623      4.685985366780
   12     -2.341940985556      2.341940985556     -0.001300987929
   12      0.002612714734      4.686494685847     -0.001300987929
   12     -4.686494685847     -0.002612714734     -0.001300987929
   12     -0.001952538178     -2.342601162112     -2.342342189426
   12      2.342601162112      0.001952538178     -2.342342189426
   12     -2.346506238468     -4.687154862402     -2.342342189426
   12      2.341940985556     -2.341940985556      0.001300987929
   20      4.686494685847      0.002612714734      0.001300987929
   20     -0.002612714734     -4.686494685847      0.001300987929
   20     -2.345846061913     -2.343261338668     -4.685985366780
   12     -0.001292361623      0.001292361623     -4.685985366780
   20     -4.690399762202     -4.687815038957     -4.685985366780
    8     -0.000646180811      0.000646180811     -2.342992683390
    8      2.343907519478      2.345199881101     -2.342992683390
    8     -2.345199881102     -2.343907519479     -2.342992683390
    8      2.343247342923      0.001306357367      0.000650493964
    8      4.687801043213      2.345860057656      0.000650493964
    8     -0.001306357367     -2.343247342923      0.000650493964
    8      4.687140866657      0.001966533923      2.344293671317
    8      7.031694566946      2.346520234212      2.344293671317
    8      2.342587166366     -2.342587166368      2.344293671316
    8      0.001306357367      2.343247342923     -0.000650493964
    8      2.345860057657      4.687801043214     -0.000650493964
    8     -2.343247342923     -0.001306357367     -0.000650493964
    8      2.345199881102      2.343907519479      2.342992683390
    8      4.689753581392      4.688461219769      2.342992683390
    8      0.000646180811     -0.000646180811      2.342992683390
    8      4.689093404834      2.344567696034      4.686635860743
    8      7.033647105124      4.689121396325      4.686635860743
    8      2.344539704544      0.000013995744      4.686635860743
    8      0.003258895545      4.685848505037      2.341691695463
    8      2.347812595835      7.030402205327      2.341691695463
    8     -2.341294804745      2.341294804747      2.341691695463
    8      2.347152419280      4.686508681592      4.685334872818
    8      4.691706119570      7.031062381883      4.685334872818
    8      0.002598718989      2.341954981302      4.685334872818
    8      4.691045943012      4.687168858149      7.028978050170
    8      7.035599643302      7.031722558439      7.028978050170
    8      2.346492242721      2.342615157858      7.028978050170
    0    0
