   3   1   1 E -1.6031103793565E+04 DE-4.0E-10( 10)
  0.118206443884E-01  0.700294032815E+01  0.701329185291E+01
  0.700715014310E+01  0.206485163042E-03  0.701675319942E+01
  0.700658290220E+01  0.700032332556E+01  0.657354129002E-02
    1
  0.100000000000E+01  0.000000000000E+00  0.000000000000E+00
  0.000000000000E+00  0.100000000000E+01  0.000000000000E+00
  0.000000000000E+00  0.000000000000E+00  0.100000000000E+01
  0.000000000000E+00  0.000000000000E+00  0.000000000000E+00
   54
   20      0.003726686820     -0.012309507305      0.001965159961
   20      2.362813786238      2.336281298530     -0.030822492718
   20     -2.335438448035     -2.347734282659     -0.037039249051
   20      2.366500851829     -0.077447512597      2.335587880326
   20      4.703395633778      2.315952467490      2.292982673551
   20      0.084249210284     -2.369739757593      2.332967963999
   20     -2.368952814045     -0.032024078055     -2.342095026959
   20      0.031140790729      2.355133213365     -2.332503759761
   12     -4.597864483270     -2.381898848482     -2.350738787390
   20     -0.071151803417      2.351686874601      2.332038870836
   20      2.331993209403      4.699174003461      2.302507463529
   20     -2.360165895545      0.075622243264      2.331784031876
   20      2.324715954586      2.328183377510      4.759201114133
   20      4.663849137109      4.675817058826      4.757776751891
   20      0.001837110721      0.020178086358      4.733592988589
   12     -2.421035070416      2.343100823193      0.037975109043
   20     -0.033217655451      4.708866194515      0.003743434389
   12     -4.628279968150      0.032249598404     -0.010684422721
   20     -0.039481434163     -2.377464651987     -2.330634194373
   20      2.358295617159      0.025867978355     -2.329651129167
   12     -2.385133424598     -4.647839103922     -2.292496879589
   12      2.399430133329     -2.385891981309      0.022096759463
   12      4.619178265584      0.041376147002      0.018845919167
   12      0.005749674675     -4.682940390186     -0.022525667380
   12     -2.455874335552     -2.422967132087     -4.721788369571
   20     -0.003165237026      0.019462789134     -4.726657388567
   12     -4.598632171508     -4.606938234104     -4.740361111550
    8     -0.002818608132     -0.002926787434     -2.331514926908
    8      2.443818344290      2.435489198004     -2.393834729346
    8     -2.443975619805     -2.444916772944     -2.413810287850
    8      2.430638950164     -0.071851113484      0.006213004355
    8      4.740431564917      2.262534143728     -0.082354904979
    8      0.087570776815     -2.422621836524      0.005159227509
    8      4.663745277977     -0.072790380536      2.240592785715
    8      7.082799572366      2.338878335378      2.263782100647
    8      2.438769122697     -2.433312035044      2.354279006174
    8     -0.056928350612      2.339626085004     -0.000335794810
    8      2.340136580648      4.748954240705     -0.066096334031
    8     -2.424718785964      0.078208845080      0.002054364488
    8      2.339216542124      2.329292397024      2.318660447769
    8      4.679423348454      4.676745141828      2.342885843780
    8      0.004864170690     -0.000251647913      2.332439579764
    8      4.671640104536      2.333996068616      4.744742737529
    8      7.069010573730      4.668719192960      4.683126408891
    8      2.343562823840     -0.084780451161      4.769724923499
    8     -0.056983926478      4.665100550703      2.335147418088
    8      2.347213377434      7.087436682274      2.287232371072
    8     -2.434554791329      2.421305148648      2.269417884284
    8      2.348756135626      4.663590033614      4.750334914336
    8      4.674280562527      7.108690217432      4.771539028857
    8     -0.062908685287      2.335271181697      4.749693026787
    8      4.547427995527      4.617449206253      7.106503091642
    8      7.010716278810      7.114330530109      7.025187298116
    8      2.375374946947      2.339692777217      7.098947543927
    0    0
