   3   1   1 E -1.6031097587363E+04 DE-5.1E-10( 11)
 -0.178383596372E-02  0.700944819361E+01  0.700801072621E+01
  0.697776047846E+01  0.578800982154E-03  0.699996446868E+01
  0.699045470443E+01  0.700703198958E+01 -0.524376143841E-02
    1
  0.100000000000E+01  0.000000000000E+00  0.000000000000E+00
  0.000000000000E+00  0.100000000000E+01  0.000000000000E+00
  0.000000000000E+00  0.000000000000E+00  0.100000000000E+01
  0.000000000000E+00  0.000000000000E+00  0.000000000000E+00
   54
   20      0.008464900619     -0.020808711399     -0.009339199649
   20      2.348083995574      2.338285542977     -0.037035978407
   20     -2.377888071539     -2.348092963027     -0.029108371470
   20      2.386969310877     -0.046355418635      2.343287961766
   20      4.674842717593      2.298407401390      2.305869959824
   20      0.032280997256     -2.322359654414      2.342052122361
   20     -2.348642407635     -0.030138430872     -2.367498361767
   20      0.038999110116      2.359034539195     -2.335068334528
   12     -4.580844922701     -2.386060945713     -2.362050804302
   20     -0.032886121645      2.356387737434      2.354363880426
   20      2.287566336042      4.693629462941      2.347054211267
   12     -2.335114312173      0.033886432823      2.359622334499
   12      2.350540789828      2.396578535858      4.708797155716
   20      4.657170385339      4.704388206291      4.677918422063
   20     -0.026819468890      0.013423854530      4.679689196705
   20     -2.357406175246      2.397140702912      0.037042490315
   12     -0.019633290815      4.716539417833      0.042819992531
   20     -4.688104468646     -0.011664337956     -0.009574169751
   20     -0.035563921234     -2.369183323983     -2.364305230301
   20      2.376395965122     -0.006280753744     -2.317704584489
   12     -2.395520141655     -4.655480348392     -2.346766338481
   12      2.362796301353     -2.301291012942     -0.042720969098
   12      4.705175851216     -0.083761986122      0.040134924720
   20     -0.004182706501     -4.695275902326      0.009588431219
   12     -2.341053029599     -2.295946370431     -4.644919529502
   12     -0.045625844480     -0.044519102214     -4.675368439533
   20     -4.593561402758     -4.655624671743     -4.654689429359
    8     -0.015654292248     -0.013156558665     -2.388556761449
    8      2.434615988444      2.392855172252     -2.341306759786
    8     -2.477610099836     -2.440826452570     -2.425860156116
    8      2.430086201823     -0.092862250842     -0.010847383683
    8      4.653343579955      2.269126807927     -0.053148877993
    8      0.020215720669     -2.347926582716     -0.018997282648
    8      4.765520604221     -0.102363531009      2.260745522747
    8      7.000300085818      2.286815014090      2.328402156190
    8      2.433396092372     -2.333480373730      2.337033647465
    8      0.001020078524      2.393861506584      0.000456295483
    8      2.236499343657      4.676276449814     -0.028436028342
    8     -2.339726051738     -0.001221320028      0.038979175763
    8      2.340062514838      2.329807230877      2.349544681313
    8      4.655950624063      4.713851340402      2.335595753026
    8     -0.049892818938     -0.007330275572      2.316147602421
    8      4.596950514876      2.350668243725      4.686262403418
    8      7.081166634770      4.685469162909      4.730836400060
    8      2.324823064772     -0.000783755657      4.665214459407
    8     -0.136329022063      4.750941283648      2.240850938530
    8      2.355988568796      7.009764247595      2.347977332051
    8     -2.327026581251      2.335825577984      2.429446125447
    8      2.324397421611      4.610602021684      4.714136215868
    8      4.657208410590      7.082128729978      4.667875318614
    8     -0.002714412848      2.338730450283      4.669510366271
    8      4.637858634380      4.817709010839      7.110233423175
    8      6.877852985961      6.928091320523      7.038605952223
    8      2.324196894513      2.409335058185      6.959499588289
    0    0
