   3   1   1 E -1.6031094272439E+04 DE 4.9E-10( 11)
  0.873684084551E-02  0.702270644573E+01  0.700919888240E+01
  0.700399690013E+01 -0.901574250913E-03  0.701106517652E+01
  0.700306017088E+01  0.701894007279E+01  0.514084165206E-02
    1
  0.100000000000E+01  0.000000000000E+00  0.000000000000E+00
  0.000000000000E+00  0.100000000000E+01  0.000000000000E+00
  0.000000000000E+00  0.000000000000E+00  0.100000000000E+01
  0.000000000000E+00  0.000000000000E+00  0.000000000000E+00
   54
   20      0.030478875098     -0.019395443051     -0.081341107759
   20      2.340380367374      2.342752401530     -0.070146684591
   20     -2.340624464830     -2.352174397058     -0.045042212684
   20      2.322931502867     -0.038606907643      2.352049907302
   20      4.702627521021      2.315956316520      2.370491216019
   20      0.031729014583     -2.344810069793      2.366214386372
   20     -2.322906416544     -0.036775856009     -2.342265826505
   12      0.052885844362      2.297387489412     -2.355150234047
   12     -4.734225806651     -2.327104133140     -2.297342785575
   20     -0.023605857584      2.345573183995      2.388368900954
   20      2.304572855889      4.731637383875      2.364647626536
   20     -2.369900960713      0.027374712703      2.359996337725
   20      2.294429521368      2.336305542812      4.744711231817
   20      4.675686503615      4.715728276462      4.690141086303
   12      0.055143772903     -0.001377611814      4.657745197748
   20     -2.354719029949      2.338974158760     -0.017312737783
   20      0.036070033107      4.721127766331     -0.037058840333
   12     -4.767925971730     -0.083906406093     -0.057872996151
   12      0.049823308026     -2.288010333370     -2.339884042504
   12      2.282045531874     -0.001294866449     -2.307209939179
   12     -2.283399812651     -4.676740086925     -2.326703570137
   12      2.316103561603     -2.276384560416     -0.068467225905
   20      4.692262897493      0.003335331282     -0.029184287987
   20      0.022922265857     -4.706619714805     -0.032259727498
   20     -2.340016645387     -2.349598919146     -4.638357814087
   12      0.077186480387      0.003155751536     -4.587510303608
   20     -4.684951383992     -4.695097212047     -4.635943450812
    8      0.117980371989     -0.001693240828     -2.432804524893
    8      2.297336955677      2.338265089302     -2.329865318819
    8     -2.319833876551     -2.431119904730     -2.328802746424
    8      2.338695269196     -0.069100026870     -0.101328063865
    8      4.669572723752      2.331531391838     -0.059164971134
    8      0.073526109664     -2.342003332832     -0.073926950272
    8      4.720648977889     -0.009152025877      2.372689832384
    8      7.009708077401      2.266281259457      2.419784601634
    8      2.322885135746     -2.335825978701      2.357189655567
    8     -0.001273436699      2.340488408707     -0.088417879510
    8      2.335610498171      4.770764697944     -0.077132280344
    8     -2.391212725789     -0.010283461006     -0.032447740581
    8      2.327726611878      2.339599799521      2.358754720596
    8      4.663999745191      4.689973513531      2.367702533493
    8      0.000560881327     -0.002783668859      2.377188877015
    8      4.718068256417      2.336828797514      4.690437924855
    8      7.103116010816      4.709705362152      4.674912010026
    8      2.221185733141     -0.091328225121      4.724344642105
    8      0.013723219874      4.750193524106      2.401354253646
    8      2.231407584723      7.017903037473      2.369059388435
    8     -2.331979135566      2.339254954083      2.365959045663
    8      2.239489780474      4.773034295512      4.761342566541
    8      4.668670203282      7.118252085386      4.672489568970
    8     -0.083292981511      2.317191654788      4.673350576148
    8      4.612972715432      4.694008590348      7.006766229616
    8      7.110766497624      7.021196438818      7.006520577285
    8      2.336009892429      2.340757416089      7.013053420788
    0    0
