   3   1   1 E -1.6031075467809E+04 DE 1.6E-09( 11)
  0.408220881712E-01  0.698069375364E+01  0.699708106139E+01
  0.699330830639E+01  0.114758252040E-01  0.701843536750E+01
  0.701787921188E+01  0.702071410256E+01 -0.681232279835E-02
    1
  0.100000000000E+01  0.000000000000E+00  0.000000000000E+00
  0.000000000000E+00  0.100000000000E+01  0.000000000000E+00
  0.000000000000E+00  0.000000000000E+00  0.100000000000E+01
  0.000000000000E+00  0.000000000000E+00  0.000000000000E+00
   54
   20      0.030893311019     -0.026133241265     -0.033733006434
   20      2.387171032940      2.295754280038     -0.054738422312
   20     -2.353200097527     -2.349484837710     -0.020904308103
   20      2.332726600050     -0.003815504187      2.337376795388
   20      4.661298779409      2.340494333382      2.351388878007
   20      0.001280723012     -2.342910304513      2.341927326181
   20     -2.381350985180      0.015027632039     -2.336073876848
   20      0.027082841274      2.337325781087     -2.354748081325
   20     -4.677872313774     -2.341985607413     -2.355028334996
   20      0.008514231261      2.301082366448      2.358824601671
   20      2.381739665430      4.686076493321      2.372055569119
   20     -2.358220966009      0.010456062756      2.387096145955
   12      2.376309325012      2.153753276091      4.691618835205
   12      4.570531360918      4.762659708652      4.659595856458
   12      0.061192157574      0.023500208851      4.705158157749
   20     -2.394260139613      2.345947793900     -0.020239828843
   20      0.006414042912      4.713375082476     -0.029424454902
   12     -4.727180434757      0.078013888214     -0.041983754332
   20      0.026161551708     -2.360236875458     -2.331220302473
   12      2.400394996574      0.073224660000     -2.265293699838
   12     -2.438592520238     -4.724111743500     -2.298000662806
   12      2.362958529374     -2.328647512482      0.046977288520
   12      4.657604751380      0.053025801045     -0.012309225663
   20      0.021365348780     -4.715172503173     -0.027973316233
   20     -2.397234344384     -2.338272711002     -4.682497056310
   20      0.028742371459      0.022631419027     -4.670690294541
   12     -4.663097319734     -4.582896638447     -4.657971633286
    8      0.041181588148     -0.001177522101     -2.333291244261
    8      2.428738457472      2.260533328854     -2.426615096185
    8     -2.357443507833     -2.371440565480     -2.339581861018
    8      2.434124109265     -0.086918906560     -0.083972591162
    8      4.677719750634      2.278797066251     -0.065580870685
    8      0.032423747326     -2.353879804946     -0.032733031800
    8      4.650140040372      0.013321133565      2.337286622429
    8      7.051765127885      2.340162611666      2.344671821995
    8      2.314047936489     -2.370939503778      2.298267995881
    8      0.013149092151      2.329927820501     -0.029934983104
    8      2.355511786976      4.703240580813     -0.020925711738
    8     -2.386326725363      0.001236307417     -0.012362937657
    8      2.351303260037      2.323688862077      2.356488556999
    8      4.668245107525      4.680973009100      2.366734500283
    8      0.014273571153     -0.011286221929      2.367761767285
    8      4.599676023586      2.391465731272      4.682429201612
    8      6.970255812195      4.735361079870      4.652904982720
    8      2.249053857497      0.065860640537      4.713728226331
    8      0.035297440098      4.660537394614      2.340191410620
    8      2.377365668316      7.084059252284      2.365332322285
    8     -2.405614763130      2.313212187452      2.365195031453
    8      2.467865769011      4.656973345413      4.761623806388
    8      4.663451442166      7.026499882281      4.785651571600
    8      0.045514500369      2.227385467548      4.669868310745
    8      4.568646051375      4.754915776429      6.954331595930
    8      7.067992652177      7.010041014459      6.967303304905
    8      2.354312934223      2.296745290510      6.995206580594
    0    0
