   3   1   1 E -1.6031033858799E+04 DE-1.7E-10(  2)
  0.675410891026E-02  0.703277804180E+01  0.702523900501E+01
  0.703263779546E+01 -0.229395714905E-02  0.702652290723E+01
  0.703677444008E+01  0.703220510614E+01 -0.177859196623E-03
    1
  0.100000000000E+01  0.000000000000E+00  0.000000000000E+00
  0.000000000000E+00  0.100000000000E+01  0.000000000000E+00
  0.000000000000E+00  0.000000000000E+00  0.100000000000E+01
  0.000000000000E+00  0.000000000000E+00  0.000000000000E+00
   54
   20      0.000000000000      0.000000000000      0.000000000000
   20      2.345591480026      2.344068368712     -0.000059286399
   20     -2.345591480026     -2.344068368712      0.000059286399
   20      2.344212598488     -0.000764652383      2.342174302411
   20      4.689804078514      2.343303716329      2.342115016012
   20     -0.001378881538     -2.344833021095      2.342233588810
   20     -2.344212598488      0.000764652383     -2.342174302411
   20      0.001378881538      2.344833021095     -2.342233588810
   12     -4.689804078514     -2.343303716329     -2.342115016012
   20      0.002251369637      2.344259347267      2.341746335003
   20      2.347842849663      4.688327715979      2.341687048604
   20     -2.343340110389      0.000190978555      2.341805621402
   20      2.346463968125      2.343494694884      4.683920637414
   12      4.692055448151      4.687563063596      4.683861351015
   20      0.000872488099     -0.000573673828      4.683979923813
   12     -2.341961228851      2.345023999650     -0.000427967408
   20      0.003630251175      4.689092368362     -0.000487253807
   12     -4.687552708877      0.000955630938     -0.000368681009
   12     -0.002251369637     -2.344259347267     -2.341746335003
   12      2.343340110389     -0.000190978555     -2.341805621402
   12     -2.347842849663     -4.688327715979     -2.341687048604
   12      2.341961228851     -2.345023999650      0.000427967408
   12      4.687552708877     -0.000955630938      0.000368681009
   20     -0.003630251175     -4.689092368362      0.000487253807
   20     -2.346463968125     -2.343494694884     -4.683920637414
   20     -0.000872488099      0.000573673828     -4.683979923813
   20     -4.692055448151     -4.687563063596     -4.683861351015
    8     -0.000436244049      0.000286836914     -2.341989961906
    8      2.345155235978      2.344355205628     -2.342049248305
    8     -2.346027724075     -2.343781531798     -2.341930675508
    8      2.343776354439     -0.000477815469      0.000184340505
    8      4.689367834466      2.343590553245      0.000125054106
    8     -0.001815125587     -2.344546184181      0.000243626903
    8      4.687988952924     -0.001242467852      2.342358642914
    8      7.033580432952      2.342825900862      2.342299356515
    8      2.342397472899     -2.345310836564      2.342417929312
    8      0.001815125587      2.344546184181     -0.000243626903
    8      2.347406605615      4.688614552895     -0.000302913302
    8     -2.343776354439      0.000477815469     -0.000184340505
    8      2.346027724075      2.343781531798      2.341930675508
    8      4.691619204103      4.687849900512      2.341871389109
    8      0.000436244049     -0.000286836914      2.341989961906
    8      4.690240322562      2.343016879415      4.684104977917
    8      7.035831802588      4.687085248128      4.684045691518
    8      2.344648842536     -0.001051489297      4.684164264316
    8      0.004066495224      4.688805531448      2.341502708099
    8      2.349657975251      7.032873900162      2.341443421701
    8     -2.341524984802      2.344737162735      2.341561994498
    8      2.348279093712      4.688040879065      4.683677010510
    8      4.693870573739      7.032109247778      4.683617724112
    8      0.002687613686      2.343972510353      4.683736296910
    8      4.692491692199      4.687276226683      7.025851312921
    8      7.038083172225      7.031344595395      7.025792026522
    8      2.346900212173      2.343207857970      7.025910599319
    0    0
