   3   1   1 E -1.6031103371284E+04 DE 3.4E-09(  9)
  0.226712735844E-01  0.699553906242E+01  0.700311293589E+01
  0.698237705839E+01  0.215713829670E-02  0.701503851393E+01
  0.698684340716E+01  0.700660139209E+01  0.356003540902E-02
    1
  0.100000000000E+01  0.000000000000E+00  0.000000000000E+00
  0.000000000000E+00  0.100000000000E+01  0.000000000000E+00
  0.000000000000E+00  0.000000000000E+00  0.100000000000E+01
  0.000000000000E+00  0.000000000000E+00  0.000000000000E+00
   54
   20      0.008383167631     -0.012375538944     -0.005113292366
   20      2.339267159542      2.318785377637      0.003583682947
   20     -2.314677318581     -2.318014784767     -0.007595033868
   20      2.354574133615     -0.035835551101      2.324532590893
   20      4.674769437436      2.294684197524      2.297366661119
   20      0.050720367150     -2.344776060775      2.347381227213
   20     -2.309616405753     -0.016918668432     -2.362862707078
   20     -0.002938708263      2.311972852154     -2.362399670767
   20     -4.650989724070     -2.328584030998     -2.349435094681
   20     -0.038812319091      2.370539190103      2.375568982943
   20      2.265945432577      4.710693653007      2.302009146387
   20     -2.350567970445      0.048503901494      2.313409559046
   20      2.311602569563      2.332419468702      4.756918291686
   20      4.646263974357      4.675453380120      4.716587980439
   12      0.037225780290     -0.035474669825      4.708403867929
   12     -2.393703434062      2.323293079877      0.065092228875
   20     -0.061636625171      4.716406021576      0.005040866565
   12     -4.641991570256      0.009219037816      0.052975263857
   12     -0.011692235188     -2.217862913823     -2.367464914905
   20      2.323067045189     -0.012432863160     -2.341555212890
   20     -2.288607003133     -4.662590819763     -2.335446645137
   12      2.373390304206     -2.317338924430      0.024605931373
   12      4.678559757805     -0.029819666113     -0.010056990064
   20      0.051766490741     -4.711974944345     -0.012172677967
   12     -2.351117541928     -2.383664066582     -4.716141550923
   12     -0.050985287689     -0.031762833559     -4.668897473697
   12     -4.631444739607     -4.670775105123     -4.729854745531
    8     -0.002587382720     -0.090236636110     -2.393016739336
    8      2.329989507731      2.329952791879     -2.388061009648
    8     -2.287063412261     -2.331328607830     -2.353963919109
    8      2.424599206713     -0.063486740766     -0.002654212583
    8      4.660728383553      2.272629158889     -0.001250922662
    8      0.108833866373     -2.331904949441     -0.017819190405
    8      4.746265704075     -0.078607257563      2.251174917036
    8      7.057358371678      2.251084188845      2.338471223216
    8      2.404676222679     -2.409118549458      2.267013731529
    8     -0.080023144770      2.336301021866      0.006182078480
    8      2.323314946225      4.744799362643      0.001732914686
    8     -2.408399554488      0.068989190985     -0.003930903098
    8      2.338822667158      2.336334327761      2.347377699914
    8      4.663623264129      4.676488746046      2.336532247279
    8      0.006017980341      0.008495932109      2.361469695869
    8      4.664647658226      2.331149466589      4.732790456072
    8      6.985942165569      4.743785744654      4.682447770878
    8      2.252010992535     -0.005430315258      4.729740164737
    8     -0.092905366250      4.772611145821      2.408399405094
    8      2.249649840388      7.085094094479      2.250055376569
    8     -2.398088422780      2.429070932698      2.243661885296
    8      2.236106161011      4.662817216223      4.720006326467
    8      4.765338079631      7.001051889214      4.684398098140
    8      0.020574338166      2.314986058037      4.678997909923
    8      4.551333897577      4.678515532504      7.089557791307
    8      6.981281904157      6.992771926666      6.996492142106
    8      2.444710214582      2.310754777899      7.107416474390
    0    0
