   3   1   1 E -1.6031095633454E+04 DE 7.2E-09(  9)
 -0.947503246257E-03  0.700878416054E+01  0.703554894892E+01
  0.698216976861E+01 -0.135173563057E-02  0.703554894892E+01
  0.698122226536E+01  0.700743242492E+01  0.000000000000E+00
    2
  0.100000000000E+01  0.000000000000E+00  0.000000000000E+00
  0.000000000000E+00  0.100000000000E+01  0.000000000000E+00
  0.000000000000E+00  0.000000000000E+00  0.100000000000E+01
  0.000000000000E+00  0.000000000000E+00  0.000000000000E+00
  0.100000000000E+01  0.000000000000E+00  0.000000000000E+00
  0.000000000000E+00  0.100000000000E+01  0.000000000000E+00
  0.000000000000E+00  0.000000000000E+00 -0.100000000000E+01
  0.000000000000E+00  0.000000000000E+00  0.000000000000E+00
   54
   20      0.017980329788     -0.016000575607      0.000000000000
   20      2.336992034506      2.327297058123     -0.000000000000
   20     -2.341159509951     -2.320633996914      0.000000000000
   20      2.357201570770     -0.035097538204      2.322604325992
   20      4.661216442107      2.306394404797      2.343414437883
   20      0.025829230657     -2.353822194878      2.359039561895
   20     -2.351597403964      0.011467250031     -2.363384489234
   20     -0.013483429051      2.343057591632     -2.364657755967
   20     -4.661431486301     -2.310465058530     -2.375618985466
   20     -0.013483429051      2.343057591632      2.364657755967
   20      2.319790779061      4.696967366385      2.375618985466
   20     -2.351597403964      0.011467250031      2.363384489234
   12      2.315659293214      2.311906770198      4.708855924774
   12      4.699566578589      4.695107600026      4.703696735051
   12      0.003077993900     -0.000452420938      4.739711107989
   20     -2.419431585240      2.385045835491     -0.000000000000
   20     -0.065823744056      4.741905242066     -0.000000000000
   12     -4.705318484911     -0.005603860363     -0.000000000000
   20      0.025829230657     -2.353822194878     -2.359039561895
   20      2.357201570770     -0.035097538204     -2.322604325992
   20     -2.320005823256     -4.701038020118     -2.343414437883
   12      2.287948366802     -2.244497625749      0.000000000000
   12      4.671562890663     -0.083380915853      0.000000000000
   20      0.064502455901     -4.725173767350      0.000000000000
   12     -2.281655686774     -2.312324824889     -4.703696735051
   12      0.003077993900     -0.000452420938     -4.739711107989
   12     -4.665562972148     -4.695525654717     -4.708855924774
    8      0.016812269706     -0.004340732273     -2.386283828240
    8      2.331659967150      2.331719809603     -2.349112388225
    8     -2.327875558488     -2.332203717021     -2.399509727300
    8      2.399015036197     -0.073238400052      0.000000000000
    8      4.653293415296      2.267765233399     -0.000000000000
    8      0.083564087295     -2.343197239148      0.000000000000
    8      4.733678459330     -0.085945410619      2.254668348510
    8      7.054607997023      2.254414470123      2.348606544400
    8      2.434961377684     -2.433001338983      2.296095337798
    8     -0.023259496717      2.352276282860     -0.000000000000
    8      2.319416803097      4.753321062257     -0.000000000000
    8     -2.397970332381      0.003284466919     -0.000000000000
    8      2.331659967147      2.331719809601      2.349112388225
    8      4.653346706873      4.675228707892      2.399509727300
    8      0.016812269706     -0.004340732273      2.386283828240
    8      4.568874232101      2.410092464660      4.690076303017
    8      6.903443441682      4.750743753405      4.687513518262
    8      2.255414701103      0.093896705264      4.747999434692
    8     -0.078726326930      4.752095489029      2.348035430656
    8      2.254467197858      7.102680865808      2.287549514226
    8     -2.413295536508      2.411444200287      2.345472645900
    8      2.434013874438      4.575782821558      4.739453611119
    8      4.732730956085      6.922838749924      4.780880600407
    8      0.072438228412      2.255766205747      4.686942404517
    8      4.511811423082      4.764443369824      7.035548948917
    8      7.020751029927      7.025481341431      7.035548948917
    8      2.332468395441      2.327878232692      7.035548948917
    0    0
