   3   1   1 E -1.6031087300859E+04 DE-7.6E-10( 10)
  0.388967756405E-01  0.696870066991E+01  0.705332378957E+01
  0.702178962777E+01  0.686091369352E-02  0.707635741980E+01
  0.704579515059E+01  0.701042835196E+01 -0.111080163694E-01
    1
  0.100000000000E+01  0.000000000000E+00  0.000000000000E+00
  0.000000000000E+00  0.100000000000E+01  0.000000000000E+00
  0.000000000000E+00  0.000000000000E+00  0.100000000000E+01
  0.000000000000E+00  0.000000000000E+00  0.000000000000E+00
   54
   20      0.002215144307     -0.011514643755     -0.053648233877
   20      2.399326794886      2.284831424167     -0.048532817538
   20     -2.306926039037     -2.367538171008     -0.026581400527
   20      2.338137651277     -0.005051171311      2.364460557334
   20      4.706129870738      2.332716183717      2.354943582694
   20     -0.019957336107     -2.339802234980      2.389705225663
   20     -2.342380672009      0.000351520105     -2.335346931045
   20     -0.002877599658      2.332233563530     -2.356322239679
   20     -4.670761623333     -2.328858618777     -2.329509118866
   20     -0.026851984944      2.330474607220      2.382244198272
   20      2.362711277039      4.713236690343      2.349137173503
   20     -2.355001613846      0.004645869715      2.387980392770
   20      2.296304712884      2.337452963124      4.749884902696
   12      4.733745550381      4.708659733275      4.783031342905
   12     -0.037414430161      0.009653444275      4.806518704708
   12     -2.335434415249      2.310746528314     -0.066251235633
   20     -0.004374627483      4.730036273633     -0.059938801532
   12     -4.662554265278      0.138690792711     -0.116685799179
   12     -0.044404573896     -2.294352423453     -2.281428880330
   12      2.355569172806     -0.083675479434     -2.231433950872
   12     -2.288249185438     -4.772000185688     -2.195650062064
   20      2.351564159336     -2.337836818491     -0.054902385563
   12      4.648559234407      0.077058797345     -0.080686281196
   12     -0.145286341566     -4.757186146053     -0.061216652725
   20     -2.325804285008     -2.352809797066     -4.731697625214
   20      0.006088996642      0.024856166297     -4.740099880097
   20     -4.667903654538     -4.720475708345     -4.712931570432
    8      0.052584744667     -0.073406990019     -2.358391689831
    8      2.437712286634      2.243896238833     -2.361817043613
    8     -2.253256798929     -2.403295707130     -2.351071312497
    8      2.409303634003     -0.019324595595     -0.057262300130
    8      4.793788751785      2.216589407196     -0.061567070358
    8     -0.003553247918     -2.388744653284     -0.049012064441
    8      4.675918113311      0.012237663877      2.312603989454
    8      7.011384415999      2.326141120103      2.325156974499
    8      2.346868088576     -2.340922118623      2.368647718596
    8     -0.050566004170      2.331122317722     -0.048659086593
    8      2.380665770636      4.729510098544     -0.029149468782
    8     -2.398965095934      0.067875397461     -0.014165093407
    8      2.341550742486      2.334266985321      2.358283051183
    8      4.714374530726      4.679836399413      2.398985132194
    8     -0.030596242741      0.001765822230      2.387139293897
    8      4.678730016715      2.414777618596      4.797032742864
    8      6.970556673504      4.762973884267      4.720911933270
    8      2.282927927466      0.025002374346      4.779487908649
    8      0.028259312891      4.673372865565      2.375738007929
    8      2.382897479874      6.990656890674      2.340322600551
    8     -2.313805526458      2.303341995336      2.353646874699
    8      2.354156786519      4.755942264644      4.712832989094
    8      4.722177326218      6.990419070905      4.806604084170
    8     -0.170877795124      2.324137528753      4.829389220497
    8      4.716753015127      4.653108428622      6.942072528037
    8      7.054824971910      7.164422507973      6.919348880025
    8      2.381183198106      2.196708734905      7.051428354369
    0    0
