   3   1   1 E -1.6031104934823E+04 DE-3.8E-09(  9)
  0.167157670819E-02  0.699154021571E+01  0.702102283875E+01
  0.700600683469E+01 -0.687612024936E-03  0.701541511565E+01
  0.701544098756E+01  0.699036917575E+01 -0.485748344301E-02
    1
  0.100000000000E+01  0.000000000000E+00  0.000000000000E+00
  0.000000000000E+00  0.100000000000E+01  0.000000000000E+00
  0.000000000000E+00  0.000000000000E+00  0.100000000000E+01
  0.000000000000E+00  0.000000000000E+00  0.000000000000E+00
   54
   20     -0.004801169869     -0.008745142204      0.008911861039
   20      2.379679711647      2.337683324520     -0.009637546688
   20     -2.340912503786     -2.340454179547     -0.007662936599
   20      2.356860090553     -0.028436253987      2.364680801245
   20      4.698862743127      2.296918042780      2.308622050313
   20      0.039023350282     -2.339074754231      2.324498794164
   20     -2.348972345251      0.006199680496     -2.324795779817
   20      0.013752663677      2.330467441403     -2.371172743396
   12     -4.682038157635     -2.404003964809     -2.345652155975
   20     -0.047526673351      2.313452838808      2.360776645638
   20      2.332094284806      4.705163836321      2.372687393840
   12     -2.284987853567      0.063042093975      2.326503491445
   12      2.401971954153      2.405755915169      4.726018663084
   20      4.657474713268      4.678711704036      4.717667745339
   20     -0.014491283704      0.050034461162      4.718993042801
   12     -2.366868917983      2.306139156959     -0.019893732908
   20     -0.020024899801      4.692206062802      0.027775536759
   20     -4.696547870745      0.063789194463     -0.019667986461
   20      0.000304827901     -2.374385544760     -2.315307549190
   20      2.391356042219      0.000736735806     -2.317033506195
   12     -2.361589800545     -4.714350685108     -2.288970100503
   12      2.394571126214     -2.406950863535     -0.052624621696
   12      4.700484750086      0.052772339015     -0.002403533876
   12     -0.106710073741     -4.683778415707     -0.045204139140
   20     -2.366079136560     -2.358276882665     -4.716017373617
   12     -0.063884372201      0.018639151992     -4.759963831674
   20     -4.656117811477     -4.681450720159     -4.718031780801
    8      0.011666107177     -0.004212361661     -2.344250106249
    8      2.421495970026      2.419885631179     -2.355823637264
    8     -2.469229824027     -2.429623326538     -2.338108062672
    8      2.438326402168     -0.071172790727     -0.008380817199
    8      4.755304311608      2.253014742781     -0.084343287613
    8      0.082819307673     -2.442985424635      0.017942536512
    8      4.765383217918     -0.005235883145      2.273268140969
    8      7.007529017457      2.230319348003      2.235662828458
    8      2.334181651166     -2.345373426835      2.332955416954
    8     -0.062582083600      2.337244772635     -0.006662469072
    8      2.344660805882      4.682734085809     -0.016073610500
    8     -2.339417281017      0.093611537160      0.088524401473
    8      2.349432854479      2.335845486992      2.402998543646
    8      4.688197594969      4.742339848753      2.344569050321
    8     -0.086043591892     -0.006477511799      2.360519836837
    8      4.596506040851      2.331438926044      4.743428902756
    8      7.110281569595      4.667592244326      4.694832832015
    8      2.338606535392      0.016843332242      4.686854526025
    8     -0.013453864003      4.745938586708      2.347204696953
    8      2.356717636748      6.995182700331      2.333184772089
    8     -2.339547481923      2.204676119358      2.304830341274
    8      2.333098117448      4.570786343441      4.749291820793
    8      4.682848055128      7.101717176156      4.716700460218
    8     -0.068526622592      2.341961710410      4.725969205341
    8      4.573741734169      4.647673018587      7.007786019600
    8      6.895405582502      7.096639151476      7.106744885388
    8      2.391752144329      2.423329397412      6.879388185097
    0    0
