   3   1   1 E -1.6031095480482E+04 DE-5.5E-10( 11)
  0.498833374136E-02  0.700581348097E+01  0.699913418606E+01
  0.700362463504E+01 -0.111446680654E-01  0.700839401239E+01
  0.700265081953E+01  0.700786178525E+01 -0.380711119966E-02
    1
  0.100000000000E+01  0.000000000000E+00  0.000000000000E+00
  0.000000000000E+00  0.100000000000E+01  0.000000000000E+00
  0.000000000000E+00  0.000000000000E+00  0.100000000000E+01
  0.000000000000E+00  0.000000000000E+00  0.000000000000E+00
   54
   20      0.031877274202     -0.022825432277     -0.010916487009
   20      2.357902836335      2.341459060497     -0.037288584755
   20     -2.349364821891     -2.333144993982     -0.003096388935
   20      2.337283646441     -0.044201160103      2.362525011323
   20      4.679153914605      2.333229094418      2.355893899719
   20      0.024968006513     -2.364099201349      2.344910875581
   20     -2.354629799507     -0.004920387282     -2.323660816645
   20      0.061451048363      2.338978018507     -2.363666949748
   12     -4.640425498570     -2.410716394824     -2.350640894551
   20     -0.024788886728      2.313990228511      2.357448472657
   20      2.349590059940      4.718810111914      2.408729078922
   12     -2.354368466259      0.029619355818      2.422121796462
   12      2.371523991632      2.394030358040      4.671190846361
   12      4.565634789040      4.665951595115      4.685731521949
   20     -0.027682022876     -0.010532475379      4.647701016838
   20     -2.394351541480      2.353217512245     -0.010546224055
   20     -0.003773154296      4.693364381156     -0.004136690918
   20     -4.677214664520      0.038773996033      0.022403732202
   20      0.033092458250     -2.344546306894     -2.349960630243
   12      2.394079544612      0.055108222862     -2.389993051037
   12     -2.450485727558     -4.669957315420     -2.415976762258
   12      2.364275303640     -2.382856249018     -0.070614130437
   20      4.632206643708     -0.025589174366     -0.066181926204
   20      0.033490397135     -4.678838517722     -0.007467980121
   20     -2.380999368433     -2.370678487226     -4.662406951430
   12      0.032584401910      0.045757174897     -4.635340640343
   12     -4.579283067753     -4.602210076791     -4.581970927866
    8      0.090894483053     -0.000963315994     -2.369989143792
    8      2.465815064266      2.397580400777     -2.404464975958
    8     -2.411399122514     -2.404555917813     -2.348985308467
    8      2.342427931636     -0.056407071847     -0.077422562589
    8      4.655927968067      2.332548148628     -0.054091950093
    8      0.063174611648     -2.349026843444     -0.018401736499
    8      4.692846207392     -0.020679478003      2.345243692153
    8      7.083744232671      2.243655168932      2.329751695260
    8      2.336429049768     -2.436113102888      2.337831685632
    8      0.005423941482      2.339278055527     -0.004924410596
    8      2.328529482574      4.694142661409     -0.026791833802
    8     -2.334153578060      0.008090783479      0.047046408238
    8      2.336428962097      2.336302863671      2.387744233678
    8      4.666006232732      4.734408252434      2.404848721711
    8     -0.033208111075     -0.018879116116      2.361230018927
    8      4.610317881366      2.383219021140      4.652316906684
    8      7.023058078114      4.654741688060      4.654857704867
    8      2.335944828536     -0.010645818784      4.684186909711
    8      0.004494777764      4.722171486648      2.347302344062
    8      2.289010478474      7.135647507884      2.447753648378
    8     -2.442705878770      2.234429436727      2.424295282942
    8      2.457526276322      4.627603228147      4.773901151736
    8      4.534590884051      6.988579828087      4.532154215857
    8      0.014813397402      2.328855707607      4.658763367567
    8      4.583183890109      4.660506033969      6.929977052830
    8      6.988547086966      7.004118085090      7.005708805896
    8      2.331270694873      2.425607060951      7.002112752866
    0    0
