   3   1   1 E -1.6031089310273E+04 DE-7.1E-11( 11)
 -0.404771524706E-01  0.705442755057E+01  0.698943470046E+01
  0.702528800459E+01 -0.113376064775E-01  0.696008795906E+01
  0.701395039811E+01  0.701395039811E+01  0.241039530921E-17
    2
  0.100000000000E+01  0.000000000000E+00  0.000000000000E+00
  0.000000000000E+00  0.100000000000E+01  0.000000000000E+00
  0.000000000000E+00  0.000000000000E+00  0.100000000000E+01
  0.000000000000E+00  0.000000000000E+00  0.000000000000E+00
  0.000000000000E+00 -0.100000000000E+01  0.000000000000E+00
 -0.100000000000E+01  0.000000000000E+00  0.000000000000E+00
  0.000000000000E+00  0.000000000000E+00  0.100000000000E+01
  0.000000000000E+00  0.000000000000E+00  0.000000000000E+00
   54
   20      0.008493404496     -0.008493404496     -0.012260623172
   20      2.369394996425      2.343131357015     -0.034919688862
   20     -2.343131357015     -2.369394996425     -0.034919688862
   20      2.364706981474     -0.045946087405      2.315263776606
   20      4.712554378481      2.301396019626      2.276547675961
   20      0.045946087405     -2.364706981474      2.315263776606
   20     -2.347605116751     -0.019411828571     -2.350567226230
   20      0.019411828571      2.347605116751     -2.350567226230
   12     -4.639835252934     -2.374115145173     -2.389560349060
   20     -0.054035038964      2.362264135301      2.318863131036
   20      2.310520541020      4.703429857087      2.317167086933
   20     -2.362264135301      0.054035038964      2.318863131036
   20      2.319217837874      2.356690430490      4.701598945647
   20      4.657259967617      4.694732560233      4.701598945647
   20     -0.032708851163      0.032708851163      4.700334487062
   12     -2.382355118431      2.382355118431      0.143749192295
   20     -0.052793764047      4.705868935622      0.033366860984
   20     -4.705868935622      0.052793764047      0.033366860984
   20     -0.008344856352     -2.375608345437     -2.331511810583
   20      2.375608345437      0.008344856352     -2.331511810583
   12     -2.333145993804     -4.680804404303     -2.304359617564
   12      2.400825168646     -2.400825168646      0.054835914872
   12      4.706959631017      0.064231520773      0.105801071499
   12     -0.064231520773     -4.706959631017      0.105801071499
   12     -2.367403031971     -2.378575196535     -4.777412644085
   12      0.003410112173     -0.003410112173     -4.732866403453
   12     -4.635375201572     -4.646547366136     -4.777412644085
    8      0.008917409475     -0.008917409475     -2.379356929500
    8      2.405904701131      2.396513695618     -2.395578191209
    8     -2.396513695617     -2.405904701131     -2.395578191209
    8      2.388523484226     -0.032113645613      0.007459836376
    8      4.733110988958      2.280839409150     -0.090707218751
    8      0.032113645613     -2.388523484226      0.007459836376
    8      4.743703841978     -0.077399315484      2.237006151187
    8      7.091349713592      2.270246556129      2.237006151187
    8      2.435637113679     -2.435637113680      2.363111560939
    8     -0.041459901903      2.347712821858     -0.012232146990
    8      2.309089806833      4.704860591273     -0.048951910764
    8     -2.347712821858      0.041459901903     -0.012232146990
    8      2.339804272229      2.336669916217      2.318930661211
    8      4.677280481890      4.674146125878      2.318930661211
    8     -0.005965779521      0.005965779521      2.329005099921
    8      4.688888591917      2.325061806190      4.680495542137
    8      7.037565941151      4.681606956799      4.669072597798
    8      2.332343441310     -0.023615543042      4.669072597798
    8     -0.066254858950      4.713192261508      2.301962839692
    8      2.300758136597      7.080205257055      2.301962839692
    8     -2.406297871849      2.406297871847      2.270873128929
    8      2.333576983483      4.680373414622      4.715233307392
    8      4.656575140612      7.088019529392      4.711243574138
    8     -0.074069131285      2.357375257495      4.711243574138
    8      4.585757371496      4.673289429444      7.089792014142
    8      6.925926546219      7.101974249994      7.063282518984
    8      2.340660968659      2.428193026608      7.089792014142
    0    0
