   3   1   1 E -1.6031056023413E+04 DE 2.7E-10( 11)
  0.120263852023E-01  0.702395727767E+01  0.702501709962E+01
  0.702380038699E+01  0.229836851278E-01  0.700636123962E+01
  0.703176699057E+01  0.700698762146E+01  0.212665256343E-01
    1
  0.100000000000E+01  0.000000000000E+00  0.000000000000E+00
  0.000000000000E+00  0.100000000000E+01  0.000000000000E+00
  0.000000000000E+00  0.000000000000E+00  0.100000000000E+01
  0.000000000000E+00  0.000000000000E+00  0.000000000000E+00
   54
   20      0.000557691028     -0.002720791002     -0.003240910982
   20      2.346702500545      2.345216126687     -0.006006316194
   20     -2.342435126692     -2.333100864814     -0.020625623218
   20      2.341156943704     -0.006401925474      2.351153942872
   20      4.687782945218      2.348273279926      2.343753429456
   20      0.003022048887     -2.333584289955      2.336481124413
   20     -2.343090391809     -0.014333220061     -2.333011597195
   20      0.004659723532      2.341156440401     -2.334646104701
   12     -4.709990385191     -2.362573866376     -2.310382707935
   20     -0.005084059426      2.349506702358      2.342494296298
   20      2.350233560261      4.685874547607      2.341714556484
   20     -2.342750931581      0.015691347176      2.325103734630
   20      2.340651264179      2.343317130612      4.699796481604
   12      4.732478793859      4.672759525328      4.687345410436
   12      0.014017452213     -0.002104667376      4.737648397608
   12     -2.329733542443      2.316302692191      0.033347436630
   20      0.007649485156      4.682871459058     -0.008959344166
   12     -4.778786456757     -0.031508832280     -0.004231332303
   12     -0.019483987733     -2.332501289236     -2.356177239563
   20      2.344469449960     -0.006052466173     -2.341308785809
   20     -2.347101439559     -4.664147926902     -2.361446375387
   20      2.346363412635     -2.358698211412      0.012444612999
   20      4.691133033059     -0.001238749976     -0.006330589483
   12      0.016303424757     -4.707076059247     -0.017036332130
   12     -2.359439010840     -2.329728174903     -4.672457030540
   20      0.004764146614     -0.005557932144     -4.678927629478
   12     -4.689095365336     -4.651226751246     -4.716595811683
    8      0.003980387606     -0.012976282114     -2.337591992984
    8      2.345041959784      2.349348125102     -2.351461938832
    8     -2.352314789311     -2.335433347556     -2.351275522398
    8      2.344137596322     -0.005506694186      0.001876348899
    8      4.693440650705      2.340975156522     -0.002157511878
    8      0.004956352078     -2.353978397112     -0.012819191760
    8      4.686646344310     -0.001024370921      2.339639604150
    8      7.035429607010      2.351795560206      2.336060617433
    8      2.358772718531     -2.361872049816      2.368296729614
    8      0.000093925094      2.343704275262     -0.004790817458
    8      2.351394561402      4.693350867497     -0.012699602669
    8     -2.349180305340      0.009260204889     -0.010633081280
    8      2.343046760458      2.345205736179      2.344958024931
    8      4.690925100904      4.680264712819      2.350595912040
    8      0.000345048458      0.004504121627      2.345414571911
    8      4.685690837359      2.361807322544      4.692073631507
    8      7.027426102722      4.706502696664      4.672908075508
    8      2.324476698718     -0.007536865193      4.696321595649
    8      0.002420610663      4.685603012109      2.342367458801
    8      2.353497741285      7.029868066165      2.336274781320
    8     -2.358626438611      2.369392798038      2.318046097282
    8      2.350066785278      4.678225537543      4.692586140958
    8      4.706797225422      7.014361011879      4.682541555922
    8     -0.004060627372      2.353419315545      4.699139402176
    8      4.698357012797      4.673700453560      7.021816995295
    8      7.046682453235      7.057438355165      6.997570333876
    8      2.349772434716      2.313866073937      7.041943981232
    0    0
