   3   1   1 E -1.6031083667943E+04 DE-1.4E-09( 10)
 -0.248469342461E-02  0.701751712510E+01  0.700553469163E+01
  0.700034480995E+01  0.932974104310E-02  0.699993486751E+01
  0.700543302826E+01  0.702319851017E+01 -0.192091514347E-02
    1
  0.100000000000E+01  0.000000000000E+00  0.000000000000E+00
  0.000000000000E+00  0.100000000000E+01  0.000000000000E+00
  0.000000000000E+00  0.000000000000E+00  0.100000000000E+01
  0.000000000000E+00  0.000000000000E+00  0.000000000000E+00
   54
   20      0.039783675203     -0.004725535977     -0.069517119863
   20      2.314609156536      2.360776014006     -0.101519996801
   20     -2.379811431394     -2.343833786496     -0.052911071378
   20      2.315697956411     -0.019133853670      2.380575144456
   20      4.671052120569      2.346814004478      2.360179329028
   20      0.054204559119     -2.341827334258      2.391521594687
   20     -2.390607589575      0.012440485332     -2.305288346293
   12      0.074807455144      2.335782466072     -2.283600676789
   12     -4.740011677630     -2.379004153780     -2.250837484550
   20      0.007341163351      2.323833368103      2.348509754646
   20      2.313037494325      4.703941386002      2.340131698803
   20     -2.355934805345      0.021748798269      2.372681303612
   12      2.295082820087      2.315491316413      4.747481191321
   20      4.688597656401      4.709377155803      4.692413332934
   12      0.049522488641      0.042361099860      4.716096738195
   20     -2.361846790285      2.365035992360     -0.024199341450
   12      0.030358420955      4.871528685762     -0.063250117791
   12     -4.750141149930     -0.035474664880     -0.116176748253
   20      0.037260595780     -2.378693901642     -2.336272863987
   12      2.336266668546      0.010252440977     -2.292777746877
   12     -2.341570174968     -4.778917076895     -2.343919568786
   12      2.344453697805     -2.334169183511     -0.102342636115
   20      4.681806627527     -0.018256769044     -0.056021541407
   20      0.060259101334     -4.721168946618     -0.047291604820
   20     -2.371269010693     -2.373378576561     -4.648731644368
   20      0.052115694655     -0.010193384968     -4.655191273991
   20     -4.664569979410     -4.693898221652     -4.637261809282
    8      0.086750794889      0.058846637043     -2.331917976792
    8      2.318337089255      2.333026027102     -2.332147025326
    8     -2.431700743579     -2.417870421640     -2.328350670321
    8      2.340781206290     -0.062599895604     -0.100064364809
    8      4.663729140543      2.336676747012     -0.087462591661
    8      0.076715367076     -2.359877173959     -0.058925815740
    8      4.652376470386     -0.001962707604      2.355465287998
    8      7.033557002230      2.336486573012      2.389441928692
    8      2.326552532768     -2.344576231000      2.375243963102
    8      0.013127103450      2.402369536818     -0.080295931833
    8      2.212301663678      4.784041628028     -0.101485762226
    8     -2.396449821458     -0.002026630418     -0.029919306119
    8      2.335727403339      2.343889858850      2.386813581692
    8      4.670720390816      4.695083010973      2.365265192877
    8      0.027735028126     -0.006026936044      2.395190530570
    8      4.644661909060      2.358222232988      4.690681549297
    8      7.139278298637      4.737980468548      4.784945125004
    8      2.189322574509      0.018931660707      4.818850207093
    8      0.002283808130      4.666525386072      2.301532206658
    8      2.327190417846      7.016062257597      2.350861759021
    8     -2.344274245932      2.321883898944      2.364336757708
    8      2.343264518795      4.687144355506      4.723616345881
    8      4.641844900977      7.126475935766      4.695937288574
    8      0.056216311817      2.234412403849      4.663527575494
    8      4.634172794361      4.694797744486      6.982204978385
    8      7.108698873551      6.939806027167      6.923934521979
    8      2.331403618801      2.340773975692      6.936211047918
    0    0
