   3   1   1 E -1.6031097123599E+04 DE 1.6E-08(  8)
  0.409189809740E-02  0.699001993982E+01  0.700418073853E+01
  0.701758793755E+01 -0.101376449656E-01  0.701166333767E+01
  0.701862528609E+01  0.699246849615E+01 -0.500615228283E-02
    1
  0.100000000000E+01  0.000000000000E+00  0.000000000000E+00
  0.000000000000E+00  0.100000000000E+01  0.000000000000E+00
  0.000000000000E+00  0.000000000000E+00  0.100000000000E+01
  0.000000000000E+00  0.000000000000E+00  0.000000000000E+00
   54
   20     -0.019880214880     -0.033629680336     -0.041603199872
   20      2.369854292178      2.338747745982     -0.055088594628
   20     -2.337577623531     -2.336623686603     -0.039874930953
   20      2.342281646408     -0.014066985240      2.399178966822
   20      4.697634612613      2.310119712469      2.324162055927
   20     -0.002455626225     -2.339430591743      2.323275401312
   20     -2.372918765751     -0.044521299466     -2.331737474465
   20      0.045557980218      2.300966893567     -2.369417998964
   12     -4.677887090074     -2.317196563408     -2.297676933807
   20     -0.027438911041      2.345955580712      2.409505396104
   20      2.320213372523      4.740341123061      2.371953947241
   12     -2.374176245201      0.055093018310      2.394713991663
   12      2.329180823356      2.335414797729      4.744045662723
   20      4.635309534653      4.698309596587      4.645413276548
   20      0.019097408795      0.071887489856      4.708892001168
   20     -2.386807940025      2.284317699491      0.002480899362
   20      0.035305281028      4.734002471597      0.006290924640
   12     -4.715988293946      0.047596839311     -0.040177226591
   12      0.079832430904     -2.401350553906     -2.329863263501
   12      2.444521518512     -0.008243210730     -2.381221562099
   12     -2.416496500077     -4.653660086254     -2.332637961563
   20      2.281915084513     -2.380826108351     -0.074185892524
   20      4.706439719999      0.041167144943     -0.038406960317
   12      0.042169509765     -4.674179432600     -0.032858796270
   20     -2.327463448112     -2.353608226771     -4.610765454899
   12      0.017050908466     -0.022695938318     -4.677581641630
   20     -4.676472530578     -4.733156005776     -4.644951246377
    8      0.097781650279     -0.115966831902     -2.446488842144
    8      2.438812274765      2.309772711444     -2.327202566052
    8     -2.391821417354     -2.446796205381     -2.325929838942
    8      2.342499104386     -0.008109147133     -0.073219347739
    8      4.770223148540      2.327687008638     -0.086901789283
    8     -0.003932978458     -2.411961839084     -0.099112638783
    8      4.730925878181     -0.013634149681      2.354344710037
    8      7.028124332425      2.230209177372      2.276555241740
    8      2.324583211814     -2.357030522170      2.391761800983
    8      0.010509321850      2.324203421191     -0.007989118451
    8      2.334939664933      4.762199698379     -0.099426437045
    8     -2.450591161932     -0.005403050292      0.026901837901
    8      2.320969569293      2.333424715344      2.390890844212
    8      4.683370975231      4.749104600027      2.333950975145
    8     -0.044231573560      0.006078297448      2.381498928199
    8      4.612388668985      2.315671701349      4.658349209125
    8      7.094874352444      4.680346730832      4.676016397438
    8      2.324796033213      0.017812064260      4.751609583853
    8      0.007077020486      4.745286458152      2.428324896350
    8      2.349875913608      6.994234249959      2.354499317967
    8     -2.351067580611      2.216712726171      2.423773021394
    8      2.230878039928      4.680852079287      4.668337248723
    8      4.573040170461      7.131708642095      4.546036085710
    8      0.059189684588      2.456206757370      4.812509385360
    8      4.679842869860      4.662708185885      6.997249394438
    8      7.129092907115      7.110440944545      7.093374938567
    8      2.248422032840      2.189088391300      6.917194033893
    0    0
