   3   1   1 E -1.6031082827316E+04 DE 9.3E-10( 11)
  0.260871600972E-03  0.701588279049E+01  0.697740719091E+01
  0.701804497740E+01  0.159460885436E-01  0.696789587984E+01
  0.700758311615E+01  0.700192928888E+01  0.200514700173E-01
    1
  0.100000000000E+01  0.000000000000E+00  0.000000000000E+00
  0.000000000000E+00  0.100000000000E+01  0.000000000000E+00
  0.000000000000E+00  0.000000000000E+00  0.100000000000E+01
  0.000000000000E+00  0.000000000000E+00  0.000000000000E+00
   54
   20     -0.010608338094     -0.012301888413     -0.033303695650
   20      2.315350329692      2.369459490360     -0.034808463364
   20     -2.326912886140     -2.350889932632     -0.056126006161
   20      2.351250555738     -0.023520067818      2.343556102767
   20      4.684322406445      2.340809556907      2.357490816481
   20      0.031066536970     -2.334736331825      2.330529089550
   20     -2.342916734150     -0.044397201352     -2.348791477469
   12      0.014414839021      2.369969740579     -2.266284432509
   12     -4.749497942219     -2.436293842948     -2.300735810603
   20     -0.038499310015      2.371311771179      2.347994585244
   20      2.323514316147      4.664850487590      2.369345248131
   12     -2.352768976629      0.020659152959      2.395418814949
   12      2.265134582680      2.372698754724      4.727718824723
   20      4.668633943161      4.660099470128      4.668128615783
   20      0.011610711650      0.002982662990      4.648818717883
   20     -2.334402343682      2.361304599173      0.015671479626
   12     -0.001056187722      4.634856172578     -0.035071120990
   20     -4.667180886115     -0.023039593638     -0.029129903463
   12      0.026960598936     -2.360662488645     -2.306300479739
   20      2.336136110137      0.007553192465     -2.317590427271
   12     -2.304472367603     -4.573870501925     -2.423661830089
   12      2.317325417367     -2.304116639054     -0.063621972226
   20      4.680601565329     -0.017591135620     -0.002558292134
   20      0.026175308292     -4.640787932345     -0.046788842674
   12     -2.375300055148     -2.330346770763     -4.603259577768
   20     -0.011723486490     -0.034496036064     -4.629010427881
   20     -4.653755802065     -4.640196874151     -4.640382115390
    8     -0.004020174988     -0.021272112409     -2.328088458323
    8      2.310200724817      2.408928899175     -2.318739275849
    8     -2.308870811104     -2.462007676775     -2.451832464534
    8      2.335016809563     -0.026134173377     -0.010354310913
    8      4.677752906993      2.346389739657     -0.042639566346
    8      0.060901831805     -2.328906375487     -0.074756489459
    8      4.678365055072     -0.039381353429      2.330627763050
    8      7.027519131136      2.348432777234      2.354431579118
    8      2.398039701093     -2.325639634246      2.309220640808
    8     -0.010421674586      2.398191946215     -0.038542645987
    8      2.287112123391      4.663006175062     -0.053828967366
    8     -2.342626666473     -0.022507440795     -0.012452216539
    8      2.321974453187      2.349165615851      2.366564447871
    8      4.676149613873      4.696367316693      2.351105060086
    8     -0.019040384010     -0.004842001722      2.349236318721
    8      4.706790075569      2.341550736160      4.679135454421
    8      7.086873247347      4.626469159326      4.725563277893
    8      2.341085959612     -0.022346907061      4.641077877528
    8     -0.056209158815      4.676605748181      2.345494105060
    8      2.365073814265      7.000701270812      2.346011354102
    8     -2.343083644795      2.356975452933      2.405210783715
    8      2.275242741164      4.639867336810      4.717897234900
    8      4.682417607490      7.045113856188      4.623293937481
    8      0.025258591723      2.395751922567      4.656254334054
    8      4.692495112083      4.682316245425      7.022138817322
    8      7.021582365445      6.983118823750      6.963939798313
    8      2.347519086834      2.396688594456      6.920879624571
    0    0
