   3   1   1 E -1.6031095799324E+04 DE-4.0E-09(  9)
  0.350902791077E-02  0.699184493124E+01  0.700495196904E+01
  0.703135660412E+01 -0.955244582250E-02  0.700983347510E+01
  0.703227929420E+01  0.699124202281E+01 -0.394995199695E-02
    1
  0.100000000000E+01  0.000000000000E+00  0.000000000000E+00
  0.000000000000E+00  0.100000000000E+01  0.000000000000E+00
  0.000000000000E+00  0.000000000000E+00  0.100000000000E+01
  0.000000000000E+00  0.000000000000E+00  0.000000000000E+00
   54
   20     -0.038220031016     -0.005816966869     -0.022166943605
   20      2.356686588276      2.357870904821     -0.016799446664
   20     -2.351262887933     -2.314956562384     -0.020566491441
   20      2.355302912532     -0.027770909500      2.350021974149
   20      4.711304717282      2.336109588240      2.341363852797
   20      0.001336506892     -2.333866748438      2.356225167199
   20     -2.356722055908     -0.023049568043     -2.285471953009
   20     -0.012074596661      2.387036964811     -2.290519988967
   12     -4.709702574006     -2.299307801396     -2.276222758084
   20     -0.027610711024      2.343821721829      2.316447520233
   20      2.353446280114      4.696743914768      2.309263082020
   12     -2.376875105659      0.024710679827      2.260060065959
   20      2.337511043124      2.335017099739      4.720895644187
   12      4.706978288058      4.731894285468      4.722942838527
   20     -0.025095740031     -0.025145864787      4.746039927454
   12     -2.306132179206      2.283349583134      0.033704041144
   12     -0.171632382104      4.672390626358     -0.046797050010
   12     -4.645528233217      0.025065730139      0.015549034523
   12      0.024677674955     -2.397513325046     -2.287788347005
   20      2.383942471160     -0.036117279565     -2.340026708951
   20     -2.325454342188     -4.679966622638     -2.334322446142
   20      2.390480881367     -2.368862223875     -0.024465130662
   12      4.741737986396     -0.002696426940      0.005155746407
   12     -0.035017071199     -4.634994938456      0.000142116756
   20     -2.320718261657     -2.339593116424     -4.721887370596
   20      0.009246689843     -0.014346073672     -4.715219338953
   20     -4.676310431072     -4.685841365060     -4.720386833490
    8     -0.002225678143     -0.068590939025     -2.327200827365
    8      2.349036082750      2.406944450395     -2.346208359526
    8     -2.347764917403     -2.346674837310     -2.335685483632
    8      2.398338966505     -0.005043189570     -0.029674596496
    8      4.780325276237      2.251688370177     -0.000201603320
    8      0.009735916845     -2.410208369419     -0.058490783649
    8      4.701268666009     -0.011235717328      2.318201127930
    8      7.024145276861      2.331315334147      2.277910094499
    8      2.368074918361     -2.344123198929      2.363829887705
    8     -0.073594885862      2.415105765727      0.009552431768
    8      2.252532582831      4.766103421300     -0.128550777831
    8     -2.416709534212      0.073224599961      0.084212041986
    8      2.350527445904      2.335335236097      2.333269079413
    8      4.698012173728      4.756810339354      2.373010451801
    8     -0.060063820329     -0.008402304055      2.334304745357
    8      4.694767866007      2.384412885252      4.763901219177
    8      7.006801624307      4.662667616294      4.757043522865
    8      2.341309081302     -0.087961897361      4.763518795155
    8      0.008069946747      4.657534674540      2.297431073133
    8      2.423264513207      6.990859852202      2.253571723073
    8     -2.348574306972      2.246572361323      2.221967224396
    8      2.349648510328      4.649901784176      4.697595158598
    8      4.689791074879      6.886976268096      4.683738392883
    8     -0.004554042254      2.425484009054      4.759908304312
    8      4.800617328841      4.695597292383      6.891575663760
    8      6.983875131695      7.003780685148      7.009279418810
    8      2.331201532735      2.218665488346      7.005781586081
    0    0
