   3   1   1 E -1.6031106147404E+04 DE-9.0E-09(  9)
  0.224818891795E-01  0.698879772175E+01  0.699566073669E+01
  0.700785810975E+01  0.117210425585E-02  0.700764083615E+01
  0.700872464231E+01  0.699740843027E+01  0.566455139055E-02
    1
  0.100000000000E+01  0.000000000000E+00  0.000000000000E+00
  0.000000000000E+00  0.100000000000E+01  0.000000000000E+00
  0.000000000000E+00  0.000000000000E+00  0.100000000000E+01
  0.000000000000E+00  0.000000000000E+00  0.000000000000E+00
   54
   20      0.027066372540     -0.037943910169      0.001873481845
   20      2.370851018937      2.333513934963     -0.026753747407
   20     -2.340475603592     -2.338093076608     -0.065262935126
   20      2.381024688575     -0.069405936887      2.346740337618
   20      4.694125574675      2.288459591110      2.300804380372
   20      0.065531098382     -2.360685769923      2.344745332760
   20     -2.332286799574     -0.081668737543     -2.380570058357
   20      0.047858792152      2.325632989365     -2.363064397471
   12     -4.649681987720     -2.373949099523     -2.382148179155
   20     -0.060956399695      2.379640232906      2.385716041003
   20      2.301220353265      4.707354893297      2.311212550243
   20     -2.367043823665      0.041510993639      2.348327908420
   20      2.312899973736      2.338340925145      4.710434284454
   20      4.649490912419      4.687418098995      4.716583449063
   20      0.004040036591      0.014883896415      4.723817922712
   20     -2.389875309088      2.351126304586      0.031265584616
   20     -0.014131830789      4.722136316869      0.018674942749
   12     -4.664396350939     -0.027568842715      0.015385474839
   12      0.000824886043     -2.282965567777     -2.390141633579
   20      2.339267263781      0.015869565173     -2.334033378094
   12     -2.398418244315     -4.581866158929     -2.356211634417
   12      2.348956292621     -2.293664037838     -0.021532612618
   12      4.632376736949     -0.022362688593      0.066757450449
   20      0.013948301308     -4.670576002227     -0.003074015572
   12     -2.404848504000     -2.357034628101     -4.604191337404
   12     -0.031005471622     -0.006650055526     -4.714617587965
   12     -4.621111786268     -4.640696719041     -4.746050897630
    8     -0.000862090476     -0.087838346425     -2.402993155941
    8      2.447226191426      2.428612109301     -2.376682619488
    8     -2.346346188490     -2.438592378327     -2.431159091785
    8      2.415424028234     -0.081779257599      0.015532279203
    8      4.664146170993      2.258452222127     -0.074426145505
    8      0.108382316800     -2.321858196580     -0.019791450621
    8      4.760884726358     -0.097770416219      2.253222559582
    8      7.075492620354      2.255251223339      2.354077041039
    8      2.429329189733     -2.425933911449      2.363619337357
    8     -0.002352959342      2.337511982941      0.012200117967
    8      2.333540207424      4.728995553508     -0.070623414144
    8     -2.385065603409     -0.013830457211     -0.009600595806
    8      2.332472364573      2.326369113311      2.329912602240
    8      4.676094462403      4.666247598839      2.337746637761
    8      0.012053316038     -0.003995168964      2.363099276449
    8      4.674559095482      2.318399646158      4.680946201086
    8      7.068136598891      4.670788843230      4.692437463399
    8      2.345513094075     -0.104731481871      4.721970450219
    8     -0.045722562784      4.750074959642      2.389065926063
    8      2.273375957561      7.079814907304      2.211324464144
    8     -2.444839497750      2.405938444438      2.385206883932
    8      2.259075838085      4.660259209420      4.703117502940
    8      4.691230563236      7.071058495777      4.737631647139
    8     -0.058528112149      2.412759923190      4.680429160373
    8      4.572292424115      4.745656563851      7.088695912782
    8      7.052964328613      7.001197929458      7.097530588469
    8      2.352064214867      2.341386530973      7.073171253812
    0    0
