   3   1   1 E -1.6031094786967E+04 DE-8.7E-10( 11)
  0.114885789960E-01  0.700084345166E+01  0.701581198352E+01
  0.700936896246E+01  0.197756102873E-02  0.701821554449E+01
  0.701733530272E+01  0.700458506560E+01  0.717556146613E-03
    1
  0.100000000000E+01  0.000000000000E+00  0.000000000000E+00
  0.000000000000E+00  0.100000000000E+01  0.000000000000E+00
  0.000000000000E+00  0.000000000000E+00  0.100000000000E+01
  0.000000000000E+00  0.000000000000E+00  0.000000000000E+00
   54
   20     -0.000447129743      0.000361906537     -0.022420730403
   20      2.345805114468      2.334558168573     -0.029756334833
   20     -2.341059539776     -2.326303524058     -0.026370769491
   20      2.340424372360     -0.029732506260      2.339093821124
   20      4.703253958639      2.301558274074      2.316664249819
   20      0.028995173198     -2.339127235918      2.359646527175
   20     -2.359608920953     -0.007624098706     -2.351322179432
   20     -0.016196142045      2.361003956190     -2.352230542303
   12     -4.732756095057     -2.263398183447     -2.280159856929
   20     -0.011434357234      2.347347544328      2.390427410585
   20      2.325368177208      4.672562435448      2.350054706836
   20     -2.340099771027      0.013505814737      2.346735997019
   20      2.333829482683      2.331501661903      4.743672353659
   12      4.637658407689      4.774632308693      4.790218045244
   12     -0.079481518261     -0.082503856625      4.722603760645
   12     -2.380013383133      2.339500922461     -0.018349774912
   20     -0.039414272359      4.705791860020     -0.021503328249
   12     -4.720407376347     -0.037466506002     -0.055337686186
   12      0.026436374359     -2.290662923618     -2.353740801332
   20      2.352004519760     -0.043542119267     -2.311577360764
   20     -2.308020714047     -4.668622111722     -2.301536719605
   12      2.405459181239     -2.310612233012     -0.065490231990
   12      4.688500678774     -0.038064205505     -0.018203861878
   20      0.043248859383     -4.714490965378     -0.023489970097
   20     -2.333373138085     -2.321106796123     -4.710076688481
   12      0.064427204718     -0.012596229785     -4.670728553602
   20     -4.665391639216     -4.652917771370     -4.689715111181
    8      0.013247850595     -0.087203734595     -2.407136669970
    8      2.339562625304      2.393190108615     -2.330416759223
    8     -2.322293525838     -2.337452787352     -2.326805224881
    8      2.424239424807     -0.078859192980      0.003915946942
    8      4.680849569479      2.247610220338     -0.006073736426
    8      0.102966121325     -2.330496596090     -0.025616062326
    8      4.740092537467      0.006014274810      2.300487198269
    8      7.025543167431      2.242852183279      2.334026279961
    8      2.335314736786     -2.336607383341      2.334021458568
    8     -0.077445483025      2.346518308040     -0.020087132921
    8      2.338473219275      4.748928089615     -0.065746235537
    8     -2.416010109905      0.084784072661      0.004433019557
    8      2.335112708919      2.331329895936      2.344501361287
    8      4.672221904496      4.657283084635      2.332646965062
    8     -0.012323875326      0.008337770496      2.375724544119
    8      4.685481923517      2.430399288247      4.748906324984
    8      7.013452859459      4.750288814837      4.674699187171
    8      2.231805409872     -0.114546554091      4.766242663811
    8      0.020643868770      4.765677418366      2.404108094942
    8      2.240410768779      7.001128455766      2.246044990271
    8     -2.323461784401      2.337198605377      2.325990710190
    8      2.334801443870      4.662504510210      4.724404027723
    8      4.778122798411      6.886021442525      4.738868090784
    8      0.006012104831      2.333738842241      4.677197960238
    8      4.559005787854      4.705162816305      6.914626957731
    8      7.008483781642      7.001712318566      6.995284949483
    8      2.469850457190      2.334259493735      7.034997598460
    0    0
