   3   1   1 E -1.6031095413676E+04 DE-5.5E-10( 11)
 -0.418770827393E-02  0.701322852553E+01  0.703519681365E+01
  0.699109438316E+01 -0.107912626675E-01  0.703561960678E+01
  0.699758268270E+01  0.701333540501E+01 -0.103293682769E-01
    1
  0.100000000000E+01  0.000000000000E+00  0.000000000000E+00
  0.000000000000E+00  0.100000000000E+01  0.000000000000E+00
  0.000000000000E+00  0.000000000000E+00  0.100000000000E+01
  0.000000000000E+00  0.000000000000E+00  0.000000000000E+00
   54
   20     -0.004418990944      0.024939220287     -0.007684642144
   20      2.341033887468      2.368482010116     -0.067607045838
   20     -2.385630271543     -2.346935274704     -0.042517246342
   20      2.358744690417     -0.035871639186      2.375744461296
   20      4.679742952066      2.354606720149      2.364961945330
   20      0.015493720625     -2.353355128693      2.374467645948
   20     -2.364627063466     -0.016599659325     -2.335341477099
   20      0.013004605664      2.391589953400     -2.326475139381
   12     -4.619240527497     -2.307796043968     -2.323016187021
   20     -0.075678857343      2.393870820466      2.320045301628
   20      2.310905385687      4.729793945865      2.345187183875
   20     -2.391545915801      0.038758068231      2.362145478391
   20      2.335464605198      2.328773375658      4.756360965621
   12      4.644219501749      4.632589893587      4.714304877795
   20     -0.024435315018     -0.029815195355      4.756429517433
   12     -2.266672087803      2.370851959281     -0.030269854439
   12     -0.147347652181      4.620802154622     -0.033231329503
   12     -4.683615488565      0.037117151220     -0.061035818463
   20     -0.030668381078     -2.357297410260     -2.302026049994
   12      2.410828301737     -0.032421075405     -2.311142094809
   12     -2.353783922148     -4.620786774502     -2.331392707439
   20      2.397929254136     -2.370461443660     -0.013605206754
   20      4.723457549781     -0.049969172239     -0.060396737858
   12     -0.038208675078     -4.677190854190     -0.008233368029
   12     -2.278637638291     -2.407916552544     -4.672144018714
   20      0.036137900120     -0.014748754883     -4.716733306203
   20     -4.612601049250     -4.675873363447     -4.712614152280
    8      0.062842702183      0.005371591605     -2.315757134408
    8      2.469651194163      2.347185264511     -2.361503896882
    8     -2.441720880399     -2.439700865083     -2.407356933137
    8      2.370074431675     -0.017020617447     -0.040606535886
    8      4.733483908826      2.338368406634     -0.060739356278
    8     -0.002270706269     -2.396583693722      0.000655974428
    8      4.673383853302     -0.065555894466      2.345314817769
    8      6.996237123822      2.342605777832      2.292681815313
    8      2.450216193446     -2.345772525749      2.389540125377
    8     -0.078982857905      2.433423732274     -0.014484280443
    8      2.240987102940      4.763389061742     -0.119806685804
    8     -2.424958553979      0.071637817807     -0.008761959087
    8      2.325188155329      2.354128971067      2.360663789874
    8      4.645472559560      4.684723685471      2.358348755933
    8     -0.020052780525      0.003644667423      2.347057021223
    8      4.665060876078      2.421020922661      4.773088081921
    8      6.984898760439      4.673146864562      4.755028320068
    8      2.315177828281     -0.098109451103      4.769175008315
    8     -0.094564874476      4.683317203161      2.292333366560
    8      2.335947794778      7.026100645310      2.328940248831
    8     -2.336731314172      2.462275976839      2.347584161571
    8      2.415568177374      4.743819281596      4.719305789784
    8      4.543657811438      6.966876956216      4.693717232629
    8     -0.111678566585      2.342733949970      4.746511820778
    8      4.780999836947      4.514759344508      7.023703809232
    8      7.096440356634      7.015693965940      7.020709122299
    8      2.346023457572      2.244359035390      7.022668259710
    0    0
