   3   1   1 E -1.6031038333163E+04 DE 6.6E-10(  2)
  0.129842506372E-02  0.703077915119E+01  0.702589766617E+01
  0.702426253599E+01 -0.150500695768E-02  0.702417616768E+01
  0.703344074185E+01  0.702952356733E+01 -0.245039770851E-02
    1
  0.100000000000E+01  0.000000000000E+00  0.000000000000E+00
  0.000000000000E+00  0.100000000000E+01  0.000000000000E+00
  0.000000000000E+00  0.000000000000E+00  0.100000000000E+01
  0.000000000000E+00  0.000000000000E+00  0.000000000000E+00
   54
   20      0.000000000000      0.000000000000      0.000000000000
   20      2.344480247283      2.343174522444     -0.000816799236
   20     -2.344480247283     -2.343174522444      0.000816799236
   20      2.341420845331     -0.000501668986      2.341392055894
   20      4.685901092613      2.342672853458      2.340575256658
   20     -0.003059401952     -2.343676191430      2.342208855131
   20     -2.341420845331      0.000501668986     -2.341392055894
   20      0.003059401952      2.343676191430     -2.342208855131
   12     -4.685901092613     -2.342672853458     -2.340575256658
   20      0.000432808355      2.343593050397      2.341965888724
   20      2.344913055637      4.686767572841      2.341149089488
   12     -2.344047438928      0.000418527952      2.342782687960
   12      2.341853653685      2.343091381411      4.683357944619
   20      4.686333900968      4.686265903855      4.682541145382
   20     -0.002626593597     -0.000083141033      4.684174743855
   12     -2.340988036976      2.344094719383      0.000573832830
   12      0.003492210306      4.687269241827     -0.000242966406
   20     -4.685468284259      0.000920196938      0.001390632066
   20     -0.000432808355     -2.343593050397     -2.341965888724
   12      2.344047438928     -0.000418527952     -2.342782687960
   20     -2.344913055637     -4.686767572841     -2.341149089488
   20      2.340988036976     -2.344094719383     -0.000573832830
   20      4.685468284259     -0.000920196938     -0.001390632066
   12     -0.003492210306     -4.687269241827      0.000242966406
   12     -2.341853653685     -2.343091381411     -4.683357944619
   12      0.002626593597      0.000083141033     -4.684174743855
   20     -4.686333900968     -4.686265903855     -4.682541145382
    8      0.001313296799      0.000041570517     -2.342087371927
    8      2.345793544080      2.343216092960     -2.342904171164
    8     -2.343166950484     -2.343132951928     -2.341270572691
    8      2.342734142129     -0.000460098469     -0.000695316033
    8      4.687214389412      2.342714423975     -0.001512115269
    8     -0.001746105153     -2.343634620913      0.000121483203
    8      4.684154987460     -0.000961767455      2.340696739861
    8      7.028635234743      2.342212754989      2.339879940625
    8      2.339674740177     -2.344136289899      2.341513539096
    8      0.001746105153      2.343634620913     -0.000121483203
    8      2.346226352436      4.686809143358     -0.000938282439
    8     -2.342734142129      0.000460098469      0.000695316033
    8      2.343166950484      2.343132951928      2.341270572691
    8      4.687647197767      4.686307474372      2.340453773455
    8     -0.001313296799     -0.000041570517      2.342087371927
    8      4.684587795814      2.342631282942      4.682662628585
    8      7.029068043097      4.685805805386      4.681845829349
    8      2.340107548530     -0.000543239503      4.683479427820
    8      0.002178913508      4.687227671309      2.341844405520
    8      2.346659160791      7.030402193753      2.341027606283
    8     -2.342301333775      2.344053148866      2.342661204757
    8      2.343599758839      4.686726002323      4.683236461415
    8      4.688080006121      7.029900524767      4.682419662177
    8     -0.000880488444      2.343551479879      4.684053260651
    8      4.685020604167      4.686224333337      7.024628517307
    8      7.029500851452      7.029398855781      7.023811718071
    8      2.340540356884      2.343049810894      7.025445316543
    0    0
