   3   1   1 E -1.6031056473465E+04 DE 1.9E-09( 11)
  0.653952752280E-01  0.695574968267E+01  0.692991212537E+01
  0.702563892397E+01 -0.760199566908E-02  0.699400681330E+01
  0.700809622975E+01  0.699777295358E+01  0.150057222876E-01
    1
  0.100000000000E+01  0.000000000000E+00  0.000000000000E+00
  0.000000000000E+00  0.100000000000E+01  0.000000000000E+00
  0.000000000000E+00  0.000000000000E+00  0.100000000000E+01
  0.000000000000E+00  0.000000000000E+00  0.000000000000E+00
   54
   20      0.021125044897     -0.017502523932     -0.049066885002
   20      2.357858646530      2.328230112990     -0.045736494143
   20     -2.321945759485     -2.352644336493     -0.047591981701
   20      2.337653422729     -0.019785064475      2.331437550448
   20      4.680656670787      2.332508245662      2.330645792704
   20      0.036529205834     -2.360759884521      2.302434966558
   20     -2.357926982678     -0.013689851180     -2.310823696841
   20      0.023535796501      2.330304689269     -2.349468245749
   12     -4.652794488813     -2.561618216500     -2.342169647774
   20      0.010117401453      2.334407193969      2.316919996971
   20      2.337831903861      4.679819578947      2.318897026906
   20     -2.342646795902      0.017122761748      2.300056686902
   20      2.330030481267      2.347406596852      4.726255154558
   20      4.671576949997      4.664049015943      4.669852887646
   20      0.020027924309      0.002505392693      4.662589441887
   12     -2.348786559868      2.327573288254     -0.010285284775
   20      0.024543469888      4.657404818251     -0.036214035955
   12     -4.693571995564      0.022277346696     -0.027022739540
   12      0.045113195774     -2.210022946633     -2.272029749952
   12      2.366427765139      0.008045106516     -2.318375612814
   12     -2.341660755541     -4.742581262221     -2.359912067687
   12      2.250427366293     -2.304928074990      0.019567782137
   20      4.652371446352      0.018825791885     -0.000099299391
   12      0.008474539701     -4.639705343681      0.000042651400
   20     -2.377176231100     -2.344838062148     -4.641720989478
   20     -0.003404039986      0.027789006878     -4.646590436408
   12     -4.717789220461     -4.620848148993     -4.497702762064
    8      0.026069796929     -0.013958176345     -2.336743536566
    8      2.383348227315      2.323217998724     -2.388960679226
    8     -2.323319309112     -2.377641490164     -2.326248247332
    8      2.345997773972     -0.021660446519     -0.043997319005
    8      4.692610203005      2.335415662346     -0.025027679991
    8      0.062098855096     -2.392695620816     -0.067523577371
    8      4.662497864902     -0.002275698895      2.341472457124
    8      7.043140356766      2.326465534722      2.313837499031
    8      2.337405884843     -2.380780107850      2.329947366569
    8      0.012704666340      2.326227799141     -0.034372547460
    8      2.354015142231      4.681186606111     -0.050952232855
    8     -2.352475900600      0.012823235925     -0.034865637373
    8      2.342522465772      2.336145231364      2.332395492214
    8      4.677825427314      4.661811964089      2.322325159954
    8      0.014544852313     -0.006353046085      2.310697203197
    8      4.678471578654      2.331548263629      4.693262678398
    8      7.054963321696      4.655060163203      4.653517875945
    8      2.331311111071     -0.025200215707      4.700793153041
    8      0.022918888225      4.651942862945      2.301700339458
    8      2.355631207855      7.033845475491      2.302699529069
    8     -2.328317117708      2.326366809649      2.300280156071
    8      2.300309805982      4.710744808814      4.711674510213
    8      4.669848124637      7.012748378012      4.648178059760
    8     -0.025264193000      2.376690083575      4.704631922167
    8      4.680932040743      4.619242184780      6.952526824087
    8      7.076775253334      7.006740480569      6.954121725347
    8      2.332922199751      2.339638911107      7.135900471039
    0    0
