   3   1   1 E -1.6031090489234E+04 DE-7.1E-09(  9)
  0.782614458534E-02  0.699924129219E+01  0.702766544929E+01
  0.702339964491E+01 -0.395738993367E-02  0.703155066099E+01
  0.702517924865E+01  0.699928185133E+01  0.392121810316E-03
    1
  0.100000000000E+01  0.000000000000E+00  0.000000000000E+00
  0.000000000000E+00  0.100000000000E+01  0.000000000000E+00
  0.000000000000E+00  0.000000000000E+00  0.100000000000E+01
  0.000000000000E+00  0.000000000000E+00  0.000000000000E+00
   54
   20      0.015987030447     -0.026783609531     -0.020939337677
   20      2.332358584547      2.350906364425     -0.025140204069
   20     -2.362503542581     -2.319791717665     -0.019360123369
   20      2.351963484287     -0.054497127112      2.355578607274
   20      4.680696790779      2.344463886042      2.354056031352
   20      0.032231244625     -2.321893068384      2.377678002271
   20     -2.369144625023     -0.045687922508     -2.370631752225
   20      0.017289179172      2.378021571906     -2.313665856210
   12     -4.691899996686     -2.288715740633     -2.289616148576
   20     -0.023423512263      2.378370706213      2.381521371858
   20      2.312226790744      4.703122550448      2.368638609142
   20     -2.366890812189     -0.008054603949      2.376974234265
   20      2.319248917887      2.367033171443      4.717272506705
   12      4.645490898731      4.738303829978      4.712768913342
   12      0.173135780904     -0.080410469348      4.742979457850
   20     -2.359234582545      2.402141485760     -0.003648569154
   12     -0.003433856890      4.717931341915     -0.098980768989
   12     -4.662654087374     -0.030865232539      0.002075965108
   12      0.022312308295     -2.313922642770     -2.321985442348
   12      2.311792949093     -0.121896309785     -2.297951595524
   20     -2.350169247492     -4.664171900953     -2.360157964828
   12      2.337794698935     -2.315271969443     -0.115847950620
   20      4.691647192696     -0.082415660822     -0.034464167240
   20      0.027316404226     -4.680807379908     -0.056753499650
   12     -2.346200781889     -2.374080459791     -4.682778417344
   20      0.009383867457     -0.051253710772     -4.692584322087
   20     -4.672651804393     -4.645734175154     -4.685015726281
    8      0.050326651514     -0.077281068908     -2.348851303859
    8      2.336460420324      2.345721609607     -2.329587528114
    8     -2.344998640902     -2.330386204768     -2.367619902495
    8      2.338355087526     -0.078878511189     -0.070976847652
    8      4.683728635885      2.324021886919     -0.013263280094
    8      0.058575655650     -2.333519198752     -0.037921673064
    8      4.682852230221     -0.083669401909      2.350832129799
    8      7.023757058627      2.332367621647      2.341429507494
    8      2.441267169710     -2.325586171080      2.337428398468
    8      0.014826245449      2.409102799853     -0.010253532388
    8      2.262422454394      4.761618436871     -0.082311141449
    8     -2.417754379666     -0.000030140124     -0.002878325589
    8      2.334792598022      2.348657295754      2.361696324956
    8      4.684884347518      4.667213403390      2.404799368578
    8      0.008664514438     -0.005071298569      2.396815131778
    8      4.669157859718      2.405002130140      4.686997683119
    8      7.067374399086      4.767347248604      4.744029594817
    8      2.259477704970     -0.112547548669      4.758829346513
    8     -0.102205049877      4.671148548253      2.373316760058
    8      2.336752983689      6.993928051565      2.367955789909
    8     -2.344559927160      2.420909229503      2.350449603907
    8      2.309503716383      4.772790889314      4.771300038233
    8      4.666206995830      6.873471317689      4.677116579180
    8      0.002975182309      2.363883937628      4.682218304332
    8      4.675838147119      4.671976415471      6.976758395439
    8      7.143037066542      6.875192999365      6.935214778428
    8      2.339434270863      2.364120406478      7.014690991124
    0    0
