   3   1   1 E -1.6031098241819E+04 DE 6.9E-09(  9)
  0.110918973902E-01  0.702508262825E+01  0.701598530606E+01
  0.700185830992E+01  0.304226742440E-02  0.701635089481E+01
  0.700988567681E+01  0.702874305223E+01  0.420391822824E-04
    1
  0.100000000000E+01  0.000000000000E+00  0.000000000000E+00
  0.000000000000E+00  0.100000000000E+01  0.000000000000E+00
  0.000000000000E+00  0.000000000000E+00  0.100000000000E+01
  0.000000000000E+00  0.000000000000E+00  0.000000000000E+00
   54
   20      0.011980351419     -0.001070935556     -0.042646547264
   20      2.326503562615      2.344696233479     -0.052453857920
   20     -2.369430553688     -2.310748466174      0.025459161807
   20      2.307792281614     -0.019744200026      2.390386044222
   20      4.698847186723      2.338870401112      2.356376959705
   20      0.020034196760     -2.334129015926      2.388828823554
   20     -2.368188380803      0.021660364169     -2.338491913441
   12      0.095835659808      2.243862699145     -2.363360353877
   12     -4.732585809479     -2.294041045217     -2.299942878914
   20     -0.008687942186      2.313797720296      2.382799252038
   20      2.338412757927      4.745118936945      2.365041316236
   12     -2.315837780860     -0.011013608139      2.385372190662
   12      2.309366060335      2.287030542538      4.745193198649
   20      4.672363460189      4.711485318904      4.673824793665
   12      0.096437732119      0.027465659344      4.610951850662
   20     -2.381318371060      2.337348562754      0.003046666841
   20      0.035089161597      4.722615367744     -0.046049758735
   12     -4.700710481446     -0.048697111624     -0.105225364671
   20      0.041854331034     -2.329270517310     -2.341784551428
   12      2.301175100605      0.013087839549     -2.320178240097
   20     -2.370382087840     -4.729767627072     -2.353562919277
   12      2.328231870007     -2.271581787135     -0.107622217252
   20      4.676752959330     -0.017048377327      0.007856648096
   20      0.053816553754     -4.724428993031     -0.007854823581
   20     -2.369988032028     -2.338232108760     -4.690812928480
   12      0.044610411492      0.025020979554     -4.610464854114
   20     -4.686138315129     -4.722829359851     -4.667620022445
    8      0.113017551417      0.083206380971     -2.436192523686
    8      2.221579312691      2.318219363703     -2.329946399220
    8     -2.423790320028     -2.343623097919     -2.342256630088
    8      2.326766664277     -0.088392445812     -0.073560685499
    8      4.670411741833      2.345389649897     -0.001939809181
    8      0.098155395322     -2.343960124856      0.013853008662
    8      4.718846248196      0.001738263870      2.366544598292
    8      7.007713759756      2.233727639327      2.445271754116
    8      2.336167739118     -2.337696237408      2.377346326953
    8     -0.004313536459      2.335597240650     -0.076807603070
    8      2.341009465259      4.781852286587     -0.092195701577
    8     -2.418017870533     -0.005499980351      0.000631910999
    8      2.341399510472      2.343258132794      2.423216390360
    8      4.669521256110      4.791635998405      2.343175051938
    8     -0.083533577264      0.007168150942      2.405666160142
    8      4.647312439104      2.340898747673      4.671443617739
    8      7.136689243054      4.730029882883      4.674920671715
    8      2.220454994600      0.011192501994      4.765513174790
    8      0.001337735276      4.770884367708      2.339145470759
    8      2.352154472550      7.025528877949      2.380038110677
    8     -2.334643177062      2.244102866102      2.331914465514
    8      2.330014031995      4.711864219117      4.791853457053
    8      4.640893558887      7.035377468161      4.591612963528
    8      0.092243101960      2.242381254908      4.680517090943
    8      4.583709453783      4.694714213014      6.998305083062
    8      7.123757270796      7.030709833725      7.016248914240
    8      2.338069130652      2.316142839148      6.894317536411
    0    0
