   3   1   1 E -1.6031096533192E+04 DE 8.0E-10( 11)
  0.635960243265E-02  0.702171712849E+01  0.699916964231E+01
  0.701943692874E+01  0.863980218049E-02  0.699706830815E+01
  0.702807673092E+01  0.702807673092E+01  0.130417851985E-17
    2
  0.100000000000E+01  0.000000000000E+00  0.000000000000E+00
  0.000000000000E+00  0.100000000000E+01  0.000000000000E+00
  0.000000000000E+00  0.000000000000E+00  0.100000000000E+01
  0.000000000000E+00  0.000000000000E+00  0.000000000000E+00
  0.000000000000E+00 -0.100000000000E+01  0.000000000000E+00
 -0.100000000000E+01  0.000000000000E+00  0.000000000000E+00
  0.000000000000E+00  0.000000000000E+00  0.100000000000E+01
  0.000000000000E+00  0.000000000000E+00  0.000000000000E+00
   54
   20     -0.001103720142      0.001103720142     -0.028201591940
   20      2.357147305547      2.330122413964     -0.047007714549
   20     -2.330122413964     -2.357147305547     -0.047007714549
   20      2.332802787561      0.001965964969      2.330688193061
   20      4.692243144998      2.335833585919      2.298411362042
   20     -0.001965964969     -2.332802787561      2.330688193061
   20     -2.348521633029     -0.002086367874     -2.310629226956
   20      0.002086367874      2.348521633029     -2.310629226956
   20     -4.696768980177     -2.331307750739     -2.291959340779
   20     -0.036452879339      2.368824122377      2.362501812342
   20      2.296273947296      4.731802783621      2.306286372552
   20     -2.368824122377      0.036452879339      2.362501812342
   20      2.276497964336      2.334008423116      4.711664601155
   20      4.694068307800      4.751578766580      4.711664601155
   12      0.029974476969     -0.029974476969      4.768025583365
   12     -2.325923797333      2.325923797333     -0.030237818232
   12     -0.066548272049      4.724835973075     -0.061406906193
   12     -4.724835973075      0.066548272049     -0.061406906193
   12      0.031829899890     -2.328196105825     -2.279260595106
   12      2.328196105825     -0.031829899890     -2.279260595106
   12     -2.266244622643     -4.761832108273     -2.224530954375
   20      2.354561481231     -2.354561481231     -0.029286947306
   12      4.775112661634      0.040417231248     -0.051443223478
   12     -0.040417231248     -4.775112661634     -0.051443223478
   20     -2.290938043943     -2.370280354867     -4.683233892694
   20      0.021546448994     -0.021546448994     -4.719140037459
   20     -4.657796376050     -4.737138686973     -4.683233892694
    8      0.064780853660     -0.064780853660     -2.333941786171
    8      2.404058690300      2.256804075643     -2.321545237774
    8     -2.256804075645     -2.404058690302     -2.321545237774
    8      2.421236456309      0.005872582272     -0.066977176404
    8      4.779141154533      2.248935576382     -0.096621788241
    8     -0.005872582272     -2.421236456309     -0.066977176404
    8      4.672821767372      0.009418487710      2.258327114198
    8      7.018658243209      2.355254963547      2.258327114198
    8      2.343354527807     -2.343354527805      2.323979566109
    8     -0.070241605157      2.406815288092     -0.012318719100
    8      2.268456881195      4.759619849722     -0.016120943127
    8     -2.406815288092      0.070241605157     -0.012318719100
    8      2.327301744387      2.348942330696      2.335169775968
    8      4.679134400222      4.700774986531      2.335169775968
    8     -0.003929034890      0.003929034890      2.391742259747
    8      4.675811698589      2.352265032329      4.732607773602
    8      7.022744578518      4.771287626560      4.759448112073
    8      2.256789104354      0.005332152396      4.759448112073
    8     -0.001391091780      4.696296212349      2.320001656072
    8      2.331780518571      7.029467822700      2.320001656072
    8     -2.328324923426      2.328324923427      2.332985378944
    8      2.254852613575      4.773224117342      4.682191440878
    8      4.696921943267      7.130671456699      4.786085985055
    8     -0.102594725783      2.331154787649      4.786085985055
    8      4.797688669175      4.681383493328      6.984390520133
    8      7.020299054189      7.035854407650      6.887972091828
    8      2.346693237591      2.230388061744      6.984390520133
    0    0
