   3   1   1 E -1.6031101329838E+04 DE 1.3E-08(  8)
 -0.999143654294E-02  0.699436162390E+01  0.700882599785E+01
  0.699914504387E+01 -0.113545255005E-01  0.700172105377E+01
  0.700517810644E+01  0.698806333493E+01 -0.115405139479E-01
    1
  0.100000000000E+01  0.000000000000E+00  0.000000000000E+00
  0.000000000000E+00  0.100000000000E+01  0.000000000000E+00
  0.000000000000E+00  0.000000000000E+00  0.100000000000E+01
  0.000000000000E+00  0.000000000000E+00  0.000000000000E+00
   54
   20      0.035508539177     -0.010482523698     -0.034911913035
   20      2.347994107766      2.330419618030     -0.082474839716
   20     -2.334755060714     -2.351882934689     -0.034415843397
   20      2.395445152494     -0.032756952896      2.366303980968
   20      4.684927145076      2.296930851175      2.328988112141
   20      0.010053008299     -2.335200751175      2.376808801082
   20     -2.308919500435     -0.061171613815     -2.376852435627
   20      0.037068200970      2.338360099887     -2.342369267729
   12     -4.622231717323     -2.324237393407     -2.307505792210
   20     -0.037262807047      2.403261489490      2.358434071523
   20      2.265500078577      4.691683382947      2.344429063185
   20     -2.376622201026      0.011508544237      2.402852208953
   20      2.324889617714      2.369205549337      4.678317497146
   12      4.656965261508      4.707918576951      4.685327871286
   20     -0.067896321872     -0.032156396924      4.712662604866
   20     -2.321083855517      2.401983740466     -0.004276872856
   12     -0.082176242263      4.710534721957     -0.071285227386
   20     -4.726271633667     -0.028169164332      0.011512904212
   12     -0.004267160080     -2.279636691705     -2.396146007641
   12      2.367437729088     -0.085416806091     -2.344248963189
   12     -2.389345682314     -4.590506511718     -2.299758443904
   20      2.390307697930     -2.294496336024     -0.037113322241
   12      4.692187603437     -0.049229845802     -0.035479916074
   20     -0.044536992700     -4.688698297961     -0.012261469802
   12     -2.256683217218     -2.292527629318     -4.584937945812
   12     -0.030974236690     -0.114962954962     -4.703299446678
   20     -4.641547235096     -4.648643390480     -4.612287582197
    8      0.088831376904     -0.129775709474     -2.416728753077
    8      2.449450486703      2.370701164239     -2.348025041770
    8     -2.333203379444     -2.412002652295     -2.403856143869
    8      2.425882946240      0.000101184985     -0.081642794815
    8      4.665818913151      2.255572304864     -0.104006450263
    8      0.014354029770     -2.326882325099     -0.030865785347
    8      4.752627320266     -0.113905788736      2.252771898108
    8      6.996951291237      2.264653757018      2.334740824675
    8      2.413619640912     -2.325427423510      2.395242540469
    8      0.000915444443      2.402749989077     -0.017521773836
    8      2.260883947850      4.662010618366     -0.079755512498
    8     -2.340835240089     -0.001591531766     -0.014358901013
    8      2.338089979201      2.338956393645      2.352427476174
    8      4.662836322963      4.662621440553      2.387652236181
    8     -0.002861432622      0.003215370368      2.363495484233
    8      4.671733842292      2.375592776465      4.668310416267
    8      6.985892650410      4.656004172009      4.737551586252
    8      2.330258674645     -0.081308294101      4.678289882343
    8     -0.104483136007      4.761761351133      2.381323469381
    8      2.232514039326      6.989233367519      2.394410072437
    8     -2.319678578344      2.417966176008      2.420787612597
    8      2.344197236385      4.731085658869      4.668875919110
    8      4.552737229291      6.939915366786      4.745283677806
    8     -0.082797301672      2.413904987676      4.678713299769
    8      4.774422324187      4.752585972755      6.978028912552
    8      6.898959250447      6.881474694638      7.047836263986
    8      2.333664555445      2.338973548550      7.020537177792
    0    0
