   3   1   1 E -1.6031050828830E+04 DE 5.5E-10( 11)
  0.207357379471E-01  0.701166814674E+01  0.702173987951E+01
  0.702034043835E+01  0.205643479381E-02  0.703104984035E+01
  0.702157100309E+01  0.701759844691E+01  0.608433650473E-02
    1
  0.100000000000E+01  0.000000000000E+00  0.000000000000E+00
  0.000000000000E+00  0.100000000000E+01  0.000000000000E+00
  0.000000000000E+00  0.000000000000E+00  0.100000000000E+01
  0.000000000000E+00  0.000000000000E+00  0.000000000000E+00
   54
   20      0.009304268458     -0.006891441030     -0.003321663635
   20      2.350684193111      2.334809800149     -0.003149811224
   20     -2.333861426378     -2.348331596253     -0.008309879393
   20      2.348224270370     -0.009346418575      2.336712435383
   20      4.695604390204      2.326851297578      2.336026661476
   20      0.015506020421     -2.350157778032      2.332930969263
   20     -2.338793615027     -0.005391640472     -2.341837863630
   20      0.011735664781      2.334732485918     -2.343515202261
   20     -4.678179929824     -2.343711014861     -2.345799540608
   20      0.004078672160      2.334837080176      2.336288838610
   20      2.340304475981      4.684511005561      2.339405730906
   20     -2.334212447136      0.004461949812      2.336820478082
   20      2.336856002131      2.328901193739      4.690879648053
   20      4.696038838321      4.685144907485      4.691228694229
   12     -0.070020513208      0.078769514162      4.722437898754
   20     -2.344524301613      2.339907949794     -0.000153695913
   12      0.014090142647      4.748481315093     -0.006152939671
   12     -4.755064320621      0.031022321355     -0.002250270309
   20     -0.004174474907     -2.346089470753     -2.335994694649
   20      2.344732317898      0.006735283334     -2.336746385876
   12     -2.348475056595     -4.696213800702     -2.337057250692
   12      2.332129883596     -2.344155470654      0.019708083770
   12      4.745045957790      0.027466675782      0.004242278974
   12     -0.015531129473     -4.742796379238      0.007246584374
   20     -2.342531673540     -2.337307293440     -4.688380086925
   12     -0.006956659401      0.011226576492     -4.686881162389
   12     -4.745253599418     -4.697428959917     -4.682582555083
    8      0.003298791897     -0.001236786962     -2.342374837368
    8      2.354997174632      2.337514160821     -2.343149824514
    8     -2.339467980433     -2.348900104735     -2.342628242722
    8      2.359101124732     -0.012492118182     -0.003794950952
    8      4.702306386033      2.317544312806     -0.014579582137
    8      0.013513952097     -2.356828842631     -0.004719949467
    8      4.693020088151     -0.005545034632      2.337801618645
    8      7.047859745968      2.315980947309      2.333148496934
    8      2.346026212659     -2.352821456455      2.331403991757
    8      0.007294428028      2.342249464797     -0.002234482347
    8      2.338157876940      4.684449187670     -0.003284206681
    8     -2.344190595025     -0.002905381727     -0.003524992812
    8      2.347270958918      2.333001756112      2.337633919098
    8      4.691362478355      4.675650740956      2.339838230267
    8      0.010919592499     -0.005411273125      2.337692990615
    8      4.685672069041      2.336319428289      4.689514358761
    8      7.034461649627      4.684369149862      4.693268094940
    8      2.331726021050     -0.007014639814      4.691482896450
    8      0.009967400422      4.688731967877      2.336235456373
    8      2.329168765600      7.037337717217      2.338906225925
    8     -2.340947549641      2.335230125175      2.336920691023
    8      2.350580668398      4.675928829546      4.692050773065
    8      4.719679437898      7.034781421049      4.691065772027
    8     -0.004974282829      2.308752354066      4.686742290197
    8      4.693192378121      4.691758775045      7.031762756039
    8      7.001354813849      7.055079017775      7.046903282825
    8      2.313804749534      2.329391817377      7.041057178099
    0    0
