   3   1   1 E -1.6031096571759E+04 DE-2.5E-09( 10)
  0.851810712093E-02  0.701214104417E+01  0.704094570666E+01
  0.698625816933E+01  0.377218724976E-02  0.704000510155E+01
  0.699471189479E+01  0.701257858200E+01  0.216848574519E-02
    1
  0.100000000000E+01  0.000000000000E+00  0.000000000000E+00
  0.000000000000E+00  0.100000000000E+01  0.000000000000E+00
  0.000000000000E+00  0.000000000000E+00  0.100000000000E+01
  0.000000000000E+00  0.000000000000E+00  0.000000000000E+00
   54
   20      0.037092502864     -0.026874238749     -0.006118397781
   20      2.383508998520      2.316453755468     -0.067524534986
   20     -2.332642970432     -2.380162977254     -0.017301044988
   20      2.348028463491     -0.027661544251      2.366056714885
   20      4.671188697614      2.324722492587      2.324165933095
   20      0.025485037939     -2.341266911350      2.342759249144
   20     -2.374431988110     -0.008381006463     -2.339552693672
   20      0.059998877924      2.359551175865     -2.308954739744
   12     -4.673369595802     -2.345996943103     -2.302488591244
   20     -0.001711245285      2.324733036398      2.357415347367
   20      2.339313631811      4.691338165822      2.367029217479
   12     -2.372988633191     -0.017513130836      2.361757880363
   12      2.290492432767      2.381857540388      4.764755731178
   20      4.641577685520      4.745219622904      4.753164157544
   20     -0.062113172278      0.029443756785      4.722564037224
   20     -2.351611509629      2.386901058625      0.001961311382
   12      0.044030436025      4.655323458681     -0.026231885206
   20     -4.702406310177      0.011994710638     -0.039990168349
   20      0.033923213301     -2.387274180568     -2.311596220502
   12      2.445981074149      0.027398522070     -2.313651249419
   12     -2.358756304833     -4.775184773706     -2.322533809895
   12      2.311110732033     -2.318196111118     -0.084171993667
   12      4.664735114273     -0.001842715503      0.020619506143
   12     -0.065967672521     -4.636434888929     -0.089519992968
   20     -2.357118105858     -2.347435036676     -4.697892983858
   20     -0.000631236128     -0.004451674978     -4.727356778602
   20     -4.644311367573     -4.670493449166     -4.674980338170
    8      0.052521763608     -0.009320235988     -2.339619213887
    8      2.449089918709      2.347945780239     -2.351023640080
    8     -2.423381858376     -2.427263445624     -2.344219437845
    8      2.440750979762     -0.086990195940     -0.082326591214
    8      4.764796725795      2.228097988260     -0.076971977526
    8      0.088176754117     -2.421778293923     -0.001031729001
    8      4.654203184556     -0.003406789416      2.333161044412
    8      7.001405725585      2.338205860703      2.304666552925
    8      2.327620250939     -2.343092180373      2.365451986772
    8      0.022343885591      2.386405910592     -0.011013510156
    8      2.253264372767      4.671620171633     -0.053109565970
    8     -2.352484647011      0.001570694731     -0.007723444215
    8      2.341736942914      2.335037663540      2.366533926943
    8      4.671420037084      4.738396287954      2.346754592381
    8     -0.050558604319     -0.005674072577      2.320371054288
    8      4.598352457399      2.367379480146      4.704576968261
    8      7.076560823379      4.696071578940      4.761825152785
    8      2.297658030729      0.007800180181      4.703189491216
    8      0.011096985347      4.667430339083      2.335543523065
    8      2.434894851473      7.017556740794      2.368023133215
    8     -2.328955181750      2.258354212516      2.405457875760
    8      2.349707342840      4.686103220438      4.805710113738
    8      4.508350744398      7.141412907492      4.662347584521
    8      0.026475271548      2.333465659870      4.772439445816
    8      4.651497225904      4.788801281243      7.059612286933
    8      6.870754287596      6.995111778387      7.041210749239
    8      2.216991713613      2.453202923926      6.931816787660
    0    0
