   3   1   1 E -1.6031092696835E+04 DE 3.8E-09(  9)
  0.102746447475E-02  0.700377612122E+01  0.701372749115E+01
  0.700634373271E+01 -0.253658477802E-02  0.701116356313E+01
  0.700961031043E+01  0.699854940680E+01  0.134743340453E-03
    1
  0.100000000000E+01  0.000000000000E+00  0.000000000000E+00
  0.000000000000E+00  0.100000000000E+01  0.000000000000E+00
  0.000000000000E+00  0.000000000000E+00  0.100000000000E+01
  0.000000000000E+00  0.000000000000E+00  0.000000000000E+00
   54
   20      0.033689640382     -0.004765279568     -0.067206576913
   20      2.340006388229      2.354453567097     -0.054638978697
   20     -2.365956332941     -2.329242185173     -0.025209650524
   20      2.336607342586     -0.020885319599      2.347879485951
   20      4.679324545291      2.355428714329      2.373704955424
   20      0.001528278356     -2.348000129276      2.371904988005
   20     -2.310824822820     -0.010605274365     -2.323936265153
   12      0.004966684894      2.435275262358     -2.357060759143
   12     -4.657372235816     -2.370110561603     -2.335306250735
   20     -0.000691707512      2.362888475183      2.352060872207
   12      2.333339985466      4.800130085954      2.403717534083
   20     -2.386792563085     -0.015323405599      2.378415867483
   20      2.334866828635      2.408062281770      4.694319895017
   12      4.532199921203      4.626588911121      4.708760640692
   20     -0.015949020131     -0.013847191867      4.689105833624
   20     -2.349403553887      2.354190006717     -0.008025119999
   20      0.035067524420      4.674297803141     -0.033633550938
   12     -4.673764034053     -0.136459211700     -0.014881271378
   12      0.150792789944     -2.356121071638     -2.400992456636
   12      2.336026301248     -0.151466670511     -2.349542198365
   12     -2.338844625720     -4.573483625918     -2.369374732781
   12      2.241315833390     -2.326777046378     -0.032387073359
   20      4.637157211372     -0.023073179905     -0.077153307144
   20      0.002890623532     -4.666893243916     -0.032986123154
   20     -2.348530430032     -2.344638695910     -4.653106744663
   20      0.048560768578     -0.015579161768     -4.641530246787
   20     -4.671971792354     -4.687526068733     -4.636117534331
    8      0.106197301788     -0.034107199539     -2.341025280754
    8      2.343976757137      2.372936237593     -2.330401080694
    8     -2.383898384774     -2.413816859211     -2.341476844231
    8      2.323567721063     -0.089545817994     -0.076821617875
    8      4.673597369709      2.335746920028     -0.067647640539
    8      0.088911893691     -2.338114278834     -0.065131437825
    8      4.671715495510     -0.008921079269      2.341247800840
    8      7.014105693788      2.322263334479      2.415811201159
    8      2.323084691293     -2.329481808699      2.361456517810
    8      0.002938486927      2.342429364445     -0.069256922279
    8      2.338237789234      4.777972305074     -0.035670720636
    8     -2.401953943012      0.008328468829     -0.019408887022
    8      2.341230238427      2.409705169014      2.334317941174
    8      4.586120250923      4.658277819028      2.406058855932
    8      0.001270811266     -0.001581413694      2.361981923224
    8      4.741270772790      2.434063044073      4.676110632927
    8      7.050838736195      4.584481792045      4.671285378612
    8      2.343858203410     -0.069695673326      4.746803893227
    8      0.109004766343      4.669844571775      2.445256954776
    8      2.342811312781      6.882794271463      2.347910708536
    8     -2.326894238658      2.332362120286      2.429381539605
    8      2.332092902081      4.745269563005      4.720220797846
    8      4.574661942331      6.960925565606      4.666515180114
    8     -0.062668128593      2.433978527697      4.675603896913
    8      4.591982874546      4.668127707181      6.927068421085
    8      7.098690149489      7.002177351313      7.013175857771
    8      2.323425769408      2.366112458002      7.012467787830
    0    0
