   3   1   1 E -1.6031094049170E+04 DE 5.7E-09(  9)
  0.792851113142E-02  0.696548625692E+01  0.699527304530E+01
  0.698625080269E+01 -0.170580207829E-01  0.701400366266E+01
  0.698539279303E+01  0.697624004507E+01 -0.928863682315E-02
    1
  0.100000000000E+01  0.000000000000E+00  0.000000000000E+00
  0.000000000000E+00  0.100000000000E+01  0.000000000000E+00
  0.000000000000E+00  0.000000000000E+00  0.100000000000E+01
  0.000000000000E+00  0.000000000000E+00  0.000000000000E+00
   54
   20      0.014138017871     -0.029559615560     -0.008828884850
   20      2.341620744307      2.319788227544     -0.073075909293
   20     -2.308380133804     -2.331667481551      0.007637551969
   20      2.291197732894     -0.036770944645      2.360506576881
   20      4.663855121447      2.350332777854      2.372155693536
   20      0.039436487854     -2.324866712346      2.369715758602
   20     -2.386861193091      0.015659572260     -2.340791289685
   20      0.032434947220      2.379134410912     -2.371531833908
   12     -4.686200861925     -2.260487648262     -2.319253773666
   20      0.004919801329      2.271252395265      2.358738088277
   20      2.381978927738      4.687301701566      2.386892437632
   12     -2.396748687234     -0.004434943808      2.418710811011
   12      2.277172666881      2.416288903620      4.766588442906
   12      4.540172470744      4.702769250699      4.631088036519
   12      0.133686743341     -0.043130287135      4.634214008365
   20     -2.402954459625      2.350198667434     -0.007912540396
   20      0.007731557725      4.693051132492     -0.069600335837
   20     -4.669941163916      0.071411477161     -0.009420211904
   20      0.072988202617     -2.359685656984     -2.293320601016
   12      2.310887985824     -0.049947508155     -2.342537956862
   20     -2.328171758802     -4.732197839091     -2.361937031525
   12      2.261139237240     -2.413182883050     -0.066651244140
   20      4.643553544557     -0.038223765556     -0.079736837835
   12      0.069621639440     -4.638224934537      0.021214070482
   20     -2.392520866835     -2.357314304919     -4.673763520402
   20      0.054657453705      0.053865054928     -4.664351462229
   12     -4.602954759662     -4.657767671803     -4.544124664173
    8      0.062547629639      0.007920872537     -2.334431855336
    8      2.345701086821      2.321337211097     -2.450578731729
    8     -2.378080150244     -2.356624214664     -2.338378804348
    8      2.330927805855     -0.077531617259     -0.083556438610
    8      4.706551139541      2.298115992929     -0.030101720812
    8      0.095694959786     -2.401003657155      0.005571949831
    8      4.642130262961     -0.008801573036      2.353467346876
    8      7.076837038734      2.339831829382      2.309184531284
    8      2.321664898633     -2.429053939533      2.378845274734
    8      0.002914884896      2.333386537310     -0.037579605760
    8      2.340627923390      4.676744463994     -0.060131737679
    8     -2.367477272091      0.012193179620      0.002269334694
    8      2.335088404478      2.322384394106      2.385197153939
    8      4.665152652238      4.732540872827      2.394972801828
    8     -0.074998320670     -0.017463498143      2.384058168477
    8      4.564156225534      2.417750937341      4.676113679456
    8      7.053646917220      4.762788036751      4.666429880201
    8      2.221320256539     -0.013079250431      4.678953078098
    8      0.029175972032      4.645659880045      2.344624088103
    8      2.428003314474      7.083166503512      2.417388270601
    8     -2.405032330221      2.230305156705      2.327091070999
    8      2.433253432989      4.633190521333      4.759357588090
    8      4.598584035952      6.795715312828      4.483579906917
    8      0.120887297688      2.212581128230      4.745148622739
    8      4.555972988644      4.639338009401      6.930943354007
    8      7.020889936113      7.039562251165      6.933227748395
    8      2.215474092045      2.426460550161      7.057657986690
    0    0
