   3   1   1 E -1.6031083806180E+04 DE-1.9E-09( 11)
  0.152693666128E-01  0.699014871873E+01  0.703163365773E+01
  0.695740322720E+01  0.362849771527E-01  0.700504300300E+01
  0.701883511139E+01  0.701676098119E+01 -0.173615141258E-01
    1
  0.100000000000E+01  0.000000000000E+00  0.000000000000E+00
  0.000000000000E+00  0.100000000000E+01  0.000000000000E+00
  0.000000000000E+00  0.000000000000E+00  0.100000000000E+01
  0.000000000000E+00  0.000000000000E+00  0.000000000000E+00
   54
   20     -0.027429973441      0.003366372625     -0.027132395330
   20      2.328661352403      2.391168827817     -0.070928543023
   20     -2.370696000527     -2.337832782794     -0.038121150142
   20      2.356342596723     -0.027701983873      2.380931971484
   20      4.671117052302      2.349947844274      2.341149573481
   20     -0.010461761701     -2.322205337157      2.383480994741
   20     -2.312479985947     -0.060627913833     -2.335609538558
   20     -0.000413922965      2.366612405269     -2.330009275312
   12     -4.559666155245     -2.337483244545     -2.358617231380
   20     -0.064090133261      2.426952490272      2.354880559935
   20      2.270734226807      4.733589928076      2.302316299511
   20     -2.372609077965      0.026573387086      2.344147682406
   20      2.348402720130      2.350475897811      4.722523987379
   12      4.740160085197      4.612652571705      4.716884370387
   20     -0.005213266600     -0.040884756806      4.745121088825
   12     -2.246610688372      2.378803980155     -0.027642071600
   12      0.054639146589      4.682218308013     -0.078030504385
   12     -4.702264775505     -0.061754418598      0.010347416851
   12     -0.121673504939     -2.312395782550     -2.430015142369
   20      2.330131371788     -0.018336348216     -2.359155034118
   12     -2.509332944477     -4.574913688758     -2.390797382181
   20      2.395939981590     -2.358018569612     -0.007354242270
   20      4.725929071420     -0.059058137585     -0.037693457311
   20     -0.007177477906     -4.685435656321      0.022339664968
   12     -2.339372876662     -2.375040663675     -4.617520572776
   12     -0.046298506927     -0.094458778788     -4.687794205398
   20     -4.612686874349     -4.673827408412     -4.651549092567
    8     -0.005395437803     -0.065079892110     -2.380853039655
    8      2.426187138738      2.402036845313     -2.356539641975
    8     -2.316874274359     -2.462084830524     -2.364615869011
    8      2.355050691200     -0.015567044852     -0.039063755482
    8      4.677106043714      2.333986543720     -0.047697820819
    8     -0.000312868210     -2.339529710371     -0.002631875764
    8      4.728614634171     -0.067002024777      2.363115349112
    8      6.981566589868      2.320643451177      2.341803493035
    8      2.410614923735     -2.314892668360      2.420150307991
    8     -0.071321717988      2.417087666568     -0.051347310937
    8      2.240052329707      4.809453483527     -0.101921734198
    8     -2.400001113201      0.042234471035     -0.031596984811
    8      2.308525150829      2.374043751729      2.341709092690
    8      4.655406192316      4.702421748316      2.348118324425
    8     -0.019866141822      0.012629543431      2.368909554429
    8      4.661833642758      2.413742194130      4.724865255284
    8      6.969035101214      4.709024981968      4.747632947767
    8      2.321475687294     -0.088216605299      4.748327619362
    8     -0.167114987014      4.824161224178      2.341655922990
    8      2.258532218462      7.008031636385      2.260561631736
    8     -2.304498447972      2.446498680044      2.394456353512
    8      2.341433775456      4.663938173346      4.668667878830
    8      4.685461772384      6.968003891620      4.682808860610
    8     -0.065335912106      2.426478023715      4.714425646150
    8      4.837484124114      4.521160963268      7.003272362642
    8      7.119412729542      6.878360740986      7.060133156621
    8      2.421133150252      2.290424267077      7.056418663944
    0    0
