   3   1   1 E -1.6031088256438E+04 DE-9.7E-10( 11)
  0.651504022146E-02  0.699530394528E+01  0.702337868834E+01
  0.701070378080E+01  0.212016935175E-02  0.702030088330E+01
  0.701838758272E+01  0.699393671727E+01  0.560799386016E-03
    1
  0.100000000000E+01  0.000000000000E+00  0.000000000000E+00
  0.000000000000E+00  0.100000000000E+01  0.000000000000E+00
  0.000000000000E+00  0.000000000000E+00  0.100000000000E+01
  0.000000000000E+00  0.000000000000E+00  0.000000000000E+00
   54
   20      0.012986136974     -0.008260851966     -0.016629271984
   20      2.341093035732      2.335020157386     -0.085153091094
   20     -2.361674716822     -2.331647853108     -0.025995155003
   20      2.341801489532     -0.081098593712      2.327381121604
   20      4.715730394307      2.290600054583      2.333523010148
   20      0.082671466661     -2.337761890396      2.342136936795
   20     -2.360343085526     -0.032108458466     -2.325517092622
   20      0.038962767229      2.315023771644     -2.389741728647
   12     -4.667809031941     -2.288251356530     -2.254574218398
   20     -0.048367898807      2.344502526217      2.349982481219
   20      2.301760509634      4.760159070522      2.360940120136
   20     -2.380363472984      0.040936234453      2.314677717094
   20      2.318537483610      2.296181092692      4.791101213740
   20      4.664308161844      4.694342518081      4.722228489607
   12      0.064295300966      0.045175624067      4.686827420486
   12     -2.306712565494      2.576596541663      0.004296350595
   20      0.001431989478      4.735996626588      0.000157722393
   12     -4.735837834890     -0.062591125186      0.016511180440
   20     -0.006502553805     -2.318952315778     -2.312665824808
   12      2.273621674247     -0.038648140182     -2.291829678551
   20     -2.354103829292     -4.680959796119     -2.357090656345
   12      2.378762106140     -2.333380354919     -0.027982908851
   20      4.666087609592     -0.043514232066      0.029947061624
   12      0.026673782335     -4.740826193783      0.018933743121
   12     -2.392003909833     -2.377437669892     -4.716054170273
   12      0.067395297234     -0.018554843458     -4.701837835935
   20     -4.675137465952     -4.676225690476     -4.737206367400
    8      0.100214354033     -0.009965425604     -2.331725756811
    8      2.339565349831      2.308819759601     -2.372188047776
    8     -2.487928500598     -2.332608712229     -2.371618057944
    8      2.338138532446     -0.111690978751     -0.097366533427
    8      4.749876921459      2.308537382147     -0.014853552082
    8      0.102989712879     -2.409916144520     -0.005488711329
    8      4.773454003067     -0.129048536028      2.336669412987
    8      7.014454556960      2.216374723507      2.228041640394
    8      2.516612438895     -2.330762434021      2.346506188864
    8     -0.070022993975      2.349481139917     -0.026148633909
    8      2.334027554800      4.784864751506     -0.075263681731
    8     -2.461567851246      0.089291095948     -0.010943008776
    8      2.331503922391      2.323787542669      2.346415369799
    8      4.682858841244      4.680725267394      2.336140012364
    8      0.012856022171     -0.007182039801      2.345063294705
    8      4.682403467963      2.325918655406      4.753835834554
    8      7.118099176718      4.780419618986      4.692434463881
    8      2.226891345852     -0.123509976820      4.759912696797
    8     -0.102086915046      4.773571756047      2.349408207715
    8      2.232836328681      6.999632529926      2.302283227648
    8     -2.342353187427      2.435451367625      2.230171929687
    8      2.337186008941      4.778269463945      4.805360976879
    8      4.667572662085      6.985426938699      4.695573117960
    8      0.008536506823      2.224466376670      4.756497634704
    8      4.559609118079      4.527971124278      7.118729514703
    8      7.134532900741      7.134666205889      7.049733161771
    8      2.352705698908      2.323817439303      6.995534398907
    0    0
