   3   1   1 E -1.6031081905191E+04 DE-1.9E-10( 11)
  0.270604805522E-01  0.695738212916E+01  0.700990245502E+01
  0.695589973692E+01  0.139985178422E-01  0.701561109465E+01
  0.697536912734E+01  0.697701872871E+01  0.220735700841E-03
    1
  0.100000000000E+01  0.000000000000E+00  0.000000000000E+00
  0.000000000000E+00  0.100000000000E+01  0.000000000000E+00
  0.000000000000E+00  0.000000000000E+00  0.100000000000E+01
  0.000000000000E+00  0.000000000000E+00  0.000000000000E+00
   54
   20      0.014721477318     -0.051316051624     -0.084972518014
   20      2.332561387347      2.328157046351     -0.055873472880
   20     -2.304353197620     -2.333116164713     -0.026742808107
   20      2.335420692794     -0.028198993086      2.335858992055
   20      4.666209793060      2.307315872376      2.332655911996
   20      0.034060492646     -2.357110330517      2.336350282794
   20     -2.346366806883     -0.010705243689     -2.317353458597
   12      0.047804616887      2.422750170621     -2.301939989655
   12     -4.715416919582     -2.335946359698     -2.263587543994
   20      0.015694576714      2.328050594971      2.343922696424
   20      2.333848083504      4.658078122343      2.335660670127
   12     -2.351822460179     -0.008339234442      2.279109711169
   12      2.349697716177      2.513085593426      4.710237607280
   20      4.613969720348      4.646037128998      4.701081109608
   20      0.025049221149      0.037721723111      4.726001880460
   20     -2.411740346280      2.307814487819     -0.033741579178
   20      0.023361950275      4.705096274141     -0.045217214028
   12     -4.645208688146     -0.007325104512     -0.018390345364
   12      0.116323663048     -2.425772639340     -2.264873205407
   20      2.318545067120     -0.028360534473     -2.299157339655
   20     -2.305599084131     -4.650234824577     -2.311567966418
   12      2.237947512524     -2.361273505376     -0.061813986956
   12      4.582161273156      0.007683317285      0.064896846833
   12      0.051995973727     -4.731803568009     -0.005873252165
   20     -2.364214812249     -2.307744123307     -4.687338904935
   20      0.009867653401      0.039341498598     -4.657355768714
   20     -4.693245651355     -4.649610823469     -4.681554178445
    8      0.008410547766     -0.019547988293     -2.328295891851
    8      2.234768918889      2.406441448576     -2.337558482224
    8     -2.326861806931     -2.334264939151     -2.314482100785
    8      2.406281940799     -0.081971865618     -0.023368828360
    8      4.730401736005      2.252197526283     -0.021136502714
    8      0.156406643792     -2.470400548417     -0.100982002843
    8      4.634689853792      0.005852658831      2.330615637645
    8      6.977880375886      2.340682763081      2.356083476936
    8      2.296504109618     -2.330117505074      2.334890571536
    8     -0.004104823974      2.324181710146     -0.065703764162
    8      2.346234430911      4.746964599580     -0.086078516229
    8     -2.365023846476     -0.027920362736      0.018494674269
    8      2.326159988665      2.319911919887      2.335534422582
    8      4.663854771920      4.695042797746      2.332304994060
    8     -0.042059585015     -0.011870490703      2.338370589419
    8      4.622540558908      2.329933620374      4.696241777233
    8      7.058959002733      4.607323647708      4.701483009273
    8      2.303462247874     -0.000296426920      4.759065811312
    8      0.029073549643      4.648033010156      2.348314581047
    8      2.409964157863      6.963744360380      2.337606171480
    8     -2.333861758756      2.265133121797      2.328543475760
    8      2.212574375622      4.535815842552      4.743411060285
    8      4.648007554268      6.968195790111      4.699621816061
    8      0.129206833294      2.422205776381      4.773717839450
    8      4.533814994849      4.741900374949      7.000939998647
    8      7.008956664583      7.114614534582      7.021762419007
    8      2.174967710331      2.341737485290      6.887985871122
    0    0
