   3   1   1 E -1.6031052823534E+04 DE 4.8E-10( 11)
 -0.116184957064E-02  0.702919385728E+01  0.701121979073E+01
  0.699745760673E+01  0.841885637433E-02  0.699592238837E+01
  0.701457759750E+01  0.702424140877E+01 -0.214071224630E-02
    1
  0.100000000000E+01  0.000000000000E+00  0.000000000000E+00
  0.000000000000E+00  0.100000000000E+01  0.000000000000E+00
  0.000000000000E+00  0.000000000000E+00  0.100000000000E+01
  0.000000000000E+00  0.000000000000E+00  0.000000000000E+00
   54
   20      0.003773699259     -0.004453702985      0.001617618820
   20      2.338681317442      2.345397214347     -0.015946497297
   20     -2.347026726265     -2.339568482139     -0.004342666604
   20      2.333167528465      0.000525757189      2.335397175017
   20      4.666799357840      2.348489201216      2.331089835281
   20      0.000836744027     -2.337407969744      2.336509425271
   20     -2.341347735934     -0.005108266857     -2.323014987163
   20      0.010059661248      2.341932076658     -2.328069021623
   12     -4.647370326859     -2.346394987076     -2.264295836854
   20      0.000087138450      2.342822104373      2.338251856532
   20      2.335502719686      4.694726325568      2.337078291410
   12     -2.331890631199      0.025256558766      2.360746385473
   12      2.305814084409      2.358570584190      4.699858748648
   20      4.666220075089      4.697503603820      4.670075621616
   20     -0.002137518711      0.009399095492      4.684579216607
   20     -2.345288262433      2.342108725979      0.002543849509
   12      0.026483066819      4.684106859943      0.010409414706
   12     -4.657526404439     -0.070685920386     -0.008284888733
   20      0.009287426178     -2.351626839767     -2.323453106404
   12      2.375080509911     -0.006523762764     -2.317811414934
   12     -2.331497149690     -4.773400409314     -2.347592540547
   12      2.306820748370     -2.341855603491     -0.046256361966
   20      4.668880882103      0.004957863480     -0.017958801114
   12     -0.020798820443     -4.606779558460     -0.103894036112
   20     -2.339593992690     -2.351820259026     -4.668281515940
   20      0.014298374489     -0.005728679760     -4.672308316168
   20     -4.674354387552     -4.691731686067     -4.674425896259
    8      0.013537132216     -0.005803315078     -2.324545507357
    8      2.349886269837      2.328458753250     -2.340584254909
    8     -2.350163930120     -2.355662144946     -2.327340006820
    8      2.334593223901     -0.006654447869     -0.015269711073
    8      4.679141426042      2.347295820903     -0.015919127430
    8      0.011478074297     -2.352315454098      0.005356321075
    8      4.664595255212      0.002612495786      2.329365412403
    8      7.004825363613      2.346208549048      2.321398213507
    8      2.330098408558     -2.340663168516      2.332013517790
    8      0.001866373460      2.346486010758     -0.000956819211
    8      2.315591284863      4.703602626917     -0.022067091122
    8     -2.347307163602     -0.002600619690      0.008734443941
    8      2.336364089946      2.347618307153      2.338810557158
    8      4.669994776777      4.697724494965      2.333015362489
    8     -0.002392699766      0.003037761248      2.338952633729
    8      4.654767323945      2.350808778078      4.675193807375
    8      7.020245664838      4.690661715595      4.686443273973
    8      2.331552431634      0.004355214807      4.688180293212
    8      0.003287968837      4.683101431070      2.337695908739
    8      2.353426981023      7.028829092327      2.339102604547
    8     -2.341818268736      2.331593454430      2.347113595640
    8      2.339317315332      4.688049934234      4.689263338019
    8      4.652625302595      7.052941871337      4.659942551528
    8      0.011622575784      2.343362641011      4.697891275197
    8      4.661977309692      4.692639856894      6.993835221487
    8      7.018940124292      7.027482843892      6.999691339879
    8      2.307916103937      2.362461204190      6.954967895902
    0    0
