   3   1   1 E -1.6031096520429E+04 DE-4.7E-10( 11)
  0.196643489538E-01  0.700627372144E+01  0.700263045333E+01
  0.700109384082E+01 -0.119139000219E-01  0.702523252638E+01
  0.699028641358E+01  0.701417259489E+01  0.355678083885E-02
    1
  0.100000000000E+01  0.000000000000E+00  0.000000000000E+00
  0.000000000000E+00  0.100000000000E+01  0.000000000000E+00
  0.000000000000E+00  0.000000000000E+00  0.100000000000E+01
  0.000000000000E+00  0.000000000000E+00  0.000000000000E+00
   54
   20      0.016075818995     -0.002417723325     -0.018894065267
   20      2.348317998944      2.311905735171     -0.043818732197
   20     -2.344893959060     -2.319063691671      0.013403406669
   20      2.344127496559     -0.026421502652      2.360654156740
   20      4.668237893932      2.303494226145      2.345221503151
   20      0.019792823570     -2.307231891447      2.363548219815
   20     -2.388511807806      0.015489808747     -2.314334879652
   20      0.009766418683      2.332183732963     -2.354067435523
   12     -4.713212387776     -2.317869280607     -2.311346250638
   20     -0.011006459291      2.295911127359      2.351251979381
   20      2.339123455498      4.720322017431      2.403328557594
   12     -2.324609779944     -0.000082537433      2.338848304375
   12      2.454546529077      2.349929401386      4.744775510385
   20      4.646119036985      4.725415505558      4.711575699435
   12      0.053355915659     -0.001405976181      4.654770610091
   12     -2.364573050023      2.312804564795      0.036086734698
   20     -0.036513764764      4.730165353605     -0.010488956337
   20     -4.680291400647      0.032778970195     -0.021118285681
   20      0.046839463033     -2.331929882323     -2.350712352854
   12      2.363290001260     -0.010581188423     -2.345841746713
   20     -2.351691653325     -4.742354698293     -2.345420419146
   12      2.466601853765     -2.325287423577     -0.096899097329
   12      4.658411972996     -0.019863011417     -0.022378424095
   20      0.022731810633     -4.718187176918     -0.015064033283
   20     -2.372955755121     -2.326906685059     -4.722796630413
   12     -0.087022702211     -0.003010760864     -4.644031831187
   20     -4.671181209078     -4.690365958068     -4.680626745773
    8      0.025405183548      0.002245597192     -2.392482430351
    8      2.319609209023      2.322620418527     -2.341491654150
    8     -2.404759847114     -2.344667910118     -2.355190080155
    8      2.457776282006     -0.080887565195     -0.083696017793
    8      4.661289799663      2.268355630102      0.003505731713
    8      0.061761087917     -2.344865773666     -0.028298910549
    8      4.724805388149     -0.008237132491      2.314990860461
    8      6.985553594084      2.263587483588      2.355106547250
    8      2.330281842990     -2.345547865582      2.348556633915
    8     -0.066175863325      2.340249873800      0.000266875781
    8      2.311359242542      4.695066104304     -0.045986843688
    8     -2.354282567967      0.071777390701      0.024535798921
    8      2.336255785659      2.326604347811      2.378506077628
    8      4.668191990172      4.746293207889      2.360215378605
    8     -0.033220643055      0.000958113403      2.370067630785
    8      4.575636717309      2.334524877207      4.754302538951
    8      7.091151610206      4.764997678601      4.693062591306
    8      2.225413209211      0.006756390186      4.685087723726
    8     -0.003267564324      4.752253457268      2.336106719492
    8      2.351461977783      7.013482944067      2.425743735154
    8     -2.325925650849      2.212604789145      2.244312526140
    8      2.342976325384      4.694709251530      4.772493166841
    8      4.651686379404      7.015760611103      4.686288751790
    8      0.103611491811      2.212230656754      4.665280027925
    8      4.550150044667      4.693999482365      7.013499285085
    8      6.892882497666      7.008383805403      7.031150863097
    8      2.459198632010      2.427718954378      6.899830598356
    0    0
