   3   1   1 E -1.6031095711070E+04 DE 1.1E-09( 11)
  0.140016885083E-01  0.700751477453E+01  0.700481194773E+01
  0.698852914311E+01 -0.545052937886E-02  0.701597349148E+01
  0.699686578987E+01  0.702209137022E+01 -0.821721593448E-02
    1
  0.100000000000E+01  0.000000000000E+00  0.000000000000E+00
  0.000000000000E+00  0.100000000000E+01  0.000000000000E+00
  0.000000000000E+00  0.000000000000E+00  0.100000000000E+01
  0.000000000000E+00  0.000000000000E+00  0.000000000000E+00
   54
   20      0.014702463222     -0.039904553620     -0.036681910574
   20      2.352563381648      2.354571725473     -0.022819789596
   20     -2.310656543378     -2.365064820989     -0.033336056876
   20      2.321887123095     -0.014144986120      2.316932368410
   20      4.695586243126      2.327257664949      2.343033943769
   20     -0.005142481631     -2.348012678275      2.337329215968
   20     -2.325947785164     -0.020706623086     -2.333030369385
   20     -0.018462972383      2.358616897348     -2.344945477331
   20     -4.688901319862     -2.324886710718     -2.310766955976
   20     -0.004691664709      2.365985096036      2.379211843284
   20      2.312727044319      4.708831274315      2.346738532835
   20     -2.332587073508      0.001282896874      2.370090698199
   20      2.264427598006      2.354825348665      4.729666070744
   12      4.717565168877      4.684155669381      4.742372502888
   12      0.018279617725      0.024917060036      4.772107528059
   20     -2.369382279856      2.374875676948     -0.031722810215
   12      0.015536316087      4.759588004701     -0.076522016216
   12     -4.821145800711     -0.032048165541      0.007670300823
   12     -0.029410550618     -2.307538834047     -2.268547117545
   20      2.340808184673     -0.040903400099     -2.341187952838
   12     -2.230448423531     -4.631928513490     -2.283848922932
   12      2.188443341576     -2.342050172740     -0.057247199276
   20      4.759213176232     -0.022281195165     -0.037467537170
   12      0.056154501666     -4.576120745160     -0.011843732158
   20     -2.302655363044     -2.333673512768     -4.677887562006
   12      0.003482774526     -0.104950616751     -4.656868804439
   20     -4.676959165880     -4.697341496384     -4.709879356474
    8      0.002712088694     -0.087025313598     -2.414830186139
    8      2.399439022674      2.338162735712     -2.339301744903
    8     -2.248266677541     -2.419433722739     -2.341212901559
    8      2.349392967406     -0.071580145546     -0.010049639897
    8      4.765025869651      2.335549959427     -0.081155965507
    8      0.105793269002     -2.422519797982     -0.098108339869
    8      4.736407420417     -0.005051262746      2.325062420230
    8      6.982573019674      2.274007543580      2.263237841665
    8      2.307096001100     -2.341869382402      2.293633197555
    8      0.009678484464      2.392650687628     -0.004497362826
    8      2.251713471555      4.748278938240     -0.000272099900
    8     -2.370646273268     -0.011428039763     -0.009551647701
    8      2.325897445846      2.343238212624      2.343864015503
    8      4.662387895442      4.676563869472      2.358405152988
    8     -0.006426013504     -0.004469464076      2.358794023070
    8      4.648919821782      2.395526362810      4.669386956237
    8      6.902747141017      4.753680439080      4.734700359775
    8      2.220874376210     -0.008239459063      4.735495182425
    8      0.012088205582      4.767231121593      2.364310655100
    8      2.232108514399      7.012951037648      2.235016687970
    8     -2.313168842172      2.341300304429      2.385211142407
    8      2.340709368614      4.667371404155      4.757233167757
    8      4.796665110340      6.986966098248      4.664346895449
    8     -0.097722011298      2.361166299344      4.781321765163
    8      4.703352953556      4.668307991016      6.934013171183
    8      7.115411085997      6.960899140730      7.033744081463
    8      2.217535570587      2.343114421560      7.007210743145
    0    0
