   3   1   1 E -1.6031057508658E+04 DE 6.9E-11( 11)
  0.455640803423E-02  0.701928028061E+01  0.699936023286E+01
  0.701928028061E+01  0.455640803423E-02  0.699936023286E+01
  0.701743575422E+01  0.701743575422E+01  0.640431488850E-02
    2
  0.100000000000E+01  0.000000000000E+00  0.000000000000E+00
  0.000000000000E+00  0.100000000000E+01  0.000000000000E+00
  0.000000000000E+00  0.000000000000E+00  0.100000000000E+01
  0.000000000000E+00  0.000000000000E+00  0.000000000000E+00
  0.000000000000E+00  0.100000000000E+01  0.000000000000E+00
  0.100000000000E+01  0.000000000000E+00  0.000000000000E+00
  0.000000000000E+00  0.000000000000E+00  0.100000000000E+01
  0.000000000000E+00  0.000000000000E+00  0.000000000000E+00
   54
   20      0.004565148832      0.004565148832     -0.010119770148
   20      2.339755569437      2.339755569437     -0.018749028820
   20     -2.346766140633     -2.346766140633     -0.012223275617
   20      2.338764938402     -0.002077687294      2.342108354616
   20      4.679999267177      2.339956449227      2.350053419032
   20      0.011543134470     -2.351578652910      2.333340432727
   20     -2.354201654777      0.007009933203     -2.304645264010
   12      0.016140575088      2.344161228685     -2.352672347587
   12     -4.682918502444     -2.374272497168     -2.308370755055
   20     -0.002077687294      2.338764938402      2.342108354616
   20      2.339956449227      4.679999267177      2.350053419032
   20     -2.351578652910      0.011543134470      2.333340432727
   12      2.395606646127      2.395606646127      4.646750465561
   20      4.670042535032      4.670042535032      4.697127658257
   20      0.010585219354      0.010585219354      4.688962016569
   12     -2.361787862999      2.334234375803     -0.045885979197
   20      0.007287701254      4.673578062190     -0.008137451877
   12     -4.677215215236      0.024439979218     -0.055108991348
   20      0.007009933203     -2.354201654777     -2.304645264010
   12      2.344161228685      0.016140575088     -2.352672347587
   12     -2.374272497168     -4.682918502444     -2.308370755055
   12      2.334234375803     -2.361787862999     -0.045885979197
   20      4.673578062190      0.007287701254     -0.008137451877
   12      0.024439979218     -4.677215215236     -0.055108991348
   20     -2.357161050803     -2.357161050803     -4.664921293341
   20      0.008059837768      0.008059837768     -4.661353350750
   20     -4.683376430246     -4.683376430246     -4.679124812779
    8      0.015704892990      0.015704892990     -2.318302164242
    8      2.335088303163      2.335088303163     -2.344652476582
    8     -2.362592620756     -2.362592620756     -2.319302368854
    8      2.341485633678     -0.005141490981     -0.021856027903
    8      4.688900137836      2.339505259154     -0.014814742226
    8      0.016094712375     -2.360006769202      0.000306892953
    8      4.671618027476      0.004193793566      2.342413377150
    8      7.022253349419      2.339555212324      2.331180301094
    8      2.335422231035     -2.352958786065      2.329396866459
    8     -0.005141490981      2.341485633678     -0.021856027903
    8      2.339505259154      4.688900137836     -0.014814742226
    8     -2.360006769202      0.016094712375      0.000306892953
    8      2.341109448365      2.341109448365      2.353794355440
    8      4.674535662620      4.674535662620      2.345695453721
    8      0.003973195196      0.003973195196      2.337991625404
    8      4.675513777204      2.341266364141      4.711689177302
    8      7.038250291023      4.662779788262      4.681095125649
    8      2.336010659244      0.009273946718      4.705928439609
    8      0.004193793566      4.671618027476      2.342413377150
    8      2.339555212324      7.022253349419      2.331180301094
    8     -2.352958786065      2.335422231035      2.329396866459
    8      2.341266364141      4.675513777204      4.711689177302
    8      4.662779788262      7.038250291023      4.681095125649
    8      0.009273946718      2.336010659244      4.705928439609
    8      4.662660497518      4.662660497518      7.002352334800
    8      7.039777775706      7.039777775706      7.005397937912
    8      2.357077794125      2.357077794125      6.941696551459
    0    0
