   3   1   1 E -1.6031103620669E+04 DE-9.9E-09(  7)
  0.148677744660E-01  0.701676420670E+01  0.701071820723E+01
  0.702598698070E+01  0.128672689494E-01  0.700357409647E+01
  0.702695677572E+01  0.700616065634E+01  0.172730887562E-01
    1
  0.100000000000E+01  0.000000000000E+00  0.000000000000E+00
  0.000000000000E+00  0.100000000000E+01  0.000000000000E+00
  0.000000000000E+00  0.000000000000E+00  0.100000000000E+01
  0.000000000000E+00  0.000000000000E+00  0.000000000000E+00
   54
   20      0.009792593917     -0.017783315421     -0.044665361207
   20      2.346242421129      2.310727883422     -0.037739488104
   20     -2.340648474250     -2.324145399432     -0.012254956682
   20      2.373514099257     -0.035160043570      2.318894400238
   20      4.710934635055      2.328639134630      2.348634264025
   20      0.016252804746     -2.314701468068      2.343800165176
   20     -2.339551897279     -0.035577919788     -2.325607365517
   20      0.023266814381      2.325856350803     -2.348916843649
   12     -4.705729861777     -2.327125944256     -2.287703099047
   20     -0.036315094876      2.339895031099      2.334276922459
   20      2.328763655149      4.725271177685      2.392038455763
   12     -2.335357060440     -0.010122598384      2.289261257412
   20      2.359917245960      2.413611847983      4.689906278535
   12      4.588356547221      4.724490760980      4.720245441579
   20     -0.051851067908     -0.017153055415      4.666606914801
   12     -2.322216840119      2.344532137367      0.010330270321
   20     -0.054485584051      4.685594661208      0.014499607179
   20     -4.680445414191      0.015304453274      0.030352217132
   12      0.126710333563     -2.278792359056     -2.307707202155
   12      2.402289101803     -0.107051959607     -2.330128485496
   20     -2.381206936399     -4.702216175755     -2.362996154288
   12      2.449918387546     -2.304014110169     -0.112802041855
   12      4.637087758100     -0.007950698383     -0.005700245172
   20     -0.001651040606     -4.666701812373     -0.017433954742
   20     -2.335826806385     -2.340886041612     -4.702657853287
   12     -0.022077887494     -0.039021944771     -4.623975769382
   20     -4.666565032240     -4.693332245978     -4.660852338930
    8      0.054055129129     -0.120638064660     -2.413504967460
    8      2.339010933852      2.343701586926     -2.320384077155
    8     -2.376221135496     -2.347916614277     -2.327298737406
    8      2.441502151397     -0.086834608771     -0.121971977866
    8      4.677602868129      2.268916685174     -0.002039356853
    8      0.086949943481     -2.328463392061     -0.081825362042
    8      4.752798533093     -0.004240975094      2.266873869973
    8      7.024304744901      2.266520449411      2.344042174427
    8      2.351873275373     -2.324491876232      2.329662024251
    8     -0.072148014537      2.335427918918     -0.002264964304
    8      2.326277946664      4.674626419850     -0.034127982664
    8     -2.355751855234      0.074874357715      0.080646083830
    8      2.355795388291      2.343769371346      2.350482949981
    8      4.685919107257      4.776321345824      2.412715947782
    8     -0.062456782996      0.010996587441      2.314154836752
    8      4.680304549879      2.419595247467      4.749778601169
    8      7.050972796502      4.685812296101      4.698142875047
    8      2.332429381235     -0.061888364838      4.682331237045
    8      0.010343115761      4.769399621912      2.448226470782
    8      2.303704783436      6.999589333223      2.431166610369
    8     -2.329084964081      2.223838811067      2.251340561728
    8      2.337911284777      4.751831591963      4.750004752815
    8      4.592811965575      6.907013314698      4.696301716086
    8      0.006117082690      2.428519380646      4.656198158791
    8      4.598199286271      4.706598196497      6.910687599116
    8      6.928832635246      7.011404872636      7.099246908037
    8      2.463980338588      2.444594754659      6.995753278758
    0    0
