   3   1   1 E -1.6031096514627E+04 DE-7.2E-09(  9)
 -0.379204209396E-02  0.705230435596E+01  0.704500669827E+01
  0.699452688756E+01  0.628670393673E-02  0.704094789821E+01
  0.698896543551E+01  0.704933557711E+01  0.497801993694E-02
    1
  0.100000000000E+01  0.000000000000E+00  0.000000000000E+00
  0.000000000000E+00  0.100000000000E+01  0.000000000000E+00
  0.000000000000E+00  0.000000000000E+00  0.100000000000E+01
  0.000000000000E+00  0.000000000000E+00  0.000000000000E+00
   54
   20     -0.005899507038      0.007521784239     -0.055257379798
   20      2.291626766166      2.341387811727     -0.075653037035
   20     -2.336834641932     -2.334996059955     -0.040125418223
   20      2.326455204091     -0.029401648128      2.376888838696
   20      4.710863913491      2.323009650739      2.363981609439
   20      0.033142923449     -2.352854325791      2.382532511387
   20     -2.298030999813      0.000583961378     -2.340052527284
   12      0.048138072150      2.314525140938     -2.356194032173
   12     -4.743792193433     -2.291476586035     -2.317298362460
   20     -0.039056067372      2.358714688772      2.397125697352
   20      2.286949134802      4.753523728929      2.364812073373
   20     -2.381305921324      0.022633689386      2.331178357175
   20      2.352942287784      2.353679594137      4.777851122594
   20      4.656106788024      4.708161082142      4.715006242057
   12      0.061420963169     -0.034793188569      4.709027975119
   12     -2.357616344713      2.358881392692     -0.024349136125
   20     -0.012052995808      4.708472433194     -0.065031983192
   12     -4.721742605095     -0.037089426654     -0.036839135783
   12      0.051167836272     -2.316908505748     -2.336065779004
   12      2.212878852780     -0.049902019638     -2.299754257137
   20     -2.348894377706     -4.710637791363     -2.355813933144
   12      2.331063941322     -2.293691438992     -0.079812688602
   20      4.683528196934     -0.028421909630     -0.019153389689
   20      0.073144854412     -4.718901110060     -0.044860971991
   20     -2.342669964187     -2.365212160296     -4.702163840783
   12      0.132746783409      0.139842259904     -4.609466938597
   20     -4.689651335797     -4.734028109693     -4.676778665303
    8      0.136389596389      0.015900834694     -2.435587883423
    8      2.174966890725      2.292121355296     -2.337141068075
    8     -2.311760072862     -2.342248912158     -2.347822627794
    8      2.327484570020     -0.088214994928     -0.071131957254
    8      4.668129014391      2.339626509656     -0.022907841093
    8      0.121588794458     -2.341258897041     -0.049280755157
    8      4.739681574847     -0.003157146397      2.356391050943
    8      6.979013910604      2.259692800508      2.426223570620
    8      2.330757469979     -2.340660716780      2.382844048693
    8     -0.098172911519      2.348870317093     -0.060930672981
    8      2.322779737093      4.772812789524     -0.079587081831
    8     -2.434598766459      0.074790711293     -0.020211222860
    8      2.333055973109      2.349427078683      2.371072719800
    8      4.657110030453      4.701803164558      2.349826419153
    8     -0.005750685695      0.000010618835      2.389802793560
    8      4.792544437597      2.352585817986      4.787618739898
    8      7.095219582789      4.741181136901      4.687030492369
    8      2.229688624556     -0.101834648807      4.779968075459
    8     -0.016495006119      4.776488368311      2.404975446250
    8      2.213839306764      7.034281046511      2.327382823607
    8     -2.347106277155      2.343082083754      2.337149621874
    8      2.210504896429      4.800801709988      4.773405541240
    8      4.671837107018      7.039952806156      4.704806515447
    8      0.016782041776      2.335569552529      4.700440187650
    8      4.544537971160      4.621340373659      7.028268567939
    8      7.113824230460      7.048641399969      7.000374953780
    8      2.468169659571      2.361441769078      7.042483365172
    0    0
