   3   1   1 E -1.6031086509430E+04 DE-2.2E-09( 11)
  0.727846211148E-02  0.701395233940E+01  0.700974113137E+01
  0.701062933992E+01  0.187203018015E-02  0.700815104175E+01
  0.702513819791E+01  0.701980063060E+01 -0.560589931376E-02
    1
  0.100000000000E+01  0.000000000000E+00  0.000000000000E+00
  0.000000000000E+00  0.100000000000E+01  0.000000000000E+00
  0.000000000000E+00  0.000000000000E+00  0.100000000000E+01
  0.000000000000E+00  0.000000000000E+00  0.000000000000E+00
   54
   20     -0.039514327229     -0.000615818226     -0.044602674678
   20      2.367457518756      2.353232666749     -0.034876829730
   20     -2.377338422163     -2.307270593665     -0.061063533740
   20      2.370909293438     -0.054620119715      2.359501760777
   20      4.704491512967      2.323861624493      2.330384030358
   20      0.008476829348     -2.309928494637      2.402551139156
   20     -2.353515989931     -0.054632921173     -2.354373721867
   20     -0.014616315783      2.367876303825     -2.336301464437
   12     -4.715926281650     -2.272739082711     -2.327469403863
   20     -0.068450445051      2.384229652667      2.396770727739
   20      2.299586448019      4.738899423111      2.333601069129
   20     -2.349922384767      0.001582084487      2.346588621411
   20      2.331554355203      2.335256373098      4.745354593151
   12      4.606192519610      4.697049153071      4.655969225756
   12      0.042955408655     -0.081154779552      4.739535530035
   12     -2.303200570038      2.324503093666      0.022918425605
   20     -0.060275222972      4.774373278159     -0.026445917787
   12     -4.680085866423     -0.007908772936     -0.040898747120
   12      0.006597005452     -2.272547590687     -2.392560717105
   20      2.355629141467     -0.057754257104     -2.346147568016
   20     -2.311643844423     -4.668412414821     -2.349578583725
   20      2.414983086786     -2.346436408975     -0.013962614503
   12      4.739853168617     -0.034367580991      0.152771700747
   20      0.005601372519     -4.750333062605     -0.025715828809
   12     -2.317683819231     -2.324472355931     -4.641816598541
   12      0.023348588748     -0.061409430692     -4.613302895837
   20     -4.652655782269     -4.689253007015     -4.706651936197
    8     -0.037473288484     -0.110223356086     -2.444713114361
    8      2.348758309628      2.410666202061     -2.343334830320
    8     -2.360643789831     -2.334442009349     -2.452107883417
    8      2.418595107831     -0.012414608119     -0.024345532229
    8      4.683114135631      2.264297086093     -0.020914885586
    8     -0.016227716030     -2.339324803193     -0.069837022802
    8      4.821844591124     -0.135551378831      2.202197940320
    8      7.005901851155      2.257547988289      2.335748016748
    8      2.479887514504     -2.338206914078      2.445989602143
    8     -0.079914192028      2.364197513217     -0.019419472858
    8      2.319835117985      4.817894006297     -0.110334676328
    8     -2.436142264373      0.066922438928     -0.019332701883
    8      2.340832356131      2.343724126116      2.347673770369
    8      4.683421805500      4.691003014725      2.389637910999
    8     -0.011934046794      0.004161906041      2.404121593305
    8      4.685541281612      2.438715405869      4.778498255795
    8      6.993093066135      4.789915960143      4.683465166980
    8      2.253397815863     -0.133186683935      4.758968023682
    8     -0.095237953862      4.825358866110      2.389478132471
    8      2.250594996137      7.007861032650      2.315325583519
    8     -2.357877057579      2.426598804526      2.271047790747
    8      2.328799979831      4.675381323726      4.675266130602
    8      4.831306633391      6.880164105118      4.757285895281
    8     -0.003679139579      2.343260751653      4.681275114470
    8      4.681360789575      4.686823347205      6.972442348196
    8      6.978197050374      7.026201849547      6.974745947486
    8      2.455547068225      2.235959564175      7.006283340908
    0    0
