   3   1   1 E -1.6031097867603E+04 DE 3.9E-08(  8)
 -0.156916889061E-01  0.698566269359E+01  0.700332912901E+01
  0.698566269359E+01 -0.156916889061E-01  0.700332912901E+01
  0.697954344776E+01  0.697954344776E+01 -0.970330894043E-02
    2
  0.100000000000E+01  0.000000000000E+00  0.000000000000E+00
  0.000000000000E+00  0.100000000000E+01  0.000000000000E+00
  0.000000000000E+00  0.000000000000E+00  0.100000000000E+01
  0.000000000000E+00  0.000000000000E+00  0.000000000000E+00
  0.000000000000E+00  0.100000000000E+01  0.000000000000E+00
  0.100000000000E+01  0.000000000000E+00  0.000000000000E+00
  0.000000000000E+00  0.000000000000E+00  0.100000000000E+01
  0.000000000000E+00  0.000000000000E+00  0.000000000000E+00
   54
   20      0.014002388876      0.014002388876     -0.037164301531
   20      2.323111692075      2.323111692075     -0.096029354163
   20     -2.336171635563     -2.336171635563     -0.035836560306
   20      2.330110595887     -0.053863835879      2.337344449677
   20      4.715757601200      2.301321488503      2.331243419142
   20      0.050932721639     -2.383783865034      2.341154006467
   20     -2.323111180671      0.015775105435     -2.319844513803
   12      0.018738786838      2.277982923467     -2.317221681236
   12     -4.650256610364     -2.317946316737     -2.274537662400
   20     -0.053863835879      2.330110595887      2.337344449677
   20      2.301321488503      4.715757601200      2.331243419142
   20     -2.383783865034      0.050932721639      2.341154006467
   20      2.324547052563      2.324547052563      4.736015515218
   20      4.635992511648      4.635992511648      4.688804499625
   20      0.007418176665      0.007418176665      4.722607043186
   12     -2.352615020661      2.250985742987     -0.063722834001
   20      0.003123138700      4.671750782916     -0.006595158112
   12     -4.628643885968      0.039775287324     -0.020404024017
   20      0.015775105435     -2.323111180671     -2.319844513803
   12      2.277982923467      0.018738786838     -2.317221681236
   12     -2.317946316737     -4.650256610364     -2.274537662400
   12      2.250985742987     -2.352615020661     -0.063722834001
   20      4.671750782916      0.003123138700     -0.006595158112
   12      0.039775287324     -4.628643885968     -0.020404024017
   20     -2.365434668818     -2.365434668817     -4.676483000159
   12      0.059539051740      0.059539051740     -4.644713922664
   20     -4.673878952384     -4.673878952384     -4.665400736795
    8      0.118731526927      0.118731526927     -2.432341904555
    8      2.322112398409      2.322112398409     -2.336143422338
    8     -2.415541127339     -2.415541127339     -2.335359261540
    8      2.317796750295     -0.065679220446     -0.079808450285
    8      4.725291077149      2.331646477080     -0.084239016258
    8      0.103774702904     -2.418527808753     -0.006174562961
    8      4.730702038441     -0.020447084354      2.329097354943
    8      6.986264754992      2.230117163067      2.326574604227
    8      2.328334103579     -2.346634784910      2.342722732716
    8     -0.065679220446      2.317796750295     -0.079808450285
    8      2.331646477080      4.725291077149     -0.084239016258
    8     -2.418527808753      0.103774702904     -0.006174562961
    8      2.321913688715      2.321913688715      2.331898194593
    8      4.652167623077      4.652167623077      2.331352784718
    8     -0.005083572364     -0.005083572364      2.334788633076
    8      4.750912689677      2.317424710248      4.755167422515
    8      7.058669429302      4.573785695171      4.677540437779
    8      2.329242736739     -0.080418435140      4.755410913675
    8     -0.020447084354      4.730702038441      2.329097354943
    8      2.230117163067      6.986264754992      2.326574604227
    8     -2.346634784910      2.328334103579      2.342722732716
    8      2.317424710248      4.750912689677      4.755167422515
    8      4.573785695171      7.058669429302      4.677540437779
    8     -0.080418435140      2.329242736739      4.755410913675
    8      4.552280009944      4.552280009944      6.992663682700
    8      7.100169241823      7.100169241823      7.069929700368
    8      2.318651175400      2.318651175400      6.990294805275
    0    0
