   3   1   1 E -1.6031081732254E+04 DE 4.3E-09(  9)
  0.545773957172E-01  0.696514337230E+01  0.698469667426E+01
  0.699706370749E+01  0.343386927439E-02  0.702962499737E+01
  0.701118393271E+01  0.701788539657E+01 -0.422888758507E-02
    1
  0.100000000000E+01  0.000000000000E+00  0.000000000000E+00
  0.000000000000E+00  0.100000000000E+01  0.000000000000E+00
  0.000000000000E+00  0.000000000000E+00  0.100000000000E+01
  0.000000000000E+00  0.000000000000E+00  0.000000000000E+00
   54
   20      0.002673258252     -0.025572381371     -0.068925416875
   20      2.348395927428      2.348636953232     -0.056160155561
   20     -2.317708469098     -2.409060488251     -0.064016084106
   20      2.346038440259     -0.036641511630      2.336496179387
   20      4.693316602208      2.328857790040      2.308465236935
   20      0.026709372147     -2.385307671717      2.350289490418
   20     -2.320474681873     -0.026385898949     -2.327770095002
   12     -0.022010782460      2.386930419520     -2.262900260392
   12     -4.705829446355     -2.397288585158     -2.332554507633
   20     -0.010255532034      2.368502786412      2.350877091143
   12      2.270551022688      4.663603792941      2.354409439727
   20     -2.339751084364     -0.004832922623      2.339351339997
   20      2.308772904383      2.392215370107      4.708305043163
   20      4.648973390705      4.655828278326      4.762152615553
   20     -0.032873198737      0.022873295973      4.734334806279
   12     -2.336987577810      2.344529157490     -0.000052238631
   20     -0.014136515155      4.646358022469     -0.053817977445
   20     -4.665880909514     -0.005439095581     -0.020367706875
   12      0.104969790572     -2.384133089899     -2.260414371741
   20      2.323162106502      0.024194330734     -2.318741237667
   12     -2.291836580652     -4.580352310438     -2.304263286129
   12      2.474842417203     -2.343518326492     -0.006319669136
   12      4.660167305798      0.055465785230     -0.045606678385
   12     -0.013366919597     -4.621417613701     -0.089629018799
   20     -2.368098838377     -2.353525226988     -4.684091889594
   20     -0.009699777870      0.029494768086     -4.669319252535
   20     -4.683599463442     -4.614849128323     -4.663630719012
    8     -0.004200448785     -0.003106730806     -2.334834223018
    8      2.317380774801      2.426683593788     -2.328860097742
    8     -2.320252502068     -2.459459403984     -2.329190153174
    8      2.404891156378     -0.075291322561     -0.009300062645
    8      4.784215838143      2.237442990931     -0.130053993415
    8      0.105216226536     -2.466898943978     -0.102623216495
    8      4.655041241551     -0.002736763468      2.308900257471
    8      6.997474553978      2.357702300764      2.352870166488
    8      2.316017194969     -2.336150888229      2.355118355643
    8     -0.050090964626      2.324155746032     -0.048975695389
    8      2.351160433442      4.653070259847     -0.041527207389
    8     -2.325244955062      0.015568634603     -0.027782396580
    8      2.341708739892      2.395459518729      2.327212343434
    8      4.630427922640      4.638446967208      2.336414370755
    8     -0.001035448966     -0.013179598306      2.353187933967
    8      4.732930570722      2.337240660507      4.757723675356
    8      7.054662963602      4.616059182460      4.728904231409
    8      2.326491714154     -0.053039124932      4.715170596199
    8      0.082017663021      4.657730576459      2.315053479508
    8      2.353258299403      6.955968950726      2.324304771364
    8     -2.322903749221      2.329458524844      2.312203125524
    8      2.242868323388      4.676370208205      4.715281100234
    8      4.689192430377      7.073658090943      4.731586417009
    8     -0.087452929413      2.438820846633      4.771253905577
    8      4.594724386851      4.652586398286      6.991097134568
    8      6.959750928811      7.069249270304      6.987319485868
    8      2.378399536314      2.414105427223      6.998862546596
    0    0
