   3   1   1 E -1.6031088785546E+04 DE-6.0E-10( 11)
  0.120589984294E-01  0.700764367196E+01  0.701882644507E+01
  0.699948453354E+01  0.234685541301E-02  0.702052866223E+01
  0.699803274387E+01  0.700330456575E+01  0.900837889569E-02
    1
  0.100000000000E+01  0.000000000000E+00  0.000000000000E+00
  0.000000000000E+00  0.100000000000E+01  0.000000000000E+00
  0.000000000000E+00  0.000000000000E+00  0.100000000000E+01
  0.000000000000E+00  0.000000000000E+00  0.000000000000E+00
   54
   20     -0.025251862198     -0.001439182153     -0.024803759811
   20      2.325476966482      2.343595400429     -0.019610033426
   20     -2.354085332834     -2.308773353845     -0.016501684023
   20      2.337189192249     -0.041186847516      2.372521106675
   20      4.692124364396      2.296098865981      2.332156992892
   20      0.017255746645     -2.322677864285      2.389545206095
   20     -2.321822214465     -0.052109277370     -2.370347860176
   12      0.022907129797      2.306189962416     -2.442125330477
   12     -4.658898584249     -2.286186422566     -2.278773819189
   20     -0.036971221920      2.343274541413      2.406913527744
   20      2.316126168221      4.738083422677      2.329983417188
   12     -2.290678370978      0.006265658477      2.299520499884
   20      2.307993402419      2.307784991104      4.720713831900
   20      4.720681181628      4.717061776621      4.680002920622
   12      0.086242851178      0.002731062867      4.682535307453
   20     -2.333648586458      2.321437929213      0.035462768086
   20      0.010623530225      4.744513886490     -0.019961081353
   12     -4.644532150344     -0.010693406199     -0.075923044273
   12     -0.053463652467     -2.308838598164     -2.401606650408
   20      2.298730290415      0.001747469160     -2.362065614338
   20     -2.327877422794     -4.680315650030     -2.381466334538
   20      2.347221047057     -2.323281796935      0.009432584021
   12      4.699101383004     -0.039427154756      0.040947102008
   20     -0.010027723328     -4.729779515657     -0.026588457729
   12     -2.270458178834     -2.255238773187     -4.695751168206
   12     -0.052309908221     -0.045834351621     -4.597654153473
   20     -4.672076409074     -4.699774609574     -4.672085837515
    8     -0.015237885295     -0.019724669476     -2.421872389061
    8      2.248485788600      2.386375996237     -2.354162352143
    8     -2.305412273259     -2.342838969943     -2.374736489410
    8      2.358594042980     -0.003843171576      0.006843443745
    8      4.657714843262      2.266200024717     -0.001687421153
    8     -0.002151715388     -2.337321505148     -0.024758765643
    8      4.758512369147     -0.086802399035      2.331275277919
    8      6.993089741503      2.257803315961      2.420177443565
    8      2.422564969995     -2.334340245670      2.442318573368
    8     -0.009148554554      2.348171526702     -0.022503123790
    8      2.332267644757      4.760668399959     -0.043649204176
    8     -2.366819664773     -0.002716312717      0.005288616034
    8      2.323447867722      2.331546585277      2.351052766254
    8      4.687481628494      4.738293654401      2.336750541785
    8     -0.089445628425     -0.001630421430      2.393475555123
    8      4.733563612463      2.325818769690      4.690910133029
    8      7.111242313086      4.704286480154      4.682970049982
    8      2.222022210917     -0.118725301570      4.747609176959
    8     -0.113664653930      4.796922034459      2.412697653621
    8      2.280426675483      7.003997070104      2.268180195007
    8     -2.332976617402      2.309062693906      2.336567309587
    8      2.279806213917      4.685431007818      4.686984978591
    8      4.752046987432      7.006576907814      4.689157358386
    8      0.003269916979      2.317638204640      4.678201354410
    8      4.680205954876      4.784865677918      7.085109223830
    8      6.964706242047      7.006892710803      6.965143531343
    8      2.338929575056      2.253991692069      7.015821815129
    0    0
