   3   1   1 E -1.6031101608731E+04 DE-7.8E-09(  9)
  0.862237628786E-02  0.698664778783E+01  0.700886018898E+01
  0.699301128786E+01 -0.890919010049E-02  0.701945806536E+01
  0.700717876184E+01  0.700458130969E+01 -0.161184195062E-01
    1
  0.100000000000E+01  0.000000000000E+00  0.000000000000E+00
  0.000000000000E+00  0.100000000000E+01  0.000000000000E+00
  0.000000000000E+00  0.000000000000E+00  0.100000000000E+01
  0.000000000000E+00  0.000000000000E+00  0.000000000000E+00
   54
   20      0.031668873215     -0.021031932180      0.001890848886
   20      2.380794754932      2.341416350419     -0.017183544307
   20     -2.335079697520     -2.377740953449     -0.038035285258
   20      2.388286601958     -0.063926454945      2.322933424840
   20      4.714515320925      2.297438354355      2.310498576800
   20      0.032561602239     -2.361019025173      2.351604607994
   20     -2.337435431539     -0.033838379680     -2.365289140239
   20      0.024215052057      2.376830231183     -2.326460462100
   12     -4.604869906728     -2.345962110706     -2.306608844910
   20     -0.024745320928      2.372326325880      2.342741537831
   20      2.303379005975      4.692528387331      2.330585718000
   20     -2.333246331549      0.003718041504      2.388160468426
   20      2.320883922186      2.358788313429      4.708436017677
   12      4.651561735455      4.675791165947      4.740515440654
   20     -0.031514855786     -0.035156721521      4.759037040661
   20     -2.333899634031      2.427325217918      0.005999849080
   12     -0.007243963180      4.711753657645     -0.008250006019
   20     -4.733125394699     -0.003947113143      0.007092623173
   20     -0.052233020990     -2.343271297608     -2.355070129971
   20      2.384630819510     -0.008762290977     -2.305706436064
   12     -2.305736868341     -4.613629648009     -2.319623761462
   12      2.398618054477     -2.327925453277      0.003559915479
   12      4.718862572603     -0.072597192185     -0.026688129030
   12     -0.049559796798     -4.654202130427      0.053921673281
   12     -2.365845473345     -2.315243994473     -4.731019951029
   12     -0.089902425111     -0.037638172275     -4.788520433122
   20     -4.664566382205     -4.617207428189     -4.653806081231
    8      0.017679688822     -0.006791019091     -2.351818420233
    8      2.428233306313      2.419458402995     -2.311101318263
    8     -2.436815776771     -2.431376040445     -2.427062370644
    8      2.415340343267     -0.080937061846     -0.015660656563
    8      4.779670243871      2.257715498182     -0.079594816160
    8      0.053896034661     -2.401064261457      0.006010060314
    8      4.745601028027     -0.111646631036      2.290547272973
    8      6.996174422452      2.278669867662      2.269167064326
    8      2.441862942461     -2.331979808306      2.315069128508
    8      0.006291488551      2.403202357120     -0.001185810481
    8      2.246874110447      4.672329607305     -0.096283446349
    8     -2.348481252018      0.000570273419     -0.011091073665
    8      2.341612389908      2.333705152771      2.328209857532
    8      4.670264004767      4.661515875114      2.349639709532
    8      0.001979329099     -0.015558098040      2.347876207455
    8      4.670665201881      2.388036883688      4.684142145459
    8      6.963010355846      4.663077355617      4.739724727590
    8      2.329062941650     -0.084225635403      4.695737615302
    8     -0.121985575592      4.763325003921      2.217883910558
    8      2.289308387622      7.003300629729      2.324574324909
    8     -2.318319464549      2.425506284316      2.401320717226
    8      2.397884410990      4.657522804443      4.691532768313
    8      4.688063291704      6.976937886965      4.763113712986
    8     -0.095433526352      2.322216123531      4.726631934319
    8      4.647704090531      4.746435606262      6.979248277867
    8      6.905811192228      6.961701944787      7.112589696943
    8      2.242728494307      2.423974833796      7.020962498981
    0    0
