   3   1   1 E -1.6031091482880E+04 DE-8.3E-10( 11)
  0.291363473488E-01  0.700393607170E+01  0.700555646865E+01
  0.701681542976E+01  0.112043685027E-01  0.701547930826E+01
  0.703180046567E+01  0.702320815512E+01  0.231872224649E-02
    1
  0.100000000000E+01  0.000000000000E+00  0.000000000000E+00
  0.000000000000E+00  0.100000000000E+01  0.000000000000E+00
  0.000000000000E+00  0.000000000000E+00  0.100000000000E+01
  0.000000000000E+00  0.000000000000E+00  0.000000000000E+00
   54
   20      0.028790762810     -0.050996467473     -0.043183708064
   20      2.333100399353      2.346124798220     -0.012719119477
   20     -2.349031662483     -2.326275753852     -0.021109198082
   20      2.346469143766     -0.022103179483      2.312967757928
   20      4.711571692406      2.329326112304      2.330975427243
   20      0.009899082189     -2.344928543950      2.354701217150
   20     -2.334980945780     -0.024743197169     -2.361945522694
   20     -0.005697959285      2.356013764969     -2.342034061108
   20     -4.742037962384     -2.315441542872     -2.336115323409
   20      0.003027166889      2.373169840835      2.356792368983
   20      2.299566281113      4.749231816331      2.348188962840
   20     -2.362556446719      0.007666063126      2.355640404947
   20      2.296163267634      2.364938745856      4.747023161996
   12      4.772291288610      4.737349472766      4.818295764619
   12     -0.008919212159     -0.093606956804      4.750556774078
   20     -2.367908403129      2.386603403934     -0.021982886244
   12      0.022660778493      4.788135766044     -0.007482974054
   12     -4.787098311867     -0.064658943658      0.030417167730
   12     -0.008590322757     -2.276057530723     -2.343285687427
   20      2.336862575136     -0.048946625989     -2.318441707805
   20     -2.333205952901     -4.706177773239     -2.349102181043
   12      2.346904098900     -2.308082572551      0.014167718820
   12      4.887625766809     -0.112341636653      0.069416826181
   20      0.056217756714     -4.738375259502     -0.005047933090
   20     -2.312269454543     -2.301586104382     -4.743903091461
   12      0.007128592206     -0.074373089876     -4.654765334450
   12     -4.707037583149     -4.709016642944     -4.772499074194
    8      0.011362581719     -0.107221678440     -2.419670817246
    8      2.321811194181      2.335538016546     -2.392981845237
    8     -2.277135082699     -2.337172319327     -2.357772700549
    8      2.408509968087     -0.100520110363     -0.016409233151
    8      4.700323670289      2.269792027754     -0.013649686209
    8      0.047719072101     -2.363352917151     -0.063373000916
    8      4.743162177806      0.019560096626      2.280954550068
    8      7.118509870420      2.242098514404      2.343526032059
    8      2.312502947733     -2.395385833730      2.242218492719
    8      0.013502660050      2.402333938369     -0.023196373529
    8      2.257019793371      4.790267551070     -0.005328832419
    8     -2.404741442015     -0.011855373562     -0.022520023829
    8      2.324189993020      2.356717856591      2.330535294455
    8      4.697192691479      4.703690506480      2.380293191558
    8      0.001141383095     -0.012755839819      2.355967309077
    8      4.681114447243      2.409145611340      4.698532914876
    8      6.907296739661      4.825508144497      4.774456384557
    8      2.237418450796     -0.000453043850      4.736171463702
    8      0.014967229073      4.772651807258      2.353924648698
    8      2.217139137091      7.150225763290      2.216658796133
    8     -2.395570160872      2.340116240860      2.311509511788
    8      2.342807956837      4.695374944486      4.763105209504
    8      4.834488084627      6.887958553173      4.812008285275
    8      0.012355830583      2.326600878225      4.695907850562
    8      4.688898255088      4.819119332524      6.906503300387
    8      7.053376938356      6.895489764266      6.969954266170
    8      2.341576269499      2.338248284149      7.092244507791
    0    0
