   3   1   1 E -1.6031084150980E+04 DE-1.2E-09( 11)
  0.887177123561E-02  0.693478542452E+01  0.695788559407E+01
  0.704408859333E+01 -0.326236484694E-01  0.699059825190E+01
  0.703157362629E+01  0.695016804756E+01 -0.146588852702E-01
    1
  0.100000000000E+01  0.000000000000E+00  0.000000000000E+00
  0.000000000000E+00  0.100000000000E+01  0.000000000000E+00
  0.000000000000E+00  0.000000000000E+00  0.100000000000E+01
  0.000000000000E+00  0.000000000000E+00  0.000000000000E+00
   54
   20      0.015565869253     -0.017030296477     -0.035386668296
   20      2.357137630867      2.315474720630     -0.041663302676
   20     -2.358299937615     -2.291570843983     -0.007446872265
   20      2.361117518840      0.000131605766      2.370782873584
   20      4.692569743437      2.309788678505      2.337923594207
   20      0.001153970033     -2.312265610968      2.349276991528
   20     -2.352993681517     -0.007793331203     -2.315889291964
   20      0.016676835120      2.318079092108     -2.371123750053
   12     -4.680664656389     -2.306042764026     -2.326567977978
   20      0.010207572032      2.321901224884      2.364131142735
   20      2.351807567371      4.692760002095      2.363673886800
   12     -2.387767341738     -0.044321234421      2.312826118315
   12      2.384343465297      2.323911494129      4.795121644894
   12      4.652789984275      4.695931248250      4.642196685457
   20     -0.000682790956     -0.032918948075      4.685891731973
   20     -2.369056231447      2.321027112382     -0.034329100908
   20     -0.008269702802      4.694170219737     -0.024830764487
   12     -4.672013372562     -0.004740556212     -0.084004068352
   12      0.031297955006     -2.320162080787     -2.371685467381
   12      2.346496019319     -0.064123530077     -2.372688381560
   20     -2.376341543375     -4.674594221461     -2.309882510262
   20      2.362776388080     -2.308053327677     -0.047077130546
   12      4.627921913842     -0.058127340519      0.004226734839
   20      0.012317220379     -4.667805575598      0.012126403067
   20     -2.345397027794     -2.278110814965     -4.640740550310
   12     -0.020549412265     -0.012453024638     -4.668589431456
   20     -4.695740977649     -4.667872456518     -4.645561690211
    8      0.073921989177     -0.070424357530     -2.383021334133
    8      2.341970985518      2.306581784893     -2.343574333061
    8     -2.372825052403     -2.317963787474     -2.334092948595
    8      2.393485773767     -0.000523534374     -0.034701618118
    8      4.672290256352      2.267632170452     -0.006724725319
    8     -0.001385820215     -2.320105713707     -0.047969712741
    8      4.718705525432     -0.011677204037      2.309881513901
    8      7.036873382594      2.257078541766      2.325399637312
    8      2.360512296983     -2.328156999878      2.369442336725
    8      0.011169142948      2.324363304056     -0.017867215018
    8      2.348466021225      4.733519841692     -0.055550638290
    8     -2.363350916496     -0.003395381432      0.011363247586
    8      2.355370936168      2.330841173889      2.381329281977
    8      4.694847297177      4.723252505342      2.384874741874
    8     -0.018947010356     -0.006396872710      2.362590805300
    8      4.647795577128      2.341699048997      4.643303206316
    8      7.053518320047      4.625170161803      4.658109332510
    8      2.364657346977     -0.021913455621      4.742012596827
    8     -0.004964571274      4.720119091955      2.375954817722
    8      2.365456447597      6.941944978507      2.342322109536
    8     -2.349307536980      2.265018911927      2.321479387547
    8      2.348670232073      4.648920931276      4.637451199636
    8      4.590401525442      6.808669564676      4.629408475100
    8      0.052297568015      2.349506334892      4.664486371974
    8      4.693880211429      4.695558981264      6.912314762063
    8      7.052031300709      6.921746256144      7.018695519520
    8      2.358458752760      2.229228488583      6.894584656306
    0    0
