   3   1   1 E -1.6031056453363E+04 DE 3.4E-10( 11)
  0.160206925173E-01  0.697618673679E+01  0.698345156724E+01
  0.694836396951E+01  0.133542024029E-01  0.697890230958E+01
  0.699590393894E+01  0.701281589468E+01 -0.276112723983E-01
    1
  0.100000000000E+01  0.000000000000E+00  0.000000000000E+00
  0.000000000000E+00  0.100000000000E+01  0.000000000000E+00
  0.000000000000E+00  0.000000000000E+00  0.100000000000E+01
  0.000000000000E+00  0.000000000000E+00  0.000000000000E+00
   54
   20     -0.004250191128     -0.000655091152      0.002848689821
   20      2.349767312660      2.326211369328     -0.015803281405
   20     -2.335318331956     -2.339344073953      0.007731426865
   20      2.334248386887     -0.022993246998      2.321593933375
   20      4.653747402976      2.332211350386      2.316134748553
   20     -0.002247210294     -2.338835688314      2.342418632610
   20     -2.320871325922     -0.006538379868     -2.315627432527
   20      0.014919215652      2.337569979612     -2.327532852965
   20     -4.637258504404     -2.350547442737     -2.315136322801
   20     -0.014486751091      2.338077253790      2.337001315403
   20      2.346772251712      4.673125284155      2.324160729311
   20     -2.318857260931      0.022811662634      2.361393277707
   20      2.341182876460      2.321890234071      4.689374008402
   12      4.702528300498      4.654023791706      4.739479992019
   12     -0.068196752989      0.010795452057      4.753358077634
   12     -2.404493699555      2.376224502357     -0.008746210851
   20     -0.020485556660      4.680248380000     -0.034735812822
   12     -4.676545683957      0.081557519966      0.023477247355
   20     -0.006295443230     -2.339862259815     -2.315241313625
   20      2.376541298674      0.004082953398     -2.301241490488
   12     -2.368841714799     -4.706465684627     -2.318355947226
   12      2.257280748623     -2.297801775093     -0.268288390449
   12      4.693512499089     -0.098113613832     -0.032961869379
   20      0.001221681803     -4.687863517742      0.015588507177
   12     -2.393515363025     -2.371985305136     -4.673962890294
   20      0.005300531272      0.000859450666     -4.670761983583
   12     -4.665806120360     -4.564057311990     -4.742965956458
    8      0.006522605666     -0.002207120699     -2.322256329867
    8      2.376937713131      2.331286097686     -2.337553214495
    8     -2.324700721473     -2.360369706039     -2.329953018001
    8      2.360138657055     -0.039140796719     -0.003252285264
    8      4.662747822339      2.311300507336     -0.037450142448
    8      0.009407331624     -2.343397138954      0.018666787033
    8      4.644040765384     -0.023604282052      2.306546537035
    8      6.991293428483      2.335886070924      2.317387924769
    8      2.355758782323     -2.380855740978      2.309390686991
    8     -0.014107360064      2.342924472251     -0.014463402538
    8      2.342220523059      4.685756490354     -0.017893441098
    8     -2.343244675184      0.031775298673      0.012887064210
    8      2.335719953150      2.327995849754      2.324761060909
    8      4.662566907377      4.677270710412      2.326070155352
    8     -0.004186869954      0.001762349384      2.338066949964
    8      4.647454159329      2.359545497481      4.680167576629
    8      6.948493357030      4.702200323575      4.627412313325
    8      2.308972704502     -0.005860721273      4.695519327279
    8     -0.011102132995      4.656152003366      2.330553307936
    8      2.363357500965      7.023444890149      2.321385781384
    8     -2.358995023358      2.398668942888      2.328204661036
    8      2.365097106215      4.650114868224      4.686489995525
    8      4.761019967571      7.001632640674      4.726357948303
    8     -0.010638093363      2.293227974436      4.673444342188
    8      4.548864206913      4.701296450177      6.853489713523
    8      6.964982656428      6.997127653383      6.936684921891
    8      2.393124836181      2.302046375144      7.062477666964
    0    0
