   3   1   1 E -1.6031074784744E+04 DE 6.3E-10( 11)
  0.636520630173E-01  0.695286077369E+01  0.696227622809E+01
  0.699046171209E+01  0.260511246215E-01  0.699983805281E+01
  0.701651283671E+01  0.701651283671E+01 -0.222633022843E-18
    2
  0.100000000000E+01  0.000000000000E+00  0.000000000000E+00
  0.000000000000E+00  0.100000000000E+01  0.000000000000E+00
  0.000000000000E+00  0.000000000000E+00  0.100000000000E+01
  0.000000000000E+00  0.000000000000E+00  0.000000000000E+00
  0.000000000000E+00 -0.100000000000E+01  0.000000000000E+00
 -0.100000000000E+01  0.000000000000E+00  0.000000000000E+00
  0.000000000000E+00  0.000000000000E+00  0.100000000000E+01
  0.000000000000E+00  0.000000000000E+00  0.000000000000E+00
   54
   20      0.014370418383     -0.014370418383     -0.015369238528
   20      2.331841940863      2.344712518426     -0.025189488141
   20     -2.344712518426     -2.331841940863     -0.025189488141
   20      2.361816614505     -0.020114870185      2.369920270429
   20      4.673124814038      2.343388022669      2.360177741626
   20      0.020114870185     -2.361816614505      2.369920270429
   20     -2.321658313778     -0.025154045023     -2.338469286499
   20      0.025154045023      2.321658313778     -2.338469286499
   12     -4.640682829676     -2.375830007031     -2.365425953877
   20     -0.017770408696      2.361571671557      2.338407460544
   20      2.323899798404      4.692613038304      2.381878025022
   20     -2.361571671557      0.017770408696      2.338407460544
   12      2.543178785344      2.339318343657      4.640236052842
   12      4.677194493050      4.473334051363      4.640236052842
   20      0.021646082908     -0.021646082908      4.649618699785
   12     -2.387565011889      2.387565011889     -0.000053748742
   20      0.004686013277      4.653197197992     -0.006913604373
   20     -4.653197197992     -0.004686013277     -0.006913604373
   12      0.050178865815     -2.282294933755     -2.379958765662
   12      2.282294933755     -0.050178865815     -2.379958765662
   20     -2.385798411184     -4.630714425523     -2.369713742378
   20      2.350769578730     -2.350769578730     -0.006764813384
   20      4.645166758003     -0.004165910172      0.000893714415
   20      0.004165910172     -4.645166758003      0.000893714415
   12     -2.398141700751     -2.282095180967     -4.608032167114
   12     -0.033493769346      0.033493769346     -4.580883742762
   12     -4.734417655741     -4.618371135957     -4.608032167114
    8      0.077073533920     -0.077073533920     -2.395715611208
    8      2.340911551314      2.380919178842     -2.405147903915
    8     -2.380919178843     -2.340911551315     -2.405147903915
    8      2.339384607007     -0.015642330277     -0.015299345000
    8      4.658710222819      2.357802613890     -0.010187852490
    8      0.015642330277     -2.339384607007     -0.015299345000
    8      4.701398017827     -0.027432338639      2.343402237817
    8      7.043945175348      2.315114818883      2.343402237817
    8      2.392285929444     -2.392285929445      2.372140437259
    8     -0.013436047011      2.334006917884     -0.003112384283
    8      2.338031251010      4.678481585695     -0.026093140172
    8     -2.334006917884      0.013436047011     -0.003112384283
    8      2.331340146586      2.345196292359      2.367705683555
    8      4.671316544349      4.685172690122      2.367705683555
    8      0.009628478646     -0.009628478646      2.339513592145
    8      4.631080832246      2.385432004461      4.675211694606
    8      7.014411689826      4.663729318261      4.664603495682
    8      2.352783518447      0.002101146882      4.664603495682
    8     -0.051917884784      4.727171658138      2.405526833377
    8      2.289341178570      7.068430721492      2.405526833377
    8     -2.394954430660      2.394954430661      2.260794382560
    8      2.367496440813      4.649016395894      4.654938999074
    8      4.652713901670      6.963117104876      4.630822388135
    8      0.053395731829      2.363798935035      4.630822388135
    8      4.693412985407      4.578459541867      6.974992775234
    8      7.030102416713      7.002923256704      6.996672601426
    8      2.438053294841      2.323099851300      6.974992775234
    0    0
