   3   1   1 E -1.6031095567370E+04 DE 8.4E-09(  9)
  0.363565290177E-01  0.694599246683E+01  0.697570151303E+01
  0.703816099305E+01 -0.321319068282E-01  0.703594824859E+01
  0.703086294401E+01  0.699408994237E+01 -0.197599379572E-01
    1
  0.100000000000E+01  0.000000000000E+00  0.000000000000E+00
  0.000000000000E+00  0.100000000000E+01  0.000000000000E+00
  0.000000000000E+00  0.000000000000E+00  0.100000000000E+01
  0.000000000000E+00  0.000000000000E+00  0.000000000000E+00
   54
   20     -0.014121805321     -0.010011200850     -0.055673762943
   20      2.369987143276      2.312882661833     -0.058380323328
   20     -2.329499154564     -2.331560631450     -0.011772017018
   20      2.366071786925     -0.011267434392      2.357558553094
   20      4.711743528728      2.279286376220      2.332706360400
   20      0.005734819527     -2.349175770143      2.340635614082
   20     -2.361266008026     -0.001096472832     -2.341466972872
   20      0.022821584370      2.307358040780     -2.363589486212
   12     -4.714996549641     -2.309171052397     -2.336094476039
   20      0.000019793885      2.335618793708      2.348156260082
   20      2.346233307333      4.699186126653      2.377155863125
   12     -2.290213984156     -0.002791258997      2.308382976769
   12      2.202053808062      2.304287609402      4.728997018968
   20      4.663756539970      4.661668284996      4.698824849458
   20     -0.008945637808      0.022264745854      4.714032638127
   12     -2.315975706825      2.262609650255     -0.030752228881
   20     -0.017807706983      4.703344182186     -0.014493176420
   20     -4.693004330734      0.044230902592     -0.007400634719
   12      0.072686973127     -2.280441965068     -2.335926233629
   12      2.383924687195     -0.015862070382     -2.342970583326
   20     -2.355520712293     -4.669623084234     -2.323075732591
   20      2.345296068620     -2.359730231431     -0.051873037383
   12      4.711973998720      0.069366114794      0.053811935992
   12     -0.053492943983     -4.642966524290      0.007307485310
   20     -2.337073120295     -2.304447524986     -4.682278780575
   12     -0.071074213706     -0.034547886463     -4.661813208416
   20     -4.694229887921     -4.683695704684     -4.660635646523
    8      0.079141121730     -0.100792374573     -2.460135320701
    8      2.346100512923      2.326732544940     -2.354425138669
    8     -2.360165196376     -2.321564806549     -2.330747282993
    8      2.393964185681     -0.004751465322     -0.084779863455
    8      4.764596710514      2.246501399230     -0.005792476223
    8     -0.002361581855     -2.411268456242     -0.084921227994
    8      4.766158498705     -0.010164001219      2.289925288711
    8      7.034069728570      2.218808635622      2.280330491826
    8      2.331728990802     -2.348383737194      2.387097259434
    8     -0.032491351245      2.325148961648     -0.020286002139
    8      2.357232364107      4.685576126901     -0.045755846751
    8     -2.339087739296      0.086654813062      0.038002871472
    8      2.338759392166      2.317418425616      2.382945948099
    8      4.696643327571      4.712473712529      2.339927507170
    8     -0.045048986863     -0.002569270626      2.333839071842
    8      4.635517934877      2.290542050913      4.735862715923
    8      7.097476971357      4.655770864945      4.686376416695
    8      2.335911754105     -0.011415188912      4.695189946412
    8      0.018506168639      4.746094119967      2.385860448656
    8      2.428134322100      6.986421833415      2.407673791277
    8     -2.322516980786      2.220225440827      2.261577014052
    8      2.259972843564      4.636152069196      4.662710037639
    8      4.658754985783      6.971478143100      4.691619476984
    8      0.098763641284      2.408842833266      4.758488185100
    8      4.707781094229      4.624495567484      6.988461669783
    8      6.949088851175      7.065826427764      7.103706469343
    8      2.332498256407      2.275807914251      6.931379500452
    0    0
