   3   1   1 E -1.6031049202931E+04 DE 3.4E-10( 11)
  0.495454608516E-01  0.698832785393E+01  0.700110497191E+01
  0.702671281841E+01  0.523935055160E-02  0.703555107767E+01
  0.703552844622E+01  0.702715132501E+01  0.153914378896E-02
    1
  0.100000000000E+01  0.000000000000E+00  0.000000000000E+00
  0.000000000000E+00  0.100000000000E+01  0.000000000000E+00
  0.000000000000E+00  0.000000000000E+00  0.100000000000E+01
  0.000000000000E+00  0.000000000000E+00  0.000000000000E+00
   54
   20     -0.000944258178      0.000152354555      0.000402742573
   20      2.356155615617      2.333020082159     -0.005904408340
   20     -2.341079627005     -2.345145471384     -0.004091003246
   20      2.347323018342     -0.004269579815      2.341094118608
   20      4.700841212607      2.332436171850      2.337504959929
   20      0.001453889722     -2.344524409859      2.342163529675
   20     -2.336835003445     -0.006280639268     -2.350276682484
   20      0.009083745163      2.331364574737     -2.348705778447
   20     -4.680864645492     -2.349247763014     -2.353084569755
   20      0.004074203158      2.337277003826      2.340550999843
   20      2.352442809884      4.678996701055      2.339964061089
   20     -2.345175436510      0.004342161385      2.343232667063
   20      2.355258753561      2.331210255311      4.682768774476
   20      4.697067646964      4.679515502151      4.685724664183
   12     -0.014889875522     -0.007340515277      4.703313482717
   12     -2.316612155032      2.328598865867      0.011286415387
   20      0.006875600081      4.679492224274     -0.007404545989
   20     -4.685743752604     -0.000843591435     -0.007274123273
   20     -0.019109333693     -2.330071336637     -2.331393998780
   12      2.367838664353     -0.008065917639     -2.359621514610
   12     -2.337404699916     -4.693048758246     -2.345437698683
   20      2.327616536195     -2.331170967573      0.012629076836
   12      4.734910261597     -0.005607348848     -0.016262459855
   12     -0.009704943931     -4.692106552014      0.006145078048
   12     -2.415044379169     -2.298116871987     -4.681122944234
   12     -0.030672307812      0.033674871230     -4.660044560690
   12     -4.681040136630     -4.694023131468     -4.692719669291
    8      0.006016413485     -0.003459147834     -2.343893451675
    8      2.360163901261      2.330575845596     -2.354289735286
    8     -2.342060486505     -2.344191881330     -2.346138696668
    8      2.341577873762     -0.002896945126      0.000326547787
    8      4.707274883800      2.334404526334     -0.009834137562
    8     -0.007784522308     -2.340272920928      0.004126884159
    8      4.698653265926     -0.012379478347      2.335919531401
    8      7.044337968041      2.331616656484      2.338890343115
    8      2.343929502512     -2.343035675009      2.341947406797
    8      0.004523737612      2.336502612095     -0.004041417403
    8      2.351961068934      4.679912846224     -0.005596978516
    8     -2.343061393970      0.001502863173     -0.003090587350
    8      2.354306571496      2.333899344264      2.338989107024
    8      4.695462205104      4.681267282906      2.341726314783
    8     -0.000838848974      0.000191444572      2.342610644383
    8      4.697270197917      2.334377345757      4.684934622855
    8      7.038765528070      4.684122874054      4.683182837763
    8      2.344430423396     -0.002324573522      4.682116676530
    8      0.011642279786      4.676204939411      2.338471696856
    8      2.344574381347      7.030242639251      2.344780213386
    8     -2.350711516564      2.348926535652      2.338358659534
    8      2.362177540186      4.670063037292      4.678281318073
    8      4.697681055971      7.034805505172      4.693369573452
    8      0.008483429358      2.329900246149      4.686239823736
    8      4.701747960570      4.673707442221      7.026775297053
    8      7.025021718196      7.037800877137      7.028582974367
    8      2.361673723959      2.331551227079      7.025696288790
    0    0
