   3   1   1 E -1.6031047475023E+04 DE 2.1E-10( 11)
 -0.183363581140E-02  0.702146461061E+01  0.703062157846E+01
  0.699577836698E+01  0.293589153217E-02  0.701957464013E+01
  0.701339169192E+01  0.702106479913E+01 -0.766933674249E-02
    1
  0.100000000000E+01  0.000000000000E+00  0.000000000000E+00
  0.000000000000E+00  0.100000000000E+01  0.000000000000E+00
  0.000000000000E+00  0.000000000000E+00  0.100000000000E+01
  0.000000000000E+00  0.000000000000E+00  0.000000000000E+00
   54
   20      0.004181688920     -0.003061725716     -0.000642449829
   20      2.340618184121      2.334895159530     -0.007087471198
   20     -2.334309067702     -2.342791978004      0.001146263926
   20      2.332864996495     -0.002047821307      2.343295534402
   20      4.670047621010      2.340864591700      2.337692247581
   20     -0.005711767519     -2.340836447515      2.341766698801
   20     -2.333926838351      0.002013553504     -2.334081005373
   20      0.003376215677      2.341477973762     -2.341643367499
   12     -4.661033386595     -2.345766078345     -2.330530710393
   20     -0.002753481791      2.335303735263      2.343267642512
   20      2.347865115090      4.680855507879      2.339229997790
   12     -2.386227092636     -0.022563294175      2.352836589339
   12      2.371656437038      2.436061259011      4.695956123223
   12      4.555272711053      4.749151605210      4.688733596679
   20     -0.016192126320     -0.002212953342      4.685939828621
   12     -2.354224584728      2.343113131270     -0.004316952338
   20     -0.007836195910      4.683771768128     -0.003129837708
   20     -4.669517437321      0.011627249638      0.001136356065
   20      0.015535558710     -2.348905966212     -2.336479930459
   12      2.391154703838     -0.015787277821     -2.347599795191
   20     -2.342122022850     -4.692350965530     -2.341994663859
   12      2.427661863848     -2.386502034774     -0.019066136279
   12      4.650185719586     -0.031650523330     -0.008655483893
   12      0.014735506100     -4.699820293876     -0.002487849771
   20     -2.340749041245     -2.342394916811     -4.683478489908
   20      0.006627702031      0.001659023179     -4.687625900109
   20     -4.667681162852     -4.677695479076     -4.680417876783
    8      0.012310123958     -0.001118697930     -2.340167611870
    8      2.340751702797      2.336663707527     -2.345697107612
    8     -2.336581051358     -2.344415938395     -2.338597479377
    8      2.346847888062     -0.012395198694     -0.006373898946
    8      4.678718000240      2.329025565824     -0.005511599882
    8      0.011348586567     -2.349296843469      0.003864313647
    8      4.663874057966      0.001752994072      2.338442532865
    8      7.003482152447      2.342959331968      2.331420596683
    8      2.329862738573     -2.338637947830      2.345199887993
    8     -0.005109186243      2.338188037114     -0.004328287905
    8      2.339168857899      4.682504804344     -0.009216274758
    8     -2.331294506234      0.006523537701      0.004935309887
    8      2.338122809144      2.337865344203      2.342131941298
    8      4.676505406448      4.685709773128      2.336835536855
    8     -0.008295055388     -0.002919685432      2.344093644372
    8      4.656481800134      2.352857620093      4.684892905431
    8      6.996756867259      4.683178996792      4.678277556360
    8      2.326092311275      0.005449142050      4.684845544924
    8      0.001924166318      4.679381603730      2.342780968838
    8      2.354122576996      7.022688322875      2.337679692639
    8     -2.343706840548      2.333908336643      2.341787833579
    8      2.378365530021      4.665962877768      4.683941972794
    8      4.645088950257      6.999496339025      4.684857067961
    8      0.002591307661      2.329795088946      4.688548209083
    8      4.618401915666      4.701611145593      7.023371975816
    8      6.990674398589      7.031856097309      7.015524282086
    8      2.337008577721      2.379592698522      7.026068497187
    0    0
