   3   1   1 E -1.6031075782324E+04 DE 5.8E-10( 11)
  0.280103958675E-01  0.701549569708E+01  0.704275311470E+01
  0.694198386993E+01  0.282549803590E-01  0.704275311470E+01
  0.696999426580E+01  0.704375067743E+01  0.000000000000E+00
    2
  0.100000000000E+01  0.000000000000E+00  0.000000000000E+00
  0.000000000000E+00  0.100000000000E+01  0.000000000000E+00
  0.000000000000E+00  0.000000000000E+00  0.100000000000E+01
  0.000000000000E+00  0.000000000000E+00  0.000000000000E+00
  0.100000000000E+01  0.000000000000E+00  0.000000000000E+00
  0.000000000000E+00  0.100000000000E+01  0.000000000000E+00
  0.000000000000E+00  0.000000000000E+00 -0.100000000000E+01
  0.000000000000E+00  0.000000000000E+00  0.000000000000E+00
   54
   20      0.037967946282      0.008053830996     -0.000000000000
   20      2.318185134082      2.373414162209     -0.000000000000
   20     -2.323817420733     -2.371272487148     -0.000000000000
   20      2.309195233560      0.009104301305      2.382972829372
   20      4.635658211742      2.348897941744      2.353582390760
   20      0.058585739692     -2.398340689890      2.348259027000
   20     -2.338640414118      0.014319530809     -2.330951981675
   12      0.122770668408      2.343300523473     -2.342478395451
   12     -4.519018009675     -2.418712623110     -2.421959321782
   12      0.122770668408      2.343300523473      2.342478395451
   12      2.450976256126      4.625038054318      2.421959321782
   20     -2.338640414118      0.014319530809      2.330951981675
   12      2.240067334682      2.389100318833      4.698766218447
   20      4.615181931947      4.675767768028      4.701166392444
   20      0.017736919361      0.029538985690      4.692352276054
   20     -2.359471119664      2.372343178045      0.000000000000
   20      0.038807727165      4.672616554870     -0.000000000000
   20     -4.678029800728      0.031709675783      0.000000000000
   20      0.058585739692     -2.398340689890     -2.348259027000
   20      2.309195233560      0.009104301305     -2.382972829372
   20     -2.334336054059     -4.694852735683     -2.353582390760
   12      2.279325416153     -2.397226698290     -0.000000000000
   12      4.535466546738      0.016804018735     -0.000000000000
   12     -0.112657735668     -4.699649951181      0.000000000000
   20     -2.354812333854     -2.367982909399     -4.701166392444
   20      0.017736919361      0.029538985690     -4.692352276054
   12     -4.729926931119     -4.654650358595     -4.698766218447
    8      0.031036786013      0.029870383710     -2.345368711752
    8      2.249555794553      2.409153875440     -2.402466045601
    8     -2.357395421045     -2.369268523751     -2.335091696340
    8      2.355099154968     -0.033140999462     -0.000000000000
    8      4.676142299376      2.306670585476     -0.000000000000
    8      0.075594888234     -2.420131922904      0.000000000000
    8      4.619428834183      0.025703309250      2.347584449794
    8      7.070246790932      2.342519813361      2.365289390843
    8      2.298265110850     -2.396154182810      2.363479840866
    8      0.009833141513      2.356279821546     -0.000000000000
    8      2.321652634062      4.696690871112      0.000000000000
    8     -2.335607840281      0.016996589118      0.000000000000
    8      2.249555794555      2.409153875442      2.402466045601
    8      4.612598844759      4.674482153679      2.335091696340
    8      0.031036786013      0.029870383710      2.345368711752
    8      4.611961891652      2.370026223009      4.707164066419
    8      7.044812417463      4.655033512448      4.705536943602
    8      2.287535684467      0.037667671615      4.707392445561
    8      0.102828547533      4.626778532100      2.337216171094
    8      2.315546080333      7.053163368688      2.335360669135
    8     -2.330021978279      2.341771242658      2.335589048277
    8      2.326275506719      4.619341514267      4.679273273831
    8      4.647439230047      7.041199006322      4.695168664903
    8      0.128262921003      2.314264833013      4.677463723854
    8      4.558135837896      4.738253658586      7.042753114699
    8      6.904614613778      7.114982508485      7.042753114699
    8      2.146650647708      2.497334949890      7.042753114699
    0    0
