   3   1   1 E -1.6031089954592E+04 DE-2.7E-10( 11)
  0.122222322241E-01  0.700121200513E+01  0.702279356270E+01
  0.702084002754E+01  0.820633781230E-02  0.702035707170E+01
  0.703574466580E+01  0.700761956872E+01 -0.569255815417E-03
    1
  0.100000000000E+01  0.000000000000E+00  0.000000000000E+00
  0.000000000000E+00  0.100000000000E+01  0.000000000000E+00
  0.000000000000E+00  0.000000000000E+00  0.100000000000E+01
  0.000000000000E+00  0.000000000000E+00  0.000000000000E+00
   54
   20      0.017034452574     -0.017844535146     -0.015937294205
   20      2.325208735486      2.368140937418     -0.011002841793
   20     -2.347861929647     -2.336427578567     -0.014845271963
   20      2.346081750224     -0.076404029724      2.369043898157
   20      4.719286114049      2.312511780876      2.349876489262
   20      0.052089276377     -2.370969025676      2.385348687466
   20     -2.317430736215     -0.047532191449     -2.368935902385
   12      0.059561929415      2.318340877422     -2.411973029740
   12     -4.734481784588     -2.398216782680     -2.389334709469
   20     -0.010004273920      2.402602150498      2.376134961870
   12      2.342028732594      4.605275863839      2.344685467152
   20     -2.369134464769      0.008472151348      2.354688763337
   20      2.310933759829      2.374443206334      4.659130605934
   20      4.690137511257      4.676428742819      4.668301363181
   12      0.041210654308     -0.026175757441      4.648409178998
   20     -2.361021183219      2.383750966334      0.021377051146
   20      0.025833961421      4.693847839962     -0.013773355042
   20     -4.728006433470     -0.012162485038      0.010316000790
   12      0.050444506520     -2.280321313015     -2.435163975054
   20      2.283437141342     -0.007442212709     -2.388344639464
   20     -2.361090038548     -4.616340254014     -2.397311179777
   12      2.325067600018     -2.372692891087      0.041066892997
   20      4.694993970006     -0.033115467504      0.008957396498
   20      0.035933156228     -4.664820728961     -0.018050258357
   12     -2.430798862858     -2.390653488624     -4.575468081086
   12      0.058436983580     -0.034924033303     -4.590891230446
   12     -4.696158146660     -4.514938085095     -4.628551485097
    8     -0.006314154534     -0.028747175000     -2.435045669749
    8      2.255741521673      2.437368231735     -2.433439158516
    8     -2.337788789142     -2.333717713472     -2.383121812224
    8      2.329018655334     -0.069937591038     -0.012996713565
    8      4.694053733640      2.343599880926     -0.014060553657
    8      0.093129590320     -2.335200073138     -0.016895179528
    8      4.745297886540     -0.093612629223      2.357120020101
    8      7.122844237927      2.273707863229      2.430045161430
    8      2.409652202129     -2.462814223494      2.397907469164
    8     -0.000605712296      2.359525536174     -0.014885086297
    8      2.339219692129      4.673321785059     -0.008999893003
    8     -2.346613594734     -0.003696572878      0.003273837199
    8      2.344840133906      2.379988741930      2.340281180746
    8      4.656124444776      4.664615961792      2.342571194259
    8      0.019088183830     -0.009046103267      2.402071951341
    8      4.731807444092      2.343381034819      4.665631697188
    8      7.094829004218      4.664488640676      4.669739569808
    8      2.248899843288     -0.076962896787      4.689707902722
    8      0.052831789739      4.797193534420      2.477965144818
    8      2.246759146495      6.970139738212      2.340632999716
    8     -2.414861342267      2.446241003881      2.345087232136
    8      2.276661179892      4.681386084817      4.628392598485
    8      4.720383613983      7.009144641445      4.646650911603
    8      0.001503214555      2.371627415129      4.658597684265
    8      4.640034437213      4.681506271611      7.059238706042
    8      7.034537409359      7.003739752593      7.007634279489
    8      2.336825011620      2.446595805501      7.070757226742
    0    0
