   3   1   1 E -1.6031099580602E+04 DE-2.1E-08(  7)
  0.702214495214E-02  0.702280970802E+01  0.701936354351E+01
  0.700212004618E+01 -0.220794129853E-02  0.702048381610E+01
  0.700115820423E+01  0.701813068955E+01  0.404417684346E-02
    1
  0.100000000000E+01  0.000000000000E+00  0.000000000000E+00
  0.000000000000E+00  0.100000000000E+01  0.000000000000E+00
  0.000000000000E+00  0.000000000000E+00  0.100000000000E+01
  0.000000000000E+00  0.000000000000E+00  0.000000000000E+00
   54
   20      0.004201793672     -0.013874115156     -0.004495694522
   20      2.337089492650      2.345865689543     -0.037545621678
   20     -2.360155419765     -2.310602830972     -0.002104668760
   20      2.337779163424     -0.034613193076      2.361799661279
   20      4.667147329779      2.319883678622      2.352181471762
   20      0.040521741114     -2.318173621677      2.375797044949
   20     -2.371742172301     -0.008586852995     -2.336172215583
   20      0.029613741348      2.333727226094     -2.355948055112
   12     -4.639159695237     -2.280035621782     -2.340084936153
   20     -0.021714621766      2.324136214933      2.360301545659
   20      2.326149203357      4.742796916832      2.366881347601
   12     -2.319962138339     -0.020041471448      2.409177937481
   12      2.307041496710      2.289794469808      4.765180305123
   20      4.637612753813      4.714025227964      4.689929740929
   12      0.116276048470     -0.057527958003      4.670575006216
   20     -2.408386098570      2.346052958534      0.036555158427
   20      0.011303700388      4.734620999819     -0.003370418437
   12     -4.684489980792     -0.013178878534     -0.061579614895
   20      0.027777736215     -2.337636519924     -2.375260234458
   12      2.285574510403     -0.001985973848     -2.341228561207
   20     -2.344105828365     -4.704107664164     -2.374005360610
   12      2.330566366318     -2.311457283291     -0.096753708542
   20      4.665933848041     -0.031508161251      0.009116512506
   20      0.058845843581     -4.723593828977     -0.003940959739
   12     -2.381890014471     -2.286040698811     -4.719153493385
   12      0.022782669280     -0.012508310175     -4.642090146213
   20     -4.644643234800     -4.705149353908     -4.686237342736
    8      0.100222021804      0.002887076057     -2.363664945998
    8      2.330341839236      2.321765485122     -2.330852844092
    8     -2.444377429939     -2.337480258531     -2.443017975858
    8      2.331997002658     -0.082502438851     -0.075901565712
    8      4.673326036086      2.334409292664     -0.001816536141
    8      0.098594835113     -2.348014238305     -0.002396394956
    8      4.739473026417     -0.080360449646      2.355639443587
    8      6.998730579628      2.247612773250      2.348503383225
    8      2.427351035959     -2.333738101780      2.383172975193
    8      0.002546631107      2.348973808905     -0.004076225485
    8      2.336961203639      4.774702612653     -0.082390975120
    8     -2.430316375473     -0.003515662994      0.049599524559
    8      2.337720786460      2.341568008348      2.412259049594
    8      4.671955675590      4.761254694013      2.350822018358
    8     -0.086368811151     -0.000919725256      2.365453158101
    8      4.583061787294      2.333173321111      4.682151198497
    8      7.102468513949      4.790701272917      4.676108877790
    8      2.245040552637     -0.020798696445      4.762591195535
    8     -0.090731629080      4.796486022443      2.351555699872
    8      2.334015197416      7.018604172039      2.373585293039
    8     -2.324732489454      2.325068061343      2.338551025695
    8      2.333382136336      4.710580987302      4.776096159412
    8      4.603133038618      7.024700116982      4.581060930699
    8      0.118749838522      2.236200064923      4.675962954136
    8      4.580516641043      4.685267921657      7.071209127231
    8      7.109459007088      7.023841329000      7.020165908118
    8      2.333862893446      2.323547560152      6.909616754859
    0    0
