   3   1   1 E -1.6031095194717E+04 DE-1.2E-09(  9)
  0.873126766450E-02  0.700608199654E+01  0.700592134757E+01
  0.702086763267E+01 -0.112250620692E-01  0.701749134510E+01
  0.701799598750E+01  0.700993028403E+01 -0.292678960381E-02
    1
  0.100000000000E+01  0.000000000000E+00  0.000000000000E+00
  0.000000000000E+00  0.100000000000E+01  0.000000000000E+00
  0.000000000000E+00  0.000000000000E+00  0.100000000000E+01
  0.000000000000E+00  0.000000000000E+00  0.000000000000E+00
   54
   20      0.019865209759     -0.024604878591     -0.052009015890
   20      2.327512342901      2.344062270422     -0.071340839966
   20     -2.334160851998     -2.332534609423     -0.044220310617
   20      2.321580162738     -0.049055239520      2.352114234694
   20      4.716798026477      2.307940785757      2.336932048761
   20      0.047533798866     -2.346207747389      2.318504889236
   20     -2.335775429180     -0.024416911657     -2.306588294888
   20      0.024205333058      2.319546797911     -2.345664482224
   12     -4.731189141156     -2.240110084335     -2.285571603654
   20     -0.026926679748      2.340307747351      2.375951154739
   20      2.287943951410      4.746389230157      2.352902075693
   20     -2.372821233716      0.022071932101      2.330047544574
   20      2.291599589291      2.323272845194      4.776931551638
   20      4.655443282762      4.682638460927      4.704411316254
   12      0.090387303892      0.002385752162      4.700278831935
   12     -2.369408176772      2.337346483012      0.012535935266
   20      0.024243027835      4.734213556170     -0.019452367237
   12     -4.768259825213      0.031188806190     -0.059326686252
   12      0.068170431528     -2.282351063376     -2.323119890057
   12      2.274726042917     -0.083911441734     -2.320497553093
   20     -2.325606535289     -4.674042713294     -2.314009485408
   12      2.328242375412     -2.296995962307     -0.016793386201
   20      4.705504140538     -0.010535826958     -0.010404601783
   12      0.028034333312     -4.850857999486     -0.048428177613
   20     -2.345208355014     -2.338539661515     -4.668143969849
   12      0.080492616110      0.019319763807     -4.621212116477
   20     -4.713080979906     -4.689463893245     -4.717472722350
    8      0.123149310493     -0.103988838229     -2.440674001526
    8      2.321646116041      2.341502957030     -2.341148356104
    8     -2.352191674101     -2.316989026566     -2.338885237436
    8      2.347110887620     -0.079351302267     -0.087322814791
    8      4.755062267794      2.335875298644     -0.007036021101
    8      0.114882231236     -2.397879534774     -0.118902205152
    8      4.730763295350     -0.013030495300      2.325153086123
    8      7.008312354513      2.222884714320      2.239563939769
    8      2.336405798235     -2.346047688665      2.333950853995
    8     -0.041613475637      2.343945308748     -0.002573598471
    8      2.343289678512      4.782293368070     -0.073789572367
    8     -2.416284283329      0.074889157935     -0.014996350784
    8      2.322411736012      2.337584952529      2.362052588314
    8      4.676587245292      4.681034162321      2.334812203750
    8      0.007221206659     -0.005668138751      2.384126737864
    8      4.678996328329      2.324490635402      4.754865884524
    8      7.118786543215      4.769765539324      4.676912002681
    8      2.244202689685     -0.116096856504      4.772082990488
    8      0.003633631911      4.777290342364      2.428238627961
    8      2.214933410933      7.005524557195      2.363940713776
    8     -2.355747901828      2.331031298727      2.274390170063
    8      2.224072454523      4.779830484886      4.805022321709
    8      4.676049086444      6.990606261179      4.682397156534
    8      0.009049699038      2.322479777463      4.799677537074
    8      4.613363995705      4.575934115506      6.995288996929
    8      7.181815208659      7.111920479727      6.944274587278
    8      2.358424393150      2.324654554609      7.004410243478
    0    0
