   3   1   1 E -1.6031106614622E+04 DE-2.4E-08(  7)
  0.104120648037E-01  0.698542583039E+01  0.701426063026E+01
  0.699654320125E+01 -0.125148134857E-03  0.701715416848E+01
  0.700741226165E+01  0.699335026430E+01 -0.493935418948E-02
    1
  0.100000000000E+01  0.000000000000E+00  0.000000000000E+00
  0.000000000000E+00  0.100000000000E+01  0.000000000000E+00
  0.000000000000E+00  0.000000000000E+00  0.100000000000E+01
  0.000000000000E+00  0.000000000000E+00  0.000000000000E+00
   54
   20     -0.004131348612     -0.007612138870      0.000179109189
   20      2.354957130317      2.326931245278     -0.051336163846
   20     -2.358368252225     -2.334226882495     -0.023831465972
   20      2.369705192578     -0.081501597247      2.330186255249
   20      4.683821569311      2.288241292127      2.309788971049
   20      0.049211403662     -2.348220156552      2.341114229454
   20     -2.331996124286     -0.024600297615     -2.347818898034
   20      0.027116474452      2.326060999495     -2.380048079762
   12     -4.616572566370     -2.388645971517     -2.384905125148
   20     -0.092141146088      2.331805721586      2.327901582031
   20      2.327224411436      4.717507619462      2.340886734644
   12     -2.353671954888      0.079989829225      2.307112012059
   20      2.337436804734      2.350196668394      4.699093264563
   20      4.663633557751      4.693788456217      4.712768226352
   20     -0.038798205296      0.001803989325      4.682590685128
   12     -2.388927461319      2.342016041248      0.072362473383
   20     -0.054931404890      4.676347735027      0.021548054848
   20     -4.656094107303      0.040292114956      0.036512826224
   20     -0.032021947309     -2.327523115175     -2.366582281390
   20      2.389471414387      0.035887225717     -2.347070028480
   12     -2.384071490245     -4.678473036069     -2.375987744498
   12      2.434323543441     -2.373371257638      0.036116550834
   12      4.666055578770     -0.009643365710      0.064072422267
   20     -0.007558358155     -4.676341986503      0.025680254546
   12     -2.394135535691     -2.352427668217     -4.677541294152
   12     -0.067657604184     -0.002006709634     -4.709387809516
   12     -4.553796244789     -4.632556391860     -4.649793340082
    8      0.014659554466      0.001966887718     -2.380452927539
    8      2.449399113984      2.447959829389     -2.436132267486
    8     -2.435078210298     -2.421618806729     -2.441171761206
    8      2.432243933182     -0.080235549179      0.012350430685
    8      4.658818316125      2.247129420525     -0.074674882133
    8      0.064350261718     -2.338370628111      0.013051145626
    8      4.750168295761     -0.081071438304      2.259848037762
    8      7.070308836420      2.219672346608      2.330986266001
    8      2.435703548634     -2.432236094103      2.373373930517
    8     -0.086299945558      2.331468185993     -0.006983722234
    8      2.324881259109      4.665963162584     -0.048226925213
    8     -2.334702279811      0.082442111781      0.090235900798
    8      2.328783770251      2.323789971595      2.321099409472
    8      4.675338235825      4.723278154356      2.335599457516
    8     -0.059107508435     -0.005494993022      2.350208965911
    8      4.662819898509      2.329176016874      4.716274366727
    8      7.072811243811      4.655400244498      4.677582412776
    8      2.346576876423     -0.071080701081      4.698201231194
    8     -0.099677202442      4.756393570695      2.337322035407
    8      2.394216058306      7.092988990750      2.332079728821
    8     -2.416445784232      2.294592770342      2.320709985118
    8      2.331087187901      4.666788160545      4.698812856902
    8      4.676606766392      7.103202826621      4.667000274045
    8     -0.069422704626      2.334225308639      4.662021405045
    8      4.557911675698      4.650569405353      7.116950920059
    8      6.905092617748      6.984426481638      7.095547747587
    8      2.445526730626      2.448885260543      7.103914057347
    0    0
