   3   1   1 E -1.6031089550475E+04 DE-2.3E-09( 11)
 -0.231420707357E-01  0.696604402869E+01  0.701971457354E+01
  0.698572855434E+01 -0.929746288094E-02  0.701224978382E+01
  0.699029657890E+01  0.696861416946E+01 -0.190506393135E-01
    1
  0.100000000000E+01  0.000000000000E+00  0.000000000000E+00
  0.000000000000E+00  0.100000000000E+01  0.000000000000E+00
  0.000000000000E+00  0.000000000000E+00  0.100000000000E+01
  0.000000000000E+00  0.000000000000E+00  0.000000000000E+00
   54
   20     -0.002111138760      0.027313405281     -0.007856502061
   20      2.334997230290      2.328951226045     -0.057771012816
   20     -2.376386075621     -2.357148557948     -0.021501421742
   20      2.355516164096     -0.047328551695      2.316291620621
   20      4.699439422341      2.280937998833      2.312465774915
   20      0.039818008430     -2.390257773672      2.365048198461
   20     -2.322839374353      0.019070498042     -2.337782322043
   12      0.075313633920      2.289986706706     -2.511818922281
   12     -4.697119637073     -2.462991945868     -2.370588299806
   20     -0.030696427382      2.357888507983      2.313108967545
   12      2.288759248125      4.629609661997      2.296890889948
   20     -2.401672418767      0.048116914939      2.370237528284
   20      2.358252002980      2.378571391796      4.704593283749
   20      4.619923552653      4.639692260295      4.704369269158
   20     -0.025607431802      0.001116464049      4.698220385041
   12     -2.381360495730      2.335601373804     -0.008434583789
   20     -0.036705394949      4.639995209498     -0.030540872367
   20     -4.687026227285      0.021349247694      0.046454728540
   20      0.033252914906     -2.300515216782     -2.362645750777
   20      2.339967262408      0.063523831896     -2.366692919434
   12     -2.272229527813     -4.672875917034     -2.155090656265
   12      2.415682298260     -2.432122860655      0.006866128049
   12      4.673983034976      0.079058564960     -0.015724958179
   20      0.017237554393     -4.671287734939      0.014324301718
   20     -2.366174390960     -2.347448687628     -4.711764973152
   12      0.057032437756      0.040974953931     -4.655104854635
   12     -4.663077011651     -4.593205218157     -4.548932861875
    8      0.007044170430      0.095990714438     -2.427795311555
    8      2.382409931093      2.459364287127     -2.409767289333
    8     -2.398467573913     -2.409824980938     -2.356758868239
    8      2.401897863676     -0.029801308886     -0.020725077453
    8      4.666069498950      2.228552114108     -0.086721343797
    8      0.075689563917     -2.338275797887      0.005801856244
    8      4.714314500692     -0.013920569619      2.291527762303
    8      7.113658743368      2.190067207257      2.428281757092
    8      2.302524069238     -2.455203237421      2.317902953796
    8     -0.078794152783      2.331037513788     -0.021424304131
    8      2.317299642238      4.640030010066     -0.015571848648
    8     -2.358149488551      0.057700410089      0.019378186880
    8      2.342032623142      2.371596353840      2.312178280567
    8      4.582458422812      4.624792203119      2.329535600210
    8     -0.010418033256     -0.001643959580      2.344400152646
    8      4.749884260118      2.341257621843      4.750305689253
    8      7.043895510523      4.540569961564      4.659956747652
    8      2.325611825082     -0.046394023941      4.681381718793
    8      0.039921473413      4.720873594242      2.323890561497
    8      2.194370283791      6.974669296511      2.342338657742
    8     -2.447854387918      2.337072295596      2.337126738020
    8      2.318625926406      4.673377766435      4.678122035663
    8      4.633365922276      7.069716429127      4.745726769325
    8     -0.055273149648      2.344826226242      4.675853027408
    8      4.546446758980      4.621871875282      6.999798695020
    8      6.902728344956      6.964911605488      7.032138181545
    8      2.430512018843      2.464333947436      7.134610237919
    0    0
