   3   1   1 E -1.6031099905761E+04 DE-2.1E-10( 11)
 -0.236442610036E-01  0.702197104273E+01  0.700274242587E+01
  0.703512332169E+01 -0.207221355993E-02  0.697270218802E+01
  0.703909010461E+01  0.698921311277E+01  0.322205686978E-03
    1
  0.100000000000E+01  0.000000000000E+00  0.000000000000E+00
  0.000000000000E+00  0.100000000000E+01  0.000000000000E+00
  0.000000000000E+00  0.000000000000E+00  0.100000000000E+01
  0.000000000000E+00  0.000000000000E+00  0.000000000000E+00
   54
   20     -0.019604558721     -0.004610555105     -0.051066059288
   20      2.347341049802      2.335727233318     -0.068837763368
   20     -2.332634993175     -2.342558108567     -0.042769371632
   20      2.321691832353     -0.029414941763      2.355007687863
   20      4.728314889626      2.334666401694      2.336698721760
   20      0.009734029408     -2.373469135450      2.339194931744
   20     -2.333833668041     -0.005573521446     -2.331651715838
   20      0.033165160641      2.343600090647     -2.351681707987
   12     -4.769462249538     -2.249950196724     -2.385370094260
   20     -0.007086339399      2.340019330984      2.398747202893
   20      2.327429346324      4.725025188320      2.377748783722
   20     -2.394044736326      0.022647830255      2.351541511928
   20      2.307373168545      2.364792530289      4.680373213295
   12      4.676957890019      4.713573741139      4.712797036682
   12      0.019459625757     -0.106840963060      4.683003269562
   12     -2.370197016519      2.399699053766     -0.023618444446
   20     -0.022065289475      4.704946605554     -0.016074689924
   20     -4.728826893892      0.058915143580      0.020130182956
   12      0.029664953206     -2.280627948765     -2.341984943190
   12      2.266298948010     -0.086558857272     -2.385862571134
   20     -2.327333086044     -4.696771674211     -2.336617722908
   20      2.350555668600     -2.387417050978     -0.025518058550
   20      4.727904498724     -0.028607652741     -0.056680751131
   12     -0.053510619584     -4.695222572545     -0.034898349152
   20     -2.346666694718     -2.371100652408     -4.652343177173
   12      0.097908963065      0.021921227601     -4.593017099465
   12     -4.712478541404     -4.738646395615     -4.657120522775
    8      0.084982232171     -0.071402853625     -2.404075388872
    8      2.350332554719      2.330541243175     -2.421313244114
    8     -2.326151429912     -2.334313027393     -2.336899836603
    8      2.334564260183     -0.019441353332     -0.070576766372
    8      4.759993508804      2.319247210440     -0.016540358975
    8      0.000261091273     -2.402446215008     -0.089703208057
    8      4.738376633614     -0.007088031183      2.309686797923
    8      7.108252241587      2.229735877449      2.239554397085
    8      2.342754198930     -2.426222122283      2.431466197698
    8     -0.046120276074      2.343211860806     -0.008312003369
    8      2.323735689115      4.692444895058     -0.044220503473
    8     -2.352280955736      0.076968324711     -0.014122337336
    8      2.344747044887      2.345412451660      2.353682181501
    8      4.703740927059      4.665355012561      2.372376781799
    8     -0.010169231510     -0.016325024662      2.385523581419
    8      4.703320648902      2.426531456406      4.723702929714
    8      7.063146273985      4.770952340419      4.644084328741
    8      2.266721620751     -0.075534523410      4.678187957982
    8     -0.008247064384      4.771051091132      2.414735405695
    8      2.232960167893      7.109331501431      2.450332864158
    8     -2.365684772003      2.340257853951      2.340603801137
    8      2.358112892416      4.778149263723      4.676179714892
    8      4.696755088342      6.872603597100      4.661235580375
    8      0.008716881830      2.338941656957      4.778891846541
    8      4.675487998645      4.570137742927      6.895631231104
    8      7.026314564589      7.111579424798      6.955715092797
    8      2.386883116524      2.333159934448      7.084994144506
    0    0
