   3   1   1 E -1.6031099453242E+04 DE-2.6E-09(  9)
 -0.768618227572E-02  0.699879475637E+01  0.700637003948E+01
  0.700933899433E+01 -0.703172969604E-02  0.701201283520E+01
  0.700549964241E+01  0.700738930665E+01 -0.969424978025E-02
    1
  0.100000000000E+01  0.000000000000E+00  0.000000000000E+00
  0.000000000000E+00  0.100000000000E+01  0.000000000000E+00
  0.000000000000E+00  0.000000000000E+00  0.100000000000E+01
  0.000000000000E+00  0.000000000000E+00  0.000000000000E+00
   54
   20      0.020757002318      0.016310330802      0.004469332777
   20      2.376572680376      2.321596359590     -0.076649578343
   20     -2.331723352389     -2.374862210292     -0.022997941418
   20      2.349187682037     -0.039848033445      2.365949728010
   20      4.682861496556      2.329480622842      2.325210291984
   20      0.017911985048     -2.334832731519      2.390369836726
   20     -2.346672339338     -0.018572161732     -2.328889427941
   20      0.021344183548      2.380171137091     -2.327298083778
   12     -4.583396407423     -2.289051374027     -2.359041799327
   20     -0.061665956183      2.337461659012      2.355827766621
   20      2.342839053358      4.693337235812      2.367492054542
   20     -2.333131234378      0.023042087481      2.399496857400
   20      2.326091247987      2.326655471021      4.712126678445
   12      4.634327992090      4.695659987883      4.708348797947
   12     -0.030623102705     -0.018442207536      4.721247667588
   12     -2.336106299960      2.384822354005     -0.040239986847
   20     -0.059239570015      4.711809856113     -0.026102548802
   20     -4.698331982747      0.029371046283     -0.028481341442
   20     -0.030662170089     -2.364029709196     -2.335310986211
   12      2.414322115233     -0.066086952283     -2.298523009084
   12     -2.347135307814     -4.647548134443     -2.322976885034
   20      2.407813859831     -2.345810735747     -0.020153538916
   12      4.643930168002      0.039263032760     -0.100145700594
   12     -0.115333901276     -4.726376599848     -0.079287443740
   12     -2.373365640335     -2.393222258315     -4.646464053246
   20     -0.017333066324      0.008833704385     -4.695990453995
   20     -4.630674412399     -4.648265400590     -4.641505170589
    8      0.072703427405      0.001700167724     -2.310553637543
    8      2.459755736015      2.347245025130     -2.338503561518
    8     -2.422403466489     -2.422422999506     -2.407584817361
    8      2.425789782176      0.003407433860     -0.039406119262
    8      4.760008120634      2.259693397706     -0.107583783426
    8     -0.001622136596     -2.415269006394      0.003101162720
    8      4.669194052562     -0.081280024146      2.278761837437
    8      6.999614060974      2.336210417010      2.295970276314
    8      2.476111654744     -2.337436011656      2.398303705950
    8     -0.080714353620      2.350302944938     -0.027289124337
    8      2.330203891682      4.675948041539     -0.060538344520
    8     -2.331376841872      0.059575379263      0.005953931403
    8      2.327275874310      2.335140458628      2.361688669902
    8      4.675882383835      4.672526376146      2.396550771401
    8      0.002505767875      0.004080807306      2.379635271352
    8      4.669883644627      2.411581146645      4.743416950311
    8      6.984255795404      4.798158650601      4.669252397096
    8      2.258527081150     -0.106406078048      4.687089525770
    8     -0.078848872024      4.674460236303      2.344617078636
    8      2.342927172488      7.005520584051      2.358114649915
    8     -2.329907287110      2.439139277499      2.355635108564
    8      2.418321616809      4.751988565182      4.670062545291
    8      4.639184263572      6.941215343274      4.757509369143
    8     -0.121447578805      2.219749454890      4.768865739706
    8      4.679682276800      4.605318895835      6.957413944878
    8      6.876645612178      7.111700604779      6.891256258726
    8      2.387469643365      2.323470035305      7.006877942779
    0    0
