   3   1   1 E -1.6031088835513E+04 DE-5.1E-10( 11)
  0.263775878778E-02  0.703596849420E+01  0.704377128464E+01
  0.699608541610E+01 -0.819911754809E-03  0.704176369722E+01
  0.700939443178E+01  0.704118831987E+01 -0.813238385591E-02
    1
  0.100000000000E+01  0.000000000000E+00  0.000000000000E+00
  0.000000000000E+00  0.100000000000E+01  0.000000000000E+00
  0.000000000000E+00  0.000000000000E+00  0.100000000000E+01
  0.000000000000E+00  0.000000000000E+00  0.000000000000E+00
   54
   20      0.032124859958      0.019673360601     -0.089527377221
   20      2.326502879056      2.349035270823     -0.047986150949
   20     -2.345088811212     -2.374163857583     -0.032921375670
   20      2.372298414094      0.010570468447      2.396449013907
   20      4.680375788467      2.344804305516      2.376420201304
   20      0.015341052477     -2.392479937040      2.345868966570
   20     -2.319615016212      0.024985103768     -2.329145306119
   12      0.014205572532      2.359003977518     -2.273129992340
   12     -4.683192543280     -2.362657802673     -2.359026906328
   20      0.037320157556      2.395135514045      2.395469319432
   12      2.218724434210      4.758186517696      2.568763166029
   20     -2.379626817903     -0.005579187251      2.346598298825
   12      2.288553448911      2.395443942979      4.720091183710
   20      4.590816775970      4.663506841028      4.723011326320
   20     -0.000954725705      0.024735107443      4.740230358203
   12     -2.253392286595      2.345859154088     -0.084016390380
   20     -0.002560747598      4.677820689636     -0.039235759248
   20     -4.680676745115      0.033439607932     -0.035628889297
   12      0.058892376707     -2.374431383376     -2.415949596587
   12      2.263109512360     -0.018984629594     -2.334335062876
   20     -2.340847098823     -4.695433302349     -2.305842424203
   20      2.361900433867     -2.376118872261     -0.083795920301
   12      4.649507100008      0.016095303341     -0.042485266181
   12      0.000733896737     -4.761577205529     -0.103500559134
   20     -2.310655879496     -2.350670332605     -4.701798211859
   20      0.023459336380      0.010527634405     -4.677299119939
   20     -4.703025544916     -4.694232417317     -4.690774662929
    8      0.167385182738      0.036249657107     -2.362209058567
    8      2.209940866223      2.370272272841     -2.362832042846
    8     -2.330673035217     -2.353539202888     -2.317391841295
    8      2.429651941509     -0.003447743081     -0.084991543205
    8      4.750649789431      2.257447142138      0.002695217037
    8      0.021524324457     -2.452048366304     -0.108401851514
    8      4.659511775393      0.011202993181      2.296113740906
    8      7.007895705731      2.350578242616      2.345608548779
    8      2.342664213011     -2.366052096458      2.391086955100
    8     -0.069864734993      2.354907337159     -0.045463677020
    8      2.326682729962      4.692887976263     -0.034073920321
    8     -2.329043070921      0.074945533519     -0.024836528934
    8      2.340241843000      2.429323136153      2.415591887119
    8      4.593970875504      4.676193255184      2.323982556717
    8      0.015648159029      0.004592553123      2.373056024847
    8      4.716295132427      2.348967660532      4.823635284142
    8      7.090373391083      4.593709023002      4.686645338811
    8      2.327959988345      0.006804697352      4.706098950219
    8      0.089373644159      4.699516727318      2.411108020910
    8      2.336437618146      6.964110767293      2.411583401093
    8     -2.320344461858      2.346907081799      2.339036794056
    8      2.188443589063      4.668759394136      4.633229315869
    8      4.581266059523      7.029533821940      4.759171201517
    8      0.126271985482      2.433861879555      4.824728443314
    8      4.664082240947      4.659542208231      7.015400107303
    8      6.899058800873      7.130244323360      7.044888587162
    8      2.286894854535      2.355551913703      6.918348917097
    0    0
