   3   1   1 E -1.6031096383456E+04 DE 4.9E-09(  8)
 -0.291957188094E-02  0.701913848300E+01  0.701913848300E+01
  0.700475043756E+01 -0.233674658684E-02  0.701836783521E+01
  0.700475043756E+01  0.701836783521E+01 -0.233674658684E-02
    2
  0.100000000000E+01  0.000000000000E+00  0.000000000000E+00
  0.000000000000E+00  0.100000000000E+01  0.000000000000E+00
  0.000000000000E+00  0.000000000000E+00  0.100000000000E+01
  0.000000000000E+00  0.000000000000E+00  0.000000000000E+00
  0.100000000000E+01  0.000000000000E+00  0.000000000000E+00
  0.000000000000E+00  0.000000000000E+00  0.100000000000E+01
  0.000000000000E+00  0.100000000000E+01  0.000000000000E+00
  0.000000000000E+00  0.000000000000E+00  0.000000000000E+00
   54
   20      0.026689183952     -0.029883889127     -0.029883889127
   20      2.332838382543      2.360902093101     -0.023403370438
   20     -2.329885045758     -2.341774018283     -0.032336177141
   20      2.332838382543     -0.023403370438      2.360902093101
   20      4.709701614710      2.315753969600      2.315753969600
   20      0.035237394070     -2.345881355536      2.341190106897
   20     -2.329885045758     -0.032336177141     -2.341774018283
   20      0.035237394070      2.341190106897     -2.345881355536
   12     -4.739360271320     -2.241578915350     -2.241578915350
   20     -0.010354635576      2.370693404131      2.370693404131
   20      2.277934391964      4.729123292550      2.333887762344
   20     -2.370837524774      0.008531054170      2.352754327793
   20      2.277934391964      2.333887762344      4.729123292550
   20      4.661959292703      4.704509933361      4.704509933361
   12      0.033860733080     -0.059691174141      4.725547831614
   20     -2.370837524774      2.352754327793      0.008531054170
   12      0.033860733080      4.725547831614     -0.059691174141
   12     -4.748357345040     -0.068720751842     -0.068720751842
   12      0.072583336220     -2.282406171243     -2.282406171243
   12      2.246617370274     -0.047088877263     -2.301188356352
   20     -2.320571951702     -4.680155603031     -2.325506128857
   12      2.246617370274     -2.301188356352     -0.047088877263
   20      4.721907332701     -0.020442430793     -0.020442430793
   12      0.073275544286     -4.655601896900     -0.040863324117
   20     -2.320571951702     -2.325506128857     -4.680155603031
   12      0.073275544286     -0.040863324117     -4.655601896900
   20     -4.707727391901     -4.694925276655     -4.694925276655
    8      0.101771747516     -0.086565083358     -2.408667807246
    8      2.327539013812      2.340173509656     -2.331664919348
    8     -2.312581413937     -2.328525464645     -2.328525464645
    8      2.331307985129     -0.078046553205     -0.078046553205
    8      4.744422212203      2.338822640962     -0.001859766178
    8      0.101771747516     -2.408667807246     -0.086565083358
    8      4.744422212203     -0.001859766178      2.338822640962
    8      6.999161594035      2.258884948688      2.258884948688
    8      2.327539013812     -2.331664919348      2.340173509656
    8     -0.003927154945      2.391482557064     -0.000261562503
    8      2.238255123147      4.760463729255     -0.095100507935
    8     -2.356099410850      0.000556804677      0.000556804677
    8      2.329432703229      2.347318654929      2.347318654929
    8      4.669712524877      4.680326388930      2.337628065805
    8     -0.003927154945     -0.000261562503      2.391482557064
    8      4.669712524877      2.337628065805      4.680326388930
    8      7.085147703591      4.768999323374      4.768999323374
    8      2.238255123147     -0.095100507935      4.760463729255
    8      0.004931833217      4.772386325103      2.341335028520
    8      2.225807632485      7.013895939172      2.321875753922
    8     -2.346658930728      2.343781686468      2.343781686468
    8      2.239719869091      4.766221157527      4.766221157527
    8      4.681121037056      7.013418623255      4.677263617695
    8      0.004931833217      2.341335028520      4.772386325103
    8      4.681121037056      4.677263617695      7.013418623255
    8      7.136938121893      6.962673923230      6.962673923230
    8      2.225807632485      2.321875753922      7.013895939172
    0    0
