   3   1   1 E -1.6031103598298E+04 DE 7.7E-10( 10)
 -0.269508947725E-02  0.701574532029E+01  0.700798944758E+01
  0.699300101529E+01 -0.120848186121E-01  0.701112288565E+01
  0.699568326446E+01  0.701511508230E+01 -0.840977856559E-02
    1
  0.100000000000E+01  0.000000000000E+00  0.000000000000E+00
  0.000000000000E+00  0.100000000000E+01  0.000000000000E+00
  0.000000000000E+00  0.000000000000E+00  0.100000000000E+01
  0.000000000000E+00  0.000000000000E+00  0.000000000000E+00
   54
   20      0.006898298389     -0.007296486663     -0.025484267403
   20      2.303007684630      2.347884013028     -0.065946024770
   20     -2.342043575785     -2.321862251653     -0.015636355016
   20      2.339746820780     -0.042875917199      2.345434952771
   20      4.648398745344      2.324455885556      2.348493957049
   20      0.023197267497     -2.322801600889      2.343811017075
   20     -2.341403548600     -0.028486938289     -2.355805319914
   20     -0.003052583902      2.358448419865     -2.295320049527
   12     -4.684295075209     -2.330405123389     -2.315042914434
   20     -0.047612499618      2.387218313291      2.344886871092
   20      2.301057271441      4.688673384300      2.365703329725
   12     -2.353425484264      0.004059343993      2.303662920454
   12      2.354726767492      2.381070931929      4.715699698093
   20      4.606541253904      4.670797684745      4.702155548673
   20     -0.000069488694     -0.008647916107      4.671175665397
   12     -2.361878383945      2.420876487865      0.061257157576
   12      0.005762784720      4.643301449136      0.005233130501
   20     -4.635047611328      0.020169135886     -0.019920853397
   12      0.130281872431     -2.333369620393     -2.253202126315
   12      2.301294521771     -0.071419216726     -2.347768012705
   20     -2.354812681495     -4.655674926808     -2.400319084887
   12      2.342028446055     -2.369908814403     -0.056147101199
   20      4.657051100886     -0.075321104095      0.003560957146
   20      0.051976676859     -4.649107284974     -0.034711080514
   12     -2.321601861618     -2.320102333578     -4.698856235429
   20      0.019455370261     -0.059052847473     -4.659323771385
   20     -4.613781014303     -4.642670642600     -4.677607236907
    8      0.112312453972     -0.116550453027     -2.348934890162
    8      2.316697802132      2.372926770935     -2.347733767210
    8     -2.383728135386     -2.342253195100     -2.424847215310
    8      2.338823401789     -0.106648141332     -0.091128592880
    8      4.663244878946      2.338067160024     -0.016048447541
    8      0.051171834833     -2.342637527104     -0.063584039230
    8      4.668691365392     -0.086688190612      2.329078442687
    8      6.996228405569      2.333583012225      2.334174942995
    8      2.423598059026     -2.344903701658      2.333057744330
    8     -0.082658647836      2.454185917295     -0.005794029927
    8      2.244252500454      4.680260061295     -0.038368208974
    8     -2.314180315260      0.067194638032      0.072777991948
    8      2.336819770814      2.342507749081      2.417956401051
    8      4.656842453358      4.746791397528      2.343739789642
    8     -0.084051858174      0.007484693798      2.321105778871
    8      4.557615066950      2.335644272523      4.737944849281
    8      7.089130152466      4.678258520620      4.748071015080
    8      2.322624524849     -0.023795255284      4.672634867628
    8     -0.095354995418      4.677415554372      2.278841132638
    8      2.453745839457      7.013208342393      2.451669469658
    8     -2.340170043292      2.333000463261      2.244427746469
    8      2.236597058898      4.662386562257      4.765376628144
    8      4.565008010852      7.005738055276      4.656459677048
    8      0.096879030771      2.440416678477      4.686164973666
    8      4.644393812759      4.569975181640      7.093626688667
    8      7.006675604327      6.938561252595      6.998544633116
    8      2.423342250301      2.442408284058      6.908963142543
    0    0
