   3   1   1 E -1.6031048191047E+04 DE 3.4E-10( 11)
 -0.851958995657E-02  0.703130410024E+01  0.701641993436E+01
  0.699188145784E+01  0.809864245807E-02  0.699506316725E+01
  0.701681758361E+01  0.702744788742E+01 -0.982672366732E-02
    1
  0.100000000000E+01  0.000000000000E+00  0.000000000000E+00
  0.000000000000E+00  0.100000000000E+01  0.000000000000E+00
  0.000000000000E+00  0.000000000000E+00  0.100000000000E+01
  0.000000000000E+00  0.000000000000E+00  0.000000000000E+00
   54
   20      0.001168256347     -0.004419265808     -0.002804420555
   20      2.332483017042      2.346975184380     -0.015958334198
   20     -2.342266653175     -2.342256757692      0.000631636055
   20      2.331988609033     -0.003997102749      2.331723760882
   20      4.672264836030      2.342359222132      2.330287389133
   20     -0.001454403815     -2.348634170832      2.340822032569
   20     -2.331228157282     -0.005346064985     -2.329020271165
   12      0.000215080282      2.482089754713     -2.330679406143
   12     -4.694625384483     -2.345639083186     -2.317028692510
   20      0.000403724676      2.338889751196      2.342507901529
   20      2.336548486771      4.688321826592      2.336915550108
   12     -2.361930372042     -0.005627030682      2.341739324362
   12      2.342654689399      2.336860620925      4.737323335346
   20      4.670875758025      4.681830350970      4.674752732588
   20     -0.000946868736     -0.005462598699      4.691144021316
   20     -2.342816448064      2.337514077177      0.003672520485
   12     -0.001197953769      4.696968348558     -0.059527933948
   12     -4.696140345375     -0.010201685949     -0.025367344267
   20      0.011147426240     -2.352204799354     -2.326899509349
   12      2.363359890022     -0.000417556253     -2.317507065555
   20     -2.338776555283     -4.694381197623     -2.331277585714
   12      2.341907793867     -2.367554019072     -0.009783091967
   20      4.673531150042     -0.006358567780     -0.011629552630
   12     -0.016837032056     -4.607604532956     -0.076553481992
   20     -2.330703109996     -2.352519853094     -4.671691056668
   20      0.022527960912     -0.006718848508     -4.669101583247
   20     -4.675228847597     -4.690500036647     -4.670569146083
    8      0.017540520952     -0.001308185529     -2.329025428692
    8      2.331516872000      2.352062009728     -2.346005304877
    8     -2.339778230093     -2.348852401625     -2.331055170107
    8      2.332525040722     -0.008367432462     -0.015713092061
    8      4.677916059861      2.340539418653     -0.009338393747
    8      0.005687975429     -2.354714436403      0.002286637223
    8      4.668240051430     -0.001593674982      2.326965378116
    8      7.007536684303      2.342020029427      2.324679434687
    8      2.327585786672     -2.345514965375      2.328727505350
    8     -0.004236441968      2.345930930183     -0.008063491696
    8      2.330095210865      4.699225148639     -0.026484190536
    8     -2.346945829155     -0.005399284994      0.001313979562
    8      2.335503654138      2.341913574045      2.334554045182
    8      4.674035096800      4.688645013524      2.333368869389
    8     -0.007358481070     -0.004646894666      2.339189998121
    8      4.663160042554      2.343191049916      4.666928444896
    8      7.026762153217      4.669544014179      4.685476080580
    8      2.333258257527     -0.001004492482      4.682981842032
    8      0.002406857648      4.682182692521      2.339681539873
    8      2.353094215945      7.026977466618      2.350346284745
    8     -2.343094962477      2.334366306694      2.344352163382
    8      2.337999659507      4.679114525964      4.688886266761
    8      4.661698749272      7.022481131499      4.673419833599
    8      0.005762259131      2.335518465907      4.701061064612
    8      4.660766719222      4.684254369413      7.002529534426
    8      7.018608627037      7.026293779094      7.010797860953
    8      2.303596435219      2.356003713282      6.969470280610
    0    0
