   3   1   1 E -1.6031100165048E+04 DE-1.2E-08(  9)
  0.186267186356E-01  0.699701783176E+01  0.704627422419E+01
  0.703426802227E+01  0.778544468687E-02  0.705093475268E+01
  0.703027103348E+01  0.699084213633E+01  0.187971421047E-01
    1
  0.100000000000E+01  0.000000000000E+00  0.000000000000E+00
  0.000000000000E+00  0.100000000000E+01  0.000000000000E+00
  0.000000000000E+00  0.000000000000E+00  0.100000000000E+01
  0.000000000000E+00  0.000000000000E+00  0.000000000000E+00
   54
   20     -0.046445771682      0.005579975915     -0.064425436197
   20      2.336832817887      2.355258684898     -0.027302785309
   20     -2.359522455503     -2.324851863738     -0.016833457969
   20      2.350252694770     -0.019720748167      2.353545490984
   20      4.698892110247      2.357162873577      2.325534321115
   20     -0.042411347061     -2.348364835256      2.363236628821
   20     -2.321860097820     -0.007705815341     -2.350871737326
   12     -0.131769794380      2.460294519400     -2.312496350565
   12     -4.769350312228     -2.336005480109     -2.389901524907
   20      0.011916557144      2.345669724162      2.362851246349
   12      2.365683466422      4.679757203343      2.419741174488
   12     -2.347047071537      0.006561141718      2.328889714061
   20      2.362229519412      2.389109107761      4.695592197354
   12      4.662329553962      4.692651075846      4.770908765691
   20     -0.028592624199     -0.022547883600      4.715797064841
   12     -2.269909298842      2.278095191977      0.020184147829
   20     -0.014571057224      4.653974112690     -0.004527846007
   20     -4.662437195829     -0.002938291461      0.009992991673
   12      0.007028565392     -2.374712312413     -2.292939443348
   20      2.346666667566     -0.049588104732     -2.368408665119
   20     -2.338887486617     -4.668324768223     -2.353284426313
   20      2.381124176970     -2.356398781717     -0.011469521416
   12      4.712265253337      0.053912287668      0.009060174231
   12     -0.026124222562     -4.660702706848     -0.059718484535
   20     -2.336804501986     -2.345803521849     -4.712590397866
   20      0.029422186720     -0.002508967709     -4.670586268334
   20     -4.716313453949     -4.678057919328     -4.717881771345
    8      0.009513668106     -0.041676948387     -2.353640699953
    8      2.247956977879      2.432321778554     -2.339766098684
    8     -2.313909192425     -2.340053163449     -2.360864570127
    8      2.413610054311      0.001494695097      0.002809971658
    8      4.789926757348      2.235564916932     -0.009110032600
    8      0.011136589773     -2.435966439954     -0.076708336871
    8      4.697540750496      0.001845125143      2.319301066107
    8      7.020876881297      2.333083727443      2.369588803583
    8      2.349939056999     -2.335286066926      2.433446668401
    8     -0.064588271332      2.327589142335     -0.073371586573
    8      2.338667226801      4.662425470525     -0.024636969234
    8     -2.338275763738      0.083507617427      0.056769508724
    8      2.360279519085      2.419956003869      2.341982223310
    8      4.553617245744      4.766002901209      2.410070244364
    8     -0.059935194956     -0.008158761911      2.386872172506
    8      4.819160233633      2.454655832592      4.798573240313
    8      7.029989587150      4.576026583257      4.712886638716
    8      2.339366129071     -0.087324337611      4.688771332288
    8      0.062448959841      4.659006233067      2.351933573045
    8      2.460018022837      6.888912387664      2.369164952644
    8     -2.330582088510      2.227063768771      2.260296838866
    8      2.413400479928      4.661511752655      4.660236845488
    8      4.691034834807      6.903121477173      4.724218411029
    8      0.021196343783      2.434624686999      4.787976056113
    8      4.697101749568      4.673551248232      6.985849598499
    8      6.950493417278      7.082358580596      7.048368688208
    8      2.351665131546      2.324452247724      7.028913194676
    0    0
