   3   1   1 E -1.6031100152550E+04 DE-6.3E-09(  9)
  0.775772228346E-02  0.699056664323E+01  0.701987848743E+01
  0.700985870872E+01 -0.179086660146E-02  0.702164203136E+01
  0.701247450567E+01  0.698961274465E+01  0.142302655499E-02
    1
  0.100000000000E+01  0.000000000000E+00  0.000000000000E+00
  0.000000000000E+00  0.100000000000E+01  0.000000000000E+00
  0.000000000000E+00  0.000000000000E+00  0.100000000000E+01
  0.000000000000E+00  0.000000000000E+00  0.000000000000E+00
   54
   20      0.025634975276     -0.008733770567     -0.021471115005
   20      2.355668651246      2.318215105820     -0.061047696887
   20     -2.322880492286     -2.364577960341     -0.034387648895
   20      2.365939236349     -0.073411059072      2.359728801879
   20      4.701034993326      2.342654226412      2.336246263750
   20      0.054853707793     -2.364523256551      2.324441985240
   20     -2.364297221213     -0.015215300031     -2.348899907648
   20      0.048908282478      2.358266242093     -2.351040224345
   12     -4.604924397847     -2.370879660217     -2.337109644346
   20     -0.057885981079      2.343714097859      2.350445140588
   20      2.351709718432      4.692000156405      2.383380624974
   20     -2.358424093443      0.057437626423      2.374541984908
   20      2.349565171351      2.361490243509      4.756677616126
   12      4.574403068835      4.640299744066      4.721910189961
   20     -0.036616966415     -0.003907016432      4.699328467016
   12     -2.347934195916      2.426814694889     -0.012604861954
   20     -0.043118660883      4.652954277469     -0.014276152883
   20     -4.676166109942      0.062107386331      0.009325751567
   20      0.004065559496     -2.355057001688     -2.309813849973
   12      2.367196711919     -0.031327698896     -2.394451397962
   12     -2.424335734355     -4.602383933292     -2.399832589637
   12      2.391248531084     -2.389366562153     -0.047665859406
   20      4.659995107924     -0.043236515274     -0.031817864216
   12      0.008462463993     -4.654455096646      0.042038202863
   12     -2.413234046294     -2.425965903683     -4.630570303262
   20      0.012391727228      0.017589194981     -4.686986202404
   12     -4.644932707011     -4.622904725625     -4.672895965642
    8      0.060613552469      0.004329782022     -2.358503123402
    8      2.448881606487      2.368340393101     -2.434173003124
    8     -2.399324725619     -2.424520758314     -2.370313902256
    8      2.363756104631     -0.080774428578     -0.046400732388
    8      4.739535230626      2.319592633598     -0.059637076873
    8      0.058151447599     -2.421205737922     -0.023586127354
    8      4.675969582539     -0.075190487165      2.356298740177
    8      7.082932753748      2.337719711775      2.259460068667
    8      2.409485758384     -2.441383642058      2.317938531146
    8     -0.044873378266      2.331725925264      0.011859344417
    8      2.326668102706      4.661134737000     -0.058521196898
    8     -2.345410171581      0.075676734470     -0.015240167076
    8      2.356338271182      2.330928924788      2.373612406076
    8      4.657968546427      4.667904867955      2.372194855094
    8     -0.006781173657     -0.003515920063      2.341779465829
    8      4.679902287278      2.414597447476      4.745350194706
    8      7.036850821336      4.659641342567      4.681724578779
    8      2.332517388498     -0.059719068050      4.687803236725
    8     -0.049349307217      4.656813299179      2.366735760584
    8      2.335160134930      7.095170151938      2.402982125829
    8     -2.421934119133      2.455520159933      2.346296410236
    8      2.445336758059      4.745244603386      4.760759875985
    8      4.559893823450      6.971461884099      4.674562433789
    8     -0.077294077911      2.320533057845      4.758093806573
    8      4.581446324631      4.538894758555      6.968105662799
    8      7.012551679150      7.063799935195      7.023131497073
    8      2.340088694252      2.442430501929      7.107738544554
    0    0
