   3   1   1 E -1.6031082962867E+04 DE-1.3E-09( 11)
  0.219546786615E-01  0.700733178485E+01  0.700502592823E+01
  0.699683583612E+01  0.270322134081E-01  0.699311980382E+01
  0.701677331263E+01  0.701010131300E+01  0.125282094470E-01
    1
  0.100000000000E+01  0.000000000000E+00  0.000000000000E+00
  0.000000000000E+00  0.100000000000E+01  0.000000000000E+00
  0.000000000000E+00  0.000000000000E+00  0.100000000000E+01
  0.000000000000E+00  0.000000000000E+00  0.000000000000E+00
   54
   20      0.022985865130     -0.011417802490     -0.050966629927
   20      2.310878523595      2.355083318990     -0.045364967425
   20     -2.337147019231     -2.325712447571     -0.028894099554
   20      2.318317333585     -0.020020720054      2.345167270068
   20      4.688148470858      2.332969366624      2.354531451005
   20      0.021773913116     -2.334618949793      2.367954680223
   20     -2.322065130178     -0.027330364364     -2.339655885949
   12      0.092972409834      2.321755604239     -2.341413873550
   12     -4.737658594097     -2.313144518265     -2.232346541329
   20      0.005502804873      2.361207140877      2.341712968607
   20      2.292356368387      4.725982469986      2.332198596684
   20     -2.342495169776      0.003168782641      2.336564824009
   20      2.308010701582      2.348455022636      4.723223003758
   20      4.684178604483      4.704142821007      4.683131462984
   12      0.073867230068     -0.068133432253      4.736479562861
   20     -2.319044966900      2.346835138861     -0.017565624406
   12      0.047832685713      4.745641050647     -0.067257703012
   12     -4.743559846422     -0.130138337773     -0.074728887215
   12      0.057724945131     -2.256934849368     -2.325854082888
   12      2.271275675209     -0.009033341104     -2.344693633813
   20     -2.345101420165     -4.674230921898     -2.333074642682
   12      2.304413118134     -2.317234461040     -0.030095740980
   20      4.680067341353     -0.024997678798     -0.015240904124
   20      0.031098745253     -4.705328997557     -0.026778706998
   20     -2.330541451354     -2.328332486271     -4.663777185258
   12      0.063107682151     -0.033634976890     -4.593458208178
   20     -4.702962238464     -4.694802524457     -4.649122465840
    8      0.055345332772     -0.024336673703     -2.412626877349
    8      2.271251716801      2.336283619580     -2.325363085840
    8     -2.323846826182     -2.330089304335     -2.331934548308
    8      2.328468781490     -0.042823283643     -0.053237249222
    8      4.677591832337      2.334520514282     -0.011291137910
    8      0.045215891206     -2.345169665143     -0.034022462380
    8      4.692345556324      0.000594487796      2.345948497406
    8      7.012522148658      2.301378920322      2.393781711979
    8      2.320017293760     -2.322993263251      2.348308032480
    8      0.010433253762      2.379819918145     -0.065280133748
    8      2.284240086467      4.756111395080     -0.077534730724
    8     -2.349585229694     -0.009635000452     -0.028969285354
    8      2.318521911312      2.354238597356      2.342601175452
    8      4.675890530762      4.690423906467      2.346958377790
    8      0.007500244620     -0.001676168293      2.351905931700
    8      4.699530374622      2.352767778625      4.683813454701
    8      7.055262457418      4.710698634631      4.768201727800
    8      2.274073300881     -0.065108320978      4.718770504633
    8      0.008202254904      4.750149882115      2.332795040666
    8      2.279152112596      7.005331117407      2.341004628557
    8     -2.321670097483      2.337122571445      2.339933417298
    8      2.270405560809      4.761944424230      4.708631505959
    8      4.692571332030      7.003396897233      4.688720456190
    8      0.017030259051      2.337659764898      4.682861688968
    8      4.678129875582      4.702508540345      6.978892031585
    8      7.052372856592      6.905317493500      6.976544774115
    8      2.335127830107      2.351463210410      6.997945253232
    0    0
