   3   1   1 E -1.6031083086696E+04 DE 1.7E-09(  9)
  0.377618715660E-01  0.692708072622E+01  0.697776393197E+01
  0.700773200992E+01 -0.176320736525E-02  0.700974183770E+01
  0.701718835253E+01  0.696253886278E+01 -0.516468607645E-02
    1
  0.100000000000E+01  0.000000000000E+00  0.000000000000E+00
  0.000000000000E+00  0.100000000000E+01  0.000000000000E+00
  0.000000000000E+00  0.000000000000E+00  0.100000000000E+01
  0.000000000000E+00  0.000000000000E+00  0.000000000000E+00
   54
   20     -0.002514258343     -0.024349098919     -0.036202289727
   20      2.375599244576      2.328733006602     -0.060260143771
   20     -2.352699362686     -2.352258136820     -0.081596846115
   20      2.362230902371     -0.043000000572      2.393142553311
   20      4.696499620691      2.335891385367      2.354284938435
   20     -0.003499811809     -2.350540040046      2.351269241798
   20     -2.328494174435     -0.055814224339     -2.316572360795
   20      0.038682880251      2.332600135336     -2.319196607692
   12     -4.606915037719     -2.306624126256     -2.362727065555
   20     -0.059210977870      2.373625046584      2.377263597965
   20      2.346704464996      4.684364606574      2.343201969367
   20     -2.386039995745      0.024924708884      2.349414703069
   20      2.346366024790      2.331349254381      4.749785876229
   12      4.649894410983      4.597862509726      4.670253266782
   20     -0.030178044743      0.002746312227      4.739342076157
   12     -2.284994487360      2.338710197208     -0.104189665983
   20     -0.003198510499      4.630280093607     -0.043718770358
   12     -4.663272122376      0.019654921272     -0.061880146903
   12     -0.068542550424     -2.304404702583     -2.370613424311
   12      2.359297190083     -0.072387749878     -2.322330403069
   12     -2.425554093472     -4.495569982260     -2.286633135702
   20      2.350203977287     -2.351559101366     -0.020863229406
   20      4.667122983480     -0.018876317862     -0.044704547110
   12     -0.111846248429     -4.624663725755     -0.043948488727
   12     -2.167526058031     -2.315159199785     -4.636786928454
   20      0.007565176916     -0.009547471565     -4.647369096871
   20     -4.647570907920     -4.639109768553     -4.662374928087
    8      0.081405095577     -0.085803215735     -2.321518981017
    8      2.468454233970      2.342453343961     -2.349108554198
    8     -2.341365700986     -2.433934138385     -2.471998567957
    8      2.349790972059     -0.029155944560     -0.054361490016
    8      4.723659445833      2.326609216376     -0.067521840735
    8     -0.017115445135     -2.401664755860     -0.088420058690
    8      4.677033083533     -0.064244459954      2.367979794746
    8      7.001503887457      2.325442001930      2.314805577203
    8      2.423455792927     -2.351754293214      2.423186962906
    8     -0.033428402501      2.324221302086     -0.026554044236
    8      2.352211538538      4.712449126615     -0.095752651543
    8     -2.410844861537      0.041082009668     -0.036876785544
    8      2.338156080073      2.335917664337      2.356879281656
    8      4.662773333523      4.640316912384      2.349484547799
    8     -0.022100735776     -0.001607732791      2.365849244948
    8      4.681387541388      2.397550169102      4.775206938893
    8      6.997543801627      4.635977228083      4.682189347756
    8      2.331925490505     -0.086327650816      4.776456637357
    8     -0.052156129754      4.631891266766      2.381709127146
    8      2.364836923972      6.956538354650      2.328730528821
    8     -2.332892362467      2.426078902900      2.321282265724
    8      2.382422120812      4.721153234361      4.680211802006
    8      4.571138949833      6.933943086367      4.661750735288
    8     -0.121353386595      2.462123867909      4.812841141601
    8      4.682024008752      4.467772861938      6.948152304917
    8      7.088038634354      7.019448233961      6.987670553679
    8      2.377455908512      2.211998594067      6.992270913193
    0    0
