   3   1   1 E -1.6031074619799E+04 DE 8.7E-11( 11)
  0.247569099875E-01  0.697089672723E+01  0.698797210855E+01
  0.695760665618E+01  0.100437253036E-01  0.699525116859E+01
  0.698287255544E+01  0.699763800817E+01 -0.924567412802E-02
    1
  0.100000000000E+01  0.000000000000E+00  0.000000000000E+00
  0.000000000000E+00  0.100000000000E+01  0.000000000000E+00
  0.000000000000E+00  0.000000000000E+00  0.100000000000E+01
  0.000000000000E+00  0.000000000000E+00  0.000000000000E+00
   54
   20      0.027765815709     -0.029525602434     -0.028485368447
   20      2.346630359200      2.313593324328     -0.055155931859
   20     -2.344350952403     -2.317954334082     -0.021260856020
   20      2.313289197224     -0.045579910141      2.344128336324
   20      4.644515568934      2.320625307136      2.324016056406
   20      0.032978564626     -2.334282272224      2.350220364189
   20     -2.343548625178     -0.027430141247     -2.302465891491
   20      0.049207686039      2.317419219470     -2.351076836617
   12     -4.722073354524     -2.269958353559     -2.334923720472
   20     -0.002979167684      2.322031575808      2.334298633287
   20      2.304201305827      4.702532844899      2.322280729386
   20     -2.360210183301      0.024978607123      2.325558881132
   20      2.312449371039      2.329201011108      4.734117320125
   20      4.625181202801      4.712270726499      4.673584178426
   12      0.022349120512     -0.061501660227      4.761015289675
   12     -2.470498402828      2.314844611711      0.009499014960
   20      0.007423423981      4.689209010011     -0.054920478656
   12     -4.648486554543     -0.114110880873     -0.033649383386
   12      0.077853619883     -2.251266977662     -2.300395373639
   12      2.292332033981      0.138077697542     -2.332088043267
   20     -2.349176499080     -4.674603050931     -2.303449640819
   12      2.337989488796     -2.199130611470      0.015488036788
   12      4.715950926235      0.006223271997     -0.052976915530
   20      0.046164266728     -4.677611148546     -0.002183212481
   20     -2.368987757423     -2.347511056335     -4.665351681156
   20      0.019657303320     -0.004342399524     -4.677194885298
   12     -4.572005703659     -4.746523888579     -4.685174063664
    8      0.060955060579     -0.067670784687     -2.334555207364
    8      2.351974953895      2.307181777951     -2.378449690377
    8     -2.346402268537     -2.338549363937     -2.302974604679
    8      2.401810682232     -0.093349450553     -0.060233697607
    8      4.650235722787      2.297744474108     -0.020226772899
    8      0.065557961202     -2.340506724984     -0.014702199744
    8      4.616840921378     -0.017025594306      2.326974825053
    8      7.023801016121      2.323912588306      2.330965799079
    8      2.305912130011     -2.387635183446      2.354741146734
    8     -0.003013053494      2.316649732842     -0.042153799375
    8      2.311359760873      4.713247087239     -0.055156612570
    8     -2.375317306727      0.036286703366     -0.016899899029
    8      2.318606790298      2.324089611680      2.333433850440
    8      4.638227899768      4.686094368135      2.320251583409
    8      0.006765670974     -0.015961838881      2.342085216986
    8      4.638125078969      2.334926883624      4.693723311681
    8      7.026356861381      4.723864825888      4.650380299684
    8      2.241245981689     -0.069388118210      4.741517363054
    8      0.020235167741      4.667751202172      2.338403961557
    8      2.325628043196      7.043748108484      2.311987580572
    8     -2.389187674457      2.316231655258      2.296368160073
    8      2.272388345471      4.756939613242      4.718019929369
    8      4.652609724192      6.999525069618      4.674679830935
    8      0.025503835902      2.314100913238      4.694946366913
    8      4.558968202721      4.686950148797      6.974534085701
    8      6.983528154615      6.999055486842      6.918223431748
    8      2.467222830250      2.295714961565      7.093560396340
    0    0
