   3   1   1 E -1.6031095008471E+04 DE 1.0E-09( 11)
  0.196302445465E-01  0.699227196024E+01  0.701051948945E+01
  0.701011707054E+01  0.602791709429E-02  0.701529216778E+01
  0.701606429483E+01  0.699726092486E+01  0.615917267914E-02
    1
  0.100000000000E+01  0.000000000000E+00  0.000000000000E+00
  0.000000000000E+00  0.100000000000E+01  0.000000000000E+00
  0.000000000000E+00  0.000000000000E+00  0.100000000000E+01
  0.000000000000E+00  0.000000000000E+00  0.000000000000E+00
   54
   20      0.000705314415      0.022410625632     -0.003176890327
   20      2.341774730167      2.329600800741     -0.019939168370
   20     -2.346827748126     -2.320601853971      0.003684207039
   20      2.343636194984     -0.000457805071      2.332784272278
   20      4.727050547564      2.302465532307      2.289577189664
   20      0.021460723746     -2.355680333054      2.331096053698
   20     -2.333616237057      0.019870446550     -2.308923181275
   20      0.014352943495      2.320790180415     -2.360473961172
   20     -4.703604233157     -2.315390717736     -2.319451858050
   20     -0.023046640986      2.353211752748      2.333469414698
   20      2.307069847155      4.755566260226      2.325177087158
   20     -2.391360611255      0.047380708795      2.340893107366
   20      2.334499188430      2.307971400300      4.745634055613
   20      4.704291823016      4.708327396693      4.715576502057
   12      0.019567762279      0.027050704523      4.765506397596
   12     -2.304849535871      2.258975593276      0.062416706142
   12     -0.094533182737      4.662218140500     -0.006084353960
   12     -4.674223319971      0.077307734712      0.014186828095
   20      0.010181403868     -2.314840226813     -2.346647835295
   12      2.293267891898      0.010814251759     -2.344092592556
   20     -2.350012676903     -4.720853632742     -2.291886803887
   20      2.378639478003     -2.364050443042      0.001141009764
   12      4.719503418926      0.029775607827     -0.056959699482
   12     -0.021769310547     -4.789323207710     -0.002621832384
   20     -2.320009888200     -2.331049610629     -4.734803478012
   12      0.075446956434     -0.011911925493     -4.759739691904
   12     -4.696196824462     -4.789944945629     -4.736349104343
    8      0.085360037764      0.003631290463     -2.367808047333
    8      2.327448058945      2.238805510711     -2.378856913880
    8     -2.335297563508     -2.327004088747     -2.300407676466
    8      2.398105077281     -0.000959762797     -0.061414660886
    8      4.762671514068      2.253448452851      0.003906252943
    8      0.006294296430     -2.393160399784     -0.002909860135
    8      4.752714700014      0.004969957654      2.260860698206
    8      7.099284364308      2.240654921968      2.237033069057
    8      2.344297698628     -2.387038831340      2.336596561512
    8     -0.095902703157      2.399303174929     -0.003395692734
    8      2.271181139726      4.763595338261      0.000249971949
    8     -2.406334404086      0.101654163836      0.004794459393
    8      2.335656652178      2.343769967458      2.328971508250
    8      4.677796669452      4.683941599053      2.318315035271
    8      0.000156706539      0.012468240541      2.380906061928
    8      4.680391799837      2.338933637860      4.697850777167
    8      7.021857030761      4.758949307301      4.754065107784
    8      2.248118741522      0.008771147021      4.756552041872
    8      0.004396013149      4.764153521742      2.242088793624
    8      2.217332458017      7.111318860367      2.321412251130
    8     -2.413204173318      2.339568826288      2.308340963402
    8      2.350727188056      4.741772760733      4.681467193478
    8      4.695034640426      6.994226599434      4.733312941685
    8      0.019655674717      2.234021619442      4.788123047386
    8      4.791392801863      4.662969808395      7.010951059173
    8      6.973204638230      6.953387323157      7.014366595046
    8      2.362415171668      2.214238227952      7.108504815645
    0    0
