   3   1   1 E -1.6031095603476E+04 DE-5.1E-09(  9)
  0.988232425712E-02  0.702125654750E+01  0.703988650271E+01
  0.698517276266E+01  0.212220272069E-03  0.704350249724E+01
  0.699337510220E+01  0.702708939884E+01 -0.197228003735E-02
    1
  0.100000000000E+01  0.000000000000E+00  0.000000000000E+00
  0.000000000000E+00  0.100000000000E+01  0.000000000000E+00
  0.000000000000E+00  0.000000000000E+00  0.100000000000E+01
  0.000000000000E+00  0.000000000000E+00  0.000000000000E+00
   54
   20      0.008515165516     -0.030798936143     -0.018716068133
   20      2.315245503063      2.374613642407     -0.038448692101
   20     -2.355807173794     -2.298374600734     -0.002642892582
   20      2.327667999143     -0.033534254239      2.370950565708
   20      4.651837922992      2.347516034139      2.356953489168
   20      0.034132571970     -2.351446462382      2.350300136781
   20     -2.356485949202     -0.030678880765     -2.340855810689
   20      0.047023875655      2.350408260835     -2.324546954295
   12     -4.712317064409     -2.322735962251     -2.280209037593
   20      0.002127547558      2.358740772326      2.360049079409
   20      2.311530584226      4.749384096624      2.383113871444
   12     -2.447233801631      0.083887158139      2.361798579093
   12      2.326298879284      2.354578705516      4.750864802654
   20      4.626785911760      4.699938498040      4.723789953776
   20      0.021408363480     -0.012376295615      4.701721601190
   20     -2.392043221997      2.337607849058      0.015266280975
   12      0.091866388885      4.699065931161     -0.017141176757
   12     -4.647825168290      0.001191758417     -0.075945614612
   12      0.099293162579     -2.359748957834     -2.291580234763
   12      2.342507337372     -0.033236369257     -2.330198573482
   20     -2.372922777800     -4.675835232617     -2.380707403870
   12      2.269003953276     -2.361577334026     -0.106577262204
   20      4.649236410866     -0.038861130153     -0.016538061692
   20      0.076141329964     -4.675465562593     -0.037003085942
   20     -2.353689251081     -2.378914005243     -4.694465571612
   20      0.084831442074     -0.021059438946     -4.697556290419
   12     -4.639644370132     -4.778972864908     -4.637813910046
    8      0.086845839994     -0.072414349425     -2.363373395490
    8      2.326304478123      2.374605899304     -2.421848032571
    8     -2.342619056293     -2.347267807781     -2.330116153237
    8      2.331749706452     -0.065651207542     -0.074621452063
    8      4.653693561205      2.351833307886     -0.016374901992
    8      0.099480221802     -2.342422831908     -0.031767045562
    8      4.660003341409     -0.016691473784      2.351742540683
    8      7.082912552177      2.335601538073      2.348276555728
    8      2.322617974665     -2.429903997581      2.352219908535
    8     -0.000284853350      2.391788677407     -0.011312138850
    8      2.212065819034      4.793472923874     -0.090499347634
    8     -2.417631586969     -0.004947986519      0.009304983681
    8      2.334385317168      2.363559365630      2.389567133077
    8      4.646648783787      4.752161119850      2.362681262377
    8     -0.039528317538      0.000540813801      2.359114222013
    8      4.571676826936      2.350060673843      4.694834298859
    8      7.089149834673      4.684489228091      4.751198928747
    8      2.319245134841     -0.025891613805      4.765487440900
    8      0.021677740976      4.687018516119      2.353014116197
    8      2.460964588289      7.143113778239      2.364889108599
    8     -2.397691206443      2.264853081988      2.350844103362
    8      2.214426646267      4.689915658393      4.811264406856
    8      4.552280381805      7.015074999416      4.614231987732
    8      0.082744609715      2.413799051999      4.699876277394
    8      4.641340423988      4.676794205074      7.024068948327
    8      7.102279603848      6.933698404931      7.027897932198
    8      2.325711913155      2.348005355251      6.991911832346
    0    0
