   3   1   1 E -1.6031101111457E+04 DE-1.2E-09( 10)
  0.452983380939E-02  0.700842540414E+01  0.703197801502E+01
  0.699701366493E+01 -0.496609251576E-02  0.703541372247E+01
  0.700182042904E+01  0.701071990885E+01 -0.378649112186E-02
    1
  0.100000000000E+01  0.000000000000E+00  0.000000000000E+00
  0.000000000000E+00  0.100000000000E+01  0.000000000000E+00
  0.000000000000E+00  0.000000000000E+00  0.100000000000E+01
  0.000000000000E+00  0.000000000000E+00  0.000000000000E+00
   54
   20     -0.007101254910     -0.030051220479     -0.012971213210
   20      2.328096054842      2.360978709566     -0.031355052221
   20     -2.349763145506     -2.300740855086      0.017086140933
   20      2.329928393998     -0.034796451871      2.377287905006
   20      4.674526554145      2.328827296957      2.358656255356
   20      0.031046714721     -2.349338735751      2.348584281369
   20     -2.356469958567     -0.026248156263     -2.341404481241
   20      0.041451016556      2.346335051319     -2.309743583696
   12     -4.712073622719     -2.314247637572     -2.301600695979
   20     -0.011332514738      2.357781858580      2.351064901206
   20      2.326593029236      4.722318763945      2.382914367614
   12     -2.463428269330      0.050267296051      2.357517691910
   12      2.301167388099      2.386815119712      4.744778505145
   20      4.627595403499      4.688938359668      4.710628211886
   20      0.006697625133     -0.003435663842      4.692236026612
   20     -2.408881780018      2.346439439415      0.026157358757
   12      0.099028109261      4.702322359421     -0.029786556723
   12     -4.660283911044      0.019336597936     -0.080088314732
   12      0.121404896142     -2.365611004128     -2.287945135957
   12      2.335737525174     -0.058715130967     -2.324112291748
   20     -2.372091552885     -4.659989284496     -2.374905294449
   12      2.290082252526     -2.345325225925     -0.099219809723
   20      4.662633939025     -0.042997593936     -0.007470723356
   20      0.079000478602     -4.668994024483     -0.036256489333
   20     -2.347568969445     -2.371829088960     -4.693277147879
   20      0.084630655586     -0.028901388529     -4.697910702423
   12     -4.659518997736     -4.684652394927     -4.626733363937
    8      0.115292830705     -0.100905019091     -2.358111500709
    8      2.325246478572      2.375193731995     -2.408435722412
    8     -2.344795186953     -2.341417479804     -2.321627429615
    8      2.326897671322     -0.077708856237     -0.091581842462
    8      4.675211309039      2.332874362882     -0.001131888746
    8      0.109709563724     -2.335963202816     -0.029655124301
    8      4.676380569814     -0.008606871271      2.349406584665
    8      7.109234031679      2.318711708621      2.351219487696
    8      2.332584561601     -2.435291203084      2.353827485498
    8     -0.001565543347      2.415876095779     -0.004704135278
    8      2.240000275718      4.753991740078     -0.097842356523
    8     -2.455358554212      0.005867421234      0.026819976271
    8      2.346364652455      2.343425178259      2.399455633169
    8      4.662094064887      4.748373855229      2.354075422279
    8     -0.069296935921      0.003326991234      2.355227920339
    8      4.558978524994      2.341889306301      4.678975541393
    8      7.107363440767      4.676092257953      4.764347882469
    8      2.322215539816     -0.031418660407      4.771106036816
    8      0.016445282623      4.666531040371      2.344100765760
    8      2.444082746070      7.099676219175      2.357004679558
    8     -2.436806758575      2.245416204644      2.342876674153
    8      2.242954758594      4.672218533450      4.787049646780
    8      4.533606631056      7.012310173536      4.591253489604
    8      0.100998704249      2.445093361725      4.688170620247
    8      4.645006987021      4.675252368937      7.018782187447
    8      7.110902782212      6.890791565777      7.019394860966
    8      2.330283187432      2.347718672339      6.934087924424
    0    0
