   3   1   1 E -1.6031033658315E+04 DE 1.4E-09(  2)
  0.192768546040E-02  0.703019883137E+01  0.702906824231E+01
  0.702373639651E+01 -0.436308629718E-02  0.702989193370E+01
  0.703008461094E+01  0.702967054163E+01 -0.315295358192E-02
    1
  0.100000000000E+01  0.000000000000E+00  0.000000000000E+00
  0.000000000000E+00  0.100000000000E+01  0.000000000000E+00
  0.000000000000E+00  0.000000000000E+00  0.100000000000E+01
  0.000000000000E+00  0.000000000000E+00  0.000000000000E+00
   54
   20      0.000000000000      0.000000000000      0.000000000000
   20      2.343361536979      2.343223513877     -0.001050984527
   20     -2.343361536979     -2.343223513877      0.001050984527
   20      2.341245465503     -0.001454362099      2.343297311233
   20      4.684607002482      2.341769151778      2.342246326706
   20     -0.002116071477     -2.344677875976      2.344348295761
   20     -2.341245465503      0.001454362099     -2.343297311233
   20      0.002116071477      2.344677875976     -2.344348295761
   12     -4.684607002482     -2.341769151778     -2.342246326706
   20      0.000642561820      2.343399610457      2.343022747438
   20      2.344004098799      4.686623124334      2.341971762911
   12     -2.342718975159      0.000176096580      2.344073731966
   12      2.341888027323      2.341945248358      4.686320058672
   12      4.685249564302      4.685168762235      4.685269074144
   20     -0.001473509657     -0.001278265519      4.687371043199
   20     -2.340602903682      2.344853972556     -0.000274563795
   20      0.002758633297      4.688077486433     -0.001325548323
   20     -4.683964440662      0.001630458679      0.000776420732
   20     -0.000642561820     -2.343399610457     -2.343022747438
   12      2.342718975159     -0.000176096580     -2.344073731966
   20     -2.344004098799     -4.686623124334     -2.341971762911
   12      2.340602903682     -2.344853972556      0.000274563795
   20      4.683964440662     -0.001630458679     -0.000776420732
   12     -0.002758633297     -4.688077486433      0.001325548323
   12     -2.341888027323     -2.341945248358     -4.686320058672
   20      0.001473509657      0.001278265519     -4.687371043199
   12     -4.685249564302     -4.685168762235     -4.685269074144
    8      0.000736754828      0.000639132760     -2.343685521600
    8      2.344098291807      2.343862646636     -2.344736506127
    8     -2.342624782151     -2.342584381117     -2.342634537072
    8      2.341982220331     -0.000815229339     -0.000388210366
    8      4.685343757310      2.342408284538     -0.001439194893
    8     -0.001379316648     -2.344038743216      0.000662774161
    8      4.683227685835     -0.002269591438      2.342909100869
    8      7.026589222815      2.340953922439      2.341858116342
    8      2.339866148854     -2.345493105316      2.343960085395
    8      0.001379316648      2.344038743216     -0.000662774161
    8      2.344740853628      4.687262257094     -0.001713758689
    8     -2.341982220331      0.000815229339      0.000388210366
    8      2.342624782151      2.342584381117      2.342634537072
    8      4.685986319131      4.685807894995      2.341583552545
    8     -0.000736754828     -0.000639132760      2.343685521600
    8      4.683870247654      2.341130019018      4.685931848306
    8      7.027231784635      4.684353532896      4.684880863779
    8      2.340508710674     -0.002093494859      4.686982832833
    8      0.002021878469      4.687438353672      2.342359973276
    8      2.345383415449      7.030661867550      2.341308988748
    8     -2.341339658511      2.344214839795      2.343410957803
    8      2.343267343971      4.685983991572      4.685657284508
    8      4.686628880952      7.029207505450      4.684606299981
    8     -0.000094193008      2.342760477696      4.686708269037
    8      4.684512809473      4.684529629473      7.028954595741
    8      7.027874346455      7.027753143351      7.027903611214
    8      2.341151272493      2.341306115596      7.030005580269
    0    0
