   3   1   1 E -1.6031098925367E+04 DE-1.1E-09( 10)
  0.124594058118E-01  0.701032335874E+01  0.700762257965E+01
  0.700700635030E+01 -0.154960601606E-02  0.701445373973E+01
  0.701108513805E+01  0.701461640042E+01  0.126520079380E-02
    1
  0.100000000000E+01  0.000000000000E+00  0.000000000000E+00
  0.000000000000E+00  0.100000000000E+01  0.000000000000E+00
  0.000000000000E+00  0.000000000000E+00  0.100000000000E+01
  0.000000000000E+00  0.000000000000E+00  0.000000000000E+00
   54
   20     -0.014214581337     -0.021638900926     -0.022206924287
   20      2.338256653115      2.352638763665     -0.011188692149
   20     -2.325979428834     -2.325554086368     -0.020640989721
   20      2.362887635649     -0.059514426977      2.325166072564
   20      4.677861433553      2.307904854902      2.285294180045
   20      0.033019868043     -2.338368766871      2.302957317005
   20     -2.345213971224     -0.047403688710     -2.360111119293
   20      0.002449207935      2.371282549157     -2.333380588110
   12     -4.741240195610     -2.325614939056     -2.286592640766
   20     -0.051360918147      2.369648049490      2.335751088290
   20      2.319395913520      4.698780690284      2.353807235581
   12     -2.314989769693      0.009065765276      2.312180916763
   20      2.316502925890      2.364149525760      4.734267096599
   20      4.660800348953      4.687960261510      4.728850868723
   20     -0.032187315783     -0.010613443821      4.712369877100
   12     -2.264317174570      2.344636941203      0.061045552524
   12     -0.051082358219      4.669440840739      0.003222243854
   20     -4.698199963776      0.025868599455     -0.018786425423
   12      0.012310868081     -2.379521998384     -2.301055864492
   20      2.342451089048     -0.024716315144     -2.332974727156
   20     -2.338136011869     -4.651607146538     -2.367349014989
   12      2.345516153471     -2.397136211693      0.001545871289
   12      4.764721536822     -0.051599061266      0.052726386521
   12     -0.039217160081     -4.588371928658     -0.025773812265
   12     -2.316671582198     -2.292796537314     -4.768164944704
   20     -0.024819861086     -0.034926966624     -4.708304076084
   20     -4.627430166252     -4.637131343596     -4.708455129052
    8      0.005621364211     -0.071691376763     -2.316598614000
    8      2.341241212064      2.455254314884     -2.321549030092
    8     -2.299355849958     -2.334840031913     -2.378683592433
    8      2.413612472137     -0.090969259318     -0.030166571658
    8      4.763579795964      2.276216327377     -0.005329818218
    8      0.079563580827     -2.420334805635     -0.061546139984
    8      4.673113808135     -0.079860174232      2.269671016011
    8      6.998080639508      2.344365374684      2.240814337620
    8      2.437110106688     -2.336230060106      2.292305081021
    8     -0.074033305032      2.426420551137      0.005132882961
    8      2.279786929331      4.685125644990      0.001821184443
    8     -2.334667793550      0.088713912652      0.082244062230
    8      2.329280657594      2.330299265662      2.343678009834
    8      4.669025136654      4.747098881763      2.305716469653
    8     -0.101575923287     -0.005577828394      2.352004649832
    8      4.681573213221      2.330496272447      4.760818183181
    8      7.117441043784      4.673326374279      4.768996010220
    8      2.323906415556     -0.118921189226      4.668787078669
    8     -0.094883146589      4.668367186659      2.339803341218
    8      2.412886838480      7.023271250228      2.307639463913
    8     -2.324688207635      2.305100756649      2.214057774939
    8      2.269498098094      4.668466806769      4.741487356016
    8      4.675218811379      7.010479126282      4.684447272372
    8      0.005643417301      2.443169333823      4.779799338776
    8      4.706138000145      4.662459090189      7.096022763815
    8      6.882176399973      6.960334237540      7.012981070470
    8      2.311072133333      2.449854627206      7.006483501602
    0    0
