   3   1   1 E -1.6031036976440E+04 DE-4.5E-08(  9)
  0.106129847536E-02  0.703044159447E+01  0.702739039712E+01
  0.702316145891E+01 -0.212933422352E-02  0.702615605185E+01
  0.703248538297E+01  0.702988388971E+01 -0.324588763981E-02
    1
  0.100000000000E+01  0.000000000000E+00  0.000000000000E+00
  0.000000000000E+00  0.100000000000E+01  0.000000000000E+00
  0.000000000000E+00  0.000000000000E+00  0.100000000000E+01
  0.000000000000E+00  0.000000000000E+00  0.000000000000E+00
   54
   20      0.000000000000      0.000000000000      0.000000000000
   20      2.344161794322      2.343294629902     -0.001081962547
   20     -2.344161794322     -2.343294629902      0.001081962547
   20      2.341053819637     -0.000709778075      2.342052017283
   20      4.685215613959      2.342584851828      2.340970054736
   20     -0.003107974685     -2.344004407977      2.343133979829
   20     -2.341053819637      0.000709778075     -2.342052017283
   20      0.003107974685      2.344004407977     -2.343133979829
   12     -4.685215613959     -2.342584851828     -2.340970054736
   20      0.000353766158      2.343480531490      2.342463465705
   20      2.344515560481      4.686775161392      2.341381503159
   12     -2.343808028164      0.000185901588      2.343545428252
   12      2.341407585795      2.342770753416      4.684515482988
   20      4.685569380118      4.686065383318      4.683433520442
   20     -0.002754208527     -0.000523876486      4.685597445535
   20     -2.340700053478      2.344190309565      0.000411448422
   12      0.003461740844      4.687484939467     -0.000670514124
   20     -4.684861847801      0.000895679663      0.001493410969
   20     -0.000353766158     -2.343480531490     -2.342463465705
   12      2.343808028164     -0.000185901588     -2.343545428252
   20     -2.344515560481     -4.686775161392     -2.341381503159
   12      2.340700053478     -2.344190309565     -0.000411448422
   12      4.684861847801     -0.000895679663     -0.001493410969
   12     -0.003461740844     -4.687484939467      0.000670514124
   12     -2.341407585795     -2.342770753416     -4.684515482988
   20      0.002754208527      0.000523876486     -4.685597445535
   20     -4.685569380118     -4.686065383318     -4.683433520442
    8      0.001377104264      0.000261938243     -2.342798722767
    8      2.345538898588      2.343556568147     -2.343880685314
    8     -2.342784690059     -2.343032691659     -2.341716760221
    8      2.342430923900     -0.000447839831     -0.000746705485
    8      4.686592718225      2.342846790073     -0.001828668031
    8     -0.001730870422     -2.343742469733      0.000335257062
    8      4.683484743537     -0.001157617906      2.341305311798
    8      7.027646537861      2.342137011998      2.340223349252
    8      2.339322949215     -2.344452247808      2.342387274345
    8      0.001730870422      2.343742469733     -0.000335257062
    8      2.345892664746      4.687037099637     -0.001417219609
    8     -2.342430923900      0.000447839831      0.000746705485
    8      2.342784690059      2.343032691659      2.341716760221
    8      4.686946484382      4.686327321562      2.340634797674
    8     -0.001377104264     -0.000261938243      2.342798722767
    8      4.683838509696      2.342322913584      4.683768777504
    8      7.028000304019      4.685617543487      4.682686814957
    8      2.339676715374     -0.000971716318      4.684850740051
    8      0.002084636580      4.687223001224      2.342128208644
    8      2.346246430904      7.030517631127      2.341046246098
    8     -2.342077157742      2.343928371322      2.343210171191
    8      2.343138456217      4.686513223150      4.684180225927
    8      4.687300250540      7.029807853053      4.683098263381
    8     -0.001023338105      2.343218593248      4.685262188474
    8      4.684192275855      4.685803445076      7.026232243212
    8      7.028354070178      7.029098074978      7.025150280665
    8      2.340030481533      2.342508815173      7.027314205758
    0    0
