   3   1   1 E -1.6031087063729E+04 DE-4.9E-10( 10)
 -0.385999651714E-03  0.701461230808E+01  0.704754926256E+01
  0.704182972385E+01  0.576776731287E-02  0.704744032382E+01
  0.702184222349E+01  0.700060054196E+01  0.192930023789E-01
    1
  0.100000000000E+01  0.000000000000E+00  0.000000000000E+00
  0.000000000000E+00  0.100000000000E+01  0.000000000000E+00
  0.000000000000E+00  0.000000000000E+00  0.100000000000E+01
  0.000000000000E+00  0.000000000000E+00  0.000000000000E+00
   54
   20      0.026123826240     -0.020844957606     -0.073931083030
   20      2.313926153217      2.380456205981     -0.017210654753
   20     -2.346379044563     -2.342610660916     -0.028168865453
   20      2.356400191686     -0.030074410766      2.346208938782
   20      4.712184393530      2.308627124312      2.345346079794
   20      0.055883071054     -2.353116102941      2.398654801216
   20     -2.308470630750     -0.022429082123     -2.360843100978
   12      0.040232946496      2.392619695694     -2.351649880591
   12     -4.843666018437     -2.285775736577     -2.398290574843
   20      0.024386391869      2.426464118493      2.352065807991
   12      2.181128245298      4.786765484779      2.344171663751
   20     -2.326726520155     -0.008722831423      2.371619108502
   20      2.308684603526      2.378740264795      4.703633939568
   20      4.719045727653      4.687839199594      4.767737764984
   12      0.002146829841      0.026580319871      4.759834162471
   20     -2.326123728023      2.398027961373     -0.019532613812
   12      0.031930972410      4.687636608087     -0.095481803382
   20     -4.776774833113     -0.059728254241     -0.004888757675
   12      0.131764292735     -2.320301205197     -2.339109017931
   20      2.311283130176     -0.043229210081     -2.321175425729
   20     -2.326092557142     -4.659870778524     -2.352079823531
   12      2.301198852788     -2.448207198087     -0.015632538154
   12      4.774516619471     -0.083982595615      0.022628029741
   20     -0.007652150669     -4.729830234515     -0.041919584663
   20     -2.318499068958     -2.290799927364     -4.722636890118
   12     -0.006372727945     -0.096118862904     -4.632572151458
   20     -4.729656471639     -4.666205722731     -4.683431421573
    8      0.011346718468     -0.051235964221     -2.443526866690
    8      2.241032223397      2.413977249752     -2.341695323370
    8     -2.338737775978     -2.329586065439     -2.369749771530
    8      2.400432785515     -0.080995479123     -0.013253113966
    8      4.685802138070      2.286113511034     -0.008936863684
    8      0.099945896786     -2.355961599486     -0.083840082395
    8      4.758512997830     -0.017508542909      2.310654367205
    8      7.040730811549      2.231003854808      2.439791013633
    8      2.343823283710     -2.337197974277      2.352544852984
    8      0.005841601705      2.435327834312     -0.079211800772
    8      2.233122706982      4.685845523147      0.011879308143
    8     -2.339393826252     -0.011530358874     -0.018204329284
    8      2.344323742995      2.419759809148      2.347059636148
    8      4.666954248069      4.670001094038      2.379757799380
    8      0.022755239128      0.001702120019      2.390394632955
    8      4.749262285419      2.358849060273      4.699676902153
    8      7.133355599480      4.681355907513      4.821643666793
    8      2.267317330904     -0.067735857118      4.707137482386
    8      0.084157890137      4.853844031193      2.371097858490
    8      2.249486252379      6.894016790939      2.381609163688
    8     -2.331766128524      2.369438937889      2.341802543881
    8      2.296299386005      4.682564864763      4.718868294488
    8      4.788878162626      6.999926439071      4.807178706703
    8      0.000683070365      2.372270996192      4.688158691501
    8      4.687924556982      4.759660108453      7.038263870289
    8      6.889660438188      6.835032718116      7.071499153656
    8      2.318612632059      2.383564557484      7.040325747480
    0    0
