   3   1   1 E -1.6031097092851E+04 DE-3.4E-09(  9)
  0.133211062988E-01  0.702617834487E+01  0.703300825598E+01
  0.700824207817E+01 -0.257284822546E-02  0.704348701422E+01
  0.700039920520E+01  0.702114616982E+01  0.124845376934E-01
    1
  0.100000000000E+01  0.000000000000E+00  0.000000000000E+00
  0.000000000000E+00  0.100000000000E+01  0.000000000000E+00
  0.000000000000E+00  0.000000000000E+00  0.100000000000E+01
  0.000000000000E+00  0.000000000000E+00  0.000000000000E+00
   54
   20      0.011293925697     -0.021913013155     -0.042808514729
   20      2.332451851324      2.366869579018     -0.022242371171
   20     -2.361059854919     -2.341250022839     -0.042400159172
   20      2.362972321075     -0.023324334041      2.395914870390
   20      4.671933569796      2.349263019036      2.373859828910
   20      0.004240175000     -2.356806433481      2.343175842601
   20     -2.369470234309     -0.029478658660     -2.365967959851
   20      0.019822383578      2.379413769494     -2.303075465605
   12     -4.670752211053     -2.309849650452     -2.290126352076
   20     -0.013644241598      2.397899060828      2.360077511187
   20      2.302422932404      4.707308519069      2.400698595444
   20     -2.373631025621     -0.006806941501      2.374567863618
   12      2.316269256593      2.363845763338      4.749990645736
   12      4.664424842250      4.679237461573      4.687761826613
   20      0.021933976145     -0.017911045837      4.741402681368
   20     -2.360303036872      2.381462649183     -0.011679600883
   12      0.020601332313      4.697048301726     -0.060637117915
   12     -4.758781079705     -0.012359118872     -0.100780862854
   12     -0.044540141656     -2.343751051030     -2.309101014668
   12      2.342870619084     -0.088110311762     -2.311114267451
   20     -2.335250321143     -4.658362928623     -2.379263215013
   20      2.355722628064     -2.364306918028     -0.091651280033
   20      4.713933806098     -0.048455553800      0.004993296381
   12      0.044373348352     -4.648447248796     -0.063599239106
   12     -2.240245549666     -2.336899643836     -4.612426699126
   20      0.013011995029     -0.043128877389     -4.690375757487
   20     -4.667348091054     -4.679314476523     -4.690176546806
    8      0.112774780224     -0.096319118491     -2.343033655723
    8      2.339077856877      2.382518285585     -2.336294316006
    8     -2.343813443301     -2.342573876778     -2.393328779351
    8      2.350085644316     -0.007926879399     -0.060048944532
    8      4.751716217857      2.330551343023     -0.001690072709
    8      0.011085371541     -2.422197977305     -0.098946101191
    8      4.678617904964     -0.093782940552      2.371994583191
    8      7.000157697851      2.347293970946      2.311417041902
    8      2.407149496360     -2.336826942779      2.358085027002
    8      0.000850286150      2.417849391864      0.016528427110
    8      2.211729101641      4.772656207606     -0.129142922917
    8     -2.403768336041      0.001482881199     -0.011882353367
    8      2.328264412914      2.344381609460      2.402888232452
    8      4.644785188722      4.679777944699      2.381822753313
    8     -0.001274522466     -0.001863516840      2.366853932264
    8      4.569782103139      2.447943873692      4.717896953332
    8      6.997948565545      4.684668053431      4.761512953802
    8      2.328541949438     -0.033614914389      4.762299137418
    8     -0.110187996320      4.678421795106      2.378471846582
    8      2.339267013657      7.023900979289      2.379729027862
    8     -2.329926225805      2.429744946225      2.349125050072
    8      2.351526840309      4.705016688041      4.688343732686
    8      4.573377372349      6.909551904527      4.714281213239
    8      0.120508604526      2.459431451325      4.780793021096
    8      4.810496145063      4.688452647616      7.008473467215
    8      7.113744173410      6.995148840817      7.030097401399
    8      2.243061375407      2.245823956530      6.949145941077
    0    0
