   3   1   1 E -1.6031034871992E+04 DE 1.8E-09(  2)
 -0.286201665872E-02  0.702779500749E+01  0.703065712144E+01
  0.703056841840E+01  0.235905110232E-02  0.703147667701E+01
  0.702534269566E+01  0.703043536779E+01  0.387696771431E-03
    1
  0.100000000000E+01  0.000000000000E+00  0.000000000000E+00
  0.000000000000E+00  0.100000000000E+01  0.000000000000E+00
  0.000000000000E+00  0.000000000000E+00  0.100000000000E+01
  0.000000000000E+00  0.000000000000E+00  0.000000000000E+00
   54
   20      0.000000000000      0.000000000000      0.000000000000
   20      2.341780898553      2.343478455931      0.000129232257
   20     -2.341780898553     -2.343478455931     -0.000129232257
   20      2.343522806132      0.000786350367      2.343825559004
   20      4.685303704685      2.344264806299      2.343954791261
   20      0.001741907579     -2.342692105564      2.343696326747
   20     -2.343522806132     -0.000786350367     -2.343825559004
   20     -0.001741907579      2.342692105564     -2.343696326747
   12     -4.685303704685     -2.344264806299     -2.343954791261
   20     -0.000954005553      2.342598335829      2.343552373815
   20      2.340826893000      4.686076791760      2.343681606072
   12     -2.342734904106     -0.000880120102      2.343423141557
   12      2.342568800579      2.343384686196      4.687377932819
   20      4.684349699132      4.686863142127      4.687507165076
   20      0.000787902026     -0.000093769735      4.687248700562
   12     -2.344476811685      2.341811985461     -0.000273185190
   12     -0.002695913132      4.685290441393     -0.000143952932
   20     -4.686257710238     -0.001666470470     -0.000402417447
   12      0.000954005553     -2.342598335829     -2.343552373815
   20      2.342734904106      0.000880120102     -2.343423141557
   20     -2.340826893000     -4.686076791760     -2.343681606072
   12      2.344476811685     -2.341811985461      0.000273185190
   12      4.686257710238      0.001666470470      0.000402417447
   20      0.002695913132     -4.685290441393      0.000143952932
   12     -2.342568800579     -2.343384686196     -4.687377932819
   20     -0.000787902026      0.000093769735     -4.687248700562
   20     -4.684349699132     -4.686863142127     -4.687507165076
    8     -0.000393951013      0.000046884867     -2.343624350281
    8      2.341386947538      2.343525340797     -2.343495118024
    8     -2.342174849566     -2.343431571064     -2.343753582538
    8      2.343128855119      0.000833235235      0.000201208723
    8      4.684909753672      2.344311691166      0.000330440981
    8      0.001347956566     -2.342645220696      0.000071976466
    8      4.686651661252      0.001619585602      2.344026767729
    8      7.028432559806      2.345098041534      2.344155999987
    8      2.344870762699     -2.341858870329      2.343897535471
    8     -0.001347956566      2.342645220696     -0.000071976466
    8      2.340432941987      4.686123676627      0.000057255791
    8     -2.343128855119     -0.000833235235     -0.000201208723
    8      2.342174849566      2.343431571064      2.343753582538
    8      4.683955748119      4.686910026995      2.343882814795
    8      0.000393951013     -0.000046884867      2.343624350281
    8      4.685697655698      2.344217921431      4.687579141542
    8      7.027478554254      4.687696377364      4.687708373800
    8      2.343916757144      0.000739465500      4.687449909284
    8     -0.002301962119      4.685243556525      2.343480397348
    8      2.339478936435      7.028722012456      2.343609629605
    8     -2.344082860672      2.341765100595      2.343351165092
    8      2.341220844013      4.686029906892      4.687305956351
    8      4.683001742568      7.029508362824      4.687435188608
    8     -0.000560054540      2.342551450961      4.687176724095
    8      4.684743650144      4.686816257258      7.031131515354
    8      7.026524548701      7.030294713191      7.031260747611
    8      2.342962751591      2.343337801328      7.031002283096
    0    0
