   3   1   1 E -1.6031101517797E+04 DE 3.6E-09(  8)
 -0.856617515494E-04  0.701180692614E+01  0.701830619126E+01
  0.698540501247E+01  0.355479736113E-02  0.702065317752E+01
  0.698040281126E+01  0.701610471142E+01  0.145964794124E-02
    1
  0.100000000000E+01  0.000000000000E+00  0.000000000000E+00
  0.000000000000E+00  0.100000000000E+01  0.000000000000E+00
  0.000000000000E+00  0.000000000000E+00  0.100000000000E+01
  0.000000000000E+00  0.000000000000E+00  0.000000000000E+00
   54
   20     -0.010873377644      0.000786613117     -0.016847166970
   20      2.320863721453      2.348872545578     -0.033043680102
   20     -2.316703197482     -2.315928586891      0.004396777751
   20      2.350479677145     -0.037120635762      2.348352862027
   20      4.635929312636      2.311931457412      2.316560862592
   20      0.048142012866     -2.311580802619      2.363071814636
   20     -2.352861376878     -0.029797583408     -2.327405516179
   20     -0.019952345595      2.370238081283     -2.322456585398
   12     -4.670610916222     -2.347348680971     -2.282475951891
   20     -0.049171855570      2.378869923551      2.320439320856
   20      2.312338202408      4.676693204634      2.362705104337
   12     -2.326300805424      0.030668726364      2.300362157270
   12      2.321784607216      2.425521687774      4.749055623743
   20      4.647693197790      4.682385834137      4.751484093714
   20     -0.010033183202     -0.002842486346      4.678304172619
   12     -2.388346464270      2.321426397086     -0.011328653289
   12     -0.051956093915      4.650653093003     -0.041611554104
   20     -4.658289517937      0.007627822762     -0.014911618396
   12      0.081722793986     -2.391335900411     -2.274786722915
   20      2.347617969407     -0.035334707478     -2.325769159856
   20     -2.311097742667     -4.660364428768     -2.370049715843
   12      2.356116199247     -2.354979623280     -0.057700880153
   12      4.668853683741     -0.101501633003      0.067080278901
   20      0.038068360407     -4.659231230212     -0.014690721989
   12     -2.313227382033     -2.317856463875     -4.761111708853
   20     -0.035113714317     -0.058206449143     -4.690881496831
   20     -4.596796184509     -4.638924957888     -4.686659828684
    8     -0.000249037875     -0.086108119780     -2.331740085507
    8      2.321517479073      2.412304434866     -2.340098509583
    8     -2.343174851949     -2.343681624565     -2.349331058482
    8      2.431410676400     -0.088406188363      0.002695415904
    8      4.667313576872      2.287618933892      0.000829788215
    8      0.102466145821     -2.330495165289     -0.010984086798
    8      4.659776392776     -0.080096506576      2.275255224772
    8      6.987774106511      2.341203238110      2.341092585333
    8      2.448373762300     -2.338170150265      2.345417927943
    8     -0.090462076095      2.443402188754     -0.020897907288
    8      2.251128304120      4.684311241281     -0.066581005512
    8     -2.341097732116      0.076030988971      0.093672710341
    8      2.319948047677      2.342775730619      2.354911142810
    8      4.671561789217      4.743250167720      2.361067145428
    8     -0.082148942520      0.008300435486      2.329712475097
    8      4.536727937345      2.339478160738      4.710534045634
    8      7.082618013384      4.677707096661      4.774511075612
    8      2.320121876690     -0.021835280348      4.685269878738
    8     -0.094224245770      4.681605265507      2.306967483962
    8      2.393903848233      7.010927350190      2.352381060084
    8     -2.337385194394      2.319697990442      2.232377672360
    8      2.242514233279      4.600365176411      4.760941222143
    8      4.646651223934      7.015042807425      4.626057371130
    8      0.105624441177      2.454442742220      4.681185365816
    8      4.611411856107      4.663840177024      7.117623583747
    8      6.880418102234      6.938729529537      6.997411996749
    8      2.434954415791      2.446037119825      6.921520949616
    0    0
