   3   1   1 E -1.6031103485890E+04 DE 6.6E-09(  9)
  0.193755810402E-02  0.701941353276E+01  0.701941353276E+01
  0.702095712207E+01  0.270121493525E-02  0.701821364021E+01
  0.702095712207E+01  0.701821364021E+01  0.270121493525E-02
    2
  0.100000000000E+01  0.000000000000E+00  0.000000000000E+00
  0.000000000000E+00  0.100000000000E+01  0.000000000000E+00
  0.000000000000E+00  0.000000000000E+00  0.100000000000E+01
  0.000000000000E+00  0.000000000000E+00  0.000000000000E+00
  0.100000000000E+01  0.000000000000E+00  0.000000000000E+00
  0.000000000000E+00  0.000000000000E+00  0.100000000000E+01
  0.000000000000E+00  0.100000000000E+01  0.000000000000E+00
  0.000000000000E+00  0.000000000000E+00  0.000000000000E+00
   54
   20     -0.025229932143     -0.026510277712     -0.026510277712
   20      2.344995053828      2.315410896463     -0.040206211390
   20     -2.340172265521     -2.309873981513     -0.019331837327
   20      2.344995053828     -0.040206211390      2.315410896463
   20      4.685173770866      2.348771180324      2.348771180324
   20      0.014234690425     -2.315790856420      2.363195618832
   20     -2.340172265521     -0.019331837327     -2.309873981513
   20      0.014234690425      2.363195618832     -2.315790856420
   12     -4.679018894473     -2.296759954712     -2.296759954712
   20     -0.037655241465      2.340862889125      2.340862889125
   20      2.379278143632      4.724642308012      2.389411522192
   12     -2.455742944684      0.022826434429      2.274839859809
   20      2.379278143632      2.389411522192      4.724642308012
   12      4.615214409721      4.760620434477      4.760620434477
   20     -0.038744616539     -0.020617477509      4.693892939529
   12     -2.455742944684      2.274839859809      0.022826434429
   20     -0.038744616539      4.693892939529     -0.020617477509
   12     -4.676267285348     -0.066684887602     -0.066684887602
   12      0.073575420234     -2.326935713373     -2.326935713373
   12      2.400352779520     -0.108616877085     -2.270295723774
   20     -2.364547164251     -4.711811818053     -2.362349918405
   12      2.400352779520     -2.270295723774     -0.108616877085
   12      4.567247829264     -0.038666215990     -0.038666215990
   20      0.046948751067     -4.675057532217     -0.017776257655
   20     -2.364547164251     -2.362349918405     -4.711811818053
   20      0.046948751067     -0.017776257655     -4.675057532217
   20     -4.657466843810     -4.698209341744     -4.698209341744
    8      0.087049000277     -0.109379359462     -2.339791576266
    8      2.343226520212      2.373365198238     -2.333220781754
    8     -2.353714175703     -2.343562016139     -2.343562016139
    8      2.386543463904     -0.098572727676     -0.098572727676
    8      4.679209473649      2.264182946168     -0.008945109561
    8      0.087049000277     -2.339791576266     -0.109379359462
    8      4.679209473649     -0.008945109561      2.264182946168
    8      7.021155227431      2.340640028420      2.340640028420
    8      2.343226520212     -2.333220781754      2.373365198238
    8     -0.056137404095      2.333556222026      0.018397141016
    8      2.359280596511      4.773119709582     -0.077109184599
    8     -2.471172795050      0.072318797248      0.072318797248
    8      2.342504044079      2.339774706290      2.339774706290
    8      4.690692728205      4.779515345540      2.409722492316
    8     -0.056137404095      0.018397141016      2.333556222026
    8      4.690692728205      2.409722492316      4.779515345540
    8      7.039485117669      4.695590111845      4.695590111845
    8      2.359280596511     -0.077109184599      4.773119709582
    8      0.021021248967      4.676170873291      2.432413174947
    8      2.460222313257      7.006072908413      2.362248782529
    8     -2.339476619252      2.225467145383      2.225467145383
    8      2.347065016722      4.765107228273      4.765107228273
    8      4.571516051761      6.903386983586      4.772997091608
    8      0.021021248967      2.432413174947      4.676170873291
    8      4.571516051761      4.772997091608      6.903386983586
    8      7.074004684995      7.019032413610      7.019032413610
    8      2.460222313257      2.362248782529      7.006072908413
    0    0
