   3   1   1 E -1.6031077873751E+04 DE-2.9E-10( 11)
  0.136959602860E-01  0.696507915669E+01  0.696745185134E+01
  0.699201560326E+01 -0.201757723260E-01  0.699385146940E+01
  0.698336308051E+01  0.697748430307E+01 -0.588439687185E-02
    1
  0.100000000000E+01  0.000000000000E+00  0.000000000000E+00
  0.000000000000E+00  0.100000000000E+01  0.000000000000E+00
  0.000000000000E+00  0.000000000000E+00  0.100000000000E+01
  0.000000000000E+00  0.000000000000E+00  0.000000000000E+00
   54
   20      0.014705060208     -0.014338713722     -0.018640584280
   20      2.335824623354      2.314701999028     -0.041129018478
   20     -2.349820334554     -2.346553714844     -0.036092312523
   20      2.357621425505     -0.054270351019      2.366809852615
   20      4.658712539022      2.309015754458      2.359429516059
   20      0.013853506775     -2.344035978171      2.348781658555
   20     -2.339940615146     -0.012536049973     -2.349539955183
   20     -0.010434363582      2.330592174841     -2.337872558255
   12     -4.592808701191     -2.402472801245     -2.374159017745
   20     -0.011095831732      2.343697056575      2.350147944264
   20      2.330953144910      4.668686516036      2.364232708474
   20     -2.343909471777      0.023860982004      2.361752337695
   12      2.440382687003      2.339555302625      4.711259274632
   12      4.556305370510      4.610391083093      4.691053806251
   20     -0.000808166681     -0.023318614119      4.656553541458
   12     -2.292918160566      2.529897101330     -0.155379328243
   20     -0.039400661465      4.634930010895     -0.015729312185
   20     -4.642967513837      0.030650981936     -0.037134271741
   20      0.013727611557     -2.330255614225     -2.340681163625
   12      2.302434878599      0.141663814538     -2.269864735987
   12     -2.386796031175     -4.566920037270     -2.363355979254
   12      2.302288019364     -2.325020365992     -0.039468992899
   20      4.625407854446     -0.062132085076     -0.034423932781
   20      0.019560913693     -4.650985653368     -0.009519076822
   12     -2.330318545016     -2.382761186997     -4.562852180127
   12      0.029921787901     -0.069990501855     -4.635581827212
   20     -4.629619727252     -4.593971707266     -4.625204192602
    8      0.058284060224     -0.008559380791     -2.353127174318
    8      2.363840874350      2.361226088828     -2.341986671247
    8     -2.394239939897     -2.406566854137     -2.413053273836
    8      2.327396011293     -0.071269863922     -0.063380911595
    8      4.654389734723      2.306069890853     -0.035292065577
    8      0.033813274745     -2.340625404640     -0.018146914029
    8      4.687452524120     -0.082961975320      2.349966660929
    8      6.992355863921      2.292353880711      2.339225156908
    8      2.381091560481     -2.349518638148      2.365469136578
    8     -0.038677018231      2.326119469698     -0.010772531972
    8      2.318711760082      4.653224032390     -0.037305270549
    8     -2.333585802453      0.025598054538     -0.022363214749
    8      2.334207674695      2.315763064289      2.367970609140
    8      4.642787474785      4.647609448074      2.359207295939
    8      0.003439740635     -0.014497754859      2.348991977699
    8      4.581666931326      2.371624654831      4.738340866146
    8      6.975487836321      4.615903508260      4.655972443861
    8      2.344976617482     -0.031353000050      4.655292407409
    8     -0.035670671502      4.704170125390      2.339596982004
    8      2.313598430502      7.008966360797      2.363975770838
    8     -2.312798850156      2.409753398072      2.363609908924
    8      2.440904594941      4.641611836802      4.762669926437
    8      4.602347650765      6.961770082330      4.653623851739
    8      0.028986286133      2.326655901517      4.657419664919
    8      4.566974874514      4.520410431831      6.944493934272
    8      6.982199133278      6.950361559194      6.965683900635
    8      2.400033972302      2.418826274682      6.899910490860
    0    0
