   3   1   1 E -1.6031093936581E+04 DE-2.7E-10( 11)
 -0.122415093725E-02  0.702055483022E+01  0.704901200020E+01
  0.703705080017E+01 -0.835876336435E-02  0.704868936113E+01
  0.702976631434E+01  0.700793531756E+01  0.411606291496E-02
    1
  0.100000000000E+01  0.000000000000E+00  0.000000000000E+00
  0.000000000000E+00  0.100000000000E+01  0.000000000000E+00
  0.000000000000E+00  0.000000000000E+00  0.100000000000E+01
  0.000000000000E+00  0.000000000000E+00  0.000000000000E+00
   54
   20      0.042538144745     -0.003037480390     -0.024826214242
   20      2.354329857538      2.307969940812     -0.080397634349
   20     -2.372096511708     -2.356040968526     -0.043113970383
   20      2.370463515588     -0.029640862383      2.385274130832
   20      4.714019952797      2.288554863609      2.349784099430
   20      0.045238526971     -2.385687600577      2.382033227945
   20     -2.350168519495      0.026740442741     -2.331284101133
   12      0.084813241985      2.273420575575     -2.399947240437
   12     -4.680303273200     -2.410177663320     -2.326750846683
   20     -0.000078923551      2.350619513930      2.368795309584
   20      2.321680850205      4.710341821254      2.380379309683
   20     -2.403168648716      0.018557621477      2.384408480949
   12      2.393834507428      2.403254771567      4.758029459402
   20      4.651011335071      4.678135128455      4.739896511046
   20      0.019551808207      0.018129275452      4.744983746009
   20     -2.390851135780      2.360391280896     -0.015030684708
   20      0.006456243625      4.724342799490     -0.021139772675
   12     -4.717127753004      0.074114722268     -0.072068642077
   20      0.035508232341     -2.331327954555     -2.366530802259
   12      2.296197146201      0.065923246670     -2.324317924622
   12     -2.405847392807     -4.690596238220     -2.316818870823
   12      2.358803583603     -2.354091517718     -0.093696484721
   12      4.541968930701      0.000893640124     -0.083495098703
   20      0.028697585048     -4.725490765798     -0.030197681585
   20     -2.375076681901     -2.316014622220     -4.695115790298
   12      0.061513836346      0.042012118023     -4.692509161659
   20     -4.708380942875     -4.697063903102     -4.677739175694
    8      0.143689228359      0.133331389895     -2.394330799542
    8      2.339477854147      2.325595914739     -2.345525568741
    8     -2.437375362875     -2.427243335154     -2.347771959883
    8      2.437641568733     -0.110895703425     -0.076578471346
    8      4.675891058622      2.220735568876     -0.108349898063
    8      0.089259277490     -2.347048917482     -0.025692851023
    8      4.770958712300     -0.001481677044      2.354488614626
    8      7.040647184726      2.223431890414      2.424508313624
    8      2.342088977789     -2.352738969867      2.374856901495
    8      0.001507226086      2.342731328314     -0.023766407949
    8      2.348525269796      4.751493034262     -0.081588573194
    8     -2.411131053201      0.000138396032     -0.015953391656
    8      2.351972334618      2.325775354565      2.383021298481
    8      4.678091754133      4.666558282038      2.368923957250
    8      0.005496772668     -0.009818987352      2.374839385328
    8      4.649978847317      2.340159338237      4.703713336441
    8      7.124432851436      4.584827670616      4.715119973687
    8      2.349185422078      0.020996467773      4.787831214317
    8     -0.001453687646      4.756356661692      2.362908328231
    8      2.230626444100      7.005649522281      2.374826630881
    8     -2.360708132145      2.345312582716      2.370128280698
    8      2.343796575565      4.688303570917      4.783642918608
    8      4.561406202165      7.118777412650      4.773050404662
    8      0.039925784329      2.342289415960      4.714168332301
    8      4.590359636867      4.779166973550      7.032030920516
    8      7.111330228415      7.008720015103      7.121391159914
    8      2.356019844874      2.315235844016      6.959682181611
    0    0
