   3   1   1 E -1.6031058296438E+04 DE-1.4E-10( 11)
  0.880598661765E-02  0.701716980193E+01  0.701564908642E+01
  0.699510928921E+01  0.952537379372E-02  0.700856467300E+01
  0.701486561337E+01  0.702367981105E+01 -0.404886582685E-02
    1
  0.100000000000E+01  0.000000000000E+00  0.000000000000E+00
  0.000000000000E+00  0.100000000000E+01  0.000000000000E+00
  0.000000000000E+00  0.000000000000E+00  0.100000000000E+01
  0.000000000000E+00  0.000000000000E+00  0.000000000000E+00
   54
   20      0.007088732961     -0.012156971559     -0.020544451308
   20      2.323414066989      2.351302004900     -0.024261103253
   20     -2.340772416208     -2.337137354861     -0.010647299755
   20      2.330212064926     -0.005151916580      2.332266017862
   20      4.675629824715      2.348924013600      2.332016579069
   20      0.003250499152     -2.347691165987      2.338501978697
   20     -2.325640752430     -0.008137697560     -2.333507770182
   12      0.040245579907      2.355012636162     -2.312421569805
   12     -4.670335784828     -2.377502561223     -2.238931555298
   20     -0.003126062437      2.344764507748      2.335175401101
   20      2.332672352901      4.701402485875      2.331621304238
   12     -2.371764119405     -0.008327980367      2.330034049770
   20      2.322319093324      2.352029362453      4.689577591684
   20      4.668784981662      4.689569208300      4.677266216102
   20      0.000827867409     -0.006053777493      4.693182630629
   20     -2.333795854887      2.335230719439     -0.001539135323
   12      0.038145252361      4.652090102203     -0.021409944303
   12     -4.687922048411     -0.024234725714     -0.001879272572
   12      0.033652560080     -2.363519053061     -2.286800765615
   12      2.360792028087     -0.046981374974     -2.336282477936
   20     -2.346041227387     -4.679449576987     -2.340552455502
   12      2.296122701168     -2.320371163800     -0.024735665111
   20      4.670651095278      0.001939085832     -0.012726526219
   12     -0.021733446241     -4.588680084776     -0.008514144411
   20     -2.331172297754     -2.342716748126     -4.677663157827
   20      0.020343106948     -0.002528357491     -4.674898527475
   20     -4.679112159114     -4.683847022354     -4.675633848243
    8      0.024379894750     -0.014015289569     -2.340550689748
    8      2.314886657385      2.346514918582     -2.350746010417
    8     -2.330625670130     -2.342414516346     -2.337035140856
    8      2.333550549287     -0.010713436965     -0.025899820867
    8      4.677013478526      2.347321839282     -0.012543862362
    8      0.021077109312     -2.366416673358     -0.019909929295
    8      4.669351844636      0.003741103061      2.331458587162
    8      7.008386117541      2.346102931216      2.331403203186
    8      2.328864957719     -2.340280367003      2.332592428236
    8     -0.003958898153      2.349355501205     -0.021180423639
    8      2.312408197506      4.712235799280     -0.032477045563
    8     -2.338169299979     -0.011815413450     -0.001656148488
    8      2.328602362794      2.349278378613      2.331946824105
    8      4.674877346291      4.695370947323      2.332582023111
    8     -0.008998976742     -0.007063517288      2.332373665583
    8      4.675801350836      2.351258892251      4.680363236067
    8      7.018142087299      4.667529595532      4.708027677987
    8      2.332522521255     -0.010537338272      4.688718702677
    8      0.008834986038      4.685290469147      2.337968455031
    8      2.366071030731      7.022988553300      2.350511074968
    8     -2.331771914052      2.329701809474      2.337369013142
    8      2.311371789432      4.710699931690      4.690436415446
    8      4.665837078208      7.021521777647      4.674163634393
    8     -0.003805417067      2.352184225750      4.691527416786
    8      4.669152922307      4.684921829390      7.002746361162
    8      7.034379241668      7.023657267581      7.012978237656
    8      2.313597015221      2.352491628844      7.008882036672
    0    0
