   3   1   1 E -1.6031080227545E+04 DE 6.5E-09(  9)
  0.125274753415E-01  0.698683165244E+01  0.699968304121E+01
  0.701221706295E+01  0.556473470719E-02  0.699969748988E+01
  0.703053568792E+01  0.699870256950E+01 -0.617108130720E-02
    1
  0.100000000000E+01  0.000000000000E+00  0.000000000000E+00
  0.000000000000E+00  0.100000000000E+01  0.000000000000E+00
  0.000000000000E+00  0.000000000000E+00  0.100000000000E+01
  0.000000000000E+00  0.000000000000E+00  0.000000000000E+00
   54
   20      0.019229376794     -0.025821884796     -0.045787655244
   20      2.315383523374      2.354970551387     -0.074360841107
   20     -2.381031380964     -2.302276168638     -0.047103004137
   20      2.310182289316     -0.070134828448      2.340278868851
   20      4.675114346038      2.331070276389      2.318099300289
   20      0.053110430621     -2.345371108529      2.358585082669
   20     -2.367138029131     -0.027782573484     -2.305285571542
   20      0.051960090011      2.356125517155     -2.290170028264
   12     -4.751043312910     -2.309110079913     -2.312193690457
   20     -0.021762129163      2.354823696933      2.355673409754
   20      2.290440530138      4.737613102220      2.328922757974
   20     -2.384094232914      0.040533166435      2.339758931381
   20      2.291623026360      2.338094059689      4.789826583118
   20      4.681920114844      4.677048293450      4.737465053505
   12      0.068653775655     -0.104866202492      4.756407788238
   12     -2.363898547655      2.571607064767     -0.000855472884
   12      0.057885708117      4.707962520997     -0.085977150814
   12     -4.700498077983     -0.003164146203     -0.049259603411
   12      0.056287149174     -2.329379067835     -2.317651742231
   12      2.303358796842     -0.036058349108     -2.315605208139
   20     -2.368699639987     -4.671915549489     -2.346412982755
   12      2.371614692600     -2.325055550965     -0.021959702978
   20      4.685699126993     -0.069760587666     -0.033275787383
   20      0.093918002503     -4.686695422504     -0.013142045426
   20     -2.365238496265     -2.395784089705     -4.687670026180
   20      0.070059300181     -0.034637284207     -4.684901838103
   12     -4.648851491119     -4.640910500002     -4.672995288118
    8      0.093055799388     -0.085863490227     -2.348492754329
    8      2.340446818275      2.335133696061     -2.426042450376
    8     -2.359928205581     -2.327538642840     -2.327175626886
    8      2.322012960389     -0.094564815995     -0.104598321457
    8      4.675380703838      2.329923252280     -0.040871256264
    8      0.058794511259     -2.332127367414     -0.079518131148
    8      4.665730347692     -0.033885229336      2.314287419086
    8      7.098784080383      2.331983694418      2.330086852619
    8      2.332114360900     -2.440767997892      2.343954700470
    8     -0.066720481699      2.406463206660     -0.004377494236
    8      2.218070942435      4.802954671159     -0.158594824315
    8     -2.436026492638      0.059624268200     -0.017777857840
    8      2.315123170655      2.341054881347      2.332144942895
    8      4.664979943645      4.686583609543      2.325147033323
    8      0.016718301229     -0.016654588902      2.379346582699
    8      4.671693315003      2.332887293823      4.748533283753
    8      7.128233948773      4.763041185227      4.750422275677
    8      2.246939137345     -0.135309686554      4.783802480456
    8      0.010883712784      4.663514543595      2.338463865336
    8      2.355760836618      7.114125044328      2.360252093094
    8     -2.415449181135      2.316515225402      2.333684612876
    8      2.257923171824      4.768073747888      4.758150327072
    8      4.684759799916      6.968538364986      4.691186970875
    8      0.021254264717      2.322861138189      4.706568305323
    8      4.676576158783      4.539055206986      6.979301022204
    8      7.147590456516      6.857288422054      6.890991787240
    8      2.479873695169      2.395910816501      7.090156549296
    0    0
