   3   1   1 E -1.6031095323056E+04 DE 5.2E-10( 11)
 -0.712998441233E-03  0.698876036339E+01  0.703298132705E+01
  0.701305708687E+01 -0.105868464178E-01  0.703362053190E+01
  0.700166818131E+01  0.697412674631E+01  0.586519525058E-02
    1
  0.100000000000E+01  0.000000000000E+00  0.000000000000E+00
  0.000000000000E+00  0.100000000000E+01  0.000000000000E+00
  0.000000000000E+00  0.000000000000E+00  0.100000000000E+01
  0.000000000000E+00  0.000000000000E+00  0.000000000000E+00
   54
   20      0.026111717866     -0.022343611975     -0.032004822022
   20      2.318895340398      2.316570280341     -0.034236651847
   20     -2.353948823581     -2.316190817263     -0.007832230178
   20      2.354707105547     -0.028196986267      2.326432425155
   20      4.685345851677      2.311248171985      2.371973671394
   20      0.000313983766     -2.315863865453      2.354681976920
   20     -2.323789776344     -0.015415482105     -2.357652594688
   20     -0.013581189910      2.323299895376     -2.342356574162
   20     -4.689036380116     -2.292083041713     -2.336152179296
   20     -0.022328516115      2.389098326107      2.360825493612
   20      2.277753807162      4.698909826163      2.372846406460
   20     -2.363835095318     -0.008045093835      2.381742552961
   20      2.312679387565      2.375132876885      4.729420395649
   12      4.717416159944      4.696652285837      4.765756460965
   12      0.065001580002     -0.065911075026      4.705337021379
   20     -2.364415182857      2.399144298645     -0.003485258683
   12      0.022797962245      4.710080424993     -0.083125760078
   12     -4.723655777872     -0.041956067534      0.002413272279
   12     -0.010906134942     -2.239234836272     -2.370152640490
   12      2.268776998540     -0.140784339239     -2.303453357247
   20     -2.315715745567     -4.670479127456     -2.373664901128
   12      2.318014070980     -2.285345995903     -0.095395031715
   20      4.717599003940     -0.089829838242     -0.008189087743
   20      0.031682676739     -4.686911682760     -0.035939017302
   12     -2.252066129793     -2.303717683838     -4.677605062293
   12      0.013357586932     -0.119533783575     -4.630702616995
   20     -4.674504428696     -4.671725543698     -4.718865754645
    8      0.071175687090     -0.105507401993     -2.408525069572
    8      2.319548922398      2.257674144246     -2.337177589330
    8     -2.289194921516     -2.312336642913     -2.374245760350
    8      2.341856506384     -0.078177878373     -0.056128725279
    8      4.677264214746      2.301145966810     -0.010542935162
    8      0.059739557955     -2.319319868113     -0.059430693508
    8      4.750825351991     -0.082688429417      2.353889000958
    8      6.993331910708      2.256608213181      2.352313133411
    8      2.397695288820     -2.319040056728      2.293750170297
    8      0.003597042260      2.400409608208     -0.007290826268
    8      2.240983427477      4.715403076702      0.001164135323
    8     -2.392726400097      0.001802644899     -0.002827908098
    8      2.325684337863      2.347834343300      2.355694994513
    8      4.642119096923      4.649324453024      2.384579110241
    8      0.013911970374      0.005179702669      2.389831003895
    8      4.669368689067      2.402789956785      4.688969692891
    8      6.938134910024      4.732659449186      4.751674545569
    8      2.261232102140      0.000358690529      4.741377216494
    8     -0.099232016912      4.764875423964      2.378458406243
    8      2.221193930794      6.964693619165      2.366298760940
    8     -2.338368903115      2.412196860452      2.340869600411
    8      2.368983541581      4.775043764460      4.794529956344
    8      4.698241693989      6.872696469847      4.704035514720
    8      0.000315155071      2.358971743530      4.678303120685
    8      4.693584328450      4.667509835125      7.025370008726
    8      7.134555846326      6.860036575851      6.994438486553
    8      2.336563890854      2.348639406214      7.026108256990
    0    0
