   3   1   1 E -1.6031092842113E+04 DE-1.5E-08(  9)
  0.747198004939E-03  0.702397737239E+01  0.701490786416E+01
  0.699765611480E+01 -0.264129908069E-02  0.700945904624E+01
  0.700177407308E+01  0.701830440715E+01 -0.182059843695E-02
    1
  0.100000000000E+01  0.000000000000E+00  0.000000000000E+00
  0.000000000000E+00  0.100000000000E+01  0.000000000000E+00
  0.000000000000E+00  0.000000000000E+00  0.100000000000E+01
  0.000000000000E+00  0.000000000000E+00  0.000000000000E+00
   54
   20     -0.036767062927     -0.004043606132     -0.033034645468
   20      2.330979733853      2.337548856267     -0.063738321515
   20     -2.340326132826     -2.305547158783     -0.002502614708
   20      2.315702863929     -0.004066455512      2.372652442349
   20      4.651544912069      2.325354846636      2.326535847892
   20      0.001423654761     -2.303485697438      2.379582993990
   20     -2.384155863377     -0.008337159866     -2.315025978779
   20      0.023903227170      2.345578053702     -2.357582376598
   12     -4.737987076037     -2.201075371965     -2.302693694615
   20     -0.012247022495      2.325287259664      2.373598514551
   20      2.342142909478      4.718781022654      2.375340313336
   12     -2.352093729047      0.042043300147      2.354127671892
   12      2.290291383008      2.295599858838      4.742922572070
   20      4.634549608156      4.728482802771      4.695551568077
   12      0.039927019962     -0.030944283972      4.769408827130
   12     -2.411866522656      2.260537581119     -0.010677432551
   20     -0.011248796648      4.723935419632     -0.044370043196
   12     -4.704661279081      0.054404872299     -0.067237428692
   12      0.114657912305     -2.324940470587     -2.337245547378
   12      2.460322579722     -0.052952512660     -2.334145488994
   20     -2.312454141778     -4.717533641028     -2.338961342313
   20      2.339833595753     -2.357906843145     -0.066914704634
   12      4.584551256811     -0.002612600039     -0.039783272261
   20      0.039626677846     -4.721223234583     -0.039219119441
   20     -2.320817698607     -2.354175403999     -4.688860224979
   20      0.039414262004     -0.024684503962     -4.658641762785
   20     -4.617155756379     -4.714914671771     -4.655179996970
    8      0.061374710133     -0.081129389117     -2.322929372597
    8      2.334193741486      2.311399317504     -2.344165913391
    8     -2.328107907061     -2.337677733468     -2.330458156989
    8      2.411218483982      0.002957483234     -0.078356424566
    8      4.671796464617      2.262365631794     -0.009877323788
    8      0.006381210126     -2.343738354341     -0.036972226856
    8      4.649438103626     -0.004841983128      2.296469654178
    8      7.010874421757      2.329101505065      2.343115294189
    8      2.329283269556     -2.338948068635      2.366708427345
    8     -0.083107712692      2.335061308780     -0.028549025114
    8      2.338769407074      4.776062783837     -0.064222146856
    8     -2.421484864224      0.077637495550      0.065992349244
    8      2.327832733511      2.330106259182      2.374175419163
    8      4.672475529746      4.756165646232      2.353397604772
    8     -0.092240162025     -0.001850009252      2.391515143016
    8      4.571642152620      2.333331746573      4.731111707218
    8      7.085175613564      4.776789250188      4.681273617783
    8      2.244513866124     -0.042177312721      4.757059554340
    8      0.004931246741      4.684866111186      2.366491578520
    8      2.439279767453      7.020881352922      2.353638233787
    8     -2.328893686243      2.250683596713      2.279173939087
    8      2.218321745934      4.716185339905      4.668092946667
    8      4.645280197115      7.020425896849      4.687764364320
    8      0.141108310960      2.329300476806      4.680025011496
    8      4.654752851352      4.726140831348      7.002741729372
    8      7.018012574509      7.026049867593      6.956161339445
    8      2.450885651805      2.234122853163      6.928174324625
    0    0
