   3   1   1 E -1.6031050377672E+04 DE-7.1E-11( 11)
  0.902784724605E-02  0.701561467049E+01  0.702053434264E+01
  0.700568727985E+01  0.163268132897E-01  0.700631577905E+01
  0.702249070084E+01  0.701287498316E+01  0.489732124641E-02
    1
  0.100000000000E+01  0.000000000000E+00  0.000000000000E+00
  0.000000000000E+00  0.100000000000E+01  0.000000000000E+00
  0.000000000000E+00  0.000000000000E+00  0.100000000000E+01
  0.000000000000E+00  0.000000000000E+00  0.000000000000E+00
   54
   20      0.005296031911     -0.002842976104     -0.005235860553
   20      2.329649173432      2.347136932821     -0.002196761051
   20     -2.347429163403     -2.330621744441     -0.007714129791
   20      2.337633738147      0.001979956230      2.341193026800
   20      4.675895141930      2.341380464773      2.337223273632
   20      0.002193862290     -2.336872417962      2.339978354719
   20     -2.335441380188     -0.007663586967     -2.334030194925
   12      0.013646503992      2.396531237721     -2.346882593174
   12     -4.819653415499     -2.302584395252     -2.335514707324
   20      0.004207917285      2.341271079661      2.340467238544
   20      2.340193787840      4.678487899401      2.341657734721
   12     -2.357903295298     -0.004487899684      2.329009931163
   12      2.331273432246      2.353392315470      4.696101071956
   20      4.682669441537      4.675745686820      4.684948175938
   20      0.006488693603     -0.003789002226      4.683296772999
   20     -2.334503237776      2.335024755138      0.000492771423
   12      0.031913160198      4.701736786724     -0.017138349044
   12     -4.635296259472     -0.026507519375     -0.002558071294
   12      0.092782600269     -2.356185718098     -2.336360843457
   20      2.337601063700     -0.009436725033     -2.329438210368
   20     -2.345629963010     -4.677054973686     -2.338704491085
   12      2.310297116841     -2.314863491712     -0.028156620756
   12      4.657017181156     -0.016061472335     -0.007911234528
   20      0.000135110606     -4.676768130913     -0.008725768407
   20     -2.339988531513     -2.341578055846     -4.678467062145
   20      0.006712356212     -0.015980010499     -4.674578310389
   20     -4.677261647344     -4.686770810030     -4.678532584633
    8      0.003919966988     -0.009499339211     -2.335303632522
    8      2.332060816570      2.341237004834     -2.339108706682
    8     -2.343499785563     -2.338634210923     -2.337598059825
    8      2.344976688791     -0.005963386357      0.000314030582
    8      4.674203864910      2.337908711539     -0.001003808624
    8      0.017328667480     -2.341426192339     -0.000903471276
    8      4.668464665696      0.002829743431      2.331562746351
    8      7.018133653966      2.337902938065      2.339170170920
    8      2.329970807820     -2.332258192322      2.330797617904
    8      0.003371153975      2.353009022569     -0.005353585797
    8      2.304495495813      4.699855723858     -0.000220773365
    8     -2.338110406321     -0.001960879946     -0.002425278637
    8      2.336476452099      2.344554798803      2.340414186306
    8      4.680482288895      4.683150475506      2.341703031037
    8     -0.000643590580     -0.000511626209      2.338937415285
    8      4.674280410916      2.344923797655      4.675463227395
    8      7.035768298106      4.660677709964      4.696190704053
    8      2.339156268244      0.004338131112      4.685803878642
    8      0.008811228231      4.676526187103      2.341889916998
    8      2.360210005379      7.001531991492      2.349674265988
    8     -2.332741047142      2.331676939767      2.341447604390
    8      2.337536821611      4.659739747777      4.692444300279
    8      4.684864341026      7.008936649286      4.686078359182
    8      0.012519233187      2.345671412715      4.681011198497
    8      4.675323127619      4.692551406289      7.012852417349
    8      7.028099950244      7.003732985068      7.014549583581
    8      2.339467428026      2.338554367112      7.002253596193
    0    0
