   3   1   1 E -1.6031084151374E+04 DE 3.5E-10( 11)
  0.225460140037E-01  0.699550434074E+01  0.699548780410E+01
  0.696757398051E+01  0.930543544114E-02  0.700226309979E+01
  0.698078154521E+01  0.700901241535E+01  0.256938197436E-02
    1
  0.100000000000E+01  0.000000000000E+00  0.000000000000E+00
  0.000000000000E+00  0.100000000000E+01  0.000000000000E+00
  0.000000000000E+00  0.000000000000E+00  0.100000000000E+01
  0.000000000000E+00  0.000000000000E+00  0.000000000000E+00
   54
   20      0.048817694687     -0.029818530589      0.004210166009
   20      2.333540194011      2.320261471405     -0.051656109420
   20     -2.343765787657     -2.320945508031     -0.008324962608
   20      2.392549821550     -0.054991924403      2.356874763868
   20      4.661604573342      2.312092671932      2.324284357270
   20      0.043041659691     -2.324771976764      2.352142210936
   20     -2.308047128489     -0.024799758969     -2.343758157058
   20      0.036285564332      2.332484007010     -2.309501004474
   12     -4.639131583799     -2.370583719024     -2.309259645783
   20     -0.008119057473      2.343972321461      2.320991661350
   20      2.303779867711      4.710794053631      2.345049635986
   12     -2.378861531878     -0.018527712396      2.375257546801
   12      2.339499127844      2.370970244230      4.703858214198
   20      4.622714499463      4.716589502058      4.716606085329
   20     -0.013686001722     -0.024324301079      4.679042021331
   20     -2.338818608904      2.366394884873      0.058946892446
   12      0.006357494934      4.731264533437      0.004681060695
   20     -4.668340925685     -0.024744153756      0.006772941756
   20      0.020888657292     -2.307575316199     -2.370012574716
   12      2.373384982617     -0.007594498185     -2.336636259801
   20     -2.384616124580     -4.682081061648     -2.367672635633
   12      2.365124914846     -2.251912504315     -0.100100756539
   12      4.461001584944     -0.024698200662      0.060803530833
   20     -0.022555625443     -4.684669209579     -0.000266354964
   12     -2.349265426592     -2.280432152111     -4.758318296411
   12     -0.026398636000     -0.008903419143     -4.794403786774
   20     -4.636740305616     -4.670067345740     -4.649007719390
    8      0.092387406508     -0.005069140427     -2.337527968350
    8      2.329220921864      2.333545645680     -2.338819840147
    8     -2.392767130127     -2.324255837168     -2.357344262988
    8      2.442357426248     -0.111665843229     -0.043841542849
    8      4.640177869937      2.296860107238     -0.014299870162
    8      0.070480012281     -2.337355688139      0.003961511975
    8      4.767321195943     -0.089671917245      2.271451568816
    8      6.977110158055      2.299338517721      2.342823671864
    8      2.426311191178     -2.342828504128      2.362380510408
    8      0.016376419298      2.363885146118      0.004049969130
    8      2.270156960587      4.676565483726     -0.057858975911
    8     -2.322622983502     -0.008952079429      0.025973527007
    8      2.337542757642      2.325302027884      2.350593253189
    8      4.644370125589      4.725341196227      2.352136746939
    8     -0.016253984093     -0.023718477647      2.335405620856
    8      4.598392858605      2.344240681636      4.666987727006
    8      7.055647053761      4.688246589246      4.724543548725
    8      2.332020516539     -0.017016205728      4.679680195686
    8     -0.077165155983      4.745685271348      2.258527334042
    8      2.345757554774      7.004920512980      2.347424864664
    8     -2.334061896573      2.332778802262      2.328619409721
    8      2.327333520957      4.688910595744      4.721790311651
    8      4.558698133883      7.005812008193      4.671340644238
    8      0.041203325831      2.325236111385      4.659013870437
    8      4.628462862858      4.776886455580      7.094727485663
    8      6.894328536445      6.916272970109      7.068736178182
    8      2.326027376815      2.379523034524      6.970362971339
    0    0
