   3   1   1 E -1.6031092060097E+04 DE 4.7E-09(  9)
  0.360521696239E-02  0.700291570783E+01  0.701981642449E+01
  0.698141058743E+01 -0.399688568536E-02  0.703277557533E+01
  0.696384943384E+01  0.700587800357E+01  0.563744814358E-02
    1
  0.100000000000E+01  0.000000000000E+00  0.000000000000E+00
  0.000000000000E+00  0.100000000000E+01  0.000000000000E+00
  0.000000000000E+00  0.000000000000E+00  0.100000000000E+01
  0.000000000000E+00  0.000000000000E+00  0.000000000000E+00
   54
   20     -0.027569380894     -0.002792292341     -0.041215408763
   20      2.295557751857      2.372287638867     -0.030535361316
   20     -2.327483920332     -2.307084954440     -0.007648472626
   20      2.290160367090     -0.012366932088      2.363254877999
   20      4.647673723331      2.325462512546      2.375828883866
   20      0.034828779760     -2.304239252789      2.387239520816
   20     -2.356624198820     -0.000839140185     -2.322765518372
   20     -0.007996962660      2.363070732108     -2.324846171682
   12     -4.720922330468     -2.327509240257     -2.401730184473
   20     -0.011896304083      2.353298306831      2.350805846783
   20      2.257898232967      4.704622153685      2.354354854101
   12     -2.247810914484      0.030806334206      2.369932602574
   12      2.301797503360      2.397588506859      4.696070740554
   20      4.663881532109      4.645584731067      4.730966099333
   12      0.109298236291     -0.090404177850      4.713644275284
   12     -2.370048470211      2.396118923270      0.027401789927
   12     -0.038704986022      4.716834704559     -0.027945812696
   20     -4.668277961740      0.018956886792     -0.046315992354
   12      0.084568418101     -2.295028859325     -2.372551214709
   20      2.284428890120     -0.049447600836     -2.302512645799
   20     -2.268152747034     -4.675659492439     -2.360665802805
   12      2.287347908871     -2.414538454048     -0.022985499768
   20      4.689678400875     -0.068846633861      0.001308831962
   20      0.070612916076     -4.678652556188     -0.026666366645
   20     -2.306125132030     -2.344754017736     -4.700885482586
   12     -0.031578849602     -0.065926531202     -4.599471573758
   20     -4.625869488415     -4.677052615549     -4.689213053833
    8     -0.023119365393     -0.054275714734     -2.368311434515
    8      2.317927580143      2.369145936153     -2.331970859706
    8     -2.320118451589     -2.334603013429     -2.356888184690
    8      2.314234865165     -0.063445489406     -0.019468462891
    8      4.672917762153      2.332490649722     -0.003457517392
    8      0.080210276790     -2.332188101332     -0.015180482433
    8      4.702280671300     -0.016942564639      2.366904327834
    8      6.983668928140      2.293665958885      2.375710812000
    8      2.334519960177     -2.335366040064      2.357136968593
    8     -0.071872023177      2.404488153643     -0.046973376737
    8      2.214106997048      4.699309980461     -0.061648451502
    8     -2.334533871459      0.057929443894      0.014423955605
    8      2.298706965101      2.351061891823      2.389843250550
    8      4.649762732396      4.719889965279      2.365431580288
    8     -0.076269081340      0.012607494546      2.340976987813
    8      4.580312126621      2.337727593803      4.741583594363
    8      7.102361902015      4.744941969145      4.783565482199
    8      2.209861335933      0.009293933503      4.680789522331
    8     -0.014845155994      4.787318852262      2.339093498977
    8      2.287958639592      7.003478686551      2.341533896901
    8     -2.299888962482      2.264848943050      2.279535516647
    8      2.196371601275      4.548657559631      4.728165185516
    8      4.705502260238      6.972574786345      4.646383670007
    8      0.142968205066      2.343724970941      4.676961350122
    8      4.671622589669      4.546083622570      7.036221303233
    8      7.001150172118      6.891567359354      6.978586546739
    8      2.435423898544      2.458110208125      6.930230074947
    0    0
