   3   1   1 E -1.6031097720442E+04 DE 1.0E-09(  9)
  0.394935620040E-02  0.702630955703E+01  0.702791884450E+01
  0.702506398963E+01  0.464139146796E-02  0.701956628677E+01
  0.703107745432E+01  0.701778572384E+01  0.501766670047E-02
    1
  0.100000000000E+01  0.000000000000E+00  0.000000000000E+00
  0.000000000000E+00  0.100000000000E+01  0.000000000000E+00
  0.000000000000E+00  0.000000000000E+00  0.100000000000E+01
  0.000000000000E+00  0.000000000000E+00  0.000000000000E+00
   54
   20     -0.003715427110     -0.016553382125     -0.041553964359
   20      2.319336737871      2.354236644893     -0.071480497711
   20     -2.354993577519     -2.333397481341     -0.035747152340
   20      2.338652725392     -0.026902393543      2.347105274032
   20      4.691327899083      2.335247843155      2.330695218011
   20      0.026800739770     -2.330585553359      2.340707019903
   20     -2.366792977469     -0.014027255248     -2.313836676765
   20      0.012511862035      2.361426476954     -2.324843388620
   12     -4.772843653015     -2.236763495767     -2.258769171140
   20     -0.022629148186      2.363565989769      2.362023925406
   20      2.315415365884      4.715124421717      2.335534164433
   20     -2.364807688632      0.033349152834      2.336101765761
   20      2.315425420822      2.345055944932      4.768128730183
   20      4.687652975843      4.693189965672      4.726957299286
   12      0.118787409416     -0.042587161886      4.788632264569
   12     -2.332971023003      2.389580812630      0.007386667569
   12      0.064550365040      4.675613003027     -0.054725547601
   12     -4.750228167746      0.001044564865     -0.059791872819
   12      0.068116463443     -2.331401057810     -2.270480176042
   12      2.305953321386     -0.089659900956     -2.288429267395
   20     -2.337948143325     -4.688003179525     -2.334217621929
   12      2.305412069422     -2.367601297106     -0.045502691828
   20      4.728291532501     -0.040552764370     -0.018359656748
   12      0.026048117324     -4.666995956405     -0.061772776058
   20     -2.339443148329     -2.373531324200     -4.707875983228
   20      0.041400462737     -0.023127252705     -4.711961376700
   20     -4.688023083425     -4.680416140427     -4.720632159692
    8      0.084078486442     -0.083844039500     -2.337014739953
    8      2.327964491507      2.343409616411     -2.345589629013
    8     -2.347528229586     -2.332696966667     -2.336637754414
    8      2.339155669519     -0.095585960310     -0.070586834908
    8      4.748949753492      2.334538393818     -0.010293624800
    8      0.096899668010     -2.427238533404     -0.088553419419
    8      4.693860935694     -0.005447580222      2.331187579544
    8      7.008475742400      2.347353750812      2.269309802581
    8      2.329043547669     -2.325354022758      2.318101493191
    8     -0.073091558390      2.415625427036      0.000676313036
    8      2.249814476062      4.766264095379     -0.064791071564
    8     -2.427588057902      0.076571982619     -0.009628801773
    8      2.338398685119      2.340653130512      2.350729770056
    8      4.687018957959      4.683418445988      2.334636135787
    8      0.005892014158      0.007817610006      2.382795461946
    8      4.682523385199      2.344286145211      4.764271346594
    8      7.130580293549      4.782790611577      4.795583051551
    8      2.253576487324     -0.089910602237      4.768349930550
    8      0.009664123165      4.678253421763      2.331880891586
    8      2.345669158482      7.018600448134      2.339780867387
    8     -2.352146911712      2.344533279711      2.286902233160
    8      2.250237316585      4.769380062271      4.780002515658
    8      4.676241202466      7.011334286438      4.692147614149
    8      0.009696477569      2.345815576842      4.782470595160
    8      4.699249432174      4.576405084778      7.003349058864
    8      7.154567147511      7.026268075081      6.927724895457
    8      2.317918475982      2.360744062559      7.016166562284
    0    0
