   3   1   1 E -1.6031098030961E+04 DE-4.6E-10( 11)
 -0.700333315245E-02  0.700997470260E+01  0.700461410808E+01
  0.698550730761E+01 -0.876067588423E-02  0.701182081950E+01
  0.696553922363E+01  0.700484822475E+01  0.334639954267E-02
    1
  0.100000000000E+01  0.000000000000E+00  0.000000000000E+00
  0.000000000000E+00  0.100000000000E+01  0.000000000000E+00
  0.000000000000E+00  0.000000000000E+00  0.100000000000E+01
  0.000000000000E+00  0.000000000000E+00  0.000000000000E+00
   54
   20      0.004861620713     -0.014644467864     -0.029771870178
   20      2.350256524694      2.343642863281     -0.034398420926
   20     -2.317757974856     -2.335187136987     -0.053311541203
   20      2.335007185948     -0.046502572771      2.343796844732
   20      4.656762344954      2.310113450108      2.321244544885
   20      0.065007020411     -2.318716466615      2.360118148414
   20     -2.362680218107     -0.063666700913     -2.345159563409
   20      0.002222147116      2.354706866159     -2.336182961110
   12     -4.632171517706     -2.298955874381     -2.337576162960
   20     -0.070988901777      2.364903027246      2.373296998975
   20      2.309754270375      4.688956064548      2.318991539180
   20     -2.309279208267      0.051951071054      2.353323991037
   20      2.285214260086      2.318495003411      4.731375741117
   20      4.644477848502      4.687534729923      4.751743587881
   12      0.003416410272     -0.042762064716      4.747651333710
   12     -2.412521234684      2.288909530535      0.002158960416
   20     -0.032139936475      4.707135437083     -0.006070187477
   12     -4.596473472538     -0.036710574107     -0.071080650263
   12      0.028952130973     -2.346412065068     -2.371305014396
   20      2.360431209850     -0.005151857039     -2.301373799254
   12     -2.264774422597     -4.609040017136     -2.347607003065
   12      2.366358363443     -2.300703866346     -0.003036808722
   12      4.650167072273      0.042156652477     -0.040485520604
   20      0.031088925629     -4.679589178495     -0.055877591126
   12     -2.482034582088     -2.415311303349     -4.681165817496
   20     -0.025259373176     -0.031521172385     -4.699721151387
   20     -4.583825557139     -4.635667795758     -4.693583431600
    8     -0.002498313878     -0.072107775971     -2.339062006170
    8      2.410309681746      2.410097980429     -2.337573017873
    8     -2.372028035160     -2.436610600916     -2.412580171960
    8      2.416063158510     -0.080877115290      0.001464763018
    8      4.658197400318      2.289196367691     -0.069866380328
    8      0.084290888393     -2.332913822903     -0.027973753471
    8      4.645504513040     -0.068865128875      2.265335666952
    8      6.992789936457      2.329085647848      2.328808339766
    8      2.426253788409     -2.331678863345      2.373815936836
    8     -0.077694132843      2.344664743304     -0.032263864417
    8      2.322572816808      4.751273113811     -0.061727991092
    8     -2.410213255918      0.057380712403     -0.017326082923
    8      2.317845237975      2.330617775690      2.330380306246
    8      4.659488872630      4.678898078370      2.347367381802
    8      0.007889482536      0.000435351991      2.379348444770
    8      4.645966841158      2.318646556783      4.736028732550
    8      7.042167272996      4.738885830110      4.689643967696
    8      2.227662610379     -0.111512780527      4.788738806603
    8     -0.052912259679      4.683492320606      2.388948054065
    8      2.329352483210      7.006927373025      2.313796079895
    8     -2.333013135823      2.429011303541      2.319747185997
    8      2.265317842144      4.669800281814      4.737064996414
    8      4.755862691350      7.084122304820      4.792736721528
    8     -0.104125144246      2.376443397101      4.669546622735
    8      4.522275019803      4.653941189718      7.106514035706
    8      6.929819561616      7.003805041208      6.919179357592
    8      2.436977633649      2.327159267294      7.002929644941
    0    0
