   3   1   1 E -1.6031079262227E+04 DE 6.9E-11( 11)
  0.358948545781E-01  0.698796367493E+01  0.701278501306E+01
  0.697393860564E+01  0.346105920672E-01  0.700666508659E+01
  0.702064095469E+01  0.702183497368E+01 -0.529639208995E-02
    1
  0.100000000000E+01  0.000000000000E+00  0.000000000000E+00
  0.000000000000E+00  0.100000000000E+01  0.000000000000E+00
  0.000000000000E+00  0.000000000000E+00  0.100000000000E+01
  0.000000000000E+00  0.000000000000E+00  0.000000000000E+00
   54
   20      0.019686675865     -0.015070229952     -0.004996186036
   20      2.371996087038      2.326393120794     -0.015666445913
   20     -2.350706851800     -2.345783406558     -0.010218774531
   20      2.323180097227      0.010920172848      2.337519713069
   20      4.673424167290      2.326684265544      2.337895033471
   20     -0.002267151066     -2.342906876598      2.344311923984
   20     -2.354040854455      0.006816630179     -2.332307660026
   20      0.018602921823      2.333143014251     -2.357872365730
   20     -4.677155756555     -2.332814410177     -2.338423732412
   20      0.007952699703      2.319452752074      2.366632070666
   20      2.358951338532      4.687607405024      2.359429990132
   20     -2.336828584389      0.011939388706      2.387945463591
   12      2.363391780375      2.206909967346      4.694319825587
   12      4.604357521032      4.696823853785      4.679496168454
   12      0.124836878536      0.026356099595      4.698833181984
   20     -2.390052474399      2.350096703820     -0.017191876084
   20     -0.010833030385      4.731756546865     -0.025240451247
   12     -4.734158648644      0.072787651973      0.027215449970
   20      0.021074050899     -2.363596779177     -2.344473802347
   20      2.396635732300      0.003734514477     -2.319035019916
   12     -2.367884433022     -4.734070007337     -2.362663033867
   12      2.378999054766     -2.340425101365     -0.033844887490
   12      4.675937524862     -0.013719267528     -0.055736074315
   20      0.010788320818     -4.732717878716     -0.017894520582
   20     -2.374960534816     -2.324232557170     -4.676117568714
   12     -0.109136082060      0.032680560098     -4.708946508675
   12     -4.686486344986     -4.606256075361     -4.682113719928
    8      0.022472284430     -0.009838930637     -2.355840355489
    8      2.407857422116      2.336661734862     -2.365405380170
    8     -2.350439172308     -2.369194574670     -2.336183922180
    8      2.402927349430     -0.040197343102      0.001238449285
    8      4.672143818580      2.280943574257     -0.048482412602
    8      0.041800172041     -2.358017513654     -0.002347196197
    8      4.668746257579      0.017764638634      2.315510928142
    8      7.057890991427      2.285788928767      2.339059127718
    8      2.313674610433     -2.349487810913      2.307576756018
    8      0.002840555334      2.342653921002     -0.007839747177
    8      2.347828888550      4.723586600491     -0.008599403625
    8     -2.374933664165      0.002675287031     -0.002972202325
    8      2.352617985988      2.334235070056      2.366700196343
    8      4.677918191295      4.681981909518      2.360299099967
    8      0.002470520074      0.000381236782      2.373907503655
    8      4.591504340141      2.395376595613      4.652829834760
    8      6.948474904907      4.759143950779      4.645578381630
    8      2.243821703043      0.087100663909      4.718793098562
    8      0.014709877678      4.698016937274      2.353375292421
    8      2.306273169007      7.081449375414      2.312762867719
    8     -2.398752083241      2.331975481844      2.364598639063
    8      2.464853718660      4.592097651176      4.738459096284
    8      4.819921088209      7.029704877785      4.785003452171
    8      0.023884903538      2.238436976871      4.680863497180
    8      4.561135832017      4.772692406276      6.944863009772
    8      7.028889012560      7.029977718089      6.998743402004
    8      2.331298085269      2.311422162148      7.000343478024
    0    0
