   3   1   1 E -1.6031094309231E+04 DE 1.1E-09( 11)
 -0.142263145809E-02  0.697733062833E+01  0.700670720423E+01
  0.697904722067E+01  0.497087403305E-02  0.700687359182E+01
  0.697948307354E+01  0.698448974143E+01 -0.210697538997E-02
    1
  0.100000000000E+01  0.000000000000E+00  0.000000000000E+00
  0.000000000000E+00  0.100000000000E+01  0.000000000000E+00
  0.000000000000E+00  0.000000000000E+00  0.100000000000E+01
  0.000000000000E+00  0.000000000000E+00  0.000000000000E+00
   54
   20     -0.002833792573      0.019406589115     -0.007747590675
   20      2.342816243818      2.336157177470     -0.076120289336
   20     -2.377183948638     -2.319730094782     -0.038031290013
   20      2.325372265758     -0.021911809564      2.347931723495
   20      4.656416814691      2.317615701073      2.325781080085
   20      0.041203984085     -2.321839261426      2.360831301489
   20     -2.364938858701     -0.003541331423     -2.308776921729
   20      0.054204942907      2.351925390479     -2.310684197897
   12     -4.676399858272     -2.238431675797     -2.322931153672
   20     -0.044756835943      2.321964428038      2.334500099699
   20      2.298680762622      4.702390229092      2.307388739501
   20     -2.365878629446      0.066506158928      2.367034786495
   20      2.327764540108      2.280014947110      4.714815204139
   20      4.675811667223      4.716661536255      4.730804655398
   12      0.093381607997     -0.060557402077      4.761176939406
   12     -2.360050473749      2.294932669371      0.007653962829
   12     -0.039920335825      4.690660808304     -0.044119429905
   12     -4.596857504554      0.024052924649     -0.029661678281
   20     -0.011991363609     -2.343070942471     -2.341113570840
   12      2.322393407025     -0.040999848626     -2.287409683527
   12     -2.381395815939     -4.705767959999     -2.325692484911
   20      2.371665391550     -2.346272987432     -0.003689507866
   12      4.626818869799      0.052630135109     -0.083054773799
   20      0.003962741770     -4.736451353993     -0.040757644719
   20     -2.355449675901     -2.359868106384     -4.692445831750
   20      0.024865175706     -0.010535281417     -4.698360022676
   12     -4.602233696373     -4.676697951327     -4.614416681129
    8      0.036749507388      0.006333244939     -2.339157559686
    8      2.465019892888      2.292442109042     -2.459003168896
    8     -2.407145638875     -2.386509067593     -2.334917296416
    8      2.399793422140     -0.002444115903     -0.042045419781
    8      4.638969839331      2.270803906821     -0.067684401855
    8      0.007118130506     -2.341649238992     -0.003780683918
    8      4.641829927984      0.000438768158      2.320009480817
    8      7.030705261970      2.313819660855      2.329720531963
    8      2.334381508210     -2.371923477429      2.373583204903
    8     -0.040983532358      2.374809213744     -0.019942222394
    8      2.230297673866      4.754607161862     -0.119094425083
    8     -2.396502189909      0.060552538048      0.002926208958
    8      2.319537057734      2.326006781763      2.327889057894
    8      4.635316364130      4.689246050221      2.333338489608
    8      0.008175756806      0.003836521926      2.372731906303
    8      4.660090161841      2.336887098777      4.719325142827
    8      7.066225751949      4.750714109996      4.723874433907
    8      2.269452485784     -0.055011906716      4.741655190998
    8     -0.014807192779      4.651179512930      2.292098174968
    8      2.318824879738      7.075947968314      2.353671256975
    8     -2.438754019684      2.321603209242      2.344542946286
    8      2.333466944387      4.687072629392      4.683725377052
    8      4.639819217900      7.133835575559      4.805602995809
    8     -0.051919376243      2.237228627241      4.671258154779
    8      4.729414974962      4.663293652110      7.012519880583
    8      7.006244275432      6.834480901690      6.925488027855
    8      2.400195771779      2.233716472779      7.070391168702
    0    0
