   3   1   1 E -1.6031093049549E+04 DE-8.1E-10( 10)
  0.136687305266E-01  0.702697103424E+01  0.701513392142E+01
  0.700233674985E+01 -0.102875108718E-02  0.702293427363E+01
  0.700520938629E+01  0.703157932178E+01  0.233411628460E-02
    1
  0.100000000000E+01  0.000000000000E+00  0.000000000000E+00
  0.000000000000E+00  0.100000000000E+01  0.000000000000E+00
  0.000000000000E+00  0.000000000000E+00  0.100000000000E+01
  0.000000000000E+00  0.000000000000E+00  0.000000000000E+00
   54
   20     -0.007716118209     -0.005466801223     -0.055073585845
   20      2.381369900815      2.321273690095     -0.051287987103
   20     -2.313114467674     -2.339846082708     -0.021518277819
   20      2.332041887419     -0.007060741666      2.408068747580
   20      4.668520471248      2.328589190183      2.344094102586
   20     -0.006992189244     -2.310687731819      2.359886768338
   20     -2.371291819562     -0.011857033861     -2.308274035597
   20      0.040697973494      2.351443376288     -2.342640341227
   12     -4.722772897936     -2.311503379673     -2.329529241245
   20     -0.010925380562      2.304504592460      2.411160484639
   20      2.336628703040      4.716122953245      2.406482343964
   12     -2.322503093920     -0.001128575223      2.354912319283
   12      2.257566515961      2.322532818765      4.766533103510
   20      4.633353743640      4.747477193027      4.724643589123
   12      0.030931824837      0.001777007441      4.724678006073
   12     -2.309462112831      2.325969220955     -0.037508415837
   20     -0.014581072761      4.725555065712     -0.012794695800
   20     -4.684412740234      0.047119837552     -0.065213978291
   12      0.065552939970     -2.275416017555     -2.307220663906
   12      2.335464019896     -0.001265114504     -2.339335892530
   20     -2.283426536856     -4.752238878298     -2.309708712626
   20      2.326090031198     -2.358243769152     -0.090780018182
   12      4.702044157860      0.048986067343     -0.031701300462
   12     -0.074905363739     -4.831893600045     -0.123669050142
   20     -2.335099380768     -2.363384664296     -4.678197964701
   20     -0.005454744934     -0.000213467825     -4.684447459240
   20     -4.630970813394     -4.709158906061     -4.670983206056
    8      0.083166865975     -0.072523326589     -2.335177525244
    8      2.366064400568      2.326293451010     -2.345432190467
    8     -2.338992101537     -2.362163656383     -2.341135367799
    8      2.457662733792      0.002479773919     -0.097777173820
    8      4.777213519453      2.238095088141      0.005262460094
    8      0.006341112798     -2.394728968913     -0.078945221156
    8      4.659091449237     -0.004798634407      2.320465165463
    8      7.010365330525      2.338266053751      2.297453549778
    8      2.327310774220     -2.351376527092      2.386285606953
    8     -0.062635406219      2.341650813490     -0.020685164517
    8      2.334960512923      4.702760276472     -0.052935921200
    8     -2.340958429238      0.083037645872      0.045800471188
    8      2.340270732183      2.332641220339      2.428952552823
    8      4.670836206995      4.777232054337      2.369543231790
    8     -0.059196878459     -0.000062157069      2.398094498130
    8      4.586960893620      2.343179396076      4.778455393009
    8      7.104646447740      4.812372057820      4.707358353675
    8      2.195529533088     -0.014975345873      4.692714633118
    8      0.011352370810      4.687783415558      2.420867801785
    8      2.416861411440      7.046499335272      2.362436047068
    8     -2.312703012054      2.228006328664      2.275423615720
    8      2.194924462393      4.711699739335      4.677492707920
    8      4.642135111557      7.034893965574      4.661961583476
    8      0.133141780125      2.296607910163      4.807404231236
    8      4.670968339703      4.704023436103      7.003843387452
    8      6.859067873728      7.157574556108      6.877219624806
    8      2.344447427899      2.332393071379      6.896289411238
    0    0
