   3   1   1 E -1.6031054362909E+04 DE 2.2E-10( 11)
  0.777877390304E-02  0.699542576682E+01  0.699853335169E+01
  0.700429457838E+01 -0.249893012089E-02  0.700214616895E+01
  0.702510480106E+01  0.701248688476E+01 -0.159745899357E-01
    1
  0.100000000000E+01  0.000000000000E+00  0.000000000000E+00
  0.000000000000E+00  0.100000000000E+01  0.000000000000E+00
  0.000000000000E+00  0.000000000000E+00  0.100000000000E+01
  0.000000000000E+00  0.000000000000E+00  0.000000000000E+00
   54
   20      0.002507394450     -0.001935844153     -0.001959066880
   20      2.341900136751      2.334711722369     -0.014577924294
   20     -2.342931909541     -2.333719692318      0.003460073326
   20      2.328573653243     -0.002090664647      2.336113161230
   20      4.674898859572      2.341180861544      2.334299195007
   20     -0.008666073584     -2.328997088539      2.341925602702
   20     -2.342993608124      0.004495814116     -2.336203602665
   20      0.006566037131      2.344194730492     -2.342132109269
   12     -4.684612730569     -2.312427287901     -2.317263503680
   20      0.007127680341      2.329012071529      2.340862579305
   20      2.350845516664      4.685281952741      2.342475713576
   12     -2.268663428234     -0.105966637188      2.342379203486
   12      2.334014935455      2.347901938074      4.700665401419
   12      4.657816894028      4.740931068235      4.680268864819
   12     -0.008334406375      0.006192453672      4.679818327915
   20     -2.345960254429      2.342910823464     -0.009381007743
   20      0.006562619490      4.683115242983     -0.011095580776
   20     -4.690061262015      0.009199715407     -0.001102337538
   20      0.014514944707     -2.334190018260     -2.325461784396
   12      2.347060535021     -0.064318458508     -2.363342050700
   20     -2.338444413640     -4.688894303613     -2.331479119557
   12      2.322889132328     -2.355458115255     -0.029018260857
   20      4.673528083839     -0.007643147299     -0.011546426562
   12      0.000475359715     -4.700032512391     -0.010772008850
   20     -2.342160783527     -2.331083934035     -4.665175091225
   12      0.020424832265      0.012576367170     -4.681877390037
   20     -4.689246895635     -4.667090033457     -4.661134775277
    8      0.010077395912      0.004250842182     -2.339599562483
    8      2.342711943558      2.336398926292     -2.345887750365
    8     -2.343445741825     -2.337862602786     -2.331310149788
    8      2.336458375941     -0.018623948894     -0.011571588923
    8      4.684719994695      2.333203476487     -0.010167525120
    8      0.006655349954     -2.341727500319      0.004513560009
    8      4.672850353671      0.000126570986      2.334785160518
    8      7.011630884710      2.331382941033      2.322087026928
    8      2.323286552191     -2.333856578800      2.338260843088
    8      0.003185442129      2.338952281544     -0.009383295015
    8      2.341522588309      4.680809380006     -0.016430898071
    8     -2.342909598123      0.005974701006      0.001790683986
    8      2.341264116531      2.338445364433      2.341719014507
    8      4.677318345971      4.697827682617      2.336059633309
    8     -0.007262085120      0.001385851210      2.339747779149
    8      4.658059332786      2.349477320744      4.661771543989
    8      7.014396645863      4.693870790817      4.656081291472
    8      2.309095116604      0.002386110130      4.665722653707
    8      0.011814510836      4.677357492507      2.338146314354
    8      2.342030293747      7.018430133971      2.332970832225
    8     -2.336493939116      2.319759172696      2.333235549766
    8      2.377279161972      4.680390681555      4.696948683145
    8      4.703626730984      6.952426441361      4.650101606167
    8      0.028039169897      2.305569779635      4.686968861563
    8      4.662975167006      4.668518720130      6.986992780771
    8      7.007703415329      7.019984042703      6.990629440483
    8      2.303081316267      2.351646649064      6.988243616306
    0    0
