   3   1   1 E -1.6031100157192E+04 DE-4.1E-10( 11)
  0.264451962121E-01  0.699491878578E+01  0.702308806885E+01
  0.701064953585E+01 -0.632753966476E-03  0.704218645486E+01
  0.700206803086E+01  0.700033773748E+01  0.133759070522E-01
    1
  0.100000000000E+01  0.000000000000E+00  0.000000000000E+00
  0.000000000000E+00  0.100000000000E+01  0.000000000000E+00
  0.000000000000E+00  0.000000000000E+00  0.100000000000E+01
  0.000000000000E+00  0.000000000000E+00  0.000000000000E+00
   54
   20      0.010791995099     -0.005393497033     -0.008507291953
   20      2.365878246524      2.329209054944     -0.062021448182
   20     -2.348697165436     -2.338622462310     -0.057508986298
   20      2.352876655974     -0.069446927652      2.347948799989
   20      4.697030023698      2.334023343835      2.347271424741
   20      0.074331562102     -2.363002339491      2.328173814494
   20     -2.372843794978     -0.028544071883     -2.326942495687
   20      0.048749691265      2.332604631591     -2.357775746463
   12     -4.620769732759     -2.343301142368     -2.318116346737
   20     -0.055703682166      2.356636739440      2.332007154998
   20      2.341827846235      4.723402142126      2.347846405903
   20     -2.391649711819      0.091373413579      2.329040081220
   20      2.335424295204      2.331350664694      4.775060161499
   20      4.646021839420      4.684183534804      4.736857998851
   20      0.022574454778      0.029118644170      4.726177852315
   12     -2.430439784955      2.372138217962      0.027581655585
   20      0.011075264737      4.672695534670     -0.008408212390
   12     -4.692464307431      0.068389757965     -0.027066199639
   20     -0.018332954747     -2.360005812024     -2.321658882530
   12      2.323875421175      0.016968732728     -2.292451221778
   12     -2.355395398598     -4.708065080683     -2.392692997269
   12      2.324612579967     -2.418592659919      0.005327152846
   20      4.645335871427     -0.007896436231     -0.005084268929
   12      0.065010643166     -4.674953620729      0.040574464432
   12     -2.441131129470     -2.432575382442     -4.675075521410
   20      0.034859941537      0.027583688535     -4.698723987470
   12     -4.638424644231     -4.693217162029     -4.718093430450
    8      0.068293695708     -0.001345483673     -2.338560989926
    8      2.444291384819      2.320861240848     -2.440438296823
    8     -2.446135640020     -2.427791335962     -2.427338659189
    8      2.327613401511     -0.079591445174     -0.070925896509
    8      4.738586026528      2.332891996566     -0.043657917186
    8      0.086529106193     -2.419009115956     -0.006863530730
    8      4.663056309542     -0.058669864291      2.346104680451
    8      7.081236429781      2.347906270974      2.295718624471
    8      2.441915773624     -2.437900695147      2.349815389823
    8     -0.036928555751      2.337183940127     -0.009506753530
    8      2.342364059420      4.737642477915     -0.074764310917
    8     -2.411873301266      0.081182205608     -0.013692796970
    8      2.342656734286      2.331867122634      2.347792719454
    8      4.667540955499      4.688888896329      2.347065969090
    8      0.005251684739      0.003163294185      2.329998890051
    8      4.671007671528      2.336543584957      4.761792129370
    8      7.088529163705      4.671636497754      4.708223163500
    8      2.334800390122     -0.067058139854      4.769807501917
    8     -0.023645738363      4.667137132554      2.336069563339
    8      2.347821658868      7.116415934632      2.348632261058
    8     -2.422212989015      2.440304859103      2.313828824067
    8      2.346608546587      4.719113692083      4.780548550626
    8      4.601135176118      7.087646893539      4.711463936973
    8     -0.079056143411      2.328388025564      4.711739455459
    8      4.591949559554      4.556451444791      7.093544761841
    8      7.108208843335      7.095462277833      7.045179340173
    8      2.362264203815      2.340423747600      7.108610398902
    0    0
