   3   1   1 E -1.6031058292081E+04 DE 2.9E-10( 11)
  0.334205003277E-01  0.697349507792E+01  0.696352345154E+01
  0.698638492343E+01  0.106582731466E-01  0.697908038902E+01
  0.701139050484E+01  0.700710921644E+01 -0.731532525061E-02
    1
  0.100000000000E+01  0.000000000000E+00  0.000000000000E+00
  0.000000000000E+00  0.100000000000E+01  0.000000000000E+00
  0.000000000000E+00  0.000000000000E+00  0.100000000000E+01
  0.000000000000E+00  0.000000000000E+00  0.000000000000E+00
   54
   20      0.006059864521     -0.004987108738      0.003534778349
   20      2.338429902888      2.331674628491     -0.041698928840
   20     -2.365042119858     -2.313163545828      0.014317163599
   20      2.344501936110     -0.027517743335      2.312040919603
   20      4.670302902512      2.333601925589      2.312995234897
   20      0.012122985596     -2.332269698224      2.326569971104
   20     -2.356492609485     -0.002309635242     -2.280024042589
   20      0.019170312253      2.339932619883     -2.303676848163
   12     -4.722103516128     -2.228794529581     -2.320577790910
   20     -0.010281932903      2.320769874443      2.302101235837
   20      2.342074116892      4.701495103852      2.307268297669
   12     -2.100283392030      0.067983725043      2.245363088772
   20      2.331369090380      2.330097400913      4.708397078992
   20      4.669155987881      4.699926189573      4.696828404455
   20     -0.002939508895     -0.020457941396      4.706799726011
   12     -2.320919327796      2.250643406843     -0.021712278432
   12      0.026216000844      4.682646599700     -0.062783947185
   12     -4.854190539956     -0.055858313025     -0.057274324742
   20     -0.004666153845     -2.320289234021     -2.283897961772
   12      2.491278384798     -0.100917694805     -2.320606458615
   20     -2.364764550498     -4.687181674798     -2.314228792678
   12      2.347392182339     -2.275071926109     -0.046845730433
   12      4.626010132271     -0.016562379125     -0.024562272108
   12     -0.019069922925     -4.682549427438     -0.022495454799
   20     -2.356331316581     -2.332515131263     -4.679306704617
   20      0.006805017558      0.004779999919     -4.670955147523
   20     -4.667934006993     -4.684190140818     -4.677624660390
    8      0.013397705378      0.001617733839     -2.291987182628
    8      2.337813459436      2.327561636898     -2.334625312853
    8     -2.382555176610     -2.328734465210     -2.294030030928
    8      2.410741287225     -0.067620405818     -0.041031370603
    8      4.692294126210      2.308499488922     -0.013243436266
    8      0.022009901593     -2.356299362396      0.017392242722
    8      4.647407982779     -0.000651111810      2.306784540188
    8      6.995629285536      2.339811614871      2.297382027712
    8      2.333227820308     -2.330168150012      2.316135408876
    8     -0.022466804554      2.354553937567     -0.008545694548
    8      2.285955297563      4.740641834769     -0.045193103679
    8     -2.396089441067      0.059357079298      0.074628224844
    8      2.331909832366      2.332636389462      2.311274755026
    8      4.667392134743      4.712888247508      2.322822928676
    8     -0.003563230874     -0.015363839483      2.313903830657
    8      4.657727164977      2.346778550080      4.708828924626
    8      7.061035522467      4.679139365736      4.720269234666
    8      2.327986175363     -0.039947829952      4.721899843482
    8      0.012756476853      4.664553174739      2.286065763757
    8      2.398329927906      6.980814946264      2.287428248067
    8     -2.322386741704      2.261311405358      2.273304393363
    8      2.343571152137      4.707962692035      4.715833385245
    8      4.627521171108      7.002487450549      4.631693595960
    8      0.004020228467      2.313226725386      4.694477762191
    8      4.666687811367      4.682585475585      6.973003469181
    8      7.004820925761      6.989544340876      6.981161108679
    8      2.339337765018      2.314579278239      6.975220206998
    0    0
