   3   1   1 E -1.6031093072403E+04 DE-1.0E-09( 10)
  0.232709730276E-02  0.701897820589E+01  0.702684328891E+01
  0.702783230240E+01 -0.135882365207E-02  0.702455132837E+01
  0.703311463709E+01  0.701617199606E+01 -0.843428841714E-03
    1
  0.100000000000E+01  0.000000000000E+00  0.000000000000E+00
  0.000000000000E+00  0.100000000000E+01  0.000000000000E+00
  0.000000000000E+00  0.000000000000E+00  0.100000000000E+01
  0.000000000000E+00  0.000000000000E+00  0.000000000000E+00
   54
   20     -0.041481354370     -0.023932421458     -0.025868548508
   20      2.389128325870      2.362901419726     -0.022691185981
   20     -2.336925163459     -2.339422902597     -0.048490680582
   20      2.369517948261     -0.037410498709      2.399988860482
   20      4.684886035961      2.379292230599      2.417869689071
   12     -0.004572345530     -2.335613904150      2.420429599326
   12     -2.330360746297     -0.075890105453     -2.316771619408
   20     -0.048469397405      2.379001890702     -2.384312092138
   12     -4.642973428510     -2.462690945556     -2.342564951951
   20     -0.029378729191      2.388866118459      2.378139628089
   12      2.330832042815      4.675874084724      2.417133844316
   20     -2.346494431055     -0.025526168507      2.390202611199
   20      2.389847149155      2.401053906862      4.668258610483
   12      4.685861532720      4.680703427303      4.710267561481
   20     -0.036910339212     -0.042389748229      4.687426073373
   12     -2.333386968849      2.329468905317     -0.117549704151
   20     -0.041250676825      4.674540053220     -0.023050777231
   20     -4.643450441671     -0.031847107574     -0.033325729904
   12     -0.046657994709     -2.325217578343     -2.362285461664
   20      2.394922489062     -0.058139381175     -2.353598577871
   12     -2.331812434238     -4.617458993993     -2.327661317086
   20      2.362418939746     -2.329233787196     -0.014678828047
   12      4.667748128600      0.039553985815     -0.101742676078
   20     -0.048230722550     -4.638920342968     -0.020131015474
   20     -2.346464900699     -2.339712046101     -4.666039313715
   20     -0.036560342317     -0.041457927134     -4.639014475158
   20     -4.643711431396     -4.641678925846     -4.651335507201
    8     -0.108365994005     -0.125258477774     -2.324720284722
    8      2.476915229996      2.478447155126     -2.358472220198
    8     -2.346082044545     -2.349437737123     -2.335134464357
    8      2.432768651816      0.000408517321     -0.018689683769
    8      4.683835156082      2.252108669399     -0.123083850852
    8     -0.013829107873     -2.337309333142     -0.016383116689
    8      4.677969177045     -0.005410169705      2.365515321589
    8      7.024282609438      2.442598070967      2.361491047781
    8      2.256167992713     -2.342438868758      2.386608560136
    8     -0.079544516974      2.348221012560     -0.035347387702
    8      2.352906065033      4.672722164701     -0.028428368816
    8     -2.357046743834      0.083563922655     -0.132777079704
    8      2.359998680309      2.459226893889      2.352992646632
    8      4.709880282082      4.684676611178      2.470215091779
    8     -0.015209774842     -0.095570732204      2.371283892152
    8      4.676657017441      2.406269045999      4.805228906538
    8      6.976231227539      4.674628976216      4.580629090663
    8      2.472606337799     -0.116217753032      4.682490207175
    8      0.088015652258      4.683534450961      2.382978159002
    8      2.354037497480      6.889980065032      2.355106672259
    8     -2.343414620344      2.345608817246      2.375505139364
    8      2.354011555421      4.682575129643      4.670753714121
    8      4.694172007942      6.983497871330      4.820273777102
    8     -0.109861066329      2.463453783610      4.677730485597
    8      4.685858518000      4.670589805942      6.885259421390
    8      6.928592645622      7.013357108157      7.001685993444
    8      2.467109986386      2.343522964430      7.016164662365
    0    0
