   3   1   1 E -1.6031100993724E+04 DE 3.0E-09(  8)
  0.425949032060E-02  0.701927900212E+01  0.701825363873E+01
  0.700059354633E+01 -0.308225983460E-02  0.701749525165E+01
  0.700258357688E+01  0.701566472423E+01  0.223712207129E-03
    1
  0.100000000000E+01  0.000000000000E+00  0.000000000000E+00
  0.000000000000E+00  0.100000000000E+01  0.000000000000E+00
  0.000000000000E+00  0.000000000000E+00  0.100000000000E+01
  0.000000000000E+00  0.000000000000E+00  0.000000000000E+00
   54
   20      0.000175825661     -0.011422470664     -0.002904428929
   20      2.335982403887      2.348799900170     -0.040559157644
   20     -2.356588754631     -2.307373864730      0.001814005904
   20      2.337820794270     -0.031436956798      2.362056392223
   20      4.669068712213      2.321185735871      2.345490763237
   20      0.042255392698     -2.316846830383      2.376469981315
   20     -2.372609017230     -0.007369764892     -2.337951444812
   20      0.028138744081      2.335531578527     -2.356269582707
   12     -4.648061350106     -2.266054374555     -2.321386454956
   20     -0.024159346526      2.324522294503      2.361044771353
   20      2.322174204052      4.741747098997      2.366022576797
   12     -2.346747288967     -0.029815216641      2.394381990160
   12      2.305184302305      2.293166423648      4.746275386331
   20      4.636941377903      4.713273993019      4.683892012176
   12      0.138395019772     -0.048304042155      4.674313039931
   20     -2.410335271379      2.346437419640      0.041546900606
   20      0.006557343998      4.732374610540     -0.002459000418
   12     -4.709447605485     -0.051296772656     -0.062509907913
   20      0.024754403900     -2.338970713268     -2.376598471527
   12      2.332754586835     -0.021840521404     -2.359005087573
   20     -2.341132210387     -4.703507556680     -2.376232758300
   12      2.338628066815     -2.291866023452     -0.118673852911
   20      4.670370956841     -0.031550198734      0.003786235948
   20      0.057577948169     -4.723871337596     -0.001646954691
   12     -2.378755167882     -2.272586567181     -4.644153948928
   12      0.015273740582     -0.027886151392     -4.654547666805
   20     -4.644620476151     -4.702945545112     -4.681932597059
    8      0.102711558005      0.004104250005     -2.364398554416
    8      2.326741153415      2.320357534414     -2.329238799211
    8     -2.446493386269     -2.334097342939     -2.441631558761
    8      2.330241963852     -0.084064967180     -0.084274947137
    8      4.676610141247      2.337616902144     -0.004306662423
    8      0.107971275247     -2.346816078058     -0.000163376805
    8      4.745345907435     -0.084671920284      2.347102099032
    8      6.993775132621      2.237581420969      2.347768671574
    8      2.439027686492     -2.329587371486      2.394135696959
    8      0.000707230559      2.351564079652     -0.002753007059
    8      2.336577350032      4.774451701600     -0.093456525991
    8     -2.435861067035     -0.001490267376      0.057395726381
    8      2.338189608834      2.343868795629      2.414373759891
    8      4.676602187509      4.766882525753      2.346118514737
    8     -0.087924624012     -0.001346453854      2.366169278426
    8      4.574772322513      2.334525535704      4.673396006546
    8      7.108830429883      4.799854174058      4.673491006601
    8      2.249026215992     -0.023415152190      4.759935887603
    8     -0.102491983775      4.800606677718      2.352135935808
    8      2.316381472838      7.014587113169      2.372681105023
    8     -2.322216739436      2.321346536781      2.339656114957
    8      2.328500525063      4.711467373083      4.778427933339
    8      4.609934208758      7.015041363557      4.573476805733
    8      0.126121577144      2.226011554379      4.675616438871
    8      4.570058930595      4.684651913364      7.075347429674
    8      7.110740345995      7.009757397730      7.017932776905
    8      2.329988002150      2.322495156364      6.896676214561
    0    0
