   3   1   1 E -1.6031059715741E+04 DE 1.5E-10( 11)
  0.152487929091E-01  0.701002735163E+01  0.701253968169E+01
  0.700726239433E+01  0.357651966262E-02  0.701844685268E+01
  0.702333414723E+01  0.702484925396E+01 -0.550648454133E-02
    1
  0.100000000000E+01  0.000000000000E+00  0.000000000000E+00
  0.000000000000E+00  0.100000000000E+01  0.000000000000E+00
  0.000000000000E+00  0.000000000000E+00  0.100000000000E+01
  0.000000000000E+00  0.000000000000E+00  0.000000000000E+00
   54
   20      0.012177850229     -0.010004018742     -0.004782054480
   20      2.359292115153      2.329348748616     -0.016468117045
   20     -2.341182230151     -2.356207865646     -0.007986907431
   20      2.341089795330     -0.006332249376      2.341875684198
   20      4.679265281780      2.339264056470      2.333959860774
   20     -0.000383300583     -2.339177035942      2.340341375148
   20     -2.345118519379     -0.003796567971     -2.337892329694
   20      0.019117211026      2.346584761595     -2.331921153122
   12     -4.694860802214     -2.367974923676     -2.339299929109
   20      0.005441925352      2.334639076335      2.337855774788
   20      2.345458606750      4.680517197715      2.338032375764
   12     -2.400832501172      0.056602436263      2.364205036179
   12      2.333239203700      2.352407148319      4.698997267415
   20      4.666018346002      4.705250315981      4.694242871571
   20     -0.021417190757      0.013524869539      4.686528308341
   20     -2.342017218948      2.348300416933     -0.002777904437
   12      0.030464494454      4.707714599917      0.005638149619
   20     -4.685739173762     -0.002644274848     -0.010991325415
   20      0.004832114602     -2.349345022365     -2.328476399393
   12      2.438907894753     -0.030357498530     -2.349369918549
   12     -2.341069714380     -4.752015377228     -2.346988332387
   12      2.320996357662     -2.339100610126     -0.021367876840
   12      4.674976933394     -0.001202419592     -0.017629422294
   12     -0.006673373085     -4.665225486142      0.006147640652
   20     -2.346784478147     -2.340037889948     -4.678360245011
   20     -0.001416784985      0.002248029919     -4.684784313600
   20     -4.677548018698     -4.678172708693     -4.672778740453
    8      0.012084682528     -0.004449878858     -2.336511089832
    8      2.373105534461      2.337266289304     -2.342090790051
    8     -2.354961334773     -2.360319419369     -2.339724879700
    8      2.378880154288     -0.027469596195     -0.016400363013
    8      4.699961993725      2.307489051487     -0.019734145420
    8      0.015123655937     -2.358718517864     -0.002673811006
    8      4.670778850396      0.000216325032      2.337028791641
    8      7.016031285644      2.345880667523      2.332882869326
    8      2.331374415461     -2.338039274265      2.343749470453
    8      0.012209932076      2.345181545877     -0.006880501469
    8      2.331647011916      4.671196513303     -0.016564360110
    8     -2.341575871068     -0.004362325176     -0.005381920169
    8      2.345839081840      2.337037573357      2.339967114474
    8      4.678834229043      4.694058975235      2.333793313824
    8     -0.009820547277     -0.000226570129      2.331177182849
    8      4.663484023339      2.350877616414      4.682008667580
    8      7.029688801914      4.700303282842      4.691097544194
    8      2.325006386875      0.001304294326      4.680104463246
    8      0.011289361987      4.671698622300      2.332815373348
    8      2.364691949975      7.017674921085      2.336202237568
    8     -2.332854296608      2.323300414788      2.345008811454
    8      2.343403877278      4.681599478365      4.701664294657
    8      4.632105492933      7.072961158011      4.685574317111
    8      0.010365307142      2.338075127744      4.696531864478
    8      4.671599299245      4.705196469907      7.025190605527
    8      6.992771888771      7.026383896739      7.012961002258
    8      2.309004014095      2.364114713096      6.996914785826
    0    0
