   3   1   1 E -1.6031033072513E+04 DE 1.5E-09(  2)
  0.690381035671E-02  0.703080437331E+01  0.702971199354E+01
  0.703297525255E+01 -0.105025862550E-02  0.702958133038E+01
  0.703478476336E+01  0.702726838255E+01  0.257786526429E-02
    1
  0.100000000000E+01  0.000000000000E+00  0.000000000000E+00
  0.000000000000E+00  0.100000000000E+01  0.000000000000E+00
  0.000000000000E+00  0.000000000000E+00  0.100000000000E+01
  0.000000000000E+00  0.000000000000E+00  0.000000000000E+00
   54
   20      0.000000000000      0.000000000000      0.000000000000
   20      2.344928254454      2.342422794184      0.000859288421
   20     -2.344928254454     -2.342422794184     -0.000859288421
   20      2.344325084183     -0.000350086208      2.343193776792
   20      4.689253338636      2.342072707975      2.344053065214
   20     -0.000603170271     -2.342772880392      2.342334488371
   20     -2.344325084183      0.000350086208     -2.343193776792
   20      0.000603170271      2.342772880392     -2.342334488371
   12     -4.689253338636     -2.342072707975     -2.344053065214
   20      0.002301270119      2.343601457768      2.343237331179
   20      2.347229524572      4.686024251952      2.344096619601
   20     -2.342626984335      0.001178663585      2.342378042758
   12      2.346626354302      2.343251371560      4.686431107972
   12      4.691554608755      4.685674165744      4.687290396393
   20      0.001698099848      0.000828577376      4.685571819550
   20     -2.342023814064      2.343951543977      0.000043554387
   20      0.002904440390      4.686374338161      0.000902842808
   12     -4.686952068517      0.001528749793     -0.000815734035
   20     -0.002301270119     -2.343601457768     -2.343237331179
   20      2.342626984335     -0.001178663585     -2.342378042758
   12     -2.347229524572     -4.686024251952     -2.344096619601
   20      2.342023814064     -2.343951543977     -0.000043554387
   12      4.686952068517     -0.001528749793      0.000815734035
   12     -0.002904440390     -4.686374338161     -0.000902842808
   20     -2.346626354302     -2.343251371560     -4.686431107972
   12     -0.001698099848     -0.000828577376     -4.685571819550
   12     -4.691554608755     -4.685674165744     -4.687290396393
    8     -0.000849049924     -0.000414288688     -2.342785909775
    8      2.344079204529      2.342008505495     -2.341926621354
    8     -2.345777304378     -2.342837082872     -2.343645198197
    8      2.343476034259     -0.000764374897      0.000407867017
    8      4.688404288712      2.341658419287      0.001267155439
    8     -0.001452220195     -2.343187169080     -0.000451421404
    8      4.687801118443     -0.001114461105      2.343601643812
    8      7.032729372896      2.341308333078      2.344460932233
    8      2.342872863989     -2.343537255289      2.342742355389
    8      0.001452220195      2.343187169080      0.000451421404
    8      2.346380474648      4.685609963264      0.001310709826
    8     -2.343476034259      0.000764374897     -0.000407867017
    8      2.345777304378      2.342837082872      2.343645198197
    8      4.690705558831      4.685259877056      2.344504486618
    8      0.000849049924      0.000414288688      2.342785909775
    8      4.690102388561      2.342486996663      4.686838974990
    8      7.035030643014      4.684909790846      4.687698263411
    8      2.345174134108      0.000064202480      4.685979686569
    8      0.003753490314      4.686788626851      2.343688752585
    8      2.348681744767      7.029211421034      2.344548041006
    8     -2.341174764140      2.344365832667      2.342829464164
    8      2.348078574496      4.686438540642      4.686882529378
    8      4.693006828950      7.028861334826      4.687741817799
    8      0.003150320043      2.344015746458      4.686023240957
    8      4.692403658680      4.686088454434      7.030076306171
    8      7.037331913133      7.028511248617      7.030935594592
    8      2.347475404226      2.343665660250      7.029217017749
    0    0
