   3   1   1 E -1.6031088371244E+04 DE 1.6E-09( 11)
  0.313498722672E-01  0.695235699946E+01  0.700990879651E+01
  0.699060088982E+01  0.106727659310E-01  0.702265520432E+01
  0.699256074396E+01  0.696181356134E+01  0.141419094272E-01
    1
  0.100000000000E+01  0.000000000000E+00  0.000000000000E+00
  0.000000000000E+00  0.100000000000E+01  0.000000000000E+00
  0.000000000000E+00  0.000000000000E+00  0.100000000000E+01
  0.000000000000E+00  0.000000000000E+00  0.000000000000E+00
   54
   20      0.011378735151     -0.003257272775     -0.015890209513
   20      2.376557167619      2.328156209126     -0.022159380279
   20     -2.339823693529     -2.362883855481     -0.046625896572
   20      2.347742223788     -0.006403499927      2.383301435550
   20      4.680651699859      2.291769144330      2.329802086856
   20      0.021615898698     -2.361921376363      2.342251491585
   20     -2.364307493012     -0.008500058914     -2.328091627283
   20      0.028460480774      2.345483939079     -2.365567861545
   12     -4.621214510790     -2.350918606844     -2.338655200020
   20      0.009078524447      2.327070505241      2.356237200992
   20      2.357614489523      4.666974988840      2.328753736075
   20     -2.364226397457      0.026495986888      2.349366607364
   12      2.326368002333      2.326722028251      4.701199351542
   12      4.622180001877      4.627173419930      4.719080615037
   20      0.014364150676      0.042193902502      4.737261461786
   20     -2.393959009178      2.315318986024     -0.033270342047
   20     -0.002099985735      4.715352645498      0.031545608455
   12     -4.680342040641      0.001924377366      0.012602254535
   20     -0.002770710653     -2.360989883403     -2.338975568733
   20      2.366271265661      0.034845748824     -2.362590845594
   12     -2.401033305669     -4.621123073687     -2.297697110828
   20      2.330543714063     -2.363597681830     -0.008442684711
   12      4.669804246947      0.017721746690     -0.015135386563
   12     -0.076095660163     -4.733803247174     -0.007244473370
   20     -2.373716991285     -2.336323414776     -4.659501326493
   12      0.036110133015      0.081356163204     -4.764350275910
   12     -4.641300323020     -4.624949950624     -4.627543395999
    8      0.008671000816      0.012746287249     -2.376758245199
    8      2.423795119771      2.395622993966     -2.376654757761
    8     -2.404096258674     -2.398337055339     -2.345013355304
    8      2.385698973042     -0.001149764846     -0.010278579479
    8      4.732981942502      2.203694469385     -0.075324414119
    8      0.008314261152     -2.386184473940     -0.016583326568
    8      4.696986415169     -0.009985995210      2.361614337411
    8      7.091873298801      2.231066509836      2.277727022426
    8      2.326303102569     -2.398022583268      2.394836641322
    8      0.001790221735      2.343644832784     -0.023956805805
    8      2.353640462230      4.682229361651     -0.038381601667
    8     -2.374990734177      0.000220181592     -0.015552296849
    8      2.352008670992      2.320712209973      2.366415992779
    8      4.672932259976      4.630036666402      2.352451941237
    8      0.008881082846      0.002555133220      2.356738454473
    8      4.593730267588      2.372676026596      4.660823131219
    8      7.000658211560      4.667966166802      4.703161501520
    8      2.333940190099      0.013028022817      4.748726445592
    8      0.008262804217      4.677833359612      2.355400570122
    8      2.262489695741      7.065122971975      2.259427340268
    8     -2.384436728903      2.320992438466      2.362152429325
    8      2.418261111979      4.577018944638      4.667582214634
    8      4.669615523672      6.995369965349      4.732096543797
    8      0.033360372654      2.305751494882      4.733374427715
    8      4.643302926000      4.697187451567      6.992238335197
    8      7.048159812483      7.135319025983      7.129634133239
    8      2.215317158097      2.190792458160      6.974618252328
    0    0
