   3   1   1 E -1.6031104165969E+04 DE-1.4E-09( 10)
 -0.116183009217E-03  0.700912590868E+01  0.701672553224E+01
  0.700247392809E+01  0.108123548715E-03  0.702106650744E+01
  0.698326939573E+01  0.700327401977E+01  0.100370900551E-01
    1
  0.100000000000E+01  0.000000000000E+00  0.000000000000E+00
  0.000000000000E+00  0.100000000000E+01  0.000000000000E+00
  0.000000000000E+00  0.000000000000E+00  0.100000000000E+01
  0.000000000000E+00  0.000000000000E+00  0.000000000000E+00
   54
   20      0.007359133527      0.013222236099     -0.003033748808
   20      2.368588318314      2.316043878833     -0.049389913099
   20     -2.346345658362     -2.385187616945     -0.031730460635
   20      2.335385360083     -0.031348961811      2.376045624915
   20      4.698200639317      2.305319675825      2.331551331600
   20      0.037518959478     -2.365079552414      2.348983333256
   20     -2.339604180142     -0.005264602045     -2.327799562592
   20      0.064840107292      2.330679452425     -2.367602393790
   12     -4.663592522150     -2.322692846500     -2.367054317953
   20     -0.057599237986      2.317816219920      2.356409928294
   20      2.292519453193      4.717026466402      2.356782750848
   20     -2.353467694615      0.049652072310      2.367155983761
   20      2.316024176495      2.322715649646      4.728215836623
   20      4.668865061420      4.723264606496      4.717196694479
   12      0.005573835747      0.019619666397      4.737650846287
   12     -2.358347097471      2.330646759508      0.005318159798
   20     -0.025643218337      4.722735982689     -0.016529398476
   20     -4.712063030517      0.042705369252      0.008176192117
   20     -0.015077991562     -2.349979209381     -2.346087595979
   12      2.301141035275      0.044841498143     -2.393617492276
   12     -2.343822767037     -4.719976913039     -2.231951503939
   20      2.366254624351     -2.351824644656     -0.002368954959
   12      4.734144873316      0.072731867733     -0.115308108737
   12     -0.083729902093     -4.741338496773     -0.040297770523
   20     -2.349755784197     -2.354845604470     -4.710250034010
   12      0.002590153281      0.065127821278     -4.653686223880
   12     -4.619216114770     -4.669473941694     -4.649650112629
    8      0.070474982175      0.011130681435     -2.376471704309
    8      2.437676390839      2.259954738537     -2.420238849724
    8     -2.435758868456     -2.430404271198     -2.352095373901
    8      2.414830171777      0.012673484001     -0.015903169004
    8      4.726165798716      2.252287461218     -0.062453126125
    8     -0.001643730340     -2.419487946623     -0.001695762067
    8      4.765428201070      0.016167206291      2.340104462698
    8      7.080669738173      2.219309240685      2.248875955152
    8      2.342165721995     -2.425357362862      2.435485510094
    8     -0.057362590765      2.340038756357     -0.019926724883
    8      2.308379333874      4.674199871969     -0.085771121776
    8     -2.339455650777      0.056112923805     -0.010441163826
    8      2.328714623183      2.337682693351      2.348456779085
    8      4.651892230043      4.669759850728      2.327443883325
    8     -0.001258704026     -0.001172551335      2.395145146172
    8      4.687800660456      2.346951189614      4.738198302345
    8      7.097404115941      4.757932668378      4.688858954590
    8      2.253082597745     -0.058909429704      4.675456203049
    8     -0.013895057815      4.738760520561      2.338753816541
    8      2.244726317615      7.084284749428      2.435876932843
    8     -2.429573800754      2.325975971098      2.269464756754
    8      2.328875176628      4.735773958551      4.679968328299
    8      4.647208237808      7.098423982275      4.764117162236
    8     -0.072407815333      2.232857241111      4.754466728916
    8      4.674181445791      4.676955902681      7.006672347161
    8      6.903621404548      7.116734661486      6.985908493930
    8      2.392640671686      2.330513208905      7.099845226551
    0    0
