   3   1   1 E -1.6031096862832E+04 DE 6.5E-10( 11)
  0.614799944150E-02  0.699374383101E+01  0.699374383101E+01
  0.702787755565E+01 -0.122657351383E-02  0.700112951812E+01
  0.702787755565E+01  0.700112951812E+01 -0.122657351383E-02
    2
  0.100000000000E+01  0.000000000000E+00  0.000000000000E+00
  0.000000000000E+00  0.100000000000E+01  0.000000000000E+00
  0.000000000000E+00  0.000000000000E+00  0.100000000000E+01
  0.000000000000E+00  0.000000000000E+00  0.000000000000E+00
  0.100000000000E+01  0.000000000000E+00  0.000000000000E+00
  0.000000000000E+00  0.000000000000E+00  0.100000000000E+01
  0.000000000000E+00  0.100000000000E+01  0.000000000000E+00
  0.000000000000E+00  0.000000000000E+00  0.000000000000E+00
   54
   20      0.024533017828     -0.007204613612     -0.007204613612
   20      2.350356619098      2.333800398118     -0.041845964251
   20     -2.365802169372     -2.340274429886     -0.011825297860
   20      2.350356619098     -0.041845964251      2.333800398118
   20      4.694970214269      2.332003537007      2.332003537007
   20      0.036041006217     -2.346966584824      2.380051421853
   20     -2.365802169372     -0.011825297860     -2.340274429886
   20      0.036041006217      2.380051421853     -2.346966584824
   12     -4.752084027033     -2.278223932582     -2.278223932582
   20     -0.017167614306      2.332907583506      2.332907583506
   20      2.345083795726      4.705562212937      2.327390611972
   20     -2.369914074064      0.007681012707      2.376163136012
   20      2.345083795726      2.327390611972      4.705562212937
   12      4.649509118313      4.751082848981      4.751082848981
   12      0.044367559384     -0.019271447201      4.764432130930
   20     -2.369914074064      2.376163136012      0.007681012707
   12      0.044367559384      4.764432130930     -0.019271447201
   12     -4.680007078336     -0.059641529438     -0.059641529438
   20      0.025617797822     -2.328243804478     -2.328243804478
   12      2.380085587033     -0.082649498238     -2.244143361543
   20     -2.407916408210     -4.711331267658     -2.329389445350
   12      2.380085587033     -2.244143361543     -0.082649498238
   12      4.657555022223     -0.047605721721     -0.047605721721
   20      0.045919957327     -4.728380863719     -0.000612866794
   20     -2.407916408210     -2.329389445350     -4.711331267658
   20      0.045919957327     -0.000612866794     -4.728380863719
   12     -4.689538173344     -4.674681045558     -4.674681045558
    8      0.052791652102      0.001451941563     -2.347296772593
    8      2.340487177785      2.334535144187     -2.404537510162
    8     -2.381969450089     -2.346426213364     -2.346426213364
    8      2.359409756189     -0.067238546126     -0.067238546126
    8      4.683289060894      2.257325554151     -0.005654007379
    8      0.052791652102     -2.347296772593      0.001451941563
    8      4.683289060894     -0.005654007379      2.257325554151
    8      7.108354790317      2.330205614739      2.330205614739
    8      2.340487177785     -2.404537510162      2.334535144187
    8      0.038203801110      2.391676534209     -0.008687793426
    8      2.272834904266      4.765200441153     -0.083641852825
    8     -2.376602554391     -0.012676409247     -0.012676409247
    8      2.340621435649      2.339194550362      2.339194550362
    8      4.684739892513      4.672727441976      2.391844959374
    8      0.038203801110     -0.008687793426      2.391676534209
    8      4.684739892513      2.391844959374      4.672727441976
    8      7.061104382545      4.764627280476      4.764627280476
    8      2.272834904266     -0.083641852825      4.765200441153
    8     -0.009392596631      4.667590278253      2.258378482734
    8      2.345687900557      7.072517112995      2.311413448112
    8     -2.421936872197      2.323770870348      2.323770870348
    8      2.424372804627      4.755617494867      4.755617494867
    8      4.662652803676      6.904916435199      4.756355854749
    8     -0.009392596631      2.258378482734      4.667590278253
    8      4.662652803676      4.756355854749      6.904916435199
    8      6.992788489400      6.889436936624      6.889436936624
    8      2.345687900557      2.311413448112      7.072517112995
    0    0
