   3   1   1 E -1.6031097503856E+04 DE-4.9E-10( 11)
  0.180884081044E-01  0.700658112302E+01  0.700279153565E+01
  0.701320469375E+01  0.111326100301E-01  0.700247895755E+01
  0.702559785755E+01  0.701311900863E+01  0.434248257031E-02
    1
  0.100000000000E+01  0.000000000000E+00  0.000000000000E+00
  0.000000000000E+00  0.100000000000E+01  0.000000000000E+00
  0.000000000000E+00  0.000000000000E+00  0.100000000000E+01
  0.000000000000E+00  0.000000000000E+00  0.000000000000E+00
   54
   20      0.022010650624     -0.026698339999     -0.052609861180
   20      2.334956510502      2.345195765161     -0.054674529978
   20     -2.352536774796     -2.308889425858     -0.013797579567
   20      2.352209302726     -0.050725905413      2.330081794277
   20      4.736711969183      2.301640857557      2.329613936744
   20      0.051891664982     -2.383747705110      2.353955780968
   20     -2.329095232565     -0.031248688843     -2.330126931947
   12      0.064739770972      2.358282369206     -2.464324751559
   12     -4.728572314265     -2.354143767567     -2.276085098650
   20     -0.018985143416      2.336599806438      2.360243401589
   20      2.341314204061      4.752588034920      2.317709289703
   12     -2.361016010400      0.024418603596      2.247333585669
   20      2.328809877755      2.353919412548      4.733306321297
   20      4.677032386179      4.703962634829      4.687545335732
   20      0.002550373311     -0.024940460111      4.707278518090
   20     -2.384941127510      2.318492820697      0.033708373919
   20      0.014146349623      4.717264327858      0.016070406717
   12     -4.647979434563     -0.007416584096      0.028167980725
   12      0.023905590790     -2.337120899937     -2.341362638139
   20      2.312382242903      0.016142147641     -2.363750703658
   20     -2.385440150423     -4.677098577752     -2.371138831699
   12      2.315519532515     -2.313329448447      0.084586952475
   12      4.620524511215     -0.001390637706      0.051012792166
   20      0.048970702985     -4.707091650310      0.028672629745
   20     -2.360474465245     -2.324998783951     -4.669385468396
   12     -0.021388712839      0.031699746806     -4.609480341965
   12     -4.664418082869     -4.699898017986     -4.692033195698
    8      0.010879000198     -0.016384496409     -2.450574584710
    8      2.214446694688      2.444433728274     -2.441463461387
    8     -2.337810488203     -2.342674562488     -2.333038238597
    8      2.411458192255     -0.070601916180     -0.020605942593
    8      4.682357704213      2.274040575762     -0.012119340470
    8      0.050263200154     -2.352018629113     -0.036045738645
    8      4.700397563647     -0.000575417031      2.290797996400
    8      7.130052610470      2.206853340745      2.451517255484
    8      2.341202654224     -2.413189647703      2.317403634402
    8     -0.005374031774      2.334695841635     -0.052091190653
    8      2.344964872593      4.763123120190     -0.056647504964
    8     -2.377716720536     -0.011413786587      0.058900269194
    8      2.343093853422      2.339778175058      2.336526618957
    8      4.700575327302      4.742714492371      2.345973590724
    8     -0.040439918218     -0.029008451222      2.339504441648
    8      4.729365308555      2.339800566055      4.686548723520
    8      7.100636845106      4.604957206043      4.694140559728
    8      2.334269235273     -0.066644617553      4.738395227570
    8      0.016555979686      4.760755005123      2.385319503816
    8      2.386189139645      7.144807079981      2.204906802110
    8     -2.409919834709      2.269370040645      2.318006329085
    8      2.260363981809      4.703529980663      4.664741726093
    8      4.673721792800      7.012286907863      4.672962260990
    8      0.009769681315      2.372064222400      4.680469822169
    8      4.590244093415      4.754646069837      7.011764537185
    8      7.057672567176      7.017433267011      7.090083810381
    8      2.345961821381      2.344501607986      7.087364116148
    0    0
