   3   1   1 E -1.6031101749929E+04 DE 2.4E-09(  8)
  0.210573630022E-03  0.700155085021E+01  0.703785758859E+01
  0.701643140690E+01 -0.236641799328E-02  0.703120647739E+01
  0.700943600317E+01  0.698325389839E+01  0.971711873787E-02
    1
  0.100000000000E+01  0.000000000000E+00  0.000000000000E+00
  0.000000000000E+00  0.100000000000E+01  0.000000000000E+00
  0.000000000000E+00  0.000000000000E+00  0.100000000000E+01
  0.000000000000E+00  0.000000000000E+00  0.000000000000E+00
   54
   20      0.001244157257     -0.038312417905     -0.038662732575
   20      2.350449391237      2.332914890662     -0.024211590527
   20     -2.318919308891     -2.344432478023     -0.057592161015
   20      2.367749254275     -0.085349267851      2.373869077664
   20      4.692515898574      2.330574400488      2.344352041691
   20      0.059739516479     -2.354438516189      2.316411147804
   20     -2.341512934315     -0.047816496842     -2.355254004325
   20      0.020457920669      2.365894670770     -2.350319977889
   12     -4.642967137286     -2.386254057932     -2.387930241382
   20     -0.065310630488      2.347635643116      2.384075828656
   20      2.314924548858      4.674686724007      2.372556500422
   20     -2.355935161946      0.060515507151      2.361922167886
   20      2.335465218259      2.371892694076      4.759219479224
   12      4.615581859924      4.607407464433      4.718201261245
   20     -0.018427289806      0.009784180225      4.702787435911
   12     -2.394711942924      2.431912964643     -0.008281610093
   20     -0.052240615581      4.651468236802      0.007692830171
   20     -4.671608072718      0.072976518256      0.007539965353
   12     -0.060461571541     -2.398610211945     -2.312580286651
   20      2.373185699714     -0.016358456257     -2.330140771259
   12     -2.383552455329     -4.491548397704     -2.396381963928
   12      2.359132609081     -2.431030420794     -0.052906051585
   20      4.680161131100     -0.052197621783     -0.017511403020
   12     -0.022510636978     -4.621174947283     -0.030358364454
   12     -2.400931613757     -2.425596094284     -4.612981608198
   20      0.013519215942     -0.002332233975     -4.680091634947
   12     -4.600293834484     -4.575655770741     -4.769902855978
    8      0.000235068358     -0.076096414899     -2.338381093346
    8      2.457655696830      2.464035808538     -2.383822129483
    8     -2.329251953042     -2.410410587693     -2.387259307059
    8      2.358115480149     -0.085572503697      0.001658264690
    8      4.756437223712      2.328202625945     -0.051516381835
    8      0.105818130064     -2.446269304853     -0.088330036703
    8      4.682329475315     -0.089887833142      2.371631119686
    8      7.094734506189      2.334013357315      2.269999566769
    8      2.450774388160     -2.434457380628      2.355336320608
    8     -0.085169205916      2.321314905615      0.004789510379
    8      2.328020029337      4.665578131045     -0.045155394090
    8     -2.335120866560      0.077795307503     -0.009420220858
    8      2.333365268017      2.322608687735      2.375947146850
    8      4.682043941420      4.658993940090      2.393912059533
    8      0.006572288211     -0.003697744167      2.347065991529
    8      4.680456478225      2.432382429036      4.762156877302
    8      7.016342760054      4.658262244271      4.682641656074
    8      2.345102794979     -0.088424504763      4.692374693534
    8     -0.122491806904      4.650198081882      2.403729883552
    8      2.351498546183      7.070416228648      2.350531064638
    8     -2.428541591426      2.456001653545      2.377558431696
    8      2.346204845348      4.652126558608      4.742099634513
    8      4.675849422891      6.975602660421      4.691161003020
    8     -0.093076997696      2.447154162649      4.782056941300
    8      4.563391907661      4.539457041149      6.970392931155
    8      7.017657925543      7.066791663944      7.034917656001
    8      2.403653956232      2.448296768511      7.124918663569
    0    0
