   3   1   1 E -1.6031098215837E+04 DE 6.6E-09(  9)
 -0.122322608229E-01  0.699634352573E+01  0.704728236342E+01
  0.701446999415E+01 -0.865659257728E-03  0.704260110357E+01
  0.700112639535E+01  0.698483262588E+01  0.608583256787E-02
    1
  0.100000000000E+01  0.000000000000E+00  0.000000000000E+00
  0.000000000000E+00  0.100000000000E+01  0.000000000000E+00
  0.000000000000E+00  0.000000000000E+00  0.100000000000E+01
  0.000000000000E+00  0.000000000000E+00  0.000000000000E+00
   54
   20      0.026805649707     -0.025697566960     -0.015305639317
   20      2.337384064701      2.350069392003     -0.026203954108
   20     -2.339517909538     -2.349638891016     -0.042948202544
   20      2.339406074650     -0.055222259194      2.374147649949
   20      4.679976785597      2.305392803376      2.358050526646
   20      0.030743232931     -2.322188312074      2.399626753203
   20     -2.327261886438     -0.058771052948     -2.377728346373
   20     -0.003186933155      2.373691181704     -2.339332307383
   12     -4.626951656971     -2.330958524447     -2.347948761318
   20     -0.041679318132      2.398420357152      2.394027813457
   20      2.286361346278      4.681613269777      2.353413871122
   20     -2.329614558740      0.018091904114      2.409166444662
   20      2.292694812549      2.366286589993      4.721807070247
   12      4.654322338340      4.643036075375      4.762660944452
   12     -0.048845970763     -0.102447227939      4.695834094318
   20     -2.343707691018      2.419538311305      0.015084373069
   12     -0.000400360535      4.717171939458     -0.112097084752
   20     -4.729294249324     -0.018298491441     -0.024513864970
   12     -0.091961228811     -2.311572171392     -2.373471949786
   20      2.358318394568     -0.030972374328     -2.360967243321
   12     -2.240867630987     -4.562126830048     -2.375358947024
   12      2.381288180231     -2.325765672170     -0.111198337748
   20      4.719145944300     -0.075220663849     -0.034986252431
   20      0.010485717011     -4.675423768434     -0.059584710229
   12     -2.317896546914     -2.331556889631     -4.597536386907
   12     -0.021940092600     -0.101838898045     -4.620581191273
   20     -4.646687777729     -4.612502329612     -4.679664247223
    8     -0.001587175560     -0.107145973801     -2.434479571055
    8      2.407797370730      2.432700597985     -2.331125612844
    8     -2.292661366979     -2.405568038898     -2.401752754864
    8      2.347801760571     -0.103546355094     -0.013250770080
    8      4.664485567673      2.320629869970     -0.069008388715
    8      0.063442761145     -2.323635335065     -0.015742535424
    8      4.774110889762     -0.109751109436      2.356833290484
    8      7.003129030375      2.261269280468      2.357384744888
    8      2.464133976878     -2.327595076409      2.443788223669
    8      0.002850232194      2.428458607773     -0.008478673125
    8      2.218085491478      4.659635771604     -0.064145887340
    8     -2.335491847425      0.001036090173     -0.011028607286
    8      2.324422447027      2.338389755373      2.357767085032
    8      4.675897800680      4.652770769207      2.386723460955
    8      0.012469224520      0.009116990820      2.405451732371
    8      4.670342981624      2.405148133058      4.697666935368
    8      6.960978279649      4.740377149370      4.774680956136
    8      2.263154270642     -0.112469582500      4.693551614067
    8     -0.088288718180      4.777059637241      2.386231243680
    8      2.250122851115      6.996036834092      2.349893999937
    8     -2.332362531966      2.435111827826      2.447079550530
    8      2.366742675803      4.663086201899      4.771279991272
    8      4.762195695747      6.960404590676      4.700751790744
    8     -0.114853639159      2.376621775721      4.686692322086
    8      4.606664470867      4.662381511885      6.971649416993
    8      7.001224186626      6.872698902819      6.976302258833
    8      2.333213164003      2.425064488109      7.032753917287
    0    0
