   3   1   1 E -1.6031073434784E+04 DE 7.0E-10( 11)
 -0.109946897769E-01  0.699303910886E+01  0.699666562084E+01
  0.699904598498E+01  0.351468602356E-02  0.698881775573E+01
  0.700372571898E+01  0.699545525480E+01 -0.652567827564E-02
    1
  0.100000000000E+01  0.000000000000E+00  0.000000000000E+00
  0.000000000000E+00  0.100000000000E+01  0.000000000000E+00
  0.000000000000E+00  0.000000000000E+00  0.100000000000E+01
  0.000000000000E+00  0.000000000000E+00  0.000000000000E+00
   54
   20      0.018280973662     -0.026483975209     -0.028958851441
   20      2.310465135225      2.366407055297     -0.027565201992
   20     -2.338993597046     -2.336702572752     -0.008129600540
   20      2.320320797671     -0.044434169407      2.350248806442
   20      4.685793011911      2.342492871338      2.372134717462
   20      0.033398682638     -2.372308611026      2.388488048199
   20     -2.312971848136     -0.017396960833     -2.349034330910
   12      0.053026609373      2.411873871605     -2.416037906858
   12     -4.716493790496     -2.241173053613     -2.368835494560
   20      0.015557455162      2.369240300297      2.385568149383
   12      2.290908764820      4.680321342275      2.439534874722
   20     -2.354807599161     -0.025988514474      2.365514300041
   20      2.321586001360      2.385031488398      4.657342256925
   12      4.659845624257      4.511179874114      4.665760405640
   12     -0.039639857958     -0.131628319010      4.656568691780
   20     -2.338955562449      2.370945101625     -0.010281774331
   20      0.009307469609      4.685287448569     -0.035246440943
   20     -4.704934400173     -0.012791169638      0.007884366692
   12      0.053450924526     -2.265101906489     -2.191573941462
   20      2.297688636566     -0.029038464952     -2.394130020591
   20     -2.344394282224     -4.640473396511     -2.356898551613
   12      2.291083105138     -2.386688477174     -0.090307797216
   20      4.680976499672     -0.031495711752     -0.044324519351
   20      0.042417987526     -4.657831137526     -0.022412344435
   20     -2.333097506320     -2.331316925777     -4.652455848934
   12      0.006943183453      0.056527216904     -4.577590413576
   12     -4.659856084046     -4.650808004580     -4.601344174630
    8     -0.005998211013     -0.030774292235     -2.434307763875
    8      2.235997886762      2.416938661762     -2.440660518585
    8     -2.328131399676     -2.332942058599     -2.352957736116
    8      2.322268747786     -0.049009315707     -0.037019011612
    8      4.669896964582      2.341785911892     -0.021637807811
    8      0.077223111061     -2.348505743900     -0.024912237716
    8      4.695230582526     -0.015030811301      2.338703044871
    8      7.083905069736      2.276466909393      2.417124062486
    8      2.345044722265     -2.421037063807      2.353676003440
    8      0.007446146490      2.355468344675     -0.032204857485
    8      2.312254739427      4.671329954874     -0.017898151841
    8     -2.333843658252     -0.013544367048     -0.002331401204
    8      2.328977383450      2.381406079013      2.347377853923
    8      4.643882792251      4.651973056686      2.394656225307
    8      0.016320378447     -0.021141637823      2.380699128171
    8      4.715033165004      2.394679099065      4.643944201393
    8      7.004583410858      4.646005505367      4.655778405445
    8      2.281638796461     -0.054741517213      4.665369957203
    8      0.079537856223      4.768324104933      2.391507241401
    8      2.259709240982      6.967738260650      2.347611989297
    8     -2.371107689491      2.350645135797      2.354507721763
    8      2.324795531417      4.682575502871      4.648693360264
    8      4.700747718540      6.936410262038      4.630424011958
    8      0.003526259835      2.363060089841      4.662534161808
    8      4.613355464576      4.666341046395      6.928544292247
    8      7.006037006456      6.989674693508      6.970318163140
    8      2.327758212561      2.412299712738      7.023851900531
    0    0
