   3   1   1 E -1.6031103163070E+04 DE-1.6E-10( 11)
  0.746837248977E-02  0.696346673617E+01  0.700690012540E+01
  0.701132446395E+01 -0.968313651377E-02  0.701678028048E+01
  0.701668611531E+01  0.697198934957E+01 -0.925847598914E-02
    1
  0.100000000000E+01  0.000000000000E+00  0.000000000000E+00
  0.000000000000E+00  0.100000000000E+01  0.000000000000E+00
  0.000000000000E+00  0.000000000000E+00  0.100000000000E+01
  0.000000000000E+00  0.000000000000E+00  0.000000000000E+00
   54
   20     -0.025057084556     -0.030780256547     -0.031668027220
   20      2.373595846408      2.319665087464     -0.016284495112
   20     -2.331884052076     -2.336842850721     -0.010279743664
   20      2.365324418846     -0.012380327517      2.392261278985
   20      4.718972860170      2.315657173511      2.356410379355
   20      0.005417686173     -2.361713433324      2.344973965445
   20     -2.352745536897     -0.017383757966     -2.348456102095
   20      0.014330351262      2.346150013441     -2.385803020540
   12     -4.686213905832     -2.389922440913     -2.379706656875
   20     -0.002474276214      2.327770610371      2.376732188299
   20      2.359750313061      4.693100358397      2.378893508549
   12     -2.332716129816     -0.000845745034      2.334698430469
   12      2.294798326253      2.406009808935      4.684859353104
   12      4.658764460745      4.688788848256      4.688645989872
   20     -0.010211190771     -0.002887353282      4.711377124279
   20     -2.399991312578      2.338969230265     -0.032131615192
   20     -0.002140860911      4.700161338400      0.011042320084
   20     -4.719144880739      0.047208696724     -0.000342806973
   12      0.009664900656     -2.346730740210     -2.348052390140
   20      2.352356972297     -0.019843375639     -2.380392804892
   20     -2.324932761318     -4.677410680890     -2.328709875050
   20      2.322889334581     -2.366867246403     -0.041233729630
   12      4.737230609969      0.010773191335      0.044746756618
   12      0.121995429134     -4.671464042808      0.005185736430
   20     -2.352354985263     -2.320719812651     -4.664719420451
   12     -0.067283977277      0.058739471204     -4.719841487927
   12     -4.715586626629     -4.674219372708     -4.653892515717
    8     -0.011649358072     -0.058026440623     -2.426159062521
    8      2.344975059970      2.390145911033     -2.408026179838
    8     -2.354720017913     -2.345918147864     -2.351029369201
    8      2.387677108780     -0.020873243337     -0.009929822082
    8      4.762722437766      2.247457317708      0.008001696775
    8     -0.006971310686     -2.401858749806     -0.064991733147
    8      4.770477725008     -0.004735000800      2.321198730217
    8      7.126444983180      2.227955511532      2.246488940686
    8      2.332410542635     -2.429652818697      2.411639708509
    8     -0.010690661778      2.335178187960     -0.011492056699
    8      2.347196843245      4.659794367234     -0.017646329290
    8     -2.347320531501      0.003251549864      0.030564696274
    8      2.346596904711      2.335284383097      2.393882458776
    8      4.686897469719      4.728650528428      2.383655345382
    8     -0.041069006564     -0.011341244176      2.378088724179
    8      4.601681811877      2.402566400384      4.655493760234
    8      7.036107545202      4.644666681324      4.677799946933
    8      2.326266736604     -0.012247146101      4.690246309372
    8      0.007282074366      4.728704826568      2.420442893292
    8      2.362542538247      7.095859605248      2.325384387978
    8     -2.418230669208      2.220446964592      2.335694738639
    8      2.343083484961      4.554015774340      4.663897498616
    8      4.684666257425      6.842125398079      4.658276361487
    8      0.119514279663      2.407367419361      4.755400796193
    8      4.666157009328      4.728932114933      6.944784578897
    8      6.879110034171      7.057522639301      7.106538185168
    8      2.206142063086      2.317723090231      6.958381139672
    0    0
