   3   1   1 E -1.6031094670847E+04 DE-8.2E-10( 10)
 -0.507567853067E-02  0.696601739481E+01  0.700601185510E+01
  0.701848910035E+01 -0.148227189971E-01  0.702221505983E+01
  0.700931931963E+01  0.698039698892E+01 -0.128913165988E-01
    1
  0.100000000000E+01  0.000000000000E+00  0.000000000000E+00
  0.000000000000E+00  0.100000000000E+01  0.000000000000E+00
  0.000000000000E+00  0.000000000000E+00  0.100000000000E+01
  0.000000000000E+00  0.000000000000E+00  0.000000000000E+00
   54
   20     -0.010104326749      0.009930295295     -0.052420024002
   20      2.370917412767      2.377417720313     -0.048714723434
   20     -2.339845216522     -2.333383428914     -0.067977151121
   20      2.328111483012     -0.030909596652      2.373872397643
   20      4.701504087121      2.321848343687      2.346932496983
   20      0.011808917032     -2.327441394991      2.364340327310
   20     -2.363051163090     -0.015296857330     -2.319572379643
   20      0.000291370070      2.382605433994     -2.354302141969
   12     -4.727065316751     -2.301101867177     -2.299938158713
   20     -0.050292564358      2.341997194518      2.381498908780
   20      2.313776965243      4.700948722040      2.367114910232
   20     -2.341712189322      0.033436504613      2.357884913224
   20      2.277642930759      2.296009167452      4.757201446877
   12      4.702048393004      4.620164874790      4.713482211691
   12     -0.120311501049     -0.129566868252      4.678511904467
   12     -2.341321411119      2.308542589063     -0.062242295542
   20     -0.007695601584      4.735014651065     -0.045418749260
   12     -4.761466567463      0.014913099563     -0.012973924104
   12     -0.014914398184     -2.333509254446     -2.324911003142
   20      2.355370782112     -0.011853610168     -2.347587144363
   12     -2.264523384496     -4.571020486239     -2.273718335672
   20      2.345957791880     -2.404824830344     -0.026302953756
   20      4.774671032156      0.004380574386     -0.045896006618
   12     -0.016804150319     -4.769540800858     -0.051343661777
   20     -2.293270873387     -2.349047471021     -4.653666358975
   12      0.011627722879      0.068119737193     -4.688514423221
   20     -4.654966204388     -4.673691149249     -4.684944865753
    8     -0.005435730899     -0.068003882704     -2.410765941731
    8      2.442457665156      2.417834390599     -2.370202536006
    8     -2.293453936853     -2.433581351977     -2.342960495939
    8      2.367979235924     -0.006607024432     -0.032458143070
    8      4.777536673038      2.325036787059     -0.086644190913
    8     -0.011488439233     -2.416899970933     -0.084743557022
    8      4.747098483189     -0.007318948705      2.375616286328
    8      7.010896348338      2.238954245683      2.265668220850
    8      2.378529904383     -2.342782493242      2.399948235496
    8     -0.037587676273      2.361720890087     -0.035294755030
    8      2.325343219213      4.764890932908     -0.095287222688
    8     -2.409465522579      0.097543799707     -0.024464232835
    8      2.318909105270      2.330857204652      2.369583572888
    8      4.696247235656      4.664369778588      2.392168016846
    8      0.007720849445      0.011160961388      2.401810143387
    8      4.670069627354      2.418882358282      4.770665127135
    8      7.000133358977      4.769980521408      4.660032899832
    8      2.210349674476     -0.144011623441      4.784359046060
    8     -0.002379132393      4.732792766886      2.426464698678
    8      2.220182565111      6.972958547857      2.278600689862
    8     -2.330853703761      2.327155601353      2.349370041767
    8      2.304717881692      4.629462107101      4.702898579707
    8      4.804065982217      6.966821789875      4.670121581506
    8     -0.141970603560      2.292677968587      4.805313067282
    8      4.697055590377      4.551657584325      6.920016444675
    8      7.100020623614      7.096411501082      6.986233281231
    8      2.369234039430      2.176056756984      7.012566118044
    0    0
