   3   1   1 E -1.6031104469863E+04 DE-6.1E-08(  7)
  0.129033908115E-01  0.698862949544E+01  0.700884708701E+01
  0.700836754278E+01 -0.553483319000E-02  0.701803542342E+01
  0.700435007387E+01  0.698938657662E+01  0.349437885252E-02
    1
  0.100000000000E+01  0.000000000000E+00  0.000000000000E+00
  0.000000000000E+00  0.100000000000E+01  0.000000000000E+00
  0.000000000000E+00  0.000000000000E+00  0.100000000000E+01
  0.000000000000E+00  0.000000000000E+00  0.000000000000E+00
   54
   20      0.009179196705     -0.010595833211      0.016520130257
   20      2.368271999227      2.325482558678     -0.015359696977
   20     -2.336804324880     -2.333482079036     -0.012357139013
   20      2.329747998876     -0.035891362313      2.347209058146
   20      4.715327059344      2.317503198439      2.320067122054
   20      0.026303943624     -2.367689796104      2.315646307305
   20     -2.332314884282      0.026930372502     -2.318805766793
   20      0.031623766934      2.307359023397     -2.360609740341
   20     -4.672414256240     -2.338654017689     -2.349422688365
   20     -0.049994437573      2.319668005793      2.363726751951
   20      2.324692280971      4.741478402841      2.353850229164
   20     -2.385540088363      0.054395458648      2.361301693578
   20      2.318430794198      2.317635641130      4.761895392662
   20      4.671710756410      4.681553348842      4.700946069477
   12      0.057057142565      0.061140839197      4.699152684369
   12     -2.430988843029      2.335654741466     -0.011774209071
   20     -0.005098016327      4.713462965105      0.005777580708
   12     -4.720095843184      0.077185855536      0.018762215154
   20      0.016690277513     -2.337532074042     -2.330177518706
   12      2.329138263958      0.011736156213     -2.268953730592
   12     -2.328187734897     -4.738833083790     -2.287490647392
   12      2.281062596342     -2.388759512868      0.022983392113
   20      4.710558117231      0.013950204424     -0.026740606547
   12      0.023964510983     -4.713227212669     -0.025829698649
   20     -2.350887335786     -2.363811564288     -4.678279372640
   12      0.091715045312      0.059296069225     -4.669896272578
   12     -4.660626569214     -4.698675593712     -4.797845068253
    8      0.073986616268      0.015364436378     -2.382994677940
    8      2.429993056844      2.204949537639     -2.395300196735
    8     -2.342987771849     -2.419805685277     -2.348669774766
    8      2.341135182700     -0.076575093020     -0.079266244438
    8      4.754170489402      2.340213646846     -0.069522771712
    8      0.075274065240     -2.443184212393     -0.002703639374
    8      4.733481967080      0.003967557101      2.310258852594
    8      7.069878296446      2.219366483525      2.253860558573
    8      2.333003813268     -2.414955878671      2.251073267189
    8     -0.040448210816      2.341028298534      0.028883241543
    8      2.332007910253      4.726817519164      0.001046464371
    8     -2.418502341397      0.108600626618     -0.006382051490
    8      2.333439908670      2.337031989201      2.347936029789
    8      4.667139463985      4.664776112011      2.342404445660
    8      0.013074005414     -0.008838470053      2.410821752986
    8      4.670144167506      2.337290473025      4.736032976984
    8      7.001859244908      4.742285221090      4.678024067016
    8      2.240614452948      0.003751127387      4.758753724679
    8      0.005599782940      4.750423650082      2.335229116447
    8      2.246272619787      7.079530582239      2.283826188703
    8     -2.432167085763      2.325544067494      2.295232153943
    8      2.355835477627      4.751809490413      4.781886294219
    8      4.650979019482      7.088310737118      4.675157064509
    8     -0.084461716761      2.209344659060      4.741894385550
    8      4.581714331416      4.555361456151      7.024462366683
    8      7.116724476534      7.098132483829      6.968107040144
    8      2.375011895044      2.298344047690      7.062348895593
    0    0
