   3   1   1 E -1.6031101449260E+04 DE 1.1E-08(  8)
  0.100441232533E-01  0.696995732336E+01  0.700788549146E+01
  0.703983984212E+01  0.920528087791E-02  0.701578458426E+01
  0.704173031995E+01  0.698641411966E+01  0.789542603973E-03
    1
  0.100000000000E+01  0.000000000000E+00  0.000000000000E+00
  0.000000000000E+00  0.100000000000E+01  0.000000000000E+00
  0.000000000000E+00  0.000000000000E+00  0.100000000000E+01
  0.000000000000E+00  0.000000000000E+00  0.000000000000E+00
   54
   20      0.002604041454     -0.016634489478     -0.023945157269
   20      2.365478400162      2.349310479611     -0.046395891817
   20     -2.354670914952     -2.320337927504     -0.015801323539
   20      2.329468808979     -0.057235244403      2.344978936078
   20      4.704686818700      2.322310989390      2.367277269327
   20      0.015935388701     -2.338614700387      2.354869065200
   20     -2.337375431990     -0.036743283402     -2.330826205371
   20      0.024499159392      2.335538155919     -2.360409777582
   12     -4.714751126944     -2.372055737068     -2.436726480424
   20     -0.058666857174      2.336984689063      2.349680364482
   20      2.363635880481      4.717720160480      2.365248480247
   12     -2.306807989059      0.072805785947      2.376697217653
   20      2.352152204619      2.385956289538      4.714513835748
   12      4.647536975596      4.605684379685      4.718301315990
   20     -0.044231039666     -0.013843879919      4.664655882368
   12     -2.348074044688      2.315285429001     -0.026022534841
   20     -0.028227662976      4.651783599627     -0.008646410035
   20     -4.671620234940      0.043192993979      0.040187256878
   12     -0.064048308203     -2.317393842039     -2.340374156274
   20      2.364705612927     -0.003735298618     -2.389149719148
   12     -2.380267596699     -4.610930896325     -2.401742728348
   12      2.408197924331     -2.332126764623     -0.050436315267
   20      4.696016868667     -0.027120944756     -0.025632806034
   20      0.024049616414     -4.626538624445      0.013975494655
   20     -2.360786122221     -2.396439472876     -4.659299541019
   12      0.036635908328     -0.015675332494     -4.623231902810
   12     -4.661028573978     -4.624367162516     -4.679436801470
    8     -0.005751157471     -0.102382250706     -2.433529250763
    8      2.444974712438      2.434752654546     -2.415810907228
    8     -2.348373977859     -2.430016239087     -2.331747015460
    8      2.355010330257     -0.075564556765     -0.013283308918
    8      4.691038899260      2.327663184455     -0.051779493378
    8      0.001150087000     -2.322016407154     -0.052010811222
    8      4.729413102187     -0.026678929656      2.355961639510
    8      7.097558187283      2.252813566456      2.353829966588
    8      2.360166568215     -2.438169994202      2.399721992460
    8     -0.038673476122      2.331382828401     -0.030320795222
    8      2.328315785460      4.674094194745     -0.033524818758
    8     -2.347078051013      0.087515686009      0.061658099327
    8      2.338081592812      2.340591919572      2.348485867526
    8      4.711929616493      4.733267313832      2.403488551076
    8     -0.059701825890     -0.003162797759      2.322336616202
    8      4.697209672806      2.405203985036      4.743528199833
    8      7.028441791981      4.657172566567      4.676980039216
    8      2.347494003743     -0.067592658297      4.683306375746
    8     -0.003260112124      4.739788969338      2.418000568737
    8      2.330282637001      7.075497957582      2.336025664204
    8     -2.415183037965      2.206586527354      2.396157313641
    8      2.402450757002      4.653846643229      4.760188162754
    8      4.688129087267      6.965991726596      4.598630897337
    8     -0.067888908284      2.412149593484      4.651313855762
    8      4.621984305812      4.553310829550      6.923965652577
    8      7.056647012620      6.988055253410      7.055819068906
    8      2.462848975775      2.444214339625      7.090368784601
    0    0
