   3   1   1 E -1.6031093758524E+04 DE-4.1E-10( 11)
 -0.275958836918E-02  0.701578984781E+01  0.701560041346E+01
  0.701788477101E+01 -0.429652469733E-02  0.700940060421E+01
  0.702815037903E+01  0.701378769751E+01 -0.830486840610E-02
    1
  0.100000000000E+01  0.000000000000E+00  0.000000000000E+00
  0.000000000000E+00  0.100000000000E+01  0.000000000000E+00
  0.000000000000E+00  0.000000000000E+00  0.100000000000E+01
  0.000000000000E+00  0.000000000000E+00  0.000000000000E+00
   54
   20      0.028788535732     -0.028109902866     -0.024566927467
   20      2.361712013616      2.339302608668     -0.062179476765
   20     -2.345431022039     -2.360008585486     -0.027036720417
   20      2.333643069526     -0.033326707785      2.376166846119
   20      4.705061104510      2.333654058884      2.375460385208
   20      0.036422070800     -2.354870345487      2.380172730378
   20     -2.341843940810      0.002364917001     -2.351284833405
   20      0.056711670830      2.363981059610     -2.347605825295
   12     -4.611944356380     -2.311163123083     -2.308501668721
   20     -0.007796576239      2.312103929220      2.385383265001
   20      2.332040814302      4.700908816466      2.399376554279
   20     -2.377487078128      0.011433681229      2.414524756013
   12      2.361943304646      2.437435026254      4.650571216575
   12      4.497205915549      4.666061821035      4.688572486892
   12      0.054186867841      0.001424431336      4.651222481827
   20     -2.382697148450      2.376420898562     -0.010437123244
   20     -0.012604869589      4.728656007171     -0.016161215086
   20     -4.715572224944      0.038885754375     -0.006804180461
   20      0.041938784822     -2.361399446602     -2.362363049985
   12      2.355342696863      0.024107097290     -2.330889563663
   12     -2.457141732269     -4.678946998923     -2.340822762946
   12      2.369651972680     -2.383275072696     -0.095260124531
   20      4.680245326350     -0.022979078944     -0.065131428477
   20      0.034889152939     -4.705403932041     -0.025651092656
   20     -2.371717464355     -2.356136896528     -4.665432219694
   12      0.065323327576      0.048092461464     -4.593975196832
   12     -4.693044147235     -4.690354051678     -4.594875265031
    8      0.116440500040      0.005331382883     -2.368915567430
    8      2.424142496975      2.353413222833     -2.418830901727
    8     -2.420216784189     -2.401828273922     -2.340035009677
    8      2.331431203831     -0.068487337641     -0.107632234337
    8      4.687007414890      2.333833761626     -0.085070501388
    8      0.071097011642     -2.355503837441     -0.033257830270
    8      4.723359383778     -0.004340767634      2.344403324875
    8      7.115260362807      2.243300694193      2.354823105582
    8      2.346749099399     -2.431349009808      2.362009433685
    8      0.003473562525      2.347548317906     -0.019405353396
    8      2.334045500531      4.688321974923     -0.061520071116
    8     -2.354098105242      0.001583629240     -0.020805139980
    8      2.350746145533      2.334542718641      2.384055426690
    8      4.680110424445      4.672529477142      2.407898514474
    8     -0.013248015445     -0.014240067043      2.388498477730
    8      4.607491312955      2.403504303748      4.677361618143
    8      7.076080198930      4.782538973451      4.670396893799
    8      2.269087837994     -0.012502130140      4.674851069814
    8     -0.003802794533      4.731055064244      2.345432133129
    8      2.255007859448      7.090456036343      2.439462971196
    8     -2.437402758259      2.337362988184      2.395095219775
    8      2.435073165512      4.633998674858      4.751263661401
    8      4.636094086231      6.995524387814      4.664855370018
    8      0.034570595431      2.227760582981      4.666961082659
    8      4.564963364278      4.671338792315      6.923881095422
    8      7.024428655664      7.014823879259      6.989175469951
    8      2.339022234212      2.434388727389      6.997708365022
    0    0
