   3   1   1 E -1.6031095553322E+04 DE-2.9E-10( 11)
  0.386223725181E-01  0.698028336134E+01  0.700615083708E+01
  0.700531885924E+01  0.919748853180E-03  0.703438554855E+01
  0.700249815613E+01  0.700142305800E+01  0.848984569863E-02
    1
  0.100000000000E+01  0.000000000000E+00  0.000000000000E+00
  0.000000000000E+00  0.100000000000E+01  0.000000000000E+00
  0.000000000000E+00  0.000000000000E+00  0.100000000000E+01
  0.000000000000E+00  0.000000000000E+00  0.000000000000E+00
   54
   20     -0.000512602668     -0.025559533478     -0.038819932364
   20      2.359974592979      2.311123091807     -0.050182077615
   20     -2.300173102483     -2.351135165014     -0.038886817041
   20      2.303209084408     -0.016944459536      2.330536501970
   20      4.680169970990      2.340741263614      2.339229416208
   20      0.031478674251     -2.361602200398      2.314919719461
   20     -2.348329484026     -0.000168710338     -2.312198556954
   20      0.028803045147      2.307082298399     -2.351888491011
   20     -4.652251313299     -2.351536041892     -2.353999687988
   20     -0.044236935156      2.328003903159      2.362310956079
   20      2.324038382809      4.720394971796      2.366826708543
   20     -2.367289910584      0.061146005433      2.347585354957
   20      2.272485471745      2.336376836287      4.764742529287
   20      4.642493710405      4.699711736483      4.714329180736
   12      0.032414805894      0.053337677765      4.734114275333
   12     -2.492281776344      2.347972504024      0.010326299016
   20      0.036732924503      4.683073976032     -0.044928419203
   12     -4.688255279262      0.127677727965     -0.021561735668
   12      0.035671215143     -2.319127275035     -2.263165596651
   12      2.317623560208     -0.027134986419     -2.308505224219
   12     -2.262350875845     -4.711484501734     -2.306280578645
   12      2.301139137297     -2.361613710805     -0.011623538883
   20      4.675678246919      0.021174715383     -0.038700408140
   12     -0.002518828712     -4.661169244657     -0.035986843025
   20     -2.362830869786     -2.389424063094     -4.679186113316
   20      0.043207662057      0.030614079266     -4.683113365398
   12     -4.558864946435     -4.733813646452     -4.773582192303
    8      0.065136581795     -0.067008532259     -2.328817238032
    8      2.433102065179      2.223372706846     -2.426393381079
    8     -2.265491628220     -2.402330884650     -2.329550152642
    8      2.326314907327     -0.060434389033     -0.075034669396
    8      4.726142389041      2.333614723851     -0.061905374804
    8      0.115456659405     -2.430428968548     -0.087763866293
    8      4.662978938461      0.002222025729      2.346672549938
    8      7.059147601557      2.336598542006      2.302412804092
    8      2.327198556822     -2.393110847486      2.286717459406
    8     -0.018095170835      2.323397082129     -0.021226518386
    8      2.356798704601      4.709326700059     -0.013595571510
    8     -2.409285163161      0.067237605133     -0.017719660222
    8      2.322210214283      2.337425984013      2.360654998880
    8      4.665191140511      4.680855184677      2.346685581505
    8      0.003381361706      0.001077229933      2.380965177574
    8      4.651599039343      2.341756404782      4.751412816861
    8      7.023093231942      4.706503665430      4.683469799664
    8      2.249551980660      0.001884099907      4.754944750177
    8      0.032184084570      4.661187218098      2.377547125719
    8      2.350560845621      7.096568917499      2.353144568917
    8     -2.403861539377      2.316848814833      2.320206931021
    8      2.247106578311      4.740327809183      4.789909438330
    8      4.683557271084      7.101554263962      4.683651201636
    8     -0.117567692906      2.282059562553      4.814248785989
    8      4.615015658653      4.585411968005      7.006290174305
    8      7.113348903186      7.096035718017      6.952942648342
    8      2.388977165807      2.272147903621      7.098436297818
    0    0
