   3   1   1 E -1.6031095765076E+04 DE-2.2E-09( 10)
  0.325551030425E-01  0.698804360425E+01  0.703015858150E+01
  0.699927555274E+01  0.591509282920E-02  0.704764802219E+01
  0.699817621571E+01  0.699963831100E+01  0.124175653810E-01
    1
  0.100000000000E+01  0.000000000000E+00  0.000000000000E+00
  0.000000000000E+00  0.100000000000E+01  0.000000000000E+00
  0.000000000000E+00  0.000000000000E+00  0.100000000000E+01
  0.000000000000E+00  0.000000000000E+00  0.000000000000E+00
   54
   20     -0.007863293210     -0.006819257638     -0.004599223620
   20      2.329913183120      2.345766566305     -0.010709335867
   20     -2.334279469642     -2.353483204612     -0.032216257165
   20      2.341082315374     -0.047744105947      2.334382230849
   20      4.696250908190      2.328528579774      2.336445487438
   20      0.047921747715     -2.360548262955      2.326528944734
   20     -2.367714315330     -0.012203132574     -2.343630800896
   20      0.007415415098      2.352706849197     -2.333192985547
   20     -4.658639406827     -2.354387793882     -2.352545377563
   20     -0.074406311662      2.353765439463      2.330828884818
   20      2.311867802648      4.683260110603      2.311788443842
   20     -2.351788582074      0.077346804483      2.331328244384
   20      2.305798197496      2.305827853662      4.767901313361
   20      4.712758306383      4.662722918125      4.751408538257
   12      0.065037770770      0.094163292493      4.767177546242
   12     -2.370927291903      2.393602620182      0.020755942471
   12      0.013066333669      4.657690294411      0.005968544379
   12     -4.729487109192      0.025909775673      0.009341927970
   20     -0.036308371313     -2.391406184632     -2.310122348580
   20      2.349027001464      0.020998856978     -2.341609399047
   12     -2.304814212126     -4.694961039543     -2.290769207126
   12      2.353083883895     -2.433603241083      0.064366042436
   20      4.731737766124     -0.021628527534      0.018505499531
   12      0.030933530369     -4.670106592887      0.002069558079
   12     -2.298227087377     -2.421607898311     -4.724144930363
   20      0.019502880628      0.004115423685     -4.747567299338
   12     -4.709718418837     -4.517797601782     -4.796088051044
    8     -0.011760827617     -0.006893106679     -2.349481846317
    8      2.401516441118      2.335661795834     -2.375703226722
    8     -2.345043892523     -2.419491226264     -2.393540730429
    8      2.345856609127     -0.047663036553     -0.002413561577
    8      4.724952935572      2.325423935962     -0.040489442827
    8      0.063845194966     -2.419337972131     -0.006557994006
    8      4.678178039810     -0.048346066775      2.333380140704
    8      7.061388847760      2.338384023889      2.302822945079
    8      2.413798523629     -2.435945689379      2.288711761992
    8     -0.074071882888      2.393547439527     -0.002711087341
    8      2.272061465807      4.721003701548     -0.007506511010
    8     -2.400424582807      0.066957053490     -0.014231205507
    8      2.324375399475      2.327555022220      2.339780703880
    8      4.676608770837      4.675102051814      2.340033009375
    8     -0.003031731903      0.004597482878      2.374737531439
    8      4.664598331857      2.341962214828      4.753190367174
    8      7.028243600126      4.716515298384      4.758351324948
    8      2.253185993763     -0.011917895910      4.745408029919
    8     -0.077302614479      4.651066190453      2.253063818281
    8      2.346797806368      7.071586975831      2.284597530182
    8     -2.476864040604      2.481010047014      2.321681257219
    8      2.348838069859      4.645055225679      4.754935386703
    8      4.767745221928      7.079805488967      4.706767931794
    8     -0.115280587582      2.217335618937      4.760575192602
    8      4.722567970047      4.553773851833      7.108339816287
    8      7.163041285475      7.018681288634      6.958028114343
    8      2.309987401125      2.375648280693      7.122637571986
    0    0
