   3   1   1 E -1.6031084777188E+04 DE-2.0E-09( 11)
  0.238259241584E-01  0.699473730446E+01  0.699893365535E+01
  0.700302187662E+01  0.136160652215E-01  0.700251910118E+01
  0.702569959798E+01  0.701459220429E+01 -0.261112886707E-02
    1
  0.100000000000E+01  0.000000000000E+00  0.000000000000E+00
  0.000000000000E+00  0.100000000000E+01  0.000000000000E+00
  0.000000000000E+00  0.000000000000E+00  0.100000000000E+01
  0.000000000000E+00  0.000000000000E+00  0.000000000000E+00
   54
   20     -0.003367075184      0.005787646304     -0.008359388968
   20      2.306024792540      2.371692899668     -0.092784564139
   20     -2.391790484819     -2.271442781701      0.022892036612
   20      2.339470615660     -0.023216678264      2.363858175293
   20      4.658608225053      2.326965017114      2.348811508950
   20      0.035211348609     -2.323779084307      2.358877101067
   20     -2.378019327712      0.021488419650     -2.279958502597
   20      0.026514197255      2.340119053511     -2.299245996678
   12     -4.728022424415     -2.265211799952     -2.289196774045
   20     -0.009924266569      2.341008467344      2.274629567999
   20      2.320019032924      4.765011336346      2.328807322186
   12     -2.369814470232      0.054929218970      2.276484646421
   12      2.359367197817      2.238518525821      4.796741197402
   20      4.643256391379      4.678329471530      4.713603761403
   20      0.053973887633     -0.038042066485      4.700140997585
   12     -2.381045761418      2.182269386252     -0.055713880741
   12      0.043804735960      4.726320252595     -0.024399173094
   12     -4.654710628751      0.033760698102     -0.003209041267
   20      0.054312736557     -2.304147186814     -2.363324798423
   12      2.305376947607     -0.022666908868     -2.279102437375
   20     -2.409408390224     -4.711552086102     -2.366993733738
   12      2.326833397068     -2.256754447330     -0.049220312991
   20      4.675949922637     -0.064822923155     -0.008732752762
   20      0.071669634595     -4.711076246417      0.030702034705
   20     -2.355549823490     -2.352601720359     -4.729317049841
   12      0.049139095074     -0.008115626749     -4.739647259866
   20     -4.650044407174     -4.744087371496     -4.704911956158
    8      0.118580820823      0.009322590975     -2.333217800648
    8      2.341526220050      2.328860979503     -2.349299111239
    8     -2.412749721847     -2.325508318050     -2.323012044608
    8      2.327816292006     -0.086055525282     -0.074299424500
    8      4.662985047350      2.336607504266     -0.002432269645
    8      0.075179555799     -2.332465472513      0.010148200013
    8      4.714246374623     -0.005925056390      2.345274077249
    8      7.028612291827      2.251437689150      2.341405680885
    8      2.340085386443     -2.349293596384      2.330874656672
    8     -0.069905744744      2.430836447709     -0.027195652782
    8      2.229435872471      4.842629087417     -0.109918341709
    8     -2.475064582719      0.115547398652      0.132355947687
    8      2.322856962778      2.362480883835      2.346506437412
    8      4.663203986616      4.770914101831      2.350817601041
    8     -0.038527590691      0.000644485004      2.318023134313
    8      4.592463502627      2.332520874087      4.757051049002
    8      7.114790715225      4.690255044461      4.732853611432
    8      2.350972940560     -0.008378772297      4.791289310081
    8      0.021769113425      4.783542638865      2.231122407025
    8      2.360116672226      6.987890987680      2.310109787670
    8     -2.325933166141      2.201438145426      2.230973130374
    8      2.337057974315      4.687343039188      4.795175087293
    8      4.615678155405      6.978530750288      4.672113214857
    8      0.101634903527      2.321682924591      4.671478458888
    8      4.668984412815      4.596534692290      6.984958926059
    8      7.161115115466      6.879914304145      7.046518260181
    8      2.471696685794      2.313263789208      6.893682264516
    0    0
