   3   1   1 E -1.6031073671034E+04 DE-2.4E-09( 11)
  0.183334420808E-01  0.695125283667E+01  0.698714310424E+01
  0.701039202083E+01 -0.193105104554E-01  0.701762234356E+01
  0.700333075214E+01  0.696943973820E+01 -0.675058492975E-02
    1
  0.100000000000E+01  0.000000000000E+00  0.000000000000E+00
  0.000000000000E+00  0.100000000000E+01  0.000000000000E+00
  0.000000000000E+00  0.000000000000E+00  0.100000000000E+01
  0.000000000000E+00  0.000000000000E+00  0.000000000000E+00
   54
   20     -0.002674326731     -0.001400570799     -0.035918669424
   20      2.368717576163      2.292526879611     -0.069427558753
   20     -2.325319504592     -2.334046325863     -0.032171721936
   20      2.361237308010     -0.011854423538      2.388680896002
   20      4.657477675994      2.305106835509      2.344075254044
   20      0.016191820043     -2.330745780635      2.360136217737
   20     -2.357026522848     -0.010650423920     -2.305431529545
   20      0.021018046501      2.328621806156     -2.362935896576
   12     -4.654221785719     -2.395039797976     -2.382058760138
   20     -0.041779154555      2.310671372771      2.364199618137
   20      2.334329055689      4.682874595494      2.399490969591
   12     -2.397633455687      0.029591803730      2.337141504649
   12      2.401944953209      2.308800493576      4.661783670670
   20      4.621784175839      4.699930894317      4.695439102198
   20     -0.017156475143      0.050073769565      4.673605703465
   12     -2.453483649359      2.264334576420     -0.057295631581
   20     -0.021487257922      4.651734701659     -0.041885998017
   20     -4.618123847426      0.059773896742     -0.017327639460
   12      0.100778463478     -2.290592247907     -2.314439453038
   12      2.408258521031      0.106902846650     -2.337492493092
   12     -2.431019936333     -4.873204731265     -2.241664939751
   20      2.359236130806     -2.336142981859     -0.042931457103
   12      4.611203601345      0.115798768630     -0.086617620008
   20      0.033329816865     -4.629956704296     -0.034930260241
   20     -2.370227326669     -2.397757066888     -4.655476286646
   20      0.011437564715      0.015101697984     -4.643346732499
   12     -4.566022923260     -4.686362829104     -4.526530771065
    8      0.063795844959     -0.048430172697     -2.335065870856
    8      2.422124772488      2.260931461165     -2.456812541587
    8     -2.322726539193     -2.431420740813     -2.333232587149
    8      2.392205696196      0.015715373933     -0.064348518750
    8      4.692073612629      2.235535512367     -0.089420364796
    8      0.019179854235     -2.331713583409     -0.036487663236
    8      4.658414890281     -0.025456290334      2.333894031493
    8      7.059123314563      2.307504992429      2.362689578986
    8      2.334920892483     -2.417127163290      2.394797489523
    8     -0.049859207182      2.311343142500     -0.028058659767
    8      2.345553364933      4.654700381651     -0.074807466622
    8     -2.320410002928      0.075176495908      0.044867456398
    8      2.338488658950      2.329883438334      2.396759091968
    8      4.660478901292      4.704768884920      2.358197579835
    8     -0.045362645785      0.012465883802      2.371432332480
    8      4.586820554302      2.324924446850      4.727639694100
    8      7.039908617345      4.649314670245      4.673923089243
    8      2.353306367793     -0.001245401572      4.689295050508
    8     -0.022068817464      4.627968139763      2.358620584561
    8      2.404690440026      7.094833032446      2.380755727491
    8     -2.479365512811      2.127313769883      2.329746716841
    8      2.232847263574      4.643210952533      4.667420074482
    8      4.585443938394      7.157173453051      4.683440917123
    8      0.021947443407      2.419289609448      4.662143853617
    8      4.664323191053      4.630354279381      6.978403581076
    8      6.969898664406      6.985478718508      6.975434964664
    8      2.487730866307      2.319634948109      6.983169223671
    0    0
