   3   1   1 E -1.6031050528336E+04 DE 7.2E-10( 11)
 -0.409553052091E-03  0.700680917968E+01  0.700254463199E+01
  0.701295681673E+01 -0.486104161378E-02  0.700049420995E+01
  0.702868261723E+01  0.701290391413E+01 -0.130887706716E-01
    1
  0.100000000000E+01  0.000000000000E+00  0.000000000000E+00
  0.000000000000E+00  0.100000000000E+01  0.000000000000E+00
  0.000000000000E+00  0.000000000000E+00  0.100000000000E+01
  0.000000000000E+00  0.000000000000E+00  0.000000000000E+00
   54
   20      0.005836813038     -0.004201597825     -0.001622797081
   20      2.342422405938      2.332290345014     -0.012905238630
   20     -2.345631518054     -2.341207015635     -0.000474519229
   20      2.339399500980     -0.008425255475      2.332564662254
   20      4.680568264526      2.339720385295      2.325164504574
   20     -0.001655803070     -2.334226685520      2.341544222067
   20     -2.342343632216      0.004854935183     -2.328554335546
   20      0.001713808873      2.354052664215     -2.330504926485
   12     -4.734139974114     -2.329154937058     -2.335860651394
   20     -0.001266700585      2.332968068856      2.332419793836
   20      2.339432316954      4.679166457243      2.328652769012
   20     -2.342927583380     -0.007139953667      2.344512300984
   20      2.341404460590      2.345270770636      4.676112673650
   12      4.674560771585      4.698318213057      4.696449672934
   12     -0.000427737694     -0.021951218507      4.703076333481
   12     -2.328879411170      2.403212103136      0.013524514975
   12     -0.061186076380      4.729972621045     -0.002062734886
   20     -4.698479836693      0.004013551094     -0.006973617459
   20      0.008110659570     -2.335744612534     -2.326461204113
   12      2.392717568459     -0.070203284455     -2.340614425603
   20     -2.338098445115     -4.690026373990     -2.321810103678
   12      2.397345054864     -2.304123615769     -0.000441740776
   12      4.740676287610     -0.077257258983     -0.006123680827
   12      0.004620670300     -4.696407064320      0.016404570514
   20     -2.343077025378     -2.339619644764     -4.680560057418
   20     -0.004311498163      0.006071258023     -4.683537313199
   20     -4.685054814365     -4.667742509559     -4.665298397022
    8      0.005670669642      0.003969079820     -2.331845130630
    8      2.344148264430      2.336921717932     -2.337126754899
    8     -2.347599277026     -2.341224347176     -2.331059512965
    8      2.359751949704     -0.029203542191     -0.010039670677
    8      4.692500785727      2.323079495245     -0.007890561126
    8      0.009548501504     -2.346702279622      0.001843919601
    8      4.674446713546     -0.001814963908      2.322692871156
    8      7.015921685204      2.342447480855      2.319891542963
    8      2.335074211078     -2.340313109830      2.335343435961
    8     -0.006169744546      2.346014299304     -0.003558782957
    8      2.326164243422      4.676044784327     -0.014606396217
    8     -2.343637888906      0.005996567771      0.001010038015
    8      2.340717946536      2.337267827275      2.330334323977
    8      4.679878369469      4.679069575275      2.328898028329
    8      0.002389255890     -0.007799515687      2.342931302022
    8      4.678088247506      2.359533168962      4.676547870017
    8      7.011707328971      4.707831054409      4.675756680081
    8      2.322607847791     -0.007503120420      4.668742404774
    8      0.000639489082      4.672608649327      2.325041255033
    8      2.338680117146      7.013381310972      2.326876968192
    8     -2.341384564971      2.329144344942      2.332911630193
    8      2.359603048037      4.693579081225      4.675993497622
    8      4.698535053381      6.968171337671      4.673850723569
    8      0.005175935999      2.323001871738      4.681575316955
    8      4.666387052040      4.656679479378      6.942334044852
    8      6.983377340496      7.014276324298      6.959918998871
    8      2.331983356047      2.349897318275      7.001787003040
    0    0
