   3   1   1 E -1.6031098530750E+04 DE-1.1E-09( 10)
  0.982777673135E-02  0.698137248880E+01  0.701850641141E+01
  0.701930702480E+01  0.256382565255E-02  0.701740575176E+01
  0.702358986690E+01  0.697948427356E+01  0.379745145790E-02
    1
  0.100000000000E+01  0.000000000000E+00  0.000000000000E+00
  0.000000000000E+00  0.100000000000E+01  0.000000000000E+00
  0.000000000000E+00  0.000000000000E+00  0.100000000000E+01
  0.000000000000E+00  0.000000000000E+00  0.000000000000E+00
   54
   20      0.031218601125     -0.028123761066     -0.027705301347
   20      2.356986900870      2.337582974953     -0.063645981726
   20     -2.359101979231     -2.338271373633     -0.020843477040
   20      2.354550070382     -0.012557843379      2.367169345359
   20      4.706177628404      2.326567127642      2.324529171457
   20      0.013459493113     -2.370910416430      2.358743726151
   20     -2.326607451539     -0.045066690048     -2.341289260685
   20      0.039146279146      2.350475412685     -2.330664056148
   12     -4.751408341478     -2.293275767551     -2.346323749733
   20     -0.004389064151      2.373058482206      2.331054193700
   20      2.328611338041      4.721395708164      2.339372371258
   20     -2.398281708034      0.017134919313      2.346368784372
   20      2.321550802389      2.361219846030      4.716072048602
   12      4.668485160369      4.734408944794      4.745167736163
   20     -0.019054922715     -0.018981413666      4.756264455136
   20     -2.330658187038      2.359707806963     -0.052434179282
   12      0.009476010663      4.711041481681     -0.067916068516
   12     -4.726490078123     -0.006885314526     -0.049320329758
   12      0.023814148307     -2.343654033137     -2.284090545850
   12      2.336223516114     -0.079239281915     -2.318021911709
   20     -2.384517733218     -4.672044458255     -2.299407288193
   20      2.330124480909     -2.342540530558      0.014600607048
   12      4.653398287564     -0.045285596198     -0.021825439619
   12      0.027922735991     -4.669487439253     -0.001649023172
   20     -2.323526739201     -2.339669901601     -4.683823169913
   20      0.041512028914      0.000010386594     -4.722534991853
   12     -4.713074607739     -4.730933552395     -4.658847357346
    8      0.126653271398     -0.097313660501     -2.351633097168
    8      2.338141191576      2.319710421561     -2.406112399150
    8     -2.328894590062     -2.345721974347     -2.352148418525
    8      2.389184119294     -0.012056998306     -0.001821166943
    8      4.750400016969      2.234104543892      0.007338992284
    8     -0.001768568436     -2.415279347232     -0.065153386244
    8      4.668725731200     -0.007881325178      2.313009901013
    8      7.104702970940      2.325966584864      2.279331780237
    8      2.338878076586     -2.413292966812      2.433368450098
    8      0.015742945468      2.400237601549     -0.014374072058
    8      2.242724981294      4.766464449978     -0.110812056405
    8     -2.368355749294      0.000434124913     -0.048316217578
    8      2.338504416778      2.352642509216      2.338284319554
    8      4.689266633985      4.670030648525      2.377523001826
    8     -0.002547249166      0.000891233104      2.363384560961
    8      4.687463115893      2.407383742329      4.678558696658
    8      7.062456770323      4.663407253488      4.753259063651
    8      2.339024052068     -0.075577007460      4.758605499505
    8      0.024775497725      4.658818363965      2.314162527910
    8      2.351476414163      7.102122109347      2.318726084286
    8     -2.401796162900      2.330857516556      2.317737090890
    8      2.338337144400      4.758090471273      4.690589116517
    8      4.576319456133      6.862767741508      4.767216994260
    8      0.000976068800      2.427900692748      4.787045234378
    8      4.745527326125      4.767686039972      6.970388348635
    8      7.042850322336      6.970960768790      7.010920693397
    8      2.262946134483      2.226363390887      7.040613416457
    0    0
