   3   1   1 E -1.6031101840336E+04 DE 5.5E-09(  9)
 -0.874871038333E-02  0.698427404849E+01  0.703182163965E+01
  0.700596320306E+01 -0.113071424439E-02  0.701660642175E+01
  0.701464076013E+01  0.697045400570E+01 -0.261886290309E-02
    1
  0.100000000000E+01  0.000000000000E+00  0.000000000000E+00
  0.000000000000E+00  0.100000000000E+01  0.000000000000E+00
  0.000000000000E+00  0.000000000000E+00  0.100000000000E+01
  0.000000000000E+00  0.000000000000E+00  0.000000000000E+00
   54
   20     -0.005436519767     -0.001772428011      0.013381655754
   20      2.356752151540      2.318724251221      0.003544354350
   20     -2.329603767334     -2.331113142673      0.024615754566
   20      2.367880524036     -0.068933750138      2.329407670528
   20      4.703022481399      2.299392380991      2.325978504509
   20      0.034735964272     -2.352736257524      2.332392346638
   20     -2.346037208713     -0.007222279230     -2.356638804364
   20     -0.011797179274      2.359441490410     -2.351344238665
   12     -4.608124950994     -2.329863584413     -2.293991046510
   20     -0.060061203239      2.333650910767      2.336955885210
   20      2.322640158403      4.705801099854      2.353484206442
   12     -2.318758746536     -0.076804446615      2.323919793304
   20      2.354362930535      2.359734113070      4.733494253244
   12      4.607443733740      4.686381107668      4.699479383912
   20     -0.048441347477     -0.027963389308      4.703893799153
   12     -2.339759566938      2.348447808621      0.047971608560
   20     -0.058519128004      4.687913677214      0.026861695937
   20     -4.703368946545      0.053005808738      0.005195844718
   20     -0.022904121602     -2.326888211393     -2.351347749852
   20      2.365357700971     -0.028390043026     -2.352813854458
   20     -2.343920236068     -4.671949328216     -2.371717106262
   12      2.461179857476     -2.387661151581     -0.075009241789
   12      4.697667017220     -0.007801622245      0.022509891171
   12     -0.075383287430     -4.707957656284      0.019421921642
   12     -2.386807613148     -2.269806773464     -4.784543413169
   12     -0.092699115468      0.043840167345     -4.772827970983
   20     -4.624482437501     -4.631366444612     -4.697266179585
    8      0.004399041446      0.008741051333     -2.360861648152
    8      2.344571391685      2.444852844850     -2.331603185823
    8     -2.427019628966     -2.324477412283     -2.328301038803
    8      2.442344051941     -0.078597177082     -0.023484575196
    8      4.740557463770      2.229358617039     -0.000734419921
    8      0.061737528504     -2.432113857016     -0.011195389340
    8      4.759367819691     -0.107369008915      2.240231731689
    8      7.004787803647      2.199588098766      2.232342485616
    8      2.470514291868     -2.328126580640      2.282501665003
    8     -0.063346332958      2.337985449572      0.033828377070
    8      2.355597282237      4.660268984453     -0.006386733389
    8     -2.338472536956      0.086267610766      0.101696683147
    8      2.337305031883      2.321721322305      2.344928547838
    8      4.678199760058      4.738140206224      2.414323068128
    8     -0.080465815943     -0.013130597035      2.364310738781
    8      4.674685644562      2.427689298798      4.756269756347
    8      7.026726842782      4.644935244546      4.688638698560
    8      2.332090706774     -0.107941180003      4.683567058553
    8     -0.115035500310      4.765713672133      2.342630531368
    8      2.347392019385      6.985801820212      2.344710545956
    8     -2.330459837613      2.337283616920      2.235466106044
    8      2.427943074382      4.653164656839      4.777220717360
    8      4.664144120634      6.853072679294      4.650403777904
    8     -0.001102784684      2.327475200122      4.766243541686
    8      4.590268347955      4.669623785129      7.021145535286
    8      6.875843946194      7.087724766123      7.069961120645
    8      2.375837762102      2.435432610128      7.023278732882
    0    0
