   3   1   1 E -1.6031096577107E+04 DE 1.7E-10( 11)
 -0.466872986820E-02  0.704148152255E+01  0.704982678806E+01
  0.703600339881E+01  0.212243956183E-02  0.703676285445E+01
  0.701168026658E+01  0.699826306327E+01  0.324423674647E-01
    1
  0.100000000000E+01  0.000000000000E+00  0.000000000000E+00
  0.000000000000E+00  0.100000000000E+01  0.000000000000E+00
  0.000000000000E+00  0.000000000000E+00  0.100000000000E+01
  0.000000000000E+00  0.000000000000E+00  0.000000000000E+00
   54
   20      0.020018227659      0.015358217680     -0.015814432095
   20      2.378472967063      2.359089188302     -0.004276978254
   20     -2.391717637221     -2.331592958418     -0.037571936096
   20      2.374049403845     -0.022186207293      2.368324162648
   20      4.645630094838      2.325281100993      2.343188557908
   20      0.048453181816     -2.355739341180      2.353085780460
   20     -2.414643343351     -0.000348808671     -2.369719350623
   12      0.050474337740      2.390698480553     -2.347053827442
   12     -4.687055820067     -2.423638028617     -2.312452153578
   20      0.002488063932      2.396757662066      2.376071808070
   12      2.332870629565      4.655353036009      2.385195790961
   20     -2.362912539008      0.017040101159      2.347220459499
   12      2.347219048090      2.460247274802      4.738356336504
   20      4.673649741712      4.652884984528      4.743639210247
   20      0.037558816913      0.029121590987      4.723276095204
   20     -2.387534459618      2.364641879367     -0.000068080320
   20     -0.000100630862      4.692236565896      0.009681115482
   12     -4.695183013999     -0.082378357653     -0.031758413808
   20     -0.002343035214     -2.368669282629     -2.379091238911
   20      2.352590892769     -0.006283727907     -2.330062169541
   12     -2.382281910422     -4.696008237696     -2.362086342667
   12      2.413844321871     -2.303435242805     -0.048464714805
   12      4.657802871239     -0.029334147304     -0.013496052414
   20      0.044250634719     -4.704069706412     -0.045423404438
   12     -2.451427285558     -2.382083007008     -4.703613290764
   20     -0.007384127068     -0.028357414911     -4.713308872564
   20     -4.659702817681     -4.662013874961     -4.713081187200
    8     -0.003912910497      0.073081293897     -2.352340154500
    8      2.344548107337      2.422707589680     -2.345528300392
    8     -2.459099955734     -2.447927651143     -2.412878022351
    8      2.412037958896     -0.080220579789     -0.002042882690
    8      4.671494973641      2.239165804225     -0.073794107166
    8      0.041477081896     -2.327107127847     -0.039827976186
    8      4.692134943437     -0.098624296361      2.277360835982
    8      7.035867682594      2.318773926255      2.416097832275
    8      2.445609826592     -2.327719929217      2.373294119444
    8      0.043058082047      2.345915497548     -0.035777332202
    8      2.339274602315      4.780249662641     -0.000966750555
    8     -2.411245628055      0.008502963624     -0.017267432982
    8      2.347905529370      2.447692531093      2.433206623944
    8      4.624066969617      4.664274596249      2.384271770491
    8      0.028753514332      0.010634870500      2.361323448310
    8      4.673134046142      2.336729538335      4.702836618197
    8      7.119473963509      4.543723400410      4.703309278747
    8      2.339874615880      0.024684934267      4.797859811249
    8      0.005646251763      4.695586345094      2.361645688496
    8      2.339531335375      6.905056213647      2.287414539291
    8     -2.334648594818      2.439711218018      2.425377645378
    8      2.339324713333      4.594476244649      4.725615591431
    8      4.668274595070      7.102803799108      4.790422973145
    8      0.015322161385      2.359133239323      4.696967527028
    8      4.551982326131      4.779863368896      7.130985399290
    8      7.032388588372      7.011060784016      7.052699910999
    8      2.354205816166      2.403601638220      6.934680518758
    0    0
