   3   1   1 E -1.6031089162714E+04 DE-5.7E-09(  9)
  0.145269177878E-02  0.701070815341E+01  0.702071433178E+01
  0.700275406052E+01 -0.205596466434E-02  0.701823297571E+01
  0.700775235746E+01  0.700745107751E+01 -0.126723705875E-02
    1
  0.100000000000E+01  0.000000000000E+00  0.000000000000E+00
  0.000000000000E+00  0.100000000000E+01  0.000000000000E+00
  0.000000000000E+00  0.000000000000E+00  0.100000000000E+01
  0.000000000000E+00  0.000000000000E+00  0.000000000000E+00
   54
   20     -0.039594939276      0.005377423053     -0.038492740211
   20      2.365670743890      2.338191123356     -0.037875968034
   20     -2.327686436253     -2.318592120569     -0.059777413670
   20      2.381566107103     -0.022917697796      2.388298429464
   20      4.674557758724      2.287728946640      2.353784691253
   20      0.010944219999     -2.337260771418      2.368372810020
   12     -2.332176506842      0.002572609459     -2.339751829487
   12     -0.014928947742      2.371096048953     -2.321484499803
   12     -4.581983422526     -2.405404674688     -2.357936630076
   20     -0.045567764470      2.361651531136      2.393702431313
   20      2.323430778427      4.673050448877      2.367092781820
   12     -2.345897606481      0.008141104313      2.389468895695
   12      2.372742889155      2.369247368695      4.661064724732
   20      4.672817259124      4.682030665523      4.671902525491
   20      0.000310573498      0.027040356875      4.677337760710
   20     -2.329715406362      2.327008828899      0.003133113489
   20     -0.017631907217      4.679499456655     -0.021364459289
   20     -4.633387300272      0.005652368480     -0.044862895124
   12     -0.089005909283     -2.404954623985     -2.372344120343
   20      2.324712907173      0.024543960473     -2.345051604417
   12     -2.340920739869     -4.660455517637     -2.355374501499
   20      2.339807696509     -2.337910969769     -0.037360320562
   12      4.658989970140     -0.158346196141     -0.024147031152
   20     -0.030454148101     -4.668418431249     -0.066007666243
   12     -2.342018101661     -2.242066155564     -4.586266321450
   20     -0.056636955423     -0.014611022006     -4.634648373608
   20     -4.629917186155     -4.649219194802     -4.623725423332
    8     -0.132987506620      0.010775684495     -2.342980391545
    8      2.350726273609      2.439648372520     -2.338503215366
    8     -2.328836111408     -2.336679372842     -2.450602220295
    8      2.392002737322     -0.001708707856     -0.050731114651
    8      4.672961839102      2.267304981603     -0.115266865135
    8      0.000729821326     -2.330304915814     -0.064190775720
    8      4.668551929965     -0.102786406307      2.358845343921
    8      6.999714697620      2.332597927423      2.397207217869
    8      2.433591282995     -2.340582779126      2.432448239792
    8      0.003750288479      2.342113155820     -0.040737182760
    8      2.361053670837      4.674298283605     -0.039009716013
    8     -2.339506129892      0.001865727452     -0.024714091093
    8      2.363900782436      2.327766141199      2.414171277902
    8      4.677201803428      4.727684747686      2.349858575020
    8     -0.053922092873      0.005660981214      2.393262557802
    8      4.672878586082      2.266522374115      4.672175662876
    8      7.066873039786      4.592088210899      4.677422607422
    8      2.458676480199      0.005023810765      4.676985240863
    8     -0.097126618464      4.673408818305      2.405496016761
    8      2.396127423566      7.015803612354      2.372335563026
    8     -2.337440699667      2.313127145120      2.446880861448
    8      2.263850464620      4.591118874769      4.665039756455
    8      4.667525984658      7.094676987141      4.673375340307
    8     -0.023325270086      2.444587134623      4.675379710535
    8      4.664139684122      4.764526653774      7.055482505447
    8      6.930993387374      7.010327127936      6.987097473451
    8      2.353682619619      2.340925261481      6.975145572949
    0    0
