   3   1   1 E -1.6031056875160E+04 DE 5.4E-10( 11)
  0.713545167299E-01  0.694256149508E+01  0.694069019580E+01
  0.703558249105E+01 -0.339354105584E-02  0.700614957743E+01
  0.702889288513E+01  0.699686181853E+01  0.855353095470E-02
    1
  0.100000000000E+01  0.000000000000E+00  0.000000000000E+00
  0.000000000000E+00  0.100000000000E+01  0.000000000000E+00
  0.000000000000E+00  0.000000000000E+00  0.100000000000E+01
  0.000000000000E+00  0.000000000000E+00  0.000000000000E+00
   54
   20     -0.001604613097     -0.011978812673     -0.017198205259
   20      2.365892430180      2.331234592134     -0.008596951290
   20     -2.331454482333     -2.368594804228     -0.028433973451
   20      2.347719163273     -0.021299079730      2.349138825039
   20      4.716291830977      2.305533897715      2.331818688741
   20      0.005155226214     -2.366693596456      2.331359366989
   20     -2.331405149332     -0.020169442945     -2.334682537706
   20      0.008117314080      2.331093937232     -2.349777224378
   12     -4.653665867476     -2.414889922246     -2.383412960498
   20     -0.008374022453      2.329172567974      2.343033265224
   20      2.356573761252      4.658346893309      2.341168922985
   20     -2.328977852913     -0.001288167648      2.327115678484
   20      2.351446033516      2.328439013008      4.675737687751
   12      4.694901176770      4.622662489245      4.732592684580
   20     -0.018963367246     -0.001190888293      4.691530237630
   12     -1.984386353981      2.311160221841     -0.076286006390
   20     -0.016522627454      4.653026546931     -0.003735232100
   20     -4.697758522743      0.003514265061     -0.015707178470
   12     -0.032669212669     -2.349603181422     -2.346013822448
   20      2.334579717429      0.032635013146     -2.321219182759
   12     -2.427197004984     -4.557352324830     -2.357945329633
   20      2.338986992210     -2.342173448540      0.021277533776
   12      4.670427566996      0.129909635429      0.066291290491
   12     -0.108609080917     -4.656296960013     -0.035441061199
   20     -2.373245918900     -2.341878118845     -4.642539025601
   12      0.003279593136      0.049848941824     -4.698297473580
   12     -4.721055239175     -4.559814710118     -4.702799118296
    8      0.005833228358     -0.011455719247     -2.358791046463
    8      2.362004400329      2.391830413798     -2.363374077599
    8     -2.355420548855     -2.383373589430     -2.337267307444
    8      2.360189414123     -0.000522754962      0.002396781594
    8      4.709931500395      2.292451975514     -0.046378544568
    8      0.000638071294     -2.369861058515     -0.021237473356
    8      4.714499244098     -0.021434038841      2.334929867434
    8      7.042057359115      2.291588591287      2.293120812574
    8      2.337878641223     -2.375566391647      2.373269087421
    8     -0.006670637667      2.326007937542     -0.011691162720
    8      2.352946600379      4.645163737993     -0.010090753572
    8     -2.335839237393      0.001855953775     -0.017232956915
    8      2.355196583239      2.320841232515      2.343601194929
    8      4.693252175160      4.639452259749      2.341303781101
    8     -0.001765463662     -0.010927007873      2.341519950703
    8      4.704921938973      2.342276471842      4.685862776836
    8      7.023124821011      4.648994025552      4.677029244661
    8      2.340654273188     -0.027126755219      4.682235685611
    8      0.004146120843      4.660353662678      2.354402047716
    8      2.346105187823      7.012905179125      2.320884488732
    8     -2.343288722721      2.309810419188      2.287411412749
    8      2.388293213926      4.636027343647      4.656093069840
    8      4.712516297800      7.004882510165      4.681639120766
    8     -0.038460786750      2.369613902343      4.713445015711
    8      4.724224798190      4.608868844779      6.951581713595
    8      6.989321664397      7.028757542434      7.043857562314
    8      2.367462890951      2.307364731430      6.991770678508
    0    0
