   3   1   1 E -1.6031098410938E+04 DE 1.4E-09( 10)
  0.342450084961E-02  0.701496980190E+01  0.699357027587E+01
  0.701656195491E+01  0.215719991871E-02  0.698847420908E+01
  0.703026568470E+01  0.701638131800E+01 -0.429066505313E-02
    1
  0.100000000000E+01  0.000000000000E+00  0.000000000000E+00
  0.000000000000E+00  0.100000000000E+01  0.000000000000E+00
  0.000000000000E+00  0.000000000000E+00  0.100000000000E+01
  0.000000000000E+00  0.000000000000E+00  0.000000000000E+00
   54
   20      0.028004052280     -0.032355075717     -0.042305827972
   20      2.338970619808      2.352199797231     -0.045269515736
   20     -2.342636002575     -2.337415044414      0.012625720296
   20      2.330353240794     -0.024676689014      2.365973859710
   20      4.662397788421      2.360343663714      2.347783228821
   20      0.000690796534     -2.315752027288      2.362481307283
   20     -2.353400231991     -0.038236820486     -2.332813022917
   20      0.034320230710      2.374663472407     -2.319385606726
   12     -4.683001619609     -2.363988548898     -2.270016014044
   20     -0.011167550789      2.354022691629      2.375773294840
   20      2.355774958517      4.693197977908      2.421165163783
   12     -2.376779530822      0.012803513887      2.431792142659
   12      2.368656725324      2.442458742789      4.702812148212
   12      4.628476322137      4.682089432428      4.701291966881
   20     -0.055335522090     -0.002055539254      4.662978152150
   20     -2.349191189489      2.377547662027     -0.043330130781
   12      0.011668033388      4.675120779927     -0.078503966065
   20     -4.685291676167     -0.016560282230     -0.029535864002
   12      0.063686429921     -2.389378832025     -2.293368308575
   12      2.413438863496     -0.096521493641     -2.341402012962
   12     -2.430612185960     -4.591288405678     -2.361086417771
   12      2.285826879997     -2.326610125324     -0.115981675380
   20      4.665519123121     -0.039566608722     -0.071476167915
   20      0.014840861764     -4.641399230090     -0.052091964625
   20     -2.339561192911     -2.371196319133     -4.657046905110
   20      0.037256660328     -0.047680208349     -4.651904383675
   20     -4.644641764100     -4.676044823558     -4.626386965244
    8      0.103733658107     -0.092480416454     -2.345523822792
    8      2.450349939533      2.399619272490     -2.335110119483
    8     -2.377440215321     -2.439804207540     -2.324552040198
    8      2.349256577890     -0.087538761229     -0.093776324505
    8      4.674009149105      2.348601503028     -0.066612830174
    8      0.062124808142     -2.334235110836     -0.072011171021
    8      4.684245174433     -0.016097666193      2.339290663892
    8      7.032933626915      2.343438717435      2.331938514674
    8      2.333128740969     -2.342900198716      2.338047894434
    8      0.002762599793      2.411419722266     -0.012779999223
    8      2.260513003838      4.680240265138     -0.037792010652
    8     -2.347356164096     -0.005303339925     -0.015322778388
    8      2.338071501230      2.354969141529      2.393678958575
    8      4.686107308814      4.758008428852      2.428459906250
    8     -0.072603072015     -0.002285943994      2.324662597590
    8      4.604368629725      2.422129433661      4.648687090700
    8      7.039653120855      4.683547016934      4.745848696613
    8      2.323651466544     -0.029142098342      4.663537710938
    8      0.012152627744      4.673271093878      2.358776831078
    8      2.435432446999      7.010677897588      2.390669567164
    8     -2.339111223707      2.263043423727      2.425285532607
    8      2.350650560656      4.658854463980      4.780654209874
    8      4.551478404186      6.962345499282      4.551344708580
    8      0.013408540587      2.470478033249      4.669661952386
    8      4.725796956330      4.677475338345      6.915829962875
    8      7.016728077199      6.942434324139      6.956761645003
    8      2.343825267591      2.426299946765      6.887464607600
    0    0
