   3   1   1 E -1.6031104999718E+04 DE 2.3E-09(  9)
 -0.957471355430E-02  0.698398851672E+01  0.703993393256E+01
  0.700019173238E+01 -0.114368077512E-01  0.703510728960E+01
  0.699327336028E+01  0.696523462842E+01  0.221029066178E-02
    1
  0.100000000000E+01  0.000000000000E+00  0.000000000000E+00
  0.000000000000E+00  0.100000000000E+01  0.000000000000E+00
  0.000000000000E+00  0.000000000000E+00  0.100000000000E+01
  0.000000000000E+00  0.000000000000E+00  0.000000000000E+00
   54
   20      0.013268548754      0.036464492416      0.010235002405
   20      2.315284795869      2.356563896192     -0.003495452401
   20     -2.355025319366     -2.319988520304     -0.022739529852
   20      2.332678519521     -0.033103627839      2.330482860912
   20      4.685424395158      2.298474631585      2.310406593129
   20      0.046018561708     -2.372622652392      2.352538451767
   20     -2.360220903205     -0.013518005605     -2.370496976906
   12     -0.003707035187      2.347848807282     -2.351308131140
   12     -4.655057867557     -2.297223450153     -2.307835393229
   12     -0.015599185440      2.415888807039      2.358574250837
   12      2.340983234552      4.641223046321      2.350966767564
   20     -2.351617895794      0.013931303656      2.332649062532
   20      2.307916282486      2.335142287645      4.732597584487
   20      4.653039265274      4.642672501622      4.725295416252
   20      0.009222445501      0.012603250712      4.708818215618
   20     -2.329814014318      2.362987836344      0.036241838254
   20      0.013595708769      4.668144167845      0.008715397408
   12     -4.651765153640     -0.075692075636      0.006349047425
   20      0.020586415974     -2.361581525401     -2.354458755776
   20      2.332704089789     -0.018432930213     -2.340484047259
   20     -2.309606719654     -4.641700889941     -2.331291280317
   12      2.398088371275     -2.295957120930      0.011327458875
   12      4.566406527618     -0.045735167943      0.022446486438
   12      0.073518146449     -4.717953423285      0.003331648150
   12     -2.455115654807     -2.311993777667     -4.732319567593
   20     -0.001409909081     -0.030301659894     -4.724554457322
   20     -4.677494499467     -4.626777553437     -4.713092292431
    8      0.001043972213      0.076582157333     -2.347460642170
    8      2.210742846990      2.423088838280     -2.339087169721
    8     -2.452263798206     -2.324983773637     -2.426011444489
    8      2.420748890754     -0.060183517011     -0.004978963788
    8      4.742591555871      2.226053433498     -0.000958262537
    8      0.110947593354     -2.399088568673     -0.002583890317
    8      4.668144722634     -0.112104797396      2.299243773785
    8      6.998061053952      2.290101605437      2.338195110177
    8      2.425778850103     -2.332868739007      2.312677372381
    8     -0.004698897357      2.338403346980      0.011979219823
    8      2.334516902717      4.754280322089      0.001729756453
    8     -2.431947795538      0.019317673297      0.019137627991
    8      2.258162414896      2.421191974622      2.345768853274
    8      4.594977568582      4.632743008133      2.336448829575
    8     -0.007388947041      0.064714700881      2.338647593361
    8      4.769941239633      2.320598665749      4.714887785665
    8      7.092179749737      4.541437758957      4.698649183014
    8      2.318016811107     -0.104670998254      4.731072368194
    8      0.070652201332      4.540764354722      2.348390454134
    8      2.323426305332      6.844194031107      2.251898942063
    8     -2.236633849165      2.461114683268      2.346884607884
    8      2.334382595887      4.658785425346      4.713417086692
    8      4.645634824661      6.969589318537      4.720553851046
    8     -0.007609052467      2.323519351709      4.683805459406
    8      4.549353358517      4.765082263409      7.119355871455
    8      7.026547190758      7.080121154629      7.041355979675
    8      2.229897245521      2.332892196172      7.045712256851
    0    0
