   3   1   1 E -1.6031099063747E+04 DE 1.0E-09( 11)
  0.732578539348E-02  0.700204777386E+01  0.702112671720E+01
  0.701302589694E+01 -0.152357232734E-02  0.702317196612E+01
  0.701702701666E+01  0.700178451816E+01  0.856245052768E-03
    1
  0.100000000000E+01  0.000000000000E+00  0.000000000000E+00
  0.000000000000E+00  0.100000000000E+01  0.000000000000E+00
  0.000000000000E+00  0.000000000000E+00  0.100000000000E+01
  0.000000000000E+00  0.000000000000E+00  0.000000000000E+00
   54
   20      0.032568470808     -0.033807315631     -0.035738747612
   20      2.360376426262      2.305878954287     -0.058863625937
   20     -2.334604613190     -2.315610653945     -0.000468806016
   20      2.362068305922     -0.028419903449      2.372728231096
   20      4.657162688474      2.344399460766      2.345550675567
   20      0.026562543441     -2.335043899410      2.346480922511
   20     -2.363961121697     -0.024020958759     -2.349636521947
   20      0.037319340866      2.352940530465     -2.365487920675
   12     -4.698200076757     -2.388405741046     -2.348848291119
   20     -0.014065703772      2.335378397605      2.366798225919
   20      2.358211322197      4.690379753455      2.432784910618
   12     -2.413290448881      0.004007766453      2.344355283421
   12      2.329246048180      2.449673724650      4.689738803220
   12      4.615083232400      4.739513716589      4.647458116379
   20     -0.032665420081     -0.013044919065      4.677290240256
   20     -2.406553775727      2.368389736407     -0.011339128573
   20     -0.018643591572      4.692618500970     -0.027957187070
   20     -4.660673110362      0.039609372267     -0.005726427386
   12      0.124703321654     -2.426905652880     -2.252642308722
   12      2.377041651139     -0.100200388342     -2.330007305015
   20     -2.370464297183     -4.700005498576     -2.351781162477
   12      2.311487268074     -2.323029420612     -0.130966598901
   12      4.629383298807     -0.044900867814     -0.000002668706
   20      0.042202809380     -4.639706499314     -0.031243600903
   20     -2.395444950675     -2.350019385613     -4.699948020263
   20      0.034629640387      0.000195317318     -4.654824243405
   12     -4.677430814964     -4.665055535483     -4.562189711537
    8      0.087374110610     -0.103937620437     -2.341043959683
    8      2.345318080253      2.374147004936     -2.433013467916
    8     -2.367939896752     -2.350167865718     -2.337565525966
    8      2.451282723015     -0.097774198028     -0.095653984260
    8      4.679590137469      2.270205205139     -0.012799389637
    8      0.118977243508     -2.321004418660     -0.057544074201
    8      4.685769670710     -0.006112934783      2.320117953421
    8      7.098527480810      2.332736943764      2.342570708281
    8      2.334581829165     -2.435094714417      2.370702483547
    8     -0.001424625654      2.334201635445     -0.029374467527
    8      2.347403947279      4.675933649674     -0.028634992269
    8     -2.334846631334      0.001833408482      0.047541577555
    8      2.333085377303      2.340222160443      2.391396899817
    8      4.672242991344      4.770819800057      2.432313229961
    8     -0.042975959423      0.003233911415      2.371152439996
    8      4.581539823676      2.421160603238      4.682563843308
    8      7.057613390786      4.666898288832      4.692088422796
    8      2.326985135905     -0.018159700675      4.687554749926
    8     -0.006948389838      4.669081968681      2.372710335219
    8      2.463100117202      7.107857522864      2.450667298885
    8     -2.430163984078      2.259692449970      2.350635096638
    8      2.356526574467      4.618974854493      4.768526414044
    8      4.550571706628      6.885736552430      4.685691821887
    8      0.093218706885      2.432765194687      4.680752538822
    8      4.566093763254      4.781419531198      6.903760104436
    8      6.952888817377      7.009243052426      7.006150329562
    8      2.337763561785      2.451668361894      6.976417658291
    0    0
