   3   1   1 E -1.6031035337335E+04 DE 1.6E-09(  2)
  0.248750630007E-02  0.703299000809E+01  0.702803855407E+01
  0.702723598395E+01 -0.318203040053E-02  0.702781697657E+01
  0.703115857290E+01  0.702993330969E+01 -0.457122423155E-03
    1
  0.100000000000E+01  0.000000000000E+00  0.000000000000E+00
  0.000000000000E+00  0.100000000000E+01  0.000000000000E+00
  0.000000000000E+00  0.000000000000E+00  0.100000000000E+01
  0.000000000000E+00  0.000000000000E+00  0.000000000000E+00
   54
   20      0.000000000000      0.000000000000      0.000000000000
   20      2.343719524300      2.343311103231     -0.000152374141
   20     -2.343719524300     -2.343311103231      0.000152374141
   20      2.342411994651     -0.001060676800      2.342605658856
   20      4.686131518950      2.342250426431      2.342453284715
   20     -0.001307529649     -2.344371780031      2.342758032997
   20     -2.342411994651      0.001060676800     -2.342605658856
   20      0.001307529649      2.344371780031     -2.342758032997
   12     -4.686131518950     -2.342250426431     -2.342453284715
   20      0.000829168767      2.344330002697      2.342679518024
   20      2.344548693066      4.687641105928      2.342527143883
   12     -2.342890355533      0.001018899466      2.342831892165
   12      2.343241163417      2.343269325897      4.685285176880
   12      4.686960687717      4.686580429128      4.685132802739
   20     -0.000478360882     -0.000041777334      4.685437551021
   20     -2.341582825884      2.345390679497      0.000073859168
   20      0.002136698416      4.688701782728     -0.000078514973
   12     -4.685302350184      0.002079576266      0.000226233309
   20     -0.000829168767     -2.344330002697     -2.342679518024
   12      2.342890355533     -0.001018899466     -2.342831892165
   12     -2.344548693066     -4.687641105928     -2.342527143883
   12      2.341582825884     -2.345390679497     -0.000073859168
   20      4.685302350184     -0.002079576266     -0.000226233309
   20     -0.002136698416     -4.688701782728      0.000078514973
   20     -2.343241163417     -2.343269325897     -4.685285176880
   12      0.000478360882      0.000041777334     -4.685437551021
   20     -4.686960687717     -4.686580429128     -4.685132802739
    8      0.000239180441      0.000020888667     -2.342718775510
    8      2.343958704740      2.343331991897     -2.342871149652
    8     -2.343480343859     -2.343290214564     -2.342566401369
    8      2.342651175092     -0.001039788133     -0.000113116655
    8      4.686370699390      2.342271315097     -0.000265490796
    8     -0.001068349208     -2.344350891364      0.000039257486
    8      4.685063169744     -0.002100464933      2.342492542202
    8      7.028782694042      2.341210638296      2.342340168062
    8      2.341343645443     -2.345411568164      2.342644916342
    8      0.001068349208      2.344350891364     -0.000039257486
    8      2.344787873508      4.687661994596     -0.000191631627
    8     -2.342651175092      0.001039788133      0.000113116655
    8      2.343480343859      2.343290214564      2.342566401369
    8      4.687199868157      4.686601317794      2.342414027228
    8     -0.000239180441     -0.000020888667      2.342718775510
    8      4.685892338510      2.342229537764      4.685172060226
    8      7.029611862808      4.685540640993      4.685019686085
    8      2.342172814210     -0.001081565467      4.685324434366
    8      0.001897517974      4.688680894059      2.342640260536
    8      2.345617042275      7.031991997290      2.342487886395
    8     -2.341822006325      2.345369790829      2.342792634678
    8      2.344309512625      4.687620217260      4.685245919392
    8      4.688029036924      7.030931320490      4.685093545251
    8      0.000589988326      2.344309114030      4.685398293535
    8      4.686721507276      4.686559540461      7.027851578249
    8      7.030441031575      7.029870643690      7.027699204108
    8      2.343001982976      2.343248437231      7.028003952391
    0    0
