   3   1   1 E -1.6031064608163E+04 DE 9.7E-10( 11)
 -0.379569996100E-02  0.697185942756E+01  0.694138479454E+01
  0.699578940462E+01 -0.328280969254E-01  0.696333228899E+01
  0.698863960232E+01  0.698020763471E+01 -0.189824659665E-01
    1
  0.100000000000E+01  0.000000000000E+00  0.000000000000E+00
  0.000000000000E+00  0.100000000000E+01  0.000000000000E+00
  0.000000000000E+00  0.000000000000E+00  0.100000000000E+01
  0.000000000000E+00  0.000000000000E+00  0.000000000000E+00
   54
   20      0.009802631289     -0.017203685833     -0.033717273721
   20      2.327069930120      2.320463570641     -0.043720887064
   20     -2.333409736385     -2.329684843315     -0.022168025055
   20      2.310707706846     -0.040978805201      2.344134943906
   20      4.647152019717      2.328280691410      2.348038522769
   20      0.032947460646     -2.340444380965      2.342115800329
   20     -2.366612972446      0.015412453219     -2.299611185053
   20      0.006437415320      2.363034902538     -2.332522211763
   12     -4.706701299266     -2.390376318838     -2.309092242547
   20     -0.005707309244      2.319114121024      2.341395719387
   20      2.327545524514      4.647311124066      2.376606623000
   20     -2.340031800756     -0.003814651791      2.352673316134
   12      2.285240244051      2.310049679570      4.584929343449
   12      4.635543016053      4.702064566735      4.599269890800
   12      0.088074939450     -0.081399118690      4.592363959553
   12     -2.442678557342      2.477450762307      0.071651741868
   20     -0.006970832432      4.659276324041     -0.040831652578
   20     -4.658746074270      0.041589931762     -0.019660099725
   12      0.046811526765     -2.314509649563     -2.233114092823
   12      2.314366166129     -0.003464783864     -2.239623551190
   20     -2.345999458033     -4.666450897657     -2.342051738202
   12      2.353913337088     -2.367546591675     -0.074558450519
   20      4.644846978651     -0.054041100058     -0.050121766137
   20      0.051765414753     -4.648566775318     -0.039377484005
   20     -2.369316494683     -2.357243650878     -4.637034071408
   20      0.014858518001      0.012130245048     -4.608536241660
   12     -4.470203602696     -4.465658631452     -4.615067188611
    8      0.029961319692     -0.025280311075     -2.314965469153
    8      2.323230269425      2.339687827553     -2.392748841256
    8     -2.348306258217     -2.334829145970     -2.324810158686
    8      2.319984793634     -0.056716843050     -0.068870416036
    8      4.659738654790      2.316035034389     -0.038077956104
    8      0.061180384491     -2.338522940557     -0.051763377017
    8      4.640872879960     -0.030395942323      2.335131624101
    8      7.030524634945      2.323565011057      2.329322598875
    8      2.319509402225     -2.407169135859      2.319341341847
    8     -0.019943532696      2.333627249257     -0.026610890285
    8      2.323825356687      4.663361362119     -0.042369321795
    8     -2.340620320960      0.027159398546     -0.011346148237
    8      2.321991084684      2.319320071527      2.358881494077
    8      4.641712431828      4.643236728898      2.343986114136
    8      0.000714362541     -0.019304870151      2.348252841388
    8      4.584488260383      2.398498130516      4.695593039636
    8      7.024176226888      4.691723576565      4.629552490588
    8      2.274374699565     -0.039930503934      4.653209611928
    8      0.007064692429      4.646835450619      2.353866004756
    8      2.325457840708      7.021987632182      2.370769949660
    8     -2.403852557217      2.312763756681      2.276985743758
    8      2.347309142943      4.582232118621      4.835701104430
    8      4.644941132838      6.902774209936      4.601008073040
    8      0.059345705724      2.323112797617      4.616084844195
    8      4.592698959672      4.563096513679      6.866508642192
    8      7.015052304660      6.950655456252      6.901638276150
    8      2.426713317947      2.414258223702      6.909162863729
    0    0
