   3   1   1 E -1.6031087717057E+04 DE 5.1E-09(  9)
  0.229366797597E-01  0.700066454537E+01  0.697627471566E+01
  0.704784815838E+01 -0.461066253384E-02  0.699538351017E+01
  0.704338771932E+01  0.700999803318E+01  0.568661348852E-02
    1
  0.100000000000E+01  0.000000000000E+00  0.000000000000E+00
  0.000000000000E+00  0.100000000000E+01  0.000000000000E+00
  0.000000000000E+00  0.000000000000E+00  0.100000000000E+01
  0.000000000000E+00  0.000000000000E+00  0.000000000000E+00
   54
   20      0.040774630261     -0.036773575442     -0.050648316293
   20      2.364339862984      2.315590480743     -0.072631335733
   20     -2.360987422684     -2.321497331266     -0.054046748112
   20      2.372665826519     -0.057113793788      2.327190676068
   20      4.713508771774      2.294095996027      2.308403205177
   20      0.054456678919     -2.377738745271      2.310972444549
   20     -2.348408843899     -0.042390481731     -2.318774206347
   20      0.035708193195      2.297316579996     -2.374616995917
   12     -4.734741877474     -2.309867349082     -2.329384247344
   20     -0.009071451620      2.348935604341      2.342365983246
   20      2.302872030693      4.767182067862      2.334969089348
   20     -2.393055927192      0.040341493885      2.303418298954
   20      2.351994796716      2.350438220576      4.778631009766
   20      4.640900556183      4.692466464017      4.720108491334
   20      0.030460048246     -0.036526872640      4.708779128430
   12     -2.444124342216      2.233947469634      0.073133211219
   20     -0.022643278399      4.705303972835     -0.001236624016
   12     -4.652206730256     -0.017143071694      0.061024528825
   12      0.071092475494     -2.247590657213     -2.306586015173
   12      2.251222417163     -0.022413371930     -2.366465709483
   20     -2.408178641440     -4.671693607015     -2.341978581357
   12      2.387513577865     -2.267309722657     -0.012378958911
   12      4.606288375092      0.067632402564      0.031229797294
   20      0.061628009090     -4.695019593144      0.020945759454
   20     -2.392853293827     -2.341911035512     -4.693967775119
   12      0.145154517877      0.104796776527     -4.640717457343
   12     -4.739375591828     -4.701740201710     -4.700743650350
    8      0.069069228311     -0.098535537129     -2.430247932957
    8      2.350524143710      2.331095892435     -2.443016869644
    8     -2.358305500119     -2.337708654194     -2.332576948283
    8      2.441202036236     -0.082941134936     -0.082263253792
    8      4.691002157732      2.277593552635     -0.026943873044
    8      0.074722536473     -2.334745810418     -0.065977274104
    8      4.764234918258     -0.017781193525      2.296160082934
    8      7.100497263024      2.252052829787      2.311731199899
    8      2.351657791344     -2.440401022195      2.308325917662
    8     -0.030587411453      2.311010402713     -0.031270096445
    8      2.336011977613      4.759394217286     -0.078469171059
    8     -2.396147296930      0.044328014716     -0.018576438715
    8      2.346555984939      2.339231386899      2.330132388510
    8      4.667914962535      4.688057336344      2.310272163008
    8      0.014696241881     -0.020169682482      2.316524328530
    8      4.696899340734      2.321897646816      4.731740507351
    8      7.087740715067      4.667549531941      4.676531070838
    8      2.366356840685     -0.096621445115      4.736332125610
    8     -0.012905062817      4.758418101046      2.365996339899
    8      2.304508599675      7.153827911877      2.334885530550
    8     -2.435709077387      2.326705680246      2.229251939159
    8      2.265221599198      4.802872489811      4.774613682553
    8      4.651552018923      6.999567696815      4.727420030871
    8      0.028245585795      2.363222841004      4.694678306110
    8      4.584640214723      4.688912040617      6.980023966235
    8      7.098921672685      6.990190914898      7.091543177840
    8      2.530321660513      2.308891495238      7.134235875267
    0    0
