   3   1   1 E -1.6031081708074E+04 DE 2.8E-10( 11)
  0.153136345773E-01  0.699895300599E+01  0.700046283696E+01
  0.698386141303E+01  0.700273923206E-02  0.700152795827E+01
  0.699504930718E+01  0.700570945913E+01  0.158635282652E-02
    1
  0.100000000000E+01  0.000000000000E+00  0.000000000000E+00
  0.000000000000E+00  0.100000000000E+01  0.000000000000E+00
  0.000000000000E+00  0.000000000000E+00  0.100000000000E+01
  0.000000000000E+00  0.000000000000E+00  0.000000000000E+00
   54
   20     -0.038226135497     -0.009200062548     -0.016904346269
   20      2.293718693861      2.367308602498     -0.042047274071
   20     -2.362316802817     -2.288782184029     -0.008238896677
   20      2.330256689950     -0.015772722155      2.360636850367
   20      4.654636195694      2.331932678721      2.336243175585
   20      0.033233448125     -2.322522268215      2.341858606057
   20     -2.362997364846      0.000978430404     -2.306631691004
   20     -0.014040297947      2.334282748519     -2.316480692544
   12     -4.725100543717     -2.307258466202     -2.348916077802
   20     -0.007794913376      2.362793818217      2.322667707219
   20      2.286529910273      4.705611527484      2.306774950538
   12     -2.331672170542      0.000067678487      2.205098204890
   12      2.347931314596      2.288285072444      4.768534901351
   20      4.645338773020      4.634233456781      4.708220543240
   20      0.057918343663     -0.025658366665      4.703812010437
   12     -2.318470446121      2.382414432447      0.095577076740
   12      0.111271944181      4.636911714367     -0.003028772648
   12     -4.671863592518     -0.003890331381     -0.014707992291
   12      0.033747806520     -2.273437169430     -2.336424420074
   20      2.302594722153     -0.042561603026     -2.315754621385
   20     -2.328567722619     -4.658704315121     -2.348206063020
   12      2.198334150205     -2.271137292256      0.086850636710
   20      4.698149276891     -0.049688850987      0.030603532962
   20      0.075002976348     -4.659688563166     -0.032506271536
   20     -2.318681478923     -2.340206205429     -4.687004267130
   12     -0.001437758233     -0.086423251427     -4.717032014377
   20     -4.637353680695     -4.691079308268     -4.719678582907
    8     -0.023004278852     -0.070337468230     -2.374226517129
    8      2.317570118771      2.358655150332     -2.333077093526
    8     -2.340162822281     -2.324237892398     -2.327694590204
    8      2.316797058810     -0.054597779628      0.011791496875
    8      4.667172209586      2.339493278215     -0.008761036391
    8      0.069840247028     -2.316604461154     -0.027232738896
    8      4.693042406890     -0.008108120986      2.354044757719
    8      7.008874456290      2.301458484696      2.315125615157
    8      2.343429792312     -2.337225850626      2.332844807978
    8     -0.067988724861      2.390921787122     -0.010413836007
    8      2.233124787508      4.754087895288     -0.094046270080
    8     -2.420325020130      0.072793815503      0.047602465608
    8      2.305807792282      2.353786745514      2.333834245454
    8      4.651276584712      4.723519391728      2.337704113815
    8     -0.035859612887     -0.006938844639      2.334648096120
    8      4.579516762453      2.338002834754      4.716869973703
    8      7.079842051971      4.654124304273      4.737812559863
    8      2.329609186898      0.000446481856      4.742836954758
    8      0.000746284585      4.751265435335      2.311649650841
    8      2.336174995341      6.991869967834      2.294255448162
    8     -2.314092088350      2.292514571171      2.264022730415
    8      2.233865199248      4.591374456671      4.705431502255
    8      4.686368894688      6.967591955778      4.679907761969
    8      0.087867314078      2.396254710875      4.682241002527
    8      4.648519119681      4.566453726719      7.005667749072
    8      7.156915965308      6.923928587868      7.060112663415
    8      2.478939577860      2.403191055649      6.869829440394
    0    0
