   3   1   1 E -1.6031104107445E+04 DE 7.4E-09(  9)
  0.535202903949E-02  0.701285871503E+01  0.702017593586E+01
  0.699796147366E+01 -0.903727384606E-03  0.701872258090E+01
  0.700059925808E+01  0.700784632240E+01  0.278584834160E-02
    1
  0.100000000000E+01  0.000000000000E+00  0.000000000000E+00
  0.000000000000E+00  0.100000000000E+01  0.000000000000E+00
  0.000000000000E+00  0.000000000000E+00  0.100000000000E+01
  0.000000000000E+00  0.000000000000E+00  0.000000000000E+00
   54
   20      0.010241645221     -0.012403915707     -0.034290576560
   20      2.319920860037      2.337549319306     -0.033574881639
   20     -2.327481859673     -2.338697128934     -0.016860028059
   20      2.338013635996      0.000043453125      2.383593174768
   20      4.657129055611      2.349683683325      2.376351229718
   20     -0.015538269735     -2.343923394183      2.355361808190
   20     -2.352329722098     -0.009242644869     -2.357129634821
   20     -0.009280409987      2.355275756211     -2.325798342185
   20     -4.676400939962     -2.305958018571     -2.329235710906
   20     -0.000467789356      2.380873443838      2.404605867896
   20      2.297970060991      4.701815597426      2.373568566441
   20     -2.362451760224     -0.006981986684      2.375337651862
   12      2.263637510367      2.293736451202      4.730761981544
   12      4.704609299442      4.711381761398      4.670249983670
   12      0.056651819529     -0.071189680323      4.767919419791
   20     -2.368702313484      2.383046805591     -0.017965750018
   12     -0.042454705729      4.672528547007     -0.006858080072
   12     -4.757042032153      0.042105468704     -0.096795898707
   12      0.025875880282     -2.338099561258     -2.284678755725
   12      2.295675094519     -0.050188771983     -2.330115386559
   20     -2.273225166894     -4.691996765754     -2.346980496614
   20      2.352757356221     -2.355923782467     -0.056720382977
   20      4.718643692043     -0.038120825999     -0.031338647934
   12      0.035928902762     -4.683763777272     -0.098137062220
   12     -2.253526154556     -2.348769454585     -4.675598618330
   20      0.017265099087     -0.042116152209     -4.713574314259
   20     -4.665506000879     -4.699260709868     -4.711038283181
    8      0.101415305054     -0.090136093556     -2.333696322730
    8      2.337047264289      2.270104664693     -2.345726319014
    8     -2.251452027599     -2.337720545002     -2.400170299610
    8      2.354153017959     -0.000574915272     -0.050883545605
    8      4.762931073783      2.328144835840      0.000211069459
    8      0.008898654785     -2.402688607046     -0.073420008116
    8      4.664088532992     -0.091007242996      2.340069161819
    8      6.993932451130      2.331069532744      2.290700676829
    8      2.403538655570     -2.343727278363      2.323633990787
    8      0.007107872554      2.403616678163      0.006293272271
    8      2.244107049318      4.754043595408     -0.002830810319
    8     -2.401722828473      0.007056857204     -0.000140240588
    8      2.325203731773      2.335822267798      2.426563298934
    8      4.665554895743      4.672711306420      2.407619284000
    8      0.008362517922     -0.000451572222      2.423219997271
    8      4.578189508503      2.441930768408      4.693920294817
    8      6.920317079954      4.759968822122      4.774108833822
    8      2.234200648750      0.074455814371      4.764576570381
    8     -0.110164471153      4.676937057696      2.318388362919
    8      2.325901676962      7.019360680750      2.358931467014
    8     -2.331318650892      2.423095065424      2.343762837496
    8      2.301715604505      4.738545027563      4.684804398501
    8      4.659235239011      6.889000494075      4.684983608775
    8      0.113420966420      2.421442843695      4.790405566649
    8      4.785561279902      4.676595135124      7.011678619154
    8      7.106481118713      7.002116816946      6.882609442024
    8      2.220988468685      2.237990168772      6.896907602901
    0    0
