   3   1   1 E -1.6031065030829E+04 DE 3.7E-10( 11)
  0.150080962790E-01  0.701996561224E+01  0.695064586019E+01
  0.700186371636E+01  0.445739840227E-02  0.695346095331E+01
  0.700629389159E+01  0.702127353523E+01  0.621086560330E-02
    1
  0.100000000000E+01  0.000000000000E+00  0.000000000000E+00
  0.000000000000E+00  0.100000000000E+01  0.000000000000E+00
  0.000000000000E+00  0.000000000000E+00  0.100000000000E+01
  0.000000000000E+00  0.000000000000E+00  0.000000000000E+00
   54
   20      0.022254907503     -0.036586935449     -0.054719635788
   20      2.353014354081      2.343564262825     -0.047659861237
   20     -2.340285402595     -2.344373184888     -0.035928036245
   20      2.303224672999     -0.022525487940      2.348426442067
   20      4.650865070098      2.350529060975      2.351126197372
   20      0.024255074807     -2.324787660322      2.345609150877
   20     -2.382655125307     -0.027526844676     -2.319879803803
   20      0.023987624907      2.355404165318     -2.329381096232
   12     -4.632176512879     -2.316638324473     -2.264978048653
   20      0.005719783210      2.333995412631      2.355640479220
   20      2.345146342699      4.687576119484      2.371414006690
   20     -2.343629389570     -0.012885836836      2.356831684483
   12      2.329504172643      2.318587589812      4.769999626826
   12      4.641068983946      4.676208623275      4.725668830973
   12      0.105429738770     -0.035821552390      4.671116276401
   20     -2.377115941690      2.342798059847     -0.062054105196
   20      0.016458445325      4.705807727116     -0.053640092301
   12     -4.681348372590      0.216123596510     -0.046563653218
   12      0.071823913780     -2.351629327405     -2.325145100994
   12      2.336917257037     -0.081302753113     -2.322767118285
   12     -2.394316664833     -4.617669301250     -2.387939588073
   12      2.272165479396     -2.309691349308     -0.104343102372
   20      4.642892067224     -0.018095373024     -0.053090010747
   20      0.025466153139     -4.673390672435     -0.055789399204
   20     -2.367689066703     -2.364857610685     -4.616454186719
   20      0.017054938333     -0.023235797467     -4.604788646115
   20     -4.658334784988     -4.682317449169     -4.615613006202
    8      0.041860222724     -0.056035661843     -2.332996406591
    8      2.407077647822      2.349460809242     -2.324642988089
    8     -2.360960506694     -2.405122833793     -2.314332760386
    8      2.331733583747     -0.052526084439     -0.062582227764
    8      4.658270405633      2.349242500464     -0.051911121730
    8      0.061195297018     -2.344115893448     -0.055048382048
    8      4.637235284371     -0.016203273739      2.329782086623
    8      7.016727814839      2.345363278567      2.337514639939
    8      2.322582655778     -2.335978909291      2.337161975529
    8      0.010032677116      2.342948718699     -0.054228585638
    8      2.339163846329      4.734137444433     -0.054109960685
    8     -2.379135983330     -0.018685616567     -0.049106557555
    8      2.331855713377      2.339704629175      2.359963887603
    8      4.667658782409      4.684580297129      2.372479983181
    8      0.015796064732     -0.016673099732      2.350624272267
    8      4.611112947048      2.383698453289      4.628115005853
    8      7.030594705721      4.754948923812      4.636056251746
    8      2.243839677260      0.010711229509      4.704939208734
    8      0.024597752017      4.675797113932      2.360812432287
    8      2.356081046224      7.007349562354      2.382844365979
    8     -2.335942302751      2.333875678655      2.359841659754
    8      2.353402825032      4.670579920711      4.841164701136
    8      4.660628870217      7.000360760410      4.632873944208
    8      0.028828863383      2.341391269126      4.621910334548
    8      4.611669115531      4.684310091207      6.878371074394
    8      7.075636299641      7.014935651571      6.900673001523
    8      2.333004645069      2.340320340045      6.865161517594
    0    0
