   3   1   1 E -1.6031034219890E+04 DE 1.6E-09(  2)
 -0.264123566427E-02  0.703077998202E+01  0.703039196631E+01
  0.702947985054E+01  0.316603804222E-02  0.703050205725E+01
  0.702369055468E+01  0.703226135458E+01  0.145517462826E-02
    1
  0.100000000000E+01  0.000000000000E+00  0.000000000000E+00
  0.000000000000E+00  0.100000000000E+01  0.000000000000E+00
  0.000000000000E+00  0.000000000000E+00  0.100000000000E+01
  0.000000000000E+00  0.000000000000E+00  0.000000000000E+00
   54
   20      0.000000000000      0.000000000000      0.000000000000
   20      2.341230184894      2.344087118194      0.000485058209
   20     -2.341230184894     -2.344087118194     -0.000485058209
   20      2.343159950180      0.001055346014      2.343500685750
   20      4.684390135074      2.345142464208      2.343985743959
   20      0.001929765285     -2.343031772180      2.343015627540
   20     -2.343159950180     -0.001055346014     -2.343500685750
   20     -0.001929765285      2.343031772180     -2.343015627540
   12     -4.684390135074     -2.345142464208     -2.343985743959
   20     -0.000880411888      2.343593327340      2.343463988771
   20      2.340349773006      4.687680445535      2.343949046981
   20     -2.342110596782     -0.000493790854      2.342978930562
   20      2.342279538292      2.344648673354      4.686964674521
   20      4.683509723186      4.688735791549      4.687449732731
   12      0.001049353397      0.000561555160      4.686479616312
   12     -2.344040362068      2.342537981326     -0.000036696978
   20     -0.002810177174      4.686625099521      0.000448361231
   12     -4.685270546962     -0.001549136868     -0.000521755188
   12      0.000880411888     -2.343593327340     -2.343463988771
   20      2.342110596782      0.000493790854     -2.342978930562
   12     -2.340349773006     -4.687680445535     -2.343949046981
   12      2.344040362068     -2.342537981326      0.000036696978
   20      4.685270546962      0.001549136868      0.000521755188
   20      0.002810177174     -4.686625099521     -0.000448361231
   20     -2.342279538292     -2.344648673354     -4.686964674521
   12     -0.001049353397     -0.000561555160     -4.686479616312
   12     -4.683509723186     -4.688735791549     -4.687449732731
    8     -0.000524676699     -0.000280777580     -2.343239808156
    8      2.340705508194      2.343806340612     -2.342754749946
    8     -2.341754861593     -2.344367895774     -2.343724866365
    8      2.342635273481      0.000774568434      0.000260877594
    8      4.683865458373      2.344861686626      0.000745935803
    8      0.001405088587     -2.343312549760     -0.000224180616
    8      4.685795223661      0.001829914448      2.343761563344
    8      7.027025408554      2.345917032641      2.344246621554
    8      2.344565038767     -2.342257203746      2.343276505135
    8     -0.001405088587      2.343312549760      0.000224180616
    8      2.339825096306      4.687399667954      0.000709238825
    8     -2.342635273481     -0.000774568434     -0.000260877594
    8      2.341754861593      2.344367895774      2.343724866365
    8      4.682985046486      4.688455013968      2.344209924575
    8      0.000524676699      0.000280777580      2.343239808156
    8      4.684914811773      2.345423241788      4.687225552115
    8      7.026144996666      4.689510359982      4.687710610325
    8      2.343684626878      0.001336123594      4.686740493906
    8     -0.002285500475      4.686905877099      2.343688169385
    8      2.338944684418      7.030992995293      2.344173227595
    8     -2.343515685369      2.342818758905      2.343203111177
    8      2.340874449705      4.687961223113      4.687188855135
    8      4.682104634598      7.032048341307      4.687673913345
    8     -0.000355735189      2.343874104920      4.686703796926
    8      4.684034399884      4.689016569127      7.030689540885
    8      7.025264584778      7.033103687321      7.031174599094
    8      2.342804214990      2.344929450933      7.030204482675
    0    0
