   3   1   1 E -1.6031084261641E+04 DE 2.1E-09( 11)
  0.504697000166E-02  0.698529912235E+01  0.700784339428E+01
  0.699473859777E+01  0.347586270651E-02  0.700269646033E+01
  0.699794022117E+01  0.697688382076E+01  0.671442706523E-02
    1
  0.100000000000E+01  0.000000000000E+00  0.000000000000E+00
  0.000000000000E+00  0.100000000000E+01  0.000000000000E+00
  0.000000000000E+00  0.000000000000E+00  0.100000000000E+01
  0.000000000000E+00  0.000000000000E+00  0.000000000000E+00
   54
   20     -0.009871737272      0.003139206427     -0.032409418452
   20      2.360418462365      2.329186582960     -0.045881386096
   20     -2.346343493560     -2.341020561057     -0.058464044509
   20      2.320789820889     -0.035891839561      2.367760786577
   20      4.688181094997      2.276811444920      2.327020637334
   20      0.032942021515     -2.333114590798      2.360822250569
   20     -2.346117964504     -0.045117735978     -2.320080594215
   20      0.042096928246      2.330929953629     -2.359563364385
   12     -4.702205897905     -2.291168362142     -2.377605447616
   20     -0.049522153221      2.336630694595      2.364423491160
   20      2.310463707163      4.702671113712      2.318426173969
   20     -2.352489170309      0.068839709994      2.333114150692
   20      2.306950417111      2.280055208606      4.726629814202
   20      4.683988728499      4.686955064897      4.717993370367
   12      0.142550965244     -0.011698119102      4.683647456837
   12     -2.405855777293      2.262250631744     -0.002382537438
   20      0.007166931004      4.717182302525     -0.006577191392
   12     -4.692871769085      0.016690213846     -0.075031994805
   12     -0.016474407658     -2.269795453070     -2.337407492528
   20      2.355946423973      0.039652982771     -2.360634217541
   12     -2.383788940628     -4.606253243039     -2.320799344574
   20      2.350144406952     -2.353395969318      0.015605779521
   12      4.716542018029      0.068881827318      0.051605070974
   20      0.009745720162     -4.726327977672     -0.021829134404
   20     -2.331464377704     -2.359448281376     -4.647825923879
   12     -0.131278081462      0.018504650226     -4.660481934141
   12     -4.608393791804     -4.676857759809     -4.610347075229
    8      0.018675692062     -0.049359276744     -2.399789206623
    8      2.427319203234      2.410627176079     -2.426929334056
    8     -2.321755432889     -2.417132873444     -2.336237332187
    8      2.377752513409      0.000467043132     -0.012624120577
    8      4.671777977637      2.236923963581     -0.067471168906
    8      0.002325943897     -2.352203437435     -0.040454026389
    8      4.690631135236     -0.029600584552      2.316547927786
    8      7.063851095327      2.240317769079      2.337957320535
    8      2.334460489435     -2.393636323793      2.397494325082
    8     -0.029543722899      2.342540988081     -0.026006322762
    8      2.335478786517      4.718944139608     -0.058752633964
    8     -2.388314531786      0.052760218346     -0.025045575283
    8      2.320001906539      2.313219157353      2.354137140221
    8      4.667345319434      4.666045244465      2.333543485496
    8     -0.010699461379      0.011287350671      2.362104338504
    8      4.674197073513      2.308798509957      4.709647773751
    8      7.060659528332      4.734319945153      4.673058224014
    8      2.239481265191     -0.112319972107      4.767548313741
    8     -0.002768608579      4.728533411112      2.385453101914
    8      2.266824936241      7.079467878033      2.275269325198
    8     -2.409673927920      2.329039406105      2.325114598091
    8      2.299749352925      4.667420675639      4.678136537663
    8      4.747265271570      7.092749559174      4.738022946428
    8     -0.083248106250      2.287366451417      4.695717145979
    8      4.672618937207      4.664012862535      7.013904976967
    8      6.996911952751      6.990288850474      7.006377837833
    8      2.417191377784      2.236294799008      7.071190788121
    0    0
