   3   1   1 E -1.6031079289435E+04 DE 3.6E-10( 11)
  0.147557448634E-01  0.694414279068E+01  0.697505794428E+01
  0.699970520756E+01 -0.169394943098E-01  0.700021962643E+01
  0.701077983821E+01  0.697419619720E+01 -0.217564277223E-01
    1
  0.100000000000E+01  0.000000000000E+00  0.000000000000E+00
  0.000000000000E+00  0.100000000000E+01  0.000000000000E+00
  0.000000000000E+00  0.000000000000E+00  0.100000000000E+01
  0.000000000000E+00  0.000000000000E+00  0.000000000000E+00
   54
   20     -0.051934907786      0.018930757965     -0.034017134030
   20      2.327519667684      2.338979620969     -0.049904881518
   20     -2.350794276011     -2.301685305535     -0.005500863670
   20      2.337531556849     -0.000427870510      2.365580223594
   20      4.676385949231      2.312348909559      2.325856845436
   20     -0.001223158697     -2.358623718024      2.349054493004
   20     -2.357613875885      0.045347243013     -2.279167197752
   12      0.017197446835      2.398122478782     -2.287630305215
   12     -4.742431212085     -2.360109326305     -2.249411436643
   20     -0.008602343366      2.333278541470      2.339611717238
   20      2.338770438876      4.660342784020      2.317075626444
   12     -2.416335751645      0.075903338910      2.291451210913
   12      2.493895100014      2.313699080933      4.654650582251
   20      4.670832500129      4.602571612635      4.667483082444
   20      0.019907933726      0.020465982998      4.716096742592
   12     -2.269539021496      2.209807694999     -0.030495256628
   20     -0.000387562352      4.664228758353     -0.056506220455
   12     -4.580520137349      0.012223088676      0.029478059889
   12      0.076708537021     -2.478205175129     -2.330314455847
   20      2.311017363261      0.007303658559     -2.325778478947
   20     -2.333824766761     -4.638422743325     -2.301057463962
   20      2.316729071667     -2.393604372164     -0.042155907286
   12      4.670862737010      0.079614632369      0.027943705607
   12     -0.028905233498     -4.696316756811     -0.061251788397
   20     -2.344610482666     -2.316935683833     -4.663986529259
   20     -0.012348628344      0.055094163125     -4.669589844689
   20     -4.680891490009     -4.674003134157     -4.685826048462
    8     -0.025918057185      0.030809690611     -2.321675876642
    8      2.277342545088      2.376013948937     -2.362472428485
    8     -2.336404195083     -2.308398287084     -2.293519251077
    8      2.356142580206     -0.006539359392     -0.011293242874
    8      4.711854869810      2.269597548400     -0.031539450313
    8     -0.012574682678     -2.399203957144     -0.046560198914
    8      4.661744797246      0.016395484689      2.332446966732
    8      6.997850907194      2.313940129664      2.319558601621
    8      2.327350976689     -2.362138918542      2.364616599907
    8     -0.043110432108      2.333863570829     -0.038984403442
    8      2.333892736859      4.713412876252     -0.076341756194
    8     -2.428026929770      0.100579886995      0.057830230390
    8      2.325203859991      2.325860042199      2.346118344474
    8      4.674142265630      4.676925962960      2.325315557980
    8     -0.034733662244      0.006935732003      2.344350218849
    8      4.686320465578      2.292624870887      4.711488456470
    8      7.064647038691      4.585022527294      4.666828656604
    8      2.341583091433      0.027477237323      4.749712758885
    8     -0.000169161305      4.655182289559      2.341418265941
    8      2.389196159621      6.966816253650      2.274501676835
    8     -2.324549025389      2.242111723726      2.275966438389
    8      2.276167472633      4.563740352965      4.626688720388
    8      4.684698585780      6.962175018255      4.658542410207
    8      0.089296194468      2.413864007754      4.763497936729
    8      4.665527257304      4.608362371387      6.958712169186
    8      7.011533897598      7.058332902339      6.969633007477
    8      2.367178547444      2.162605553005      6.874316257650
    0    0
