   3   1   1 E -1.6031077363773E+04 DE 1.0E-08(  9)
  0.404227058504E-01  0.699276996493E+01  0.699643964941E+01
  0.696901936705E+01  0.258859323996E-01  0.700314723768E+01
  0.701333296871E+01  0.703724441865E+01 -0.115242397720E-01
    1
  0.100000000000E+01  0.000000000000E+00  0.000000000000E+00
  0.000000000000E+00  0.100000000000E+01  0.000000000000E+00
  0.000000000000E+00  0.000000000000E+00  0.100000000000E+01
  0.000000000000E+00  0.000000000000E+00  0.000000000000E+00
   54
   20      0.017433737846      0.000269296213     -0.007711875575
   20      2.327221131670      2.335701457669     -0.028887007558
   20     -2.356272715938     -2.321776552134      0.002867444078
   20      2.352358679540     -0.037262556004      2.300155597358
   20      4.691562107566      2.329748093932      2.339772048776
   20      0.038393013729     -2.344729817163      2.343515572761
   20     -2.317978796083     -0.009237670598     -2.321671729309
   20      0.047345381688      2.327258266873     -2.324037183293
   20     -4.679984298921     -2.350279664297     -2.343749862422
   20     -0.040064470174      2.357792831361      2.285850383210
   20      2.280422841747      4.762288692252      2.334637256259
   20     -2.397752561473      0.049149878576      2.323972712538
   20      2.339445247252      2.327509226307      4.719985474388
   20      4.666775946394      4.715817214546      4.698729432234
   12      0.078003699457     -0.084959818236      4.707696727590
   12     -2.533109338375      2.375683817549      0.051741232418
   12     -0.073979153275      4.744819287800     -0.028749667836
   12     -4.868966017254     -0.013927965687     -0.013443464475
   20      0.010425720792     -2.297116548776     -2.337501660211
   12      2.293934296318      0.038321398228     -2.225230138510
   20     -2.353443069696     -4.702359189112     -2.348608870044
   12      2.316274926952     -2.342027918362      0.081796242669
   20      4.696228656835     -0.048756846029      0.023764193595
   20      0.069207323321     -4.726186306680      0.023225299399
   12     -2.223924642100     -2.367509848217     -4.705780379265
   12      0.112881966865     -0.011321826408     -4.683948693476
   12     -4.624912744919     -4.736569369610     -4.862576527974
    8      0.102710743971      0.009628533885     -2.342373689344
    8      2.341675771902      2.271915523541     -2.380423850001
    8     -2.352047788480     -2.334302758852     -2.376933633149
    8      2.350019564765     -0.070749303187     -0.050461616407
    8      4.696165526712      2.331905829991     -0.007936699473
    8      0.052918805613     -2.337923121501      0.006239057816
    8      4.726934212597     -0.062059337059      2.342190691525
    8      7.078106036918      2.278377915406      2.342847632399
    8      2.393857161828     -2.396366651080      2.243552867640
    8     -0.034545377374      2.394420167458     -0.019089221562
    8      2.268359896185      4.754096926268     -0.001647720947
    8     -2.412998743069      0.055851553102      0.004246438059
    8      2.323533266829      2.346654404925      2.324024996532
    8      4.656253108185      4.717138013178      2.337344969725
    8     -0.008930033273      0.001762308976      2.315957708997
    8      4.674144525952      2.348911560949      4.726657966238
    8      7.015381738880      4.779811497983      4.688860447499
    8      2.251430178424     -0.007128677693      4.708602712810
    8     -0.037906327198      4.757481136371      2.250493269155
    8      2.204621093208      7.180221797698      2.325709592953
    8     -2.403576802131      2.389881871123      2.207931360967
    8      2.341582508600      4.743057677854      4.744839367977
    8      4.683974701668      7.019932132212      4.666960011067
    8      0.027821914181      2.280134019499      4.652961825819
    8      4.686717118351      4.598875483718      7.093581285624
    8      7.163720123187      6.918904808975      7.021279168468
    8      2.445037891025      2.310780544166      7.115054415247
    0    0
