   3   1   1 E -1.6031087764005E+04 DE 5.7E-09(  9)
  0.774757609835E-02  0.701062471733E+01  0.704683071312E+01
  0.698096348232E+01  0.104842049353E-01  0.703673263377E+01
  0.698169316691E+01  0.699543820667E+01  0.157171930581E-01
    1
  0.100000000000E+01  0.000000000000E+00  0.000000000000E+00
  0.000000000000E+00  0.100000000000E+01  0.000000000000E+00
  0.000000000000E+00  0.000000000000E+00  0.100000000000E+01
  0.000000000000E+00  0.000000000000E+00  0.000000000000E+00
   54
   20      0.019358193831     -0.037957342590     -0.033230977036
   20      2.363368879617      2.325692666400     -0.034012453474
   20     -2.335608623552     -2.302489639312     -0.049424342335
   20      2.337791982106     -0.098364987211      2.357843696885
   20      4.666042200513      2.299418304445      2.333316422656
   20      0.092040511200     -2.327450517630      2.366868331718
   20     -2.369886474309     -0.065555644787     -2.365849162386
   20      0.028872615639      2.346259549622     -2.353502737364
   12     -4.740140784188     -2.206332944094     -2.311342354203
   20     -0.064576153809      2.377045123586      2.351288099809
   20      2.309863106813      4.698178043805      2.333389153940
   20     -2.342321414409      0.078126747584      2.322195423492
   20      2.295838628447      2.321462376213      4.791928253487
   20      4.664309928012      4.697924574928      4.735072975291
   12      0.053566403948     -0.098386582743      4.756191352965
   12     -2.476262778786      2.301095873640      0.068000815571
   20     -0.035403905342      4.719273944829     -0.042637230255
   12     -4.645509923231     -0.016550852425     -0.026465490602
   12      0.120003124739     -2.306408531529     -2.316176226439
   20      2.346056511482     -0.033484599582     -2.315236195199
   20     -2.345649059463     -4.622513519488     -2.345692697641
   12      2.471122046966     -2.368683970818      0.067116284235
   12      4.598704681251     -0.015109968983      0.004878802228
   20      0.093156444747     -4.686797351155     -0.040149070064
   12     -2.380018435199     -2.394507951837     -4.739528219476
   20     -0.025928105571     -0.039824207911     -4.710952632765
   12     -4.692584517429     -4.590262901968     -4.763275968155
    8      0.000693462514     -0.107308192502     -2.351724913458
    8      2.351751769135      2.410943187204     -2.405352129758
    8     -2.426081754052     -2.339358267244     -2.387757641251
    8      2.435685546050     -0.114086072362      0.002164924881
    8      4.669968592096      2.286849373365     -0.019385113839
    8      0.097143279568     -2.331272085347     -0.043420438434
    8      4.624152807976     -0.111331460288      2.274844085409
    8      7.070297782077      2.323462168015      2.358380891545
    8      2.457735705868     -2.437607970104      2.408475779764
    8     -0.056344803145      2.340023910272     -0.021934454962
    8      2.327349655674      4.767677372637     -0.075267375418
    8     -2.423193556612      0.074082014956     -0.022297486978
    8      2.321262603157      2.321865612200      2.344449520989
    8      4.669923160652      4.690638772011      2.343683901610
    8      0.009932371150      0.006508801910      2.404636023924
    8      4.642968575423      2.323957198106      4.746928208822
    8      7.081847021119      4.779548223997      4.701931731081
    8      2.208563308080     -0.120479866353      4.784747499127
    8     -0.055013113432      4.677642356833      2.337203760031
    8      2.334122876371      7.079522903828      2.292701919207
    8     -2.484847393615      2.493070400264      2.232075472313
    8      2.264498813036      4.667391859223      4.747490605873
    8      4.778203137549      7.022575342925      4.784079728620
    8      0.007444714281      2.370121216969      4.707933131796
    8      4.497533042104      4.687560814446      7.128779454342
    8      6.970623842076      6.990624022648      6.975138644002
    8      2.484392484857      2.368044751618      7.157642845623
    0    0
