   3   1   1 E -1.6031058469527E+04 DE 6.4E-10( 11)
  0.681919278258E-02  0.697663883184E+01  0.698427488746E+01
  0.702446212093E+01  0.688580893757E-02  0.699054652057E+01
  0.699820246183E+01  0.696405759525E+01  0.254778991836E-01
    1
  0.100000000000E+01  0.000000000000E+00  0.000000000000E+00
  0.000000000000E+00  0.100000000000E+01  0.000000000000E+00
  0.000000000000E+00  0.000000000000E+00  0.100000000000E+01
  0.000000000000E+00  0.000000000000E+00  0.000000000000E+00
   54
   20      0.014562630706     -0.001226629677     -0.045489381907
   20      2.319148779538      2.321174438377     -0.040397218594
   20     -2.335382431180     -2.311911608210     -0.031383362341
   20      2.354990843459     -0.032980990010      2.344158074215
   20      4.683120178955      2.315234154060      2.347626354566
   20      0.019134781471     -2.314763974083      2.357985995306
   20     -2.335491798020     -0.033831797150     -2.345233413190
   12      0.002220777826      2.355276421906     -2.298676810099
   12     -4.675938642805     -2.296981443671     -2.328926044254
   20     -0.016814248652      2.337903659677      2.358934165024
   20      2.320480549766      4.683238269774      2.358013638065
   20     -2.347155630771     -0.023451408437      2.370108766748
   20      2.346246613165      2.334117984885      4.676223404823
   12      4.717902320495      4.615935665024      4.610993126325
   12      0.128691127211     -0.065886237098      4.649668616975
   20     -2.332518333521      2.351897470899     -0.012369373522
   20     -0.014412259353      4.696049381211     -0.046505073046
   12     -4.646809977274     -0.035226319904     -0.005086953026
   12     -0.066198092721     -2.293874221955     -2.324209732317
   12      2.206633809504     -0.117928050869     -2.239867849732
   20     -2.359065466133     -4.680167017756     -2.326134018019
   20      2.367550054213     -2.283194097807     -0.041730434507
   12      4.641160893836     -0.138715466172     -0.067820181902
   20      0.011763623615     -4.672920270784     -0.044897963545
   12     -2.353172851339     -2.012392646477     -4.647662828180
   20     -0.008276521145     -0.027790476900     -4.637167087801
   20     -4.685031746687     -4.653117230985     -4.632653355477
    8      0.040744537191     -0.019161650051     -2.337998029801
    8      2.262763266544      2.319405005091     -2.309277292870
    8     -2.314018073534     -2.340270839665     -2.340669332092
    8      2.386798542015      0.003085125414     -0.047620705373
    8      4.659837277593      2.285270967924     -0.008925311700
    8      0.015082726904     -2.318032726660     -0.040761836013
    8      4.676861074285     -0.070434002672      2.312577093923
    8      7.015020870569      2.318249398211      2.373693848119
    8      2.386061629981     -2.310065420489      2.345213890491
    8     -0.009689773028      2.342164398587     -0.046614697044
    8      2.327285278296      4.704351366867     -0.044502084859
    8     -2.359730913922     -0.005610901630     -0.018026801870
    8      2.335146364378      2.326782083918      2.351477410859
    8      4.672396487083      4.655370580951      2.385177975064
    8      0.012420130681     -0.009967740024      2.370605783929
    8      4.725350542014      2.355422809702      4.662198625211
    8      7.024702317048      4.688406774849      4.663000625504
    8      2.306537174704     -0.064372961095      4.706929590048
    8     -0.053111645449      4.671183763818      2.359671005277
    8      2.318341021042      6.948937786081      2.374495404154
    8     -2.344138878712      2.346834836573      2.357824298099
    8      2.330407747264      4.736458817138      4.653880694305
    8      4.659887203430      6.834063793815      4.794317943184
    8      0.001938639479      2.314764198724      4.660965555445
    8      4.687791450517      4.765858765275      6.945134182884
    8      7.048670089634      6.955136632243      6.955470433840
    8      2.361982919761      2.315821641359      6.965607553153
    0    0
