   3   1   1 E -1.6031035048538E+04 DE 3.5E-10(  2)
 -0.405643601149E-02  0.702694211376E+01  0.702952255343E+01
  0.702892197571E+01  0.180080386161E-02  0.703057433142E+01
  0.702500016030E+01  0.703091565358E+01 -0.101347645995E-02
    1
  0.100000000000E+01  0.000000000000E+00  0.000000000000E+00
  0.000000000000E+00  0.100000000000E+01  0.000000000000E+00
  0.000000000000E+00  0.000000000000E+00  0.100000000000E+01
  0.000000000000E+00  0.000000000000E+00  0.000000000000E+00
   54
   20      0.000000000000      0.000000000000      0.000000000000
   20      2.341666720100      2.343638551194     -0.000337825487
   20     -2.341666720100     -2.343638551194      0.000337825487
   20      2.342973991905      0.000600267954      2.343524777140
   20      4.684640712005      2.344238819148      2.343186951654
   20      0.001307271804     -2.343038283240      2.343862602627
   20     -2.342973991905     -0.000600267954     -2.343524777140
   20     -0.001307271804      2.343038283240     -2.343862602627
   12     -4.684640712005     -2.344238819148     -2.343186951654
   20     -0.001352145337      2.342314037919      2.343174184478
   20      2.340314574763      4.685952589113      2.342836358991
   20     -2.343018865438     -0.001324513275      2.343512009964
   20      2.341621846567      2.342914305873      4.686698961618
   12      4.683288566668      4.686552857067      4.686361136131
   12     -0.000044873533     -0.000724245321      4.687036787105
   12     -2.344326137242      2.341713769965     -0.000350592663
   20     -0.002659417141      4.685352321159     -0.000688418149
   20     -4.685992857342     -0.001924781229     -0.000012767176
   20      0.001352145337     -2.342314037919     -2.343174184478
   20      2.343018865438      0.001324513275     -2.343512009964
   12     -2.340314574763     -4.685952589113     -2.342836358991
   12      2.344326137242     -2.341713769965      0.000350592663
   20      4.685992857342      0.001924781229      0.000012767176
   12      0.002659417141     -4.685352321159      0.000688418149
   12     -2.341621846567     -2.342914305873     -4.686698961618
   12      0.000044873533      0.000724245321     -4.687036787105
   20     -4.683288566668     -4.686552857067     -4.686361136131
    8      0.000022436766      0.000362122660     -2.343518393552
    8      2.341689156866      2.344000673853     -2.343856219039
    8     -2.341644283334     -2.343276428534     -2.343180568066
    8      2.342996428671      0.000962390614      0.000006383588
    8      4.684663148770      2.344600941807     -0.000331441899
    8      0.001329708571     -2.342676160580      0.000344209075
    8      4.685970420575      0.001562658568      2.343531160728
    8      7.027637140674      2.345201209760      2.343193335241
    8      2.344303700474     -2.342075892626      2.343868986214
    8     -0.001329708571      2.342676160580     -0.000344209075
    8      2.340337011530      4.686314711774     -0.000682034561
    8     -2.342996428671     -0.000962390614     -0.000006383588
    8      2.341644283334      2.343276428534      2.343180568066
    8      4.683311003434      4.686914979727      2.342842742579
    8     -0.000022436766     -0.000362122660      2.343518393552
    8      4.684618275237      2.343876696487      4.686705345204
    8      7.026284995336      4.687515247680      4.686367519717
    8      2.342951555136      0.000238145293      4.687043170691
    8     -0.002681853908      4.684990198498      2.342829975402
    8      2.338984866193      7.028628749693      2.342492149915
    8     -2.344348574008      2.341351647305      2.343167800889
    8      2.340292137997      4.685590466453      4.686354752543
    8      4.681958858097      7.029229017647      4.686016927057
    8     -0.001374582104      2.341951915259      4.686692578030
    8      4.683266129899      4.686190734407      7.029879529682
    8      7.024932849999      7.029829285601      7.029541704195
    8      2.341599409799      2.342552183214      7.030217355168
    0    0
