   3   1   1 E -1.6031047241041E+04 DE 1.8E-10( 11)
  0.276578373835E-01  0.697391518134E+01  0.697882175347E+01
  0.703774367377E+01 -0.214201467752E-01  0.701906956746E+01
  0.703807346052E+01  0.700963693038E+01 -0.161275486660E-01
    1
  0.100000000000E+01  0.000000000000E+00  0.000000000000E+00
  0.000000000000E+00  0.100000000000E+01  0.000000000000E+00
  0.000000000000E+00  0.000000000000E+00  0.100000000000E+01
  0.000000000000E+00  0.000000000000E+00  0.000000000000E+00
   54
   20      0.008041721576     -0.013712549930     -0.009809323708
   20      2.348552759348      2.330434914351     -0.012595351011
   20     -2.342712340692     -2.346854197450     -0.002861971700
   20      2.344042868488     -0.010241887495      2.341035957568
   20      4.692354080175      2.327767317198      2.334088293872
   20      0.003699019016     -2.349853718357      2.343397718129
   20     -2.343661634753      0.001351756096     -2.341847923363
   20      0.005957008800      2.336496124684     -2.350303459953
   12     -4.680438319778     -2.346408639827     -2.344985403178
   20      0.004722688472      2.332583876890      2.331678083929
   20      2.351005546389      4.674558635426      2.328977989342
   20     -2.336664762462     -0.008546514822      2.336382013402
   20      2.348465346919      2.337228259407      4.681080533508
   12      4.686793322980      4.669624501297      4.678258681516
   20      0.002410591330     -0.011558621541      4.679049749917
   12     -2.328280014905      2.320542291405     -0.022632966775
   20      0.007649483463      4.668178605355     -0.019788062604
   20     -4.685957787099      0.002784597170     -0.004769729857
   12      0.024948040599     -2.380901869097     -2.348160960177
   12      2.355080402434     -0.043792751224     -2.351940916462
   12     -2.367594558864     -4.627162029594     -2.307965184668
   12      2.324619809435     -2.256704568995      0.035830805689
   20      4.681036235865     -0.003632606870      0.002821202454
   12     -0.055389549515     -4.608545757631      0.043823034078
   20     -2.357893891875     -2.322883678133     -4.667570285296
   12      0.018991351934     -0.022296006199     -4.695705641741
   20     -4.699446541982     -4.650816596970     -4.659520062149
    8      0.010403013225     -0.015722286151     -2.352801309483
    8      2.350434378300      2.341702539801     -2.347154663433
    8     -2.352281977687     -2.340861921420     -2.339780721653
    8      2.346113257845     -0.017675203716     -0.006724938368
    8      4.688975113891      2.327324902061     -0.010144098397
    8      0.008901800428     -2.362374616186     -0.005493850199
    8      4.687172685301     -0.011184701027      2.341688361145
    8      7.038376728766      2.321260377565      2.331342002722
    8      2.341113068850     -2.345129495233      2.349047096293
    8      0.006310448403      2.330638339502     -0.013212306804
    8      2.351946944874      4.669647482497     -0.018416392128
    8     -2.337456321679     -0.002923392688     -0.006245522966
    8      2.347723047734      2.332751889068      2.334799481085
    8      4.695139447669      4.665607796340      2.328976731991
    8      0.004407702741     -0.010233779519      2.337336754317
    8      4.699219364017      2.328886447588      4.678219658381
    8      7.044923262947      4.655003518192      4.665405578103
    8      2.346980903188     -0.013095841219      4.680086513402
    8      0.005478551056      4.670434764659      2.324528036784
    8      2.355617343700      7.006904572536      2.319211691678
    8     -2.333282607868      2.327263128077      2.323630869415
    8      2.353307114078      4.692903872534      4.678580150431
    8      4.699513931007      6.987878122685      4.655387618051
    8     -0.006573266974      2.344569142837      4.679080584802
    8      4.702917665215      4.630062363519      6.983904592248
    8      7.042479688412      6.991659826465      6.997104285078
    8      2.357445209781      2.326657108348      7.013613951895
    0    0
