   3   1   1 E -1.6031097352914E+04 DE-5.3E-09(  7)
  0.426690064146E-02  0.700224529062E+01  0.699238055656E+01
  0.700988443776E+01 -0.769135335675E-02  0.699816514193E+01
  0.701788441789E+01  0.700892618284E+01 -0.861013545716E-02
    1
  0.100000000000E+01  0.000000000000E+00  0.000000000000E+00
  0.000000000000E+00  0.100000000000E+01  0.000000000000E+00
  0.000000000000E+00  0.000000000000E+00  0.100000000000E+01
  0.000000000000E+00  0.000000000000E+00  0.000000000000E+00
   54
   20      0.012784917134     -0.003244318590     -0.014615354373
   20      2.395977579993      2.314172300772     -0.062151606690
   20     -2.332963361851     -2.384085266037     -0.040034684804
   20      2.339138214205     -0.024636080292      2.354531132844
   20      4.680367686878      2.325618237486      2.321036493650
   20      0.007933520478     -2.331173799081      2.374125735862
   20     -2.383309262641     -0.022062383384     -2.346981876776
   20      0.019280403985      2.372588907148     -2.341346201209
   12     -4.607626459560     -2.340724676424     -2.349523402376
   20     -0.021685203009      2.332331582656      2.387587612353
   20      2.354914736637      4.671912875954      2.387350535559
   20     -2.341864870319      0.009170938570      2.430130670366
   12      2.339133336729      2.332439104327      4.672008598157
   12      4.615346874970      4.699502561897      4.659488283820
   12      0.025836065112      0.034928143202      4.700084847983
   20     -2.360285242235      2.390588079913     -0.011923226549
   20     -0.035120188140      4.730110198914     -0.052753772898
   20     -4.714115926624      0.018803771363     -0.052654048315
   20      0.002114770733     -2.400593081639     -2.316965268074
   12      2.403722890816     -0.010408337025     -2.288359224005
   12     -2.379102800381     -4.690415690141     -2.328725706331
   20      2.390589429803     -2.336099830775     -0.027894087436
   12      4.692609197956      0.087943621750     -0.081745217464
   12     -0.095116732208     -4.767715839579     -0.091259045566
   12     -2.341785333108     -2.315053315911     -4.606571710469
   20     -0.011264030072     -0.001966657686     -4.680452830961
   20     -4.660080245221     -4.654157649366     -4.625010269209
    8      0.044823714654     -0.011855568251     -2.326383844212
    8      2.442442546623      2.320559919122     -2.327991834976
    8     -2.439565723453     -2.439693531667     -2.416535187561
    8      2.367690614972      0.006431443534     -0.087152275520
    8      4.782684081068      2.242674620134     -0.117196998708
    8      0.006328074686     -2.397595782405      0.012914636488
    8      4.668034360204     -0.085055098923      2.274870976642
    8      7.012554389198      2.334569848305      2.296232786427
    8      2.431800607008     -2.340748287593      2.437285232813
    8     -0.005448950936      2.354055384082     -0.035264082805
    8      2.340511076915      4.669302147209     -0.093204664543
    8     -2.340568981123     -0.002051169678     -0.015203444410
    8      2.350245427887      2.325444176823      2.394638140639
    8      4.672192360092      4.670018529106      2.372945666331
    8     -0.001867631126      0.002995726180      2.417875721138
    8      4.595976152706      2.400135009401      4.656291077986
    8      7.010363334778      4.777973446771      4.657865651748
    8      2.256494313588     -0.018512006329      4.666690494267
    8     -0.056814571493      4.666019720271      2.361545573720
    8      2.351628870862      7.007800933716      2.382279169542
    8     -2.339052705749      2.397344142049      2.421751560535
    8      2.455630510625      4.668101428796      4.668341078268
    8      4.627781346296      7.017796095958      4.776558581310
    8      0.009894837608      2.215872005873      4.757172524828
    8      4.687184140933      4.763213022625      6.973628865466
    8      6.947172607239      7.101038311188      6.927342174102
    8      2.270616129198      2.332052676114      6.914036077076
    0    0
