   3   1   1 E -1.6031097765255E+04 DE-5.4E-09(  9)
  0.675980040733E-02  0.702095396019E+01  0.700717611374E+01
  0.699775455255E+01 -0.424605769304E-02  0.701168962272E+01
  0.700767156655E+01  0.702897667894E+01 -0.778191048261E-02
    1
  0.100000000000E+01  0.000000000000E+00  0.000000000000E+00
  0.000000000000E+00  0.100000000000E+01  0.000000000000E+00
  0.000000000000E+00  0.000000000000E+00  0.100000000000E+01
  0.000000000000E+00  0.000000000000E+00  0.000000000000E+00
   54
   20      0.028088723926     -0.008279974794      0.018710915564
   20      2.345649028349      2.319178819167     -0.060694265923
   20     -2.331437169361     -2.343495587795      0.017067555565
   20      2.380827046932     -0.046912731268      2.371678677037
   20      4.671386628273      2.318624435187      2.317190008030
   20      0.039353772472     -2.356688072420      2.336544349085
   20     -2.364554536774      0.003461552469     -2.315070730838
   20      0.018469157088      2.347655822607     -2.316840856459
   12     -4.614493545087     -2.326225501512     -2.332237657674
   20     -0.048370286940      2.343640635850      2.337023786451
   20      2.340811685347      4.711759810331      2.352284356933
   12     -2.360230758120     -0.013479361689      2.272040665704
   12      2.307520757604      2.380794372552      4.751742612609
   20      4.598073444666      4.705204912755      4.701467970972
   20     -0.034395852039      0.022738092248      4.683343763451
   12     -2.293449721438      2.252445090463      0.069907137422
   20     -0.062886068858      4.704918981122     -0.007946734452
   20     -4.652848826150      0.067863249321     -0.030257083612
   20      0.037145015613     -2.360648701636     -2.277357857070
   12      2.397652520337     -0.035734632230     -2.295565711283
   20     -2.376159566792     -4.702440663797     -2.366479479724
   12      2.367417883782     -2.465182904330     -0.073836335186
   12      4.621333329694      0.031616422991      0.022522362247
   12     -0.020044351095     -4.671614808159     -0.034556559984
   12     -2.373701016826     -2.297955162436     -4.747164396341
   20     -0.007122707329      0.009755522503     -4.692800486601
   20     -4.613105349897     -4.657511596395     -4.688599313726
    8      0.072406933192     -0.002216098043     -2.306924231671
    8      2.341809401576      2.353941585668     -2.355189239400
    8     -2.418424668510     -2.342288842724     -2.330194473942
    8      2.466761166141     -0.085780300228     -0.099693738839
    8      4.724603774111      2.267831873024     -0.016698795691
    8      0.100617221499     -2.429554550064      0.028867832907
    8      4.661700243862     -0.093002213746      2.263216086599
    8      7.005602491499      2.335905388911      2.273954247023
    8      2.445109425700     -2.345008492428      2.371575522692
    8     -0.065655881962      2.345811026505     -0.008742216097
    8      2.334378987602      4.701491645883     -0.045870690036
    8     -2.326569926425      0.082655347716      0.086137036371
    8      2.332931212379      2.336227315978      2.368121127619
    8      4.668318912074      4.752257640611      2.337355493276
    8     -0.066874797020     -0.007179012488      2.350518830319
    8      4.577302316166      2.344922736847      4.735916420379
    8      7.042095704217      4.695243363903      4.667355730529
    8      2.329326708749     -0.004160687848      4.683151486923
    8     -0.065993912879      4.691184996103      2.322410244913
    8      2.425310331377      7.040044403842      2.319602465547
    8     -2.332680947549      2.331408343999      2.213396059462
    8      2.333672673810      4.688557117860      4.766846353247
    8      4.539385664407      7.026013639218      4.684542047726
    8      0.075249175699      2.343156909646      4.744691934316
    8      4.545147877537      4.668661531190      7.103595924929
    8      6.921675824634      7.129758155597      7.008010452140
    8      2.386701488540      2.446209770430      6.871808613462
    0    0
