   3   1   1 E -1.6031077350408E+04 DE-1.2E-09( 11)
  0.730073699539E-01  0.703446822031E+01  0.700190100139E+01
  0.698636093361E+01  0.317952122176E-01  0.703501028896E+01
  0.702295562910E+01  0.709976394702E+01  0.753591066403E-03
    1
  0.100000000000E+01  0.000000000000E+00  0.000000000000E+00
  0.000000000000E+00  0.100000000000E+01  0.000000000000E+00
  0.000000000000E+00  0.000000000000E+00  0.100000000000E+01
  0.000000000000E+00  0.000000000000E+00  0.000000000000E+00
   54
   20      0.018120457762     -0.033100488271     -0.023268366328
   20      2.334090737788      2.372686875678     -0.003387416404
   20     -2.329337078549     -2.351534038582     -0.009691635244
   20      2.357670483418     -0.029438863326      2.316559254687
   20      4.683399579850      2.377710361029      2.335510508577
   20      0.026907537647     -2.370106857063      2.359911258575
   20     -2.340346674337     -0.032203686511     -2.376306836258
   20      0.014071408237      2.377047771948     -2.320166014065
   20     -4.689291778795     -2.366748010527     -2.333224118985
   20     -0.011845455320      2.393873021768      2.349330705320
   20      2.324237952899      4.738780047911      2.318035364182
   20     -2.321002890593     -0.016045918553      2.358777781262
   20      2.332303765105      2.390424526729      4.732896436084
   12      4.787394998216      4.779611354285      4.762049154039
   12     -0.172922310512     -0.177729460185      4.780171181416
   20     -2.346086586347      2.415259164257     -0.001073331962
   12     -0.082460537387      4.773349954292     -0.164254702833
   12     -4.687891675638     -0.121664555597     -0.000296325963
   12     -0.057512965794     -2.289065680255     -2.357480389508
   20      2.357399089915     -0.033510693430     -2.286409744553
   20     -2.338460257921     -4.727355380873     -2.292991615952
   12      2.430973362172     -2.251574834554      0.032388830809
   12      4.588756765760     -0.052635384399      0.058450621129
   20      0.042188278654     -4.747576701909     -0.003428698335
   12     -2.329405148851     -2.280404186461     -4.732043340671
   20     -0.022818672766     -0.031056333568     -4.726636713022
   12     -4.697320726105     -4.654681716997     -4.839492115711
    8     -0.006408369127     -0.045280041850     -2.340216390713
    8      2.348833933063      2.360800754072     -2.341045413801
    8     -2.261058335926     -2.367603814927     -2.342489192608
    8      2.410322454196     -0.054394081691      0.011900970758
    8      4.683285381641      2.336084851516      0.014847564412
    8      0.060236504089     -2.371690400413     -0.030180365773
    8      4.646699352579     -0.025433394602      2.273982064333
    8      7.071953459714      2.366727678273      2.345684220884
    8      2.416797291032     -2.419424467356      2.311595351733
    8     -0.000667040319      2.414483589274     -0.018850866943
    8      2.294277656626      4.777798346727     -0.022278201107
    8     -2.380653591055      0.000672542888     -0.001048337797
    8      2.333193324023      2.381265735061      2.318032156054
    8      4.701882856172      4.737426681751      2.359225769545
    8      0.012970048874     -0.014649426075      2.354118430496
    8      4.671522926550      2.434801036487      4.706963016856
    8      6.896983663066      4.782179307762      4.747341190037
    8      2.261084803867      0.006893048854      4.737831618170
    8     -0.086984472279      4.705851613439      2.322883967563
    8      2.388760749545      7.119322156743      2.310667628289
    8     -2.380183223406      2.407521262199      2.352113511137
    8      2.356408965058      4.700369355422      4.726677301169
    8      4.847434934626      6.942215150264      4.742615838670
    8      0.042055578856      2.351237566708      4.703944023611
    8      4.704215281014      4.843131666279      7.031007473856
    8      7.096457545321      6.940903361365      6.864633226010
    8      2.370224360691      2.383602842989      7.095605681227
    0    0
