   3   1   1 E -1.6031093606754E+04 DE-8.6E-09(  9)
 -0.567409906450E-02  0.703708701902E+01  0.702327754652E+01
  0.703247571683E+01  0.184334673379E-02  0.700811697433E+01
  0.704573308270E+01  0.703043579438E+01 -0.644983213843E-02
    1
  0.100000000000E+01  0.000000000000E+00  0.000000000000E+00
  0.000000000000E+00  0.100000000000E+01  0.000000000000E+00
  0.000000000000E+00  0.000000000000E+00  0.100000000000E+01
  0.000000000000E+00  0.000000000000E+00  0.000000000000E+00
   54
   20      0.015993335296     -0.017077454737     -0.051216832284
   20      2.345093427697      2.341019143838     -0.074960374888
   20     -2.355292838694     -2.342093021332     -0.058223702526
   20      2.364858270544     -0.045882856853      2.355354188046
   20      4.700193217987      2.326452139171      2.352600292652
   20      0.048553696922     -2.364259107834      2.373740667489
   20     -2.355456805053     -0.036863074216     -2.361343500855
   12      0.060541014482      2.374989384143     -2.317892079304
   12     -4.646547497376     -2.401113311309     -2.353894363650
   20     -0.021898237255      2.389654836064      2.383607467279
   20      2.321757546953      4.706821008285      2.397564062073
   20     -2.396251150079      0.039482514130      2.372094436498
   12      2.306380980405      2.336578428539      4.703666341656
   20      4.632760430590      4.669572871845      4.679881645382
   20      0.033236986010      0.032573752197      4.686597776752
   20     -2.396775302566      2.354356385039     -0.000209525947
   20     -0.008411478334      4.691199661231     -0.056996262981
   12     -4.667685633652     -0.024220661768     -0.111178022451
   12      0.058030226011     -2.450868043336     -2.315781630513
   12      2.307147847694      0.033677006571     -2.303700475219
   12     -2.390362458468     -4.576442053567     -2.330591278545
   12      2.398946865821     -2.212184877119     -0.128284668828
   20      4.660282755171     -0.028715134495     -0.025147899189
   20      0.046360314593     -4.673474987330     -0.046466082566
   12     -2.405677799523     -2.371387916945     -4.583886052861
   20      0.030134383783     -0.024778439865     -4.616832816323
   20     -4.681027922616     -4.675581418470     -4.640834952961
    8      0.122094614321     -0.003265273910     -2.323067310283
    8      2.299089444625      2.365115575761     -2.339860978554
    8     -2.388868715726     -2.472853663644     -2.395943481526
    8      2.331166831920     -0.096340647739     -0.111701500023
    8      4.690741279194      2.339544071346     -0.094327773836
    8      0.114564522973     -2.337613638508     -0.063786276162
    8      4.695274493566     -0.083883148127      2.350200087051
    8      7.050090161619      2.343060998047      2.401905060828
    8      2.454428875691     -2.345809824358      2.421119968815
    8     -0.001699134246      2.344051546990     -0.053117627870
    8      2.343615691946      4.783185246623     -0.104568624902
    8     -2.437008024505     -0.006964993386     -0.024311268258
    8      2.360463343485      2.342257244427      2.398053781769
    8      4.689756368715      4.687543155008      2.357717996173
    8      0.001952996666      0.003896929306      2.363703399920
    8      4.661846049208      2.333970078280      4.690035405605
    8      7.112610851051      4.586891619635      4.662357434986
    8      2.352031266977     -0.007016078103      4.751975477057
    8     -0.087498678341      4.681748619244      2.410929044391
    8      2.348764689733      7.030591716986      2.385264253218
    8     -2.352515742972      2.440343482867      2.446394448740
    8      2.277920901158      4.692293471649      4.773084966208
    8      4.594535019699      7.120801956989      4.671449110391
    8      0.061166751039      2.456273843861      4.678118631779
    8      4.578032604011      4.683784815510      7.049536822922
    8      7.119137202069      7.033707151114      6.969571467518
    8      2.329828311857      2.345398692820      6.913852227320
    0    0
