   3   1   1 E -1.6031074166580E+04 DE 8.2E-10( 11)
  0.268999645776E-01  0.698234171119E+01  0.698408217531E+01
  0.699409670260E+01 -0.954813039643E-02  0.701281039569E+01
  0.698710232650E+01  0.699940936758E+01  0.252525668555E-02
    1
  0.100000000000E+01  0.000000000000E+00  0.000000000000E+00
  0.000000000000E+00  0.100000000000E+01  0.000000000000E+00
  0.000000000000E+00  0.000000000000E+00  0.100000000000E+01
  0.000000000000E+00  0.000000000000E+00  0.000000000000E+00
   54
   20      0.031742340727     -0.020611892743     -0.050470904778
   20      2.329810368847      2.340013139975     -0.066069019227
   20     -2.333301933497     -2.349697586024     -0.063514034581
   20      2.350314610848     -0.034602755600      2.350269635998
   20      4.658142613487      2.329990542649      2.353253299930
   20      0.051587567208     -2.347376103701      2.364848524396
   20     -2.342396157168     -0.038888127221     -2.380248456800
   12      0.088053245824      2.397744504743     -2.307248937442
   12     -4.718554969284     -2.339509607709     -2.274679883276
   20     -0.004526562704      2.376519725105      2.357282573770
   20      2.298136332918      4.675008458610      2.368812641846
   20     -2.363876165685      0.018386440163      2.356847675464
   12      2.281553449431      2.393647114562      4.723686461641
   20      4.604322708129      4.646314526457      4.689181185004
   20      0.041182332143      0.011738726548      4.676548263694
   20     -2.371653208235      2.349266069146     -0.027117032306
   20      0.002225958113      4.669210479830     -0.065571868772
   12     -4.641384472872      0.071438592758     -0.083383049976
   12      0.109501654486     -2.405963470044     -2.321918056103
   12      2.285739132411     -0.005933619968     -2.254903836080
   12     -2.360959452869     -4.547836240115     -2.337203436550
   12      2.337970980426     -2.501263887002     -0.012639126216
   20      4.623687894395     -0.015120066638     -0.011445701866
   20      0.046844187809     -4.634941726852     -0.032943723342
   12     -2.422225068073     -2.382247905926     -4.625753545409
   20      0.024645829194     -0.006801082374     -4.628032192489
   20     -4.644745521013     -4.627871875750     -4.633270396961
    8      0.086123475680     -0.020208472517     -2.341730223262
    8      2.331727145659      2.357966667569     -2.328906865312
    8     -2.338398696839     -2.476157708785     -2.430913888898
    8      2.324238335040     -0.055704054591     -0.069175583829
    8      4.654821582346      2.341330875403     -0.058220796813
    8      0.095271053150     -2.329809627188     -0.051596642400
    8      4.657824893052     -0.051851338005      2.352076862926
    8      7.023990792967      2.348734223875      2.385568188414
    8      2.414956629211     -2.333326910214      2.409510324722
    8      0.002183744676      2.340021249397     -0.055431477546
    8      2.329393176047      4.717810868182     -0.083253520345
    8     -2.376820971263     -0.017652642804     -0.045970287324
    8      2.330410642957      2.340191174223      2.364555286356
    8      4.643084317819      4.664221511821      2.357224096470
    8      0.015988616048     -0.003344930047      2.349448990477
    8      4.641164349352      2.320859851665      4.684492906403
    8      7.036497696540      4.610255021960      4.671795473757
    8      2.351149151803     -0.019314824355      4.688775365630
    8     -0.021877553123      4.657616140171      2.364717041333
    8      2.337709389469      6.995347182292      2.360396622806
    8     -2.337481460072      2.403165317726      2.377469096310
    8      2.226125245789      4.630303118606      4.752720012400
    8      4.599224742977      7.039833852619      4.688149245730
    8      0.047264455963      2.416219835236      4.664794015850
    8      4.597457136910      4.643365514687      7.009978075291
    8      7.061508096009      6.988253205020      6.963728478974
    8      2.341071788388      2.346175792884      6.952862366903
    0    0
