   3   1   1 E -1.6031031183753E+04 DE 1.9E-09(  2)
  0.879950633587E-02  0.702127822567E+01  0.703178305734E+01
  0.703900451622E+01 -0.368639421719E-02  0.703486345669E+01
  0.704029978887E+01  0.702120768609E+01  0.291703911323E-03
    1
  0.100000000000E+01  0.000000000000E+00  0.000000000000E+00
  0.000000000000E+00  0.100000000000E+01  0.000000000000E+00
  0.000000000000E+00  0.000000000000E+00  0.100000000000E+01
  0.000000000000E+00  0.000000000000E+00  0.000000000000E+00
   54
   20      0.000000000000      0.000000000000      0.000000000000
   20      2.346766596290      2.340402562030      0.000097234637
   20     -2.346766596290     -2.340402562030     -0.000097234637
   20      2.346334838739     -0.001228798072      2.344954485565
   20      4.693101435029      2.339173763958      2.345051720202
   20     -0.000431757551     -2.341631360103      2.344857250928
   20     -2.346334838739      0.001228798072     -2.344954485565
   20      0.000431757551      2.341631360103     -2.344857250928
   12     -4.693101435029     -2.339173763958     -2.345051720202
   20      0.002933168779      2.340426075222      2.343927685779
   20      2.349699765069      4.680828637252      2.344024920416
   20     -2.343833427512      0.000023513192      2.343830451142
   20      2.349268007518      2.339197277150      4.688882171344
   12      4.696034603808      4.679599839180      4.688979405981
   20      0.002501411228     -0.001205284881      4.688784936707
   20     -2.343401669960      2.341654873294     -0.001026799786
   12      0.003364926330      4.682057435325     -0.000929565149
   20     -4.690168266251      0.001252311264     -0.001124034423
   12     -0.002933168779     -2.340426075222     -2.343927685779
   20      2.343833427512     -0.000023513192     -2.343830451142
   12     -2.349699765069     -4.680828637252     -2.344024920416
   12      2.343401669960     -2.341654873294      0.001026799786
   20      4.690168266251     -0.001252311264      0.001124034423
   12     -0.003364926330     -4.682057435325      0.000929565149
   12     -2.349268007518     -2.339197277150     -4.688882171344
   20     -0.002501411228      0.001205284881     -4.688784936707
   12     -4.696034603808     -4.679599839180     -4.688979405981
    8     -0.001250705614      0.000602642440     -2.344392468353
    8      2.345515890676      2.341005204470     -2.344295233716
    8     -2.348017301904     -2.339799919590     -2.344489702990
    8      2.345084133125     -0.000626155632      0.000562017211
    8      4.691850729416      2.339776406399      0.000659251849
    8     -0.001682463165     -2.341028717662      0.000464782574
    8      4.691418971864     -0.001854953705      2.345516502776
    8      7.038185568156      2.338547608327      2.345613737413
    8      2.344652375574     -2.342257515735      2.345419268139
    8      0.001682463165      2.341028717662     -0.000464782574
    8      2.348449059455      4.681431279692     -0.000367547937
    8     -2.345084133125      0.000626155632     -0.000562017211
    8      2.348017301904      2.339799919590      2.344489702990
    8      4.694783898195      4.680202481621      2.344586937628
    8      0.001250705614     -0.000602642440      2.344392468353
    8      4.694352140642      2.338571121517      4.689444188554
    8      7.041118736934      4.678973683549      4.689541423192
    8      2.347585544352     -0.001831440513      4.689346953917
    8      0.004615631943      4.681454792886      2.343462903207
    8      2.351382228234      7.021857354916      2.343560137845
    8     -2.342150964347      2.341052230856      2.343365668570
    8      2.350950470683      4.680225994813      4.688417388771
    8      4.697717066974      7.020628556844      4.688514623408
    8      0.004183874392      2.339823432783      4.688320154133
    8      4.697285309421      4.678997196740      7.033371874334
    8      7.044051905713      7.019399758771      7.033469108971
    8      2.350518713131      2.338594634709      7.033274639696
    0    0
