   3   1   1 E -1.6031086664209E+04 DE-5.6E-09(  9)
 -0.451978488707E-02  0.698684646302E+01  0.698684646302E+01
  0.704025180552E+01 -0.685336519198E-02  0.698913273529E+01
  0.704025180552E+01  0.698913273529E+01 -0.685336519198E-02
    2
  0.100000000000E+01  0.000000000000E+00  0.000000000000E+00
  0.000000000000E+00  0.100000000000E+01  0.000000000000E+00
  0.000000000000E+00  0.000000000000E+00  0.100000000000E+01
  0.000000000000E+00  0.000000000000E+00  0.000000000000E+00
  0.100000000000E+01  0.000000000000E+00  0.000000000000E+00
  0.000000000000E+00  0.000000000000E+00  0.100000000000E+01
  0.000000000000E+00  0.100000000000E+01  0.000000000000E+00
  0.000000000000E+00  0.000000000000E+00  0.000000000000E+00
   54
   20      0.022209881963     -0.026461781452     -0.026461781452
   20      2.346749010874      2.337078073343     -0.052728165616
   20     -2.346871360943     -2.350094157086     -0.057688829949
   20      2.346749010874     -0.052728165616      2.337078073343
   20      4.694529173220      2.330575327239      2.330575327239
   20      0.026237169975     -2.311192341212      2.375122052231
   20     -2.346871360943     -0.057688829949     -2.350094157086
   20      0.026237169975      2.375122052231     -2.311192341212
   12     -4.599634948350     -2.327481871051     -2.327481871051
   20     -0.062529891261      2.375430062824      2.375430062824
   20      2.325763790072      4.672334652451      2.372081557130
   20     -2.355014672940      0.009982995693      2.408255736479
   20      2.325763790072      2.372081557130      4.672334652451
   12      4.765432422802      4.681691969712      4.681691969712
   12      0.065385458265     -0.057862644468      4.713697115346
   20     -2.355014672940      2.408255736479      0.009982995693
   12      0.065385458265      4.713697115346     -0.057862644468
   20     -4.754751183765     -0.029640399883     -0.029640399883
   12      0.017584412998     -2.321548969793     -2.321548969793
   12      2.324647458740     -0.105338521225     -2.303407773204
   12     -2.427406033855     -4.579023453026     -2.385042254719
   12      2.324647458740     -2.303407773204     -0.105338521225
   20      4.686165808047     -0.063062806619     -0.063062806619
   20     -0.005815834313     -4.651168106281     -0.064827010176
   12     -2.427406033855     -2.385042254719     -4.579023453026
   20     -0.005815834313     -0.064827010176     -4.651168106281
   20     -4.674178182574     -4.621919613245     -4.621919613245
    8      0.044051812423     -0.070124334710     -2.328675242626
    8      2.418122167383      2.342971485091     -2.329381468923
    8     -2.374380795396     -2.415259080049     -2.415259080049
    8      2.325798809197     -0.090394493388     -0.090394493388
    8      4.687566211852      2.323195531035     -0.093782625946
    8      0.044051812423     -2.328675242626     -0.070124334710
    8      4.687566211852     -0.093782625946      2.323195531035
    8      7.033475358449      2.330783763921      2.330783763921
    8      2.418122167383     -2.329381468923      2.342971485091
    8     -0.000696527054      2.413392783267     -0.001713854959
    8      2.316148240934      4.662097085815     -0.097334200127
    8     -2.350941017868     -0.006142663421     -0.006142663421
    8      2.340390233836      2.342453677530      2.342453677530
    8      4.689865595734      4.656679857802      2.404093565677
    8     -0.000696527054     -0.001713854959      2.413392783267
    8      4.689865595734      2.404093565677      4.656679857802
    8      7.068183139880      4.747426213319      4.747426213319
    8      2.316148240934     -0.097334200127      4.662097085815
    8     -0.036448403465      4.655005172914      2.381133907581
    8      2.343644102282      6.987003022082      2.408765075334
    8     -2.366404863608      2.426426764123      2.426426764123
    8      2.348152101472      4.756530714135      4.756530714135
    8      4.686899451743      6.965791166878      4.645015322677
    8     -0.036448403465      2.381133907581      4.655005172914
    8      4.686899451743      4.645015322677      6.965791166878
    8      7.017171483264      6.877348260552      6.877348260552
    8      2.343644102282      2.408765075334      6.987003022082
    0    0
