   3   1   1 E -1.6031097747416E+04 DE 2.8E-09(  9)
 -0.692154705804E-02  0.699097924890E+01  0.701271488445E+01
  0.702243177452E+01 -0.658593029668E-02  0.700441331374E+01
  0.702941812782E+01  0.698364994048E+01 -0.720078330401E-02
    1
  0.100000000000E+01  0.000000000000E+00  0.000000000000E+00
  0.000000000000E+00  0.100000000000E+01  0.000000000000E+00
  0.000000000000E+00  0.000000000000E+00  0.100000000000E+01
  0.000000000000E+00  0.000000000000E+00  0.000000000000E+00
   54
   20     -0.044163320285      0.012564861297     -0.005750916336
   20      2.352084506062      2.350339587992     -0.018840181216
   20     -2.350752749223     -2.289133879992     -0.015302196987
   20      2.357584620390     -0.032204524136      2.332390441678
   20      4.703949819091      2.303769934597      2.347362342274
   20     -0.014416830007     -2.326723613402      2.359066906385
   20     -2.352633436176     -0.028597868367     -2.361895522569
   20     -0.019250805618      2.348474937960     -2.366972345292
   12     -4.705724539816     -2.294367140150     -2.301444118312
   20     -0.061058308682      2.373247058238      2.361818553558
   20      2.332635546726      4.717527998533      2.340559113619
   12     -2.360470453683     -0.054870040699      2.350072129795
   20      2.349103904706      2.337307502100      4.696256645447
   12      4.660083917881      4.676040312821      4.695117966148
   20     -0.021379507289     -0.037404493711      4.707774133478
   12     -2.366491426323      2.286235370734      0.071533785243
   20     -0.060497444723      4.702350994196     -0.001716888859
   12     -4.540700460692      0.017117505322      0.067595106895
   12     -0.033360631299     -2.281448484334     -2.400969806692
   20      2.375705485184     -0.039468270553     -2.349208935840
   20     -2.339633607794     -4.643042359630     -2.373353310414
   20      2.403262103902     -2.350544224753     -0.009253609984
   12      4.640504131368     -0.032774854270      0.101127571072
   20      0.000140075619     -4.708410438204     -0.018515152096
   12     -2.322594366706     -2.288146243335     -4.659464585828
   12     -0.044962839631     -0.051032379343     -4.665343648393
   20     -4.634277056909     -4.678369621416     -4.681944233686
    8      0.000274463059     -0.106020532242     -2.416761505711
    8      2.347860002496      2.419399236651     -2.328345235584
    8     -2.289830264446     -2.328222201584     -2.385205258251
    8      2.414616612318      0.009524663627     -0.025581380781
    8      4.679350513662      2.240953120650     -0.006637975556
    8      0.016935520184     -2.330899365233     -0.024293811122
    8      4.752978913634     -0.107063400057      2.232486179882
    8      7.019010121477      2.219502282871      2.331799450568
    8      2.401720379091     -2.325309073857      2.318425150928
    8     -0.084226298485      2.335378885245      0.006223326222
    8      2.342323093363      4.771727807851     -0.100176154491
    8     -2.434356269955      0.086929118348      0.051771127248
    8      2.341075676209      2.326650709605      2.337733368581
    8      4.671892647824      4.726282480105      2.349671392324
    8     -0.107281646868      0.007602592390      2.326282730636
    8      4.679593666218      2.436130089772      4.732474968759
    8      7.020693132029      4.646742512186      4.675652141930
    8      2.338877377199     -0.136894493648      4.738197682518
    8     -0.080285843698      4.779144593804      2.417795123093
    8      2.459684728464      6.992295726785      2.301069512528
    8     -2.339216448296      2.369028986588      2.234909636128
    8      2.346686697927      4.643931965024      4.658249750645
    8      4.686138739342      6.867459819043      4.627427377965
    8     -0.006062106705      2.414337761030      4.671447024999
    8      4.670218454951      4.698460204812      7.014288260085
    8      7.003751400087      6.987345453127      7.104671485101
    8      2.447068011613      2.223338095478      7.000399755254
    0    0
