   3   1   1 E -1.6031087113322E+04 DE-1.1E-09( 10)
  0.505646862636E-02  0.699590541820E+01  0.702426997355E+01
  0.701274503628E+01  0.876167476064E-03  0.702032784672E+01
  0.700526700306E+01  0.698026164978E+01  0.133487725624E-01
    1
  0.100000000000E+01  0.000000000000E+00  0.000000000000E+00
  0.000000000000E+00  0.100000000000E+01  0.000000000000E+00
  0.000000000000E+00  0.000000000000E+00  0.100000000000E+01
  0.000000000000E+00  0.000000000000E+00  0.000000000000E+00
   54
   20      0.002003175690     -0.021961347899     -0.069547243074
   20      2.311512584615      2.358775229035     -0.038534158293
   20     -2.336004454297     -2.287827548174     -0.007381022371
   20      2.304205626954     -0.053961245427      2.371581262424
   20      4.718316194671      2.341574791030      2.401409516403
   20      0.013261148429     -2.317492786876      2.401582748632
   20     -2.327217718119     -0.037538114986     -2.342713841643
   12      0.009655844049      2.403117457605     -2.379119268928
   12     -4.738302686724     -2.330013924770     -2.270066445812
   20     -0.029485980492      2.323388466485      2.386005526461
   20      2.348214839048      4.740770009060      2.346107832776
   12     -2.320366828772     -0.013263827366      2.387665150059
   20      2.305186523414      2.340474067253      4.758248122514
   12      4.724899365064      4.714518164730      4.666505527843
   12     -0.114652780400     -0.068522965511      4.654564248291
   20     -2.354386580674      2.333304180611     -0.049491916860
   20      0.009769290450      4.709987052523     -0.044240114381
   12     -4.730432244386     -0.068856681147      0.020400817052
   12      0.005253151622     -2.264895020814     -2.373545836244
   20      2.330605196764     -0.038786125644     -2.330558259414
   20     -2.321637235961     -4.682296281449     -2.377830806557
   12      2.315744541136     -2.298298874289     -0.096542847477
   20      4.723432307260     -0.045360897669      0.014361849075
   20      0.059802352698     -4.683764830350     -0.032868393492
   20     -2.347830516680     -2.322749022909     -4.665085465111
   12      0.128574975731     -0.015090543988     -4.610497368123
   20     -4.691214491185     -4.690344440915     -4.681234268538
    8      0.020503999374     -0.047337773706     -2.464778009675
    8      2.248562225901      2.393967923933     -2.366064268306
    8     -2.320126066420     -2.335182035648     -2.347685652167
    8      2.334228073013     -0.071429844219     -0.002593242228
    8      4.685634047922      2.320653503518     -0.001114292275
    8      0.070762664730     -2.319941871042     -0.056396392966
    8      4.728971023318     -0.016699908983      2.379595686906
    8      7.022070964077      2.232433245817      2.451901462888
    8      2.326454571185     -2.330801661320      2.355862137523
    8     -0.004437900757      2.347700731972     -0.080435649544
    8      2.328374330972      4.756101997882     -0.061736569482
    8     -2.398169167869     -0.009696832407     -0.030324085115
    8      2.332275697864      2.338445359147      2.389198878091
    8      4.700936735568      4.779620678632      2.422009718053
    8     -0.076808370416     -0.012418534853      2.395303742474
    8      4.764105006694      2.420828354017      4.685772294443
    8      7.030515567747      4.705941400639      4.686554343730
    8      2.207173621682     -0.154753204562      4.786794665633
    8      0.010248141799      4.760531869276      2.429014435672
    8      2.286467297367      6.979594990443      2.300104028948
    8     -2.333742002340      2.255382198961      2.333230704020
    8      2.328948843863      4.681203007443      4.726317565674
    8      4.779109139065      6.863499253351      4.632745429963
    8      0.005010407785      2.329065627066      4.687987847148
    8      4.577566366932      4.683924486564      6.947331752070
    8      7.116880399170      6.979463180678      7.014962350792
    8      2.333387067749      2.341713478800      7.008025440266
    0    0
