   3   1   1 E -1.6031083962592E+04 DE-2.0E-09( 11)
  0.292354537709E-01  0.698362315711E+01  0.699380663454E+01
  0.701057715337E+01 -0.104691092294E-01  0.702497894761E+01
  0.701077642262E+01  0.700979246178E+01 -0.491130236542E-02
    1
  0.100000000000E+01  0.000000000000E+00  0.000000000000E+00
  0.000000000000E+00  0.100000000000E+01  0.000000000000E+00
  0.000000000000E+00  0.000000000000E+00  0.100000000000E+01
  0.000000000000E+00  0.000000000000E+00  0.000000000000E+00
   54
   20     -0.000527202313     -0.034748035001     -0.040330573984
   20      2.388921127868      2.304350160059     -0.024340771871
   20     -2.275765297100     -2.379403201879     -0.054339632499
   20      2.339472513921     -0.034668374306      2.324639794592
   20      4.718598606358      2.285275958404      2.291787256982
   20      0.044663187055     -2.359752755454      2.321809784745
   20     -2.314168564456     -0.013182976320     -2.311589237070
   20     -0.008748568657      2.313045438564     -2.350647434032
   20     -4.659645526626     -2.321199940821     -2.313528029438
   20     -0.030420397341      2.334487535458      2.382707805647
   20      2.283857655866      4.716995427795      2.300036560303
   20     -2.327695350940      0.036366468565      2.316247310981
   20      2.269542073987      2.316529172333      4.771269190835
   20      4.693886191246      4.702205470959      4.775413293407
   12     -0.127311721682     -0.046160255009      4.739457699916
   12     -2.382446552752      2.273658877499     -0.023514822991
   20     -0.017667980096      4.765900601722      0.002323699704
   12     -4.686577760653      0.045507860968      0.044757108597
   12     -0.036270299401     -2.257572800846     -2.315465951652
   20      2.345388343384     -0.010500209438     -2.299001044717
   12     -2.295960645764     -4.693432579369     -2.232667180331
   12      2.306725778455     -2.311227839455     -0.028823045084
   12      4.686455288502      0.123257080205     -0.056059255615
   12     -0.087579522804     -4.711670321025     -0.055881033064
   20     -2.322399237917     -2.320898832725     -4.704889858233
   12      0.107962390167     -0.005531594550     -4.702582880122
   20     -4.682791751169     -4.689880231517     -4.751863848650
    8     -0.009115192042     -0.074258593166     -2.410502386214
    8      2.388715141534      2.322916230639     -2.339821986865
    8     -2.236950285653     -2.432377950731     -2.352531740464
    8      2.428120299921     -0.086641277803      0.002056714111
    8      4.777380895303      2.207488392716     -0.098521223674
    8      0.125286837057     -2.413424045742     -0.110040956961
    8      4.739627374919      0.011763108092      2.278487112736
    8      6.995131024250      2.233869804347      2.250536085305
    8      2.345477396862     -2.340483904575      2.292943920267
    8     -0.046662227790      2.339833721616     -0.010236088861
    8      2.349818666987      4.746773032223     -0.017811362200
    8     -2.395826505156      0.065777887495     -0.022812733944
    8      2.335038009621      2.320616399673      2.355479154432
    8      4.702424441243      4.669158742207      2.317126031127
    8     -0.009978387895     -0.002351972029      2.360746499478
    8      4.660587531487      2.317224003453      4.733866955198
    8      7.013875035505      4.737790656272      4.714795460578
    8      2.262363301829     -0.008513008146      4.779774938062
    8      0.007829298616      4.774886602432      2.409040294714
    8      2.268296939353      7.008137699755      2.227041656654
    8     -2.307578462970      2.319960783442      2.301209498522
    8      2.260912256059      4.666261764375      4.770586346046
    8      4.825294928590      7.145954947990      4.768083228741
    8     -0.161075121162      2.276591722591      4.836416298106
    8      4.585147607246      4.680641524738      7.014543445116
    8      7.037529403751      7.119083495278      7.006973292069
    8      2.356483649350      2.288829421543      7.000080900571
    0    0
