   3   1   1 E -1.6031100198134E+04 DE-4.8E-10( 11)
  0.113894181129E-01  0.699357135805E+01  0.701951067852E+01
  0.701363446721E+01 -0.344607146363E-02  0.702525819069E+01
  0.702011635732E+01  0.700090294110E+01 -0.455675250168E-02
    1
  0.100000000000E+01  0.000000000000E+00  0.000000000000E+00
  0.000000000000E+00  0.100000000000E+01  0.000000000000E+00
  0.000000000000E+00  0.000000000000E+00  0.100000000000E+01
  0.000000000000E+00  0.000000000000E+00  0.000000000000E+00
   54
   20      0.023855895234     -0.005070007028     -0.004987466018
   20      2.375120641446      2.296291820181     -0.040840988520
   20     -2.330402787224     -2.357052851897     -0.019102327875
   20      2.344991157125     -0.020358837325      2.309082909669
   20      4.714841151766      2.299925091250      2.284349328088
   20      0.018349867683     -2.348068923955      2.330062674367
   20     -2.345190095679      0.021024248519     -2.336628400273
   20      0.011979186821      2.302281052436     -2.370551553671
   20     -4.683932472033     -2.320281022610     -2.330782754044
   20     -0.043789192757      2.329448544727      2.370970359059
   20      2.316283135300      4.727680325299      2.321004640390
   20     -2.366351268689      0.039111815071      2.370977481489
   20      2.317594504068      2.329192473294      4.756031624997
   20      4.669863426553      4.717050306361      4.753613652930
   12      0.029717942241      0.046110802830      4.763789199617
   12     -2.382261160457      2.300711803231     -0.027410252532
   20     -0.026345087986      4.741473461465     -0.005229430628
   12     -4.697289804636      0.038159419768     -0.012145283275
   20      0.020346414012     -2.338462581129     -2.326605358228
   12      2.335023112238     -0.008034070684     -2.293376430495
   12     -2.335240193975     -4.767523980942     -2.233377230594
   12      2.401439311361     -2.302686980279     -0.034361762696
   12      4.673319762643      0.049219672166     -0.048136337548
   12     -0.043506424093     -4.770697271363     -0.021985839829
   20     -2.345590153928     -2.335316639820     -4.728573732249
   12      0.018256415560      0.016259352463     -4.745486969662
   20     -4.679376320121     -4.705273972613     -4.716121066883
    8      0.063413306223      0.001332571156     -2.371675403943
    8      2.409617813004      2.235826707503     -2.335369079072
    8     -2.336433817948     -2.396329268327     -2.336813633512
    8      2.444838150103     -0.079957377638     -0.054781268858
    8      4.751878896957      2.240753800640     -0.084667835730
    8      0.081593587895     -2.413134879675      0.013786240054
    8      4.755371781606      0.006653510972      2.261034118162
    8      7.010343490698      2.233565709644      2.251734798152
    8      2.341763807348     -2.338457061119      2.308449947486
    8     -0.066909181695      2.336022247063     -0.013690111219
    8      2.333836226266      4.736935178669     -0.024190271447
    8     -2.423878802521      0.075799162095     -0.002743106567
    8      2.328497712693      2.334915056503      2.315701789326
    8      4.680733855335      4.675517156540      2.332814065740
    8      0.007775643559      0.004146223796      2.386790942063
    8      4.672964492039      2.339908065304      4.730656684299
    8      7.012750213047      4.739751497489      4.695395275037
    8      2.250979538093      0.011266627852      4.755849595492
    8      0.005531772446      4.760219025969      2.324421436785
    8      2.255308496084      6.992172060520      2.341184838856
    8     -2.333392859547      2.332252330453      2.325826616308
    8      2.351251564260      4.769395265745      4.784548772093
    8      4.669570594873      7.096986842671      4.775716140142
    8     -0.079884150653      2.217063740493      4.789779449506
    8      4.570544859868      4.678069347210      7.020100377547
    8      7.062166704689      7.094764360507      7.008274254241
    8      2.391190434696      2.299076073138      7.018641208658
    0    0
