   3   1   1 E -1.6031031652873E+04 DE 2.5E-10(  2)
  0.956492658992E-02  0.702605782242E+01  0.702723055268E+01
  0.703730303262E+01 -0.335791643046E-02  0.703087397748E+01
  0.703896510632E+01  0.702666677091E+01  0.238530267991E-03
    1
  0.100000000000E+01  0.000000000000E+00  0.000000000000E+00
  0.000000000000E+00  0.100000000000E+01  0.000000000000E+00
  0.000000000000E+00  0.000000000000E+00  0.100000000000E+01
  0.000000000000E+00  0.000000000000E+00  0.000000000000E+00
   54
   20      0.000000000000      0.000000000000      0.000000000000
   20      2.346321702108      2.342222256972      0.000079510089
   20     -2.346321702108     -2.342222256972     -0.000079510089
   20      2.345767677540     -0.001119305477      2.343624659160
   20      4.692089379649      2.341102951495      2.343704169249
   20     -0.000554024568     -2.343341562448      2.343545149071
   20     -2.345767677540      0.001119305477     -2.343624659160
   20      0.000554024568      2.343341562448     -2.343545149071
   20     -4.692089379649     -2.341102951495     -2.343704169249
   20      0.003188308863      2.342019274139      2.342410184225
   20      2.349510010972      4.684241531111      2.342489694315
   20     -2.343133393245     -0.000202982833      2.342330674136
   20      2.348955986404      2.340899968662      4.686034843385
   20      4.695277688512      4.683122225634      4.686114353475
   12      0.002634284295     -0.001322288309      4.685955333296
   12     -2.342579368677      2.343138579616     -0.001214474935
   20      0.003742333431      4.685360836587     -0.001134964846
   12     -4.688901070785      0.000916322644     -0.001293985024
   20     -0.003188308863     -2.342019274139     -2.342410184225
   12      2.343133393245      0.000202982833     -2.342330674136
   12     -2.349510010972     -4.684241531111     -2.342489694315
   12      2.342579368677     -2.343138579616      0.001214474935
   12      4.688901070785     -0.000916322644      0.001293985024
   12     -0.003742333431     -4.685360836587      0.001134964846
   20     -2.348955986404     -2.340899968662     -4.686034843385
   12     -0.002634284295      0.001322288309     -4.685955333296
   20     -4.695277688512     -4.683122225634     -4.686114353475
    8     -0.001317142148      0.000661144155     -2.342977666648
    8      2.345004559959      2.342883401124     -2.342898156559
    8     -2.347638844256     -2.341561112817     -2.343057176737
    8      2.344450535393     -0.000458161322      0.000646992512
    8      4.690772237499      2.341764095647      0.000726502601
    8     -0.001871166716     -2.342680418294      0.000567482423
    8      4.690218212933     -0.001577466799      2.344271651672
    8      7.036539915038      2.340644790171      2.344351161762
    8      2.343896510824     -2.343799723771      2.344192141582
    8      0.001871166716      2.342680418294     -0.000567482423
    8      2.348192868822      4.684902675263     -0.000487972333
    8     -2.344450535393      0.000458161322     -0.000646992512
    8      2.347638844256      2.341561112817      2.343057176737
    8      4.693960546361      4.683783369786      2.343136686827
    8      0.001317142148     -0.000661144155      2.342977666648
    8      4.693406521796      2.340441807340      4.686681835897
    8      7.039728223902      4.682664064310      4.686761345987
    8      2.347084819688     -0.001780449631      4.686602325808
    8      0.005059475579      4.684699692435      2.341842701804
    8      2.351381177685      7.026921949403      2.341922211894
    8     -2.341262226529      2.342477435463      2.341763191715
    8      2.350827153119      4.683580386958      4.685467360964
    8      4.697148855225      7.025802643927      4.685546871054
    8      0.004505451011      2.341358129986      4.685387850875
    8      4.696594830659      4.682461081481      7.029092020125
    8      7.042916532765      7.024683338450      7.029171530214
    8      2.350273128552      2.340238824510      7.029012510035
    0    0
