   3   1   1 E -1.6031034779711E+04 DE 4.8E-10(  2)
  0.490187521369E-02  0.702748610082E+01  0.702737545319E+01
  0.702946746042E+01 -0.373575306483E-02  0.702903476982E+01
  0.703463111341E+01  0.702774027760E+01 -0.212978628510E-02
    1
  0.100000000000E+01  0.000000000000E+00  0.000000000000E+00
  0.000000000000E+00  0.100000000000E+01  0.000000000000E+00
  0.000000000000E+00  0.000000000000E+00  0.100000000000E+01
  0.000000000000E+00  0.000000000000E+00  0.000000000000E+00
   54
   20      0.000000000000      0.000000000000      0.000000000000
   20      2.344877037802      2.342580092533     -0.000709928762
   20     -2.344877037802     -2.342580092533      0.000709928762
   20      2.343155820140     -0.001245251022      2.343011589940
   20      4.688032857942      2.341334841511      2.342301661178
   20     -0.001721217663     -2.343825343554      2.343721518702
   20     -2.343155820140      0.001245251022     -2.343011589940
   20      0.001721217663      2.343825343554     -2.343721518702
   12     -4.688032857942     -2.341334841511     -2.342301661178
   20      0.001633958405      2.342495366940      2.342458484396
   20      2.346510996207      4.685075459473      2.341748555635
   12     -2.343243079398     -0.000084725592      2.343168413158
   20      2.344789778544      2.341250115919      4.685470074336
   20      4.689666816347      4.683830208452      4.684760145574
   20     -0.000087259258     -0.001329976614      4.686180003098
   12     -2.341521861735      2.343740617962     -0.000553105544
   12      0.003355176067      4.686320710495     -0.001263034305
   20     -4.686398899538      0.001160525429      0.000156823218
   12     -0.001633958405     -2.342495366940     -2.342458484396
   12      2.343243079398      0.000084725592     -2.343168413158
   12     -2.346510996207     -4.685075459473     -2.341748555635
   12      2.341521861735     -2.343740617962      0.000553105544
   12      4.686398899538     -0.001160525429     -0.000156823218
   20     -0.003355176067     -4.686320710495      0.001263034305
   20     -2.344789778544     -2.341250115919     -4.685470074336
   20      0.000087259258      0.001329976614     -4.686180003098
   20     -4.689666816347     -4.683830208452     -4.684760145574
    8      0.000043629629      0.000664988307     -2.343090001549
    8      2.344920667432      2.343245080841     -2.343799930311
    8     -2.344833408173     -2.341915104226     -2.342380072787
    8      2.343199449769     -0.000580262715     -0.000078411609
    8      4.688076487572      2.341999829819     -0.000788340371
    8     -0.001677588034     -2.343160355247      0.000631517153
    8      4.686355269909     -0.001825513736      2.342933178331
    8      7.031232307713      2.340754578798      2.342223249569
    8      2.341478232106     -2.344405606269      2.343643107092
    8      0.001677588034      2.343160355247     -0.000631517153
    8      2.346554625837      4.685740447781     -0.001341445914
    8     -2.343199449769      0.000580262715      0.000078411609
    8      2.344833408173      2.341915104226      2.342380072787
    8      4.689710445977      4.684495196759      2.341670144026
    8     -0.000043629629     -0.000664988307      2.343090001549
    8      4.687989228314      2.340669853204      4.685391662728
    8      7.032866266117      4.683249945738      4.684681733966
    8      2.343112190511     -0.001910239328      4.686101591489
    8      0.003311546438      4.685655722188      2.341826967244
    8      2.348188584241      7.028235814721      2.341117038481
    8     -2.341565491364      2.343075629655      2.342536896005
    8      2.346467366578      4.684410471166      4.684838557184
    8      4.691344404381      7.026990563699      4.684128628421
    8      0.001590328776      2.341830378634      4.685548485945
    8      4.689623186719      4.683165220145      7.027850147124
    8      7.034500224522      7.025745312678      7.027140218362
    8      2.344746148916      2.340585127612      7.028560075886
    0    0
