   3   1   1 E -1.6031096752171E+04 DE 3.3E-09(  9)
 -0.784642953480E-02  0.697493528155E+01  0.703012631795E+01
  0.699826926356E+01 -0.232568953106E-01  0.703861616441E+01
  0.699339532670E+01  0.697195418182E+01 -0.117190664014E-01
    1
  0.100000000000E+01  0.000000000000E+00  0.000000000000E+00
  0.000000000000E+00  0.100000000000E+01  0.000000000000E+00
  0.000000000000E+00  0.000000000000E+00  0.100000000000E+01
  0.000000000000E+00  0.000000000000E+00  0.000000000000E+00
   54
   20      0.019331153427     -0.009778904793     -0.042807940883
   20      2.342700169547      2.320989787115     -0.084483031137
   20     -2.331934257685     -2.326941616196     -0.019400392657
   20      2.354245388607     -0.057653673151      2.322681367747
   20      4.669685076273      2.301037788267      2.325053733422
   20      0.022614309181     -2.308509809710      2.353527208990
   20     -2.323186321998     -0.032866740421     -2.325105174799
   20      0.035706530019      2.353767548767     -2.323152825814
   12     -4.691413041636     -2.310360316632     -2.291570005928
   20     -0.063433861326      2.334916376725      2.326491151729
   20      2.311904706717      4.687682403385      2.360463621604
   12     -2.469725109390      0.009485201345      2.364648814350
   20      2.320422624442      2.369669993169      4.732007544252
   20      4.648215987387      4.700032641232      4.765253788626
   20     -0.070815254234     -0.003420129678      4.712171120567
   12     -2.328038170690      2.358860960269     -0.025141009024
   12     -0.041898292329      4.632454446873     -0.043592268746
   20     -4.650987638631      0.004563109495     -0.007766237395
   12      0.079550017294     -2.329703967930     -2.294637494031
   12      2.349489031113     -0.069199036957     -2.356220703951
   12     -2.371282169389     -4.652111139413     -2.310294099594
   12      2.377565729618     -2.339538435279     -0.068112422785
   12      4.639143820089     -0.019975646911     -0.010400848711
   20      0.002916903557     -4.639464199187     -0.029568866254
   20     -2.325311848208     -2.371987358422     -4.722733569850
   20      0.012008745986     -0.044614053093     -4.690083020068
   20     -4.594511578957     -4.632957950051     -4.669812815767
    8      0.083004636132     -0.091036716643     -2.341999980142
    8      2.444433469671      2.370260310454     -2.354303447559
    8     -2.355378580956     -2.425822624640     -2.340057240346
    8      2.431950362846     -0.108914416417     -0.116763129171
    8      4.664723340144      2.251116882522     -0.079918424660
    8      0.050385822243     -2.320916052483     -0.038567614704
    8      4.664228215904     -0.037143087224      2.299576230857
    8      7.012443942873      2.308809375172      2.342151975693
    8      2.347397667800     -2.344978303010      2.322864504461
    8     -0.079260775301      2.418346109961     -0.021674267394
    8      2.283232554017      4.663167760715     -0.029538821986
    8     -2.325711566360      0.078176831279      0.055033290892
    8      2.325247335635      2.326199591723      2.335904107090
    8      4.666751417017      4.717943235415      2.358931890735
    8     -0.062956325871     -0.004197026426      2.356157276133
    8      4.667988997736      2.326498638484      4.743363651825
    8      7.095752245007      4.654804149133      4.787173411754
    8      2.326887952863     -0.075167152949      4.697482990854
    8     -0.014202057369      4.643064267113      2.327402097467
    8      2.439443917056      6.985022027741      2.432752644019
    8     -2.337784553857      2.210056276365      2.302152972408
    8      2.234882065832      4.761742628527      4.808811213620
    8      4.525425718243      7.090967296551      4.708224437152
    8     -0.089669752405      2.425815512856      4.694554546968
    8      4.674469595430      4.629063955016      7.019907539260
    8      6.902900713392      6.868689587734      7.012483808856
    8      2.427632716749      2.410400220480      7.027084083854
    0    0
