   3   1   1 E -1.6031089053548E+04 DE 8.7E-10( 11)
  0.308572069856E-02  0.696272076636E+01  0.698219145282E+01
  0.699672961816E+01 -0.193168974249E-01  0.699772509919E+01
  0.699470083125E+01  0.696989519788E+01 -0.108838231733E-01
    1
  0.100000000000E+01  0.000000000000E+00  0.000000000000E+00
  0.000000000000E+00  0.100000000000E+01  0.000000000000E+00
  0.000000000000E+00  0.000000000000E+00  0.100000000000E+01
  0.000000000000E+00  0.000000000000E+00  0.000000000000E+00
   54
   20     -0.003743463043     -0.029656585679     -0.057440111591
   20      2.371734023161      2.315575309390     -0.055309848107
   20     -2.334034478252     -2.311750774984     -0.010194926511
   20      2.343936112647     -0.005332283273      2.379983826459
   20      4.654642305049      2.330454728398      2.339132663451
   20     -0.007225356521     -2.320276485395      2.346754299445
   20     -2.382100885159     -0.013201286075     -2.317868339861
   20      0.012733625710      2.344107284825     -2.330849251709
   12     -4.667868604804     -2.277222193842     -2.264616367539
   20      0.006597583567      2.330150678100      2.360761944356
   20      2.370527169235      4.700961322855      2.369946227171
   12     -2.357437568759     -0.008971125503      2.295554456805
   12      2.293236865560      2.300998730214      4.672327994419
   12      4.593997313750      4.697254552180      4.642503143920
   20     -0.014867759541      0.008533406806      4.720284006677
   20     -2.392010808966      2.317144051793     -0.042300126054
   20      0.008890976311      4.718048851508     -0.032811809628
   12     -4.545754440627      0.033782540725     -0.094514714092
   12      0.066524607888     -2.339421942757     -2.269397596228
   12      2.395538262328     -0.066390475486     -2.273516965282
   20     -2.326772554826     -4.690466437029     -2.324417937048
   20      2.325771238264     -2.344861913467     -0.082394435455
   12      4.536074622518     -0.086277503899     -0.013776122379
   12      0.050498790926     -4.714748469008      0.002016326153
   20     -2.343422267034     -2.302901585148     -4.652013619681
   20      0.035832674904      0.015395769793     -4.662885361380
   20     -4.665131525489     -4.685425118683     -4.655992250232
    8      0.055334310937     -0.073332679291     -2.347335755217
    8      2.349682364089      2.312293987598     -2.345980279952
    8     -2.353741452972     -2.333545557855     -2.321327423139
    8      2.411570816223     -0.016105621545     -0.082406627823
    8      4.726836089597      2.241113024949     -0.007923703773
    8      0.000384796199     -2.387934114326     -0.072038131580
    8      4.662498877979     -0.009042875061      2.340607049798
    8      6.994831869386      2.311012668624      2.300850097558
    8      2.326661684161     -2.331676197087      2.363211281404
    8      0.001904734006      2.327996105536     -0.044951061203
    8      2.349893584166      4.740130133108     -0.068890647079
    8     -2.436935019064     -0.011649768770     -0.010268964982
    8      2.337526842499      2.333310110708      2.379244921882
    8      4.674014851997      4.753614604373      2.403959678749
    8     -0.039445736272     -0.006253014593      2.362224373179
    8      4.579012726594      2.374519350950      4.684719002085
    8      7.006906987092      4.667294120626      4.674860823391
    8      2.311854705170      0.006314285225      4.765034021895
    8      0.023328969287      4.669778684088      2.365619522596
    8      2.446522583764      6.966624334195      2.322157034151
    8     -2.340800091965      2.267232384159      2.325379566715
    8      2.343232882921      4.669691806234      4.638817427991
    8      4.543248244532      6.843459984004      4.677271631159
    8      0.085369330513      2.396906334145      4.752738976810
    8      4.644710730931      4.713878100632      6.924294420653
    8      7.012108133226      7.068609358355      7.002309238588
    8      2.232642491659      2.200103205361      6.889505699847
    0    0
