   3   1   1 E -1.6031067367606E+04 DE 3.6E-10( 11)
  0.346791975245E-02  0.696133796647E+01  0.696947154508E+01
  0.697614869001E+01 -0.387960659442E-04  0.696658465756E+01
  0.701934559457E+01  0.699448008499E+01 -0.360741338445E-01
    1
  0.100000000000E+01  0.000000000000E+00  0.000000000000E+00
  0.000000000000E+00  0.100000000000E+01  0.000000000000E+00
  0.000000000000E+00  0.000000000000E+00  0.100000000000E+01
  0.000000000000E+00  0.000000000000E+00  0.000000000000E+00
   54
   20      0.006255299259     -0.001207858476     -0.031682263783
   20      2.315656364154      2.355035633388     -0.072229005612
   20     -2.361552375379     -2.308309543892     -0.014013523149
   20      2.330934009813     -0.029417050346      2.315074853388
   20      4.658005452013      2.349175833451      2.302290121158
   20      0.014961595925     -2.344346888256      2.331657297180
   20     -2.336427360972     -0.005993103891     -2.307390296270
   20      0.024432185365      2.352658581505     -2.333697604009
   12     -4.673094783730     -2.347861537375     -2.286936207643
   20     -0.005140293049      2.347790863724      2.319210919337
   20      2.315962052846      4.700192576431      2.315399935513
   20     -2.371105700477      0.010499727816      2.330692182285
   20      2.344084808016      2.340430232638      4.710076626623
   12      4.644070439571      4.682833996808      4.757060482633
   20      0.009188899058     -0.047952059309      4.683139849006
   12     -2.406970459597      2.425478267695     -0.004904661063
   12      0.083466147325      4.706229320765     -0.087682192475
   12     -4.674084895748     -0.081619140683     -0.042504343200
   12      0.120275451041     -2.314626977564     -2.266129884712
   12      2.131721780182      0.032629791161     -2.201131041358
   20     -2.362255886995     -4.645534557248     -2.324668964648
   12      2.408994521120     -2.365108176702      0.085395746148
   20      4.649720152989     -0.047941844582     -0.071890090533
   20      0.034873931095     -4.660000508264      0.008560338773
   20     -2.344211306969     -2.361493103950     -4.670734098820
   20      0.037371227711     -0.006388381957     -4.661160786918
   12     -4.618176789174     -4.693317710357     -4.647057804519
    8      0.049622683976     -0.017375076868     -2.322096192780
    8      2.337938265799      2.347221640560     -2.394010602145
    8     -2.348293960672     -2.327993125189     -2.316180583585
    8      2.327877906013     -0.043494168624     -0.069253458408
    8      4.663972807498      2.338525186443     -0.045137091322
    8      0.039348824739     -2.332514375731     -0.014338086203
    8      4.652788664394     -0.018481109872      2.307695605888
    8      7.033273307648      2.334864638999      2.299550640323
    8      2.330205466468     -2.377841097360      2.306725535774
    8     -0.010589281788      2.373415090758     -0.051513294602
    8      2.280398304514      4.732350409238     -0.071754689223
    8     -2.378981763773      0.037323917395     -0.004971176430
    8      2.325810023075      2.348771557555      2.314862556858
    8      4.656006631608      4.680918077531      2.298020109356
    8      0.001157253226     -0.011078918879      2.320429879005
    8      4.658338064791      2.369108071283      4.694799084716
    8      7.030540580949      4.652434406274      4.667937534518
    8      2.338224863760     -0.038730175572      4.692758944083
    8      0.008371517134      4.651768645503      2.315163070265
    8      2.338529453605      7.046365516750      2.311148684841
    8     -2.374524096566      2.316950385380      2.317445827005
    8      2.315584482268      4.717792322490      4.727870889327
    8      4.629400740859      6.925674666570      4.602911852116
    8      0.010073086958      2.339105803173      4.675851315289
    8      4.648852021639      4.526765500858      6.869360602497
    8      7.037004268457      6.911833179298      6.944171591203
    8      2.417445337551      2.275489298761      7.037725177853
    0    0
