   3   1   1 E -1.6031099046823E+04 DE-3.4E-10( 11)
  0.736988082597E-02  0.703098962218E+01  0.699997110130E+01
  0.700686484133E+01  0.967187294010E-02  0.699197729231E+01
  0.701538595686E+01  0.702462970734E+01  0.783351177618E-02
    1
  0.100000000000E+01  0.000000000000E+00  0.000000000000E+00
  0.000000000000E+00  0.100000000000E+01  0.000000000000E+00
  0.000000000000E+00  0.000000000000E+00  0.100000000000E+01
  0.000000000000E+00  0.000000000000E+00  0.000000000000E+00
   54
   20      0.015508239604     -0.033453264025     -0.001520706664
   20      2.360789892790      2.356142182684     -0.079910018759
   20     -2.370189130752     -2.350222974840     -0.012960939805
   20      2.343469830234     -0.028225503701      2.344272356508
   20      4.672141181880      2.343453273751      2.332195328107
   20      0.026294301451     -2.345205696513      2.337534867526
   20     -2.390535506734     -0.016957268330     -2.298465515746
   20      0.038733305668      2.352900108542     -2.321194469392
   12     -4.674287575954     -2.322281039373     -2.290504563285
   20      0.005131273208      2.332661243769      2.328751635348
   20      2.339022115038      4.725357848902      2.346104465734
   12     -2.398752833791      0.042642264711      2.343185228168
   12      2.293468692949      2.341854166727      4.778804590670
   20      4.655567018892      4.721114933885      4.661929399389
   20      0.023426359874      0.024150716512      4.712595722292
   20     -2.397330744638      2.343190264149      0.022256019658
   12      0.079228441325      4.684214961154     -0.021274743213
   12     -4.719198688914     -0.007398537203     -0.048362990055
   20      0.029950722248     -2.398672864079     -2.296340835660
   12      2.390573696631      0.001736078144     -2.310769588434
   12     -2.423719328296     -4.658582292981     -2.362185061931
   12      2.285928381340     -2.344628103629     -0.098991130156
   20      4.691437246102     -0.012310728366     -0.051839838231
   12      0.058129805712     -4.519112318803     -0.088030457971
   20     -2.368941538649     -2.389457015570     -4.666178645907
   20      0.053257453123     -0.017891876031     -4.686148733682
   20     -4.664863441861     -4.716614971177     -4.686731397867
    8      0.053106853615     -0.019591095503     -2.308461294980
    8      2.419491875289      2.342360228194     -2.340820496034
    8     -2.450902725302     -2.439798775180     -2.319713705620
    8      2.343864442252     -0.076640808149     -0.096158614538
    8      4.752177021270      2.343073363198     -0.077149469288
    8      0.083569851964     -2.430179619860      0.011017543143
    8      4.668972434731     -0.011614535708      2.326398775089
    8      7.008469970044      2.338181553876      2.279809884016
    8      2.339431279223     -2.357398810301      2.326423324914
    8      0.008069099078      2.388194603990     -0.001835843288
    8      2.227405936163      4.777661426468     -0.093922688122
    8     -2.420804137038     -0.012775131570      0.067464909444
    8      2.349368349007      2.345796323432      2.362535987757
    8      4.674721898050      4.755765242384      2.337925024261
    8     -0.016514197635     -0.004012018742      2.343721897163
    8      4.593567619131      2.349449443176      4.697970094652
    8      7.097550025184      4.696564004793      4.742080345153
    8      2.341962696594     -0.001651779321      4.773452355994
    8      0.009595774869      4.666630940233      2.310320639972
    8      2.443893368456      7.024749127527      2.352789386280
    8     -2.333467152829      2.250612239766      2.411526890904
    8      2.346375973322      4.688240523038      4.779239142009
    8      4.557596259767      7.156523979413      4.593750395812
    8      0.074903142011      2.338916431367      4.783689636672
    8      4.664218126465      4.689625914673      6.975288619742
    8      7.105093841133      7.006932016568      6.992892010066
    8      2.237336262236      2.379792034991      6.882563846436
    0    0
