   3   1   1 E -1.6031060500810E+04 DE 5.5E-08(  8)
  0.495483473881E-02  0.700214435110E+01  0.700214435110E+01
  0.701566668547E+01 -0.788346464123E-02  0.701495436384E+01
  0.701566668547E+01  0.701495436384E+01 -0.788346464123E-02
    2
  0.100000000000E+01  0.000000000000E+00  0.000000000000E+00
  0.000000000000E+00  0.100000000000E+01  0.000000000000E+00
  0.000000000000E+00  0.000000000000E+00  0.100000000000E+01
  0.000000000000E+00  0.000000000000E+00  0.000000000000E+00
  0.100000000000E+01  0.000000000000E+00  0.000000000000E+00
  0.000000000000E+00  0.000000000000E+00  0.100000000000E+01
  0.000000000000E+00  0.100000000000E+01  0.000000000000E+00
  0.000000000000E+00  0.000000000000E+00  0.000000000000E+00
   54
   20      0.008539585476     -0.008956126624     -0.008956126624
   20      2.342396345582      2.334659454240     -0.020529772558
   20     -2.342461060852     -2.326585921662     -0.001724400001
   20      2.342396345582     -0.020529772558      2.334659454240
   20      4.674459336564      2.335110908686      2.335110908686
   20      0.007755928846     -2.342297252056      2.338602480639
   20     -2.342461060852     -0.001724400001     -2.326585921662
   20      0.007755928846      2.338602480639     -2.342297252056
   12     -4.695332062822     -2.326720353931     -2.326720353931
   20     -0.005625291523      2.329191404588      2.329191404588
   20      2.344590601062      4.698487947667      2.336743374746
   12     -2.371620863380      0.020115247347      2.318639390188
   20      2.344590601062      2.336743374746      4.698487947667
   20      4.666177133199      4.687014670645      4.687014670645
   20      0.000659074323     -0.010009952673      4.684205008053
   12     -2.371620863380      2.318639390188      0.020115247347
   20      0.000659074323      4.684205008053     -0.010009952673
   12     -4.657319690259      0.042012655800      0.042012655800
   12      0.007562685149     -2.285980220967     -2.285980220967
   12      2.366129795314     -0.037411331045     -2.339912152050
   20     -2.359946072107     -4.683614339361     -2.343909268420
   12      2.366129795314     -2.339912152050     -0.037411331045
   12      4.673257822681     -0.039104702746     -0.039104702746
   20      0.007038208702     -4.672858710633      0.006098537066
   20     -2.359946072107     -2.343909268420     -4.683614339361
   20      0.007038208702      0.006098537066     -4.672858710633
   12     -4.682402700219     -4.728611296238     -4.728611296238
    8      0.017474790049     -0.012421705409     -2.338126451134
    8      2.333681431838      2.337215745655     -2.369594856178
    8     -2.347277781402     -2.338962119836     -2.338962119836
    8      2.356112078844     -0.030462455873     -0.030462455873
    8      4.670647687620      2.330059840052     -0.012617343323
    8      0.017474790049     -2.338126451134     -0.012421705409
    8      4.670647687620     -0.012617343323      2.330059840052
    8      7.026248008616      2.336662274482      2.336662274482
    8      2.333681431838     -2.369594856178      2.337215745655
    8     -0.001712532136      2.335892035251     -0.009456731804
    8      2.341014762353      4.699987201732     -0.019440157400
    8     -2.340523997948      0.019959104836      0.019959104836
    8      2.338543771197      2.337534347827      2.337534347827
    8      4.676437514418      4.695369364238      2.335930814123
    8     -0.001712532136     -0.009456731804      2.335892035251
    8      4.676437514418      2.335930814123      4.695369364238
    8      7.026532311998      4.675790330975      4.675790330975
    8      2.341014762353     -0.019440157400      4.699987201732
    8     -0.002817644046      4.678361502909      2.333529452478
    8      2.372431939853      7.050832333450      2.347465145469
    8     -2.356961369159      2.297380750531      2.297380750531
    8      2.327792563996      4.705565292883      4.705565292883
    8      4.655504089898      7.007634592342      4.674366063263
    8     -0.002817644046      2.333529452478      4.678361502909
    8      4.655504089898      4.674366063263      7.007634592342
    8      7.029106526515      7.010358976115      7.010358976115
    8      2.372431939853      2.347465145469      7.050832333450
    0    0
