   3   1   1 E -1.6031102926048E+04 DE-7.1E-10( 10)
  0.174785214379E-01  0.701159204869E+01  0.703847937358E+01
  0.699697962048E+01  0.200119250031E-01  0.704260942587E+01
  0.699906305094E+01  0.702442989542E+01  0.112242936570E-01
    1
  0.100000000000E+01  0.000000000000E+00  0.000000000000E+00
  0.000000000000E+00  0.100000000000E+01  0.000000000000E+00
  0.000000000000E+00  0.000000000000E+00  0.100000000000E+01
  0.000000000000E+00  0.000000000000E+00  0.000000000000E+00
   54
   20      0.014463902399      0.003869692550     -0.003004392197
   20      2.362775922310      2.337387262426     -0.051188881286
   20     -2.335679476358     -2.348409623581     -0.029917775918
   20      2.347825824601     -0.053953500019      2.342318171304
   20      4.687825114294      2.353930244552      2.357804542399
   20      0.046528566990     -2.354968405703      2.340864195535
   20     -2.363448424356     -0.010714500388     -2.324018185641
   20      0.025403305136      2.360862795690     -2.338159869855
   12     -4.598057301505     -2.311592497208     -2.350949148756
   20     -0.066751451896      2.360110015214      2.335282165270
   20      2.343163732024      4.718793160136      2.356864494852
   20     -2.376927492866      0.036282214457      2.377620035376
   20      2.318980848687      2.352535248600      4.754738897416
   12      4.594980501788      4.646303928357      4.749625242983
   20     -0.023454639922      0.005688832043      4.707506117387
   12     -2.374056826000      2.411213098243     -0.042097306657
   20     -0.025713285965      4.688699023928     -0.012380613573
   12     -4.676740358903      0.029558699330     -0.008871659398
   20     -0.012445042162     -2.363396045927     -2.309024941272
   12      2.397237429036     -0.084858694231     -2.277891415854
   12     -2.373865948680     -4.644394851115     -2.335880201423
   12      2.402080090668     -2.360880059327     -0.045442195134
   20      4.665343250200     -0.031004762604     -0.031101342403
   12      0.009420500986     -4.698368716406     -0.009509942939
   12     -2.408155111216     -2.405067199276     -4.634625474511
   20      0.025700903599      0.000780518426     -4.691524850894
   20     -4.636200783322     -4.678169751457     -4.712830063627
    8      0.084245149751     -0.009493579677     -2.305038470117
    8      2.452212192327      2.385640578042     -2.329214782225
    8     -2.428014827709     -2.420786460465     -2.419861118871
    8      2.336609159176     -0.087507412004     -0.092395033584
    8      4.746827566650      2.339196114042     -0.074097982056
    8      0.096241401244     -2.435550503399      0.016386079642
    8      4.670755124127     -0.066588419709      2.354928747777
    8      6.991182847835      2.349859160093      2.283552333775
    8      2.456314326442     -2.326872692261      2.360394985709
    8     -0.066424069582      2.346880742581     -0.022199585618
    8      2.333584294869      4.767071008110     -0.085302755773
    8     -2.436853060659      0.097395178879      0.007483522689
    8      2.335112892351      2.340729755912      2.347115536940
    8      4.675006582478      4.679073627366      2.378098196793
    8      0.000105800034      0.004347792345      2.340511476707
    8      4.656489661640      2.454036706966      4.775576409422
    8      7.004538336240      4.697541874014      4.681101720498
    8      2.334300207537     -0.085877028357      4.772423066204
    8     -0.059635021266      4.679977506705      2.347697437108
    8      2.338386049178      7.005832027981      2.355149043512
    8     -2.329297849480      2.456075874489      2.357101663082
    8      2.443437788119      4.753624438467      4.770400519504
    8      4.557158441407      6.978255266486      4.701044444561
    8     -0.099070698369      2.339449523526      4.723707474037
    8      4.551706562416      4.569427428271      6.984856121745
    8      7.117411142384      7.138998345450      7.049152603799
    8      2.328281619137      2.341179430449      7.022631662528
    0    0
