   3   1   1 E -1.6031098798628E+04 DE-7.7E-09(  9)
  0.235438033398E-01  0.698463701237E+01  0.698463701237E+01
  0.701222519743E+01  0.201937298805E-02  0.700607681432E+01
  0.701222519743E+01  0.700607681432E+01  0.201937298805E-02
    2
  0.100000000000E+01  0.000000000000E+00  0.000000000000E+00
  0.000000000000E+00  0.100000000000E+01  0.000000000000E+00
  0.000000000000E+00  0.000000000000E+00  0.100000000000E+01
  0.000000000000E+00  0.000000000000E+00  0.000000000000E+00
  0.100000000000E+01  0.000000000000E+00  0.000000000000E+00
  0.000000000000E+00  0.000000000000E+00  0.100000000000E+01
  0.000000000000E+00  0.100000000000E+01  0.000000000000E+00
  0.000000000000E+00  0.000000000000E+00  0.000000000000E+00
   54
   20      0.035033307042     -0.019011898088     -0.019011898088
   20      2.347459126440      2.314128582373     -0.012481247333
   20     -2.326317283506     -2.377704637956     -0.019085224209
   20      2.347459126440     -0.012481247333      2.314128582373
   20      4.700194795091      2.328431726546      2.328431726546
   20     -0.003360676658     -2.335353044436      2.348620477305
   20     -2.326317283506     -0.019085224209     -2.377704637956
   20     -0.003360676658      2.348620477305     -2.335353044436
   20     -4.677569806842     -2.340467086145     -2.340467086145
   20     -0.002282461808      2.352554770966      2.352554770966
   20      2.317168082244      4.698872430493      2.353017162532
   20     -2.337391076073      0.002222296885      2.392096732790
   20      2.317168082244      2.353017162532      4.698872430493
   12      4.641564717900      4.786706620765      4.786706620765
   12     -0.063356666939     -0.012658821647      4.724842781707
   20     -2.337391076073      2.392096732790      0.002222296885
   12     -0.063356666939      4.724842781707     -0.012658821647
   20     -4.736712490526      0.002160186254      0.002160186254
   20      0.019043938429     -2.338588927407     -2.338588927407
   12      2.370196136240      0.023902597602     -2.289578192256
   12     -2.307536929479     -4.731188497452     -2.341028391525
   12      2.370196136240     -2.289578192256      0.023902597602
   20      4.718106540754     -0.020403498579     -0.020403498579
   12     -0.026633779001     -4.703600963280     -0.011996932427
   12     -2.307536929479     -2.341028391525     -4.731188497452
   12     -0.026633779001     -0.011996932427     -4.703600963280
   20     -4.688103135936     -4.679579003857     -4.679579003857
    8      0.079104058863      0.020111745445     -2.426838588672
    8      2.404536297927      2.243453424102     -2.323751097759
    8     -2.334916959474     -2.414976766917     -2.414976766917
    8      2.336876607493     -0.072593910549     -0.072593910549
    8      4.756557427196      2.339818886407     -0.074706607541
    8      0.079104058863     -2.426838588672      0.020111745445
    8      4.756557427196     -0.074706607541      2.339818886407
    8      6.989660070335      2.256118394498      2.256118394498
    8      2.404536297927     -2.323751097759      2.243453424102
    8     -0.015110644512      2.362751942163      0.004995184515
    8      2.275245946163      4.655115594761     -0.005050359365
    8     -2.336291781526     -0.008493718322     -0.008493718322
    8      2.335832178755      2.336568081595      2.336568081595
    8      4.664311314428      4.661405224835      2.384241165661
    8     -0.015110644512      0.004995184515      2.362751942163
    8      4.664311314428      2.384241165661      4.661405224835
    8      6.923730365783      4.780518098887      4.780518098887
    8      2.275245946163     -0.005050359365      4.655115594761
    8     -0.079313844739      4.745561354551      2.214872970414
    8      2.274667673504      7.003646030999      2.393046167048
    8     -2.311498593131      2.419070675059      2.419070675059
    8      2.458487727928      4.739933523085      4.739933523085
    8      4.720930526835      7.000999516975      4.658400517487
    8     -0.079313844739      2.214872970414      4.745561354551
    8      4.720930526835      4.658400517487      7.000999516975
    8      7.042507493781      6.978251949573      6.978251949573
    8      2.274667673504      2.393046167048      7.003646030999
    0    0
