   3   1   1 E -1.6031071327138E+04 DE 4.8E-08(  8)
  0.134350729000E-01  0.698096115993E+01  0.696513750423E+01
  0.700051454665E+01  0.605767130961E-03  0.696988098295E+01
  0.699579266119E+01  0.697675308505E+01  0.102406776488E-01
    1
  0.100000000000E+01  0.000000000000E+00  0.000000000000E+00
  0.000000000000E+00  0.100000000000E+01  0.000000000000E+00
  0.000000000000E+00  0.000000000000E+00  0.100000000000E+01
  0.000000000000E+00  0.000000000000E+00  0.000000000000E+00
   54
   20     -0.001586967651     -0.016168183680     -0.033209833813
   20      2.316935347899      2.339173723166     -0.022506860519
   20     -2.332146344758     -2.301969130801     -0.004716267504
   20      2.310540753934     -0.033927728967      2.346361548885
   20      4.683252457148      2.329398033859      2.365892321528
   20      0.006299904879     -2.318323381687      2.362577202067
   20     -2.335593241856     -0.026145316650     -2.316266638806
   12     -0.013968671237      2.386550762945     -2.395708370348
   12     -4.704151779685     -2.249415978879     -2.325623091391
   20     -0.015061718582      2.321475900401      2.347042649067
   20      2.329309680740      4.693708638884      2.330040933158
   12     -2.252194984783      0.003295727242      2.261786238290
   20      2.312188451401      2.326450764192      4.689836369699
   12      4.696155096859      4.714632166871      4.724746426599
   12      0.093680334109     -0.046155863177      4.613038338609
   20     -2.341411918618      2.326767679752     -0.024308285983
   20      0.009758759269      4.683899822527     -0.016870558776
   12     -4.769363941182     -0.058355509454     -0.035097938478
   12      0.025370052124     -2.289034533704     -2.369897411047
   20      2.324626584071     -0.025495018405     -2.323257766893
   20     -2.326589538054     -4.667100442749     -2.347747888272
   12      2.311296766102     -2.315619545417     -0.062210198968
   20      4.689031297007     -0.029597245550      0.004645726014
   20      0.028762123628     -4.666712666011     -0.010971768855
   20     -2.343099601079     -2.322907600013     -4.631456010398
   12      0.029579632546     -0.019475203808     -4.556516741608
   20     -4.683579492991     -4.673766301024     -4.641581100931
    8      0.002955390060     -0.022985379361     -2.379181891670
    8      2.292062437326      2.346959018470     -2.348810938033
    8     -2.327927991586     -2.328511281785     -2.322078777113
    8      2.328610010031     -0.037105994314     -0.005775014349
    8      4.672332400305      2.320042223412      0.000868075921
    8      0.030282848542     -2.320257406653     -0.022314144105
    8      4.684379155109     -0.015966783354      2.352644191219
    8      7.002812169994      2.282198278924      2.385176751948
    8      2.320348724574     -2.330317534701      2.337571317969
    8     -0.007113450200      2.337098401886     -0.043162931077
    8      2.325183327571      4.714056668845     -0.023644446157
    8     -2.358996067228     -0.011713820462     -0.015300711066
    8      2.325977916699      2.328578842636      2.356062117255
    8      4.678411784382      4.715915856799      2.377954318780
    8     -0.034744961797     -0.014890871990      2.354976990162
    8      4.696779369644      2.359204874587      4.660843889217
    8      7.013453406515      4.690479658639      4.657686933695
    8      2.265610094095     -0.081657781837      4.715319143776
    8      0.004006317109      4.697837130433      2.363636612909
    8      2.295692807147      6.962042719493      2.302687246335
    8     -2.327276269242      2.294985612137      2.319428573880
    8      2.330809649583      4.663443039935      4.666065889829
    8      4.738581742481      6.915392262651      4.603863465400
    8      0.007357134678      2.323008017955      4.652116482886
    8      4.632356198668      4.667927289274      6.935010386588
    8      7.075671788080      6.964092546244      6.980980454005
    8      2.328185289539      2.327400896758      6.963021232195
    0    0
