   3   1   1 E -1.6031100198794E+04 DE 3.8E-09(  9)
  0.140955840103E-02  0.700674377345E+01  0.699721954093E+01
  0.702084176564E+01 -0.123387668169E-02  0.699217608535E+01
  0.702528671506E+01  0.700070164661E+01 -0.599173165689E-03
    1
  0.100000000000E+01  0.000000000000E+00  0.000000000000E+00
  0.000000000000E+00  0.100000000000E+01  0.000000000000E+00
  0.000000000000E+00  0.000000000000E+00  0.100000000000E+01
  0.000000000000E+00  0.000000000000E+00  0.000000000000E+00
   54
   20     -0.020161270409     -0.006535063980     -0.053049863070
   20      2.335943447910      2.337378399036     -0.070974955371
   20     -2.330316185001     -2.365121164633     -0.049800308119
   20      2.339190144112     -0.003971405889      2.386078020874
   20      4.712557153851      2.320288419271      2.360857534746
   20      0.003943922106     -2.351981100292      2.339820694434
   20     -2.340808808826     -0.007180917752     -2.338709572566
   20      0.035988201730      2.332122107402     -2.350102258159
   12     -4.650903100115     -2.355200151965     -2.325135783137
   20     -0.016116488333      2.358181507918      2.387593399875
   20      2.318610036003      4.685696424033      2.390825386398
   20     -2.382144380493      0.020764751767      2.374822872542
   12      2.359513989385      2.395572492903      4.728125732155
   12      4.609731270127      4.604030379332      4.687759663664
   20     -0.023478046156      0.041072544341      4.686600072495
   12     -2.333484518481      2.396750082865     -0.100067425475
   20     -0.023153994710      4.692309623082     -0.003932297884
   20     -4.693454065455      0.055587945434     -0.017717433387
   12      0.085250903512     -2.370416503081     -2.329917390444
   12      2.386365609714     -0.072796132834     -2.376608029647
   12     -2.432254719302     -4.581553526210     -2.302672446785
   20      2.341275805243     -2.373975449149     -0.077247948477
   20      4.679802323460      0.002183694238     -0.047471303634
   12     -0.049308054393     -4.696934414425     -0.089509137904
   20     -2.325631329010     -2.359683980599     -4.626660753125
   12      0.075815108969     -0.018737878889     -4.611289806193
   20     -4.676672597781     -4.686792561397     -4.645722302097
    8      0.097948091442     -0.104513938416     -2.414273355644
    8      2.432788492321      2.381063249833     -2.328316184937
    8     -2.416050332201     -2.431597904011     -2.320125260443
    8      2.344260713883     -0.006561930803     -0.078954907709
    8      4.773116072124      2.332809585873     -0.087896932331
    8      0.002547662168     -2.417345110199     -0.095860902057
    8      4.742134163700     -0.004060546150      2.330360856979
    8      7.022367981360      2.242446614949      2.271833270758
    8      2.350201326221     -2.340059511034      2.396974476624
    8     -0.058395404996      2.336891283482      0.003042761969
    8      2.336438193042      4.679105932858     -0.070562175828
    8     -2.345216446080      0.076468738759     -0.013763044266
    8      2.327278215178      2.327855954936      2.389835798016
    8      4.681913130516      4.654013060103      2.392277552851
    8     -0.016299755647      0.005797364213      2.347976067268
    8      4.619859046699      2.433759454094      4.751142970896
    8      7.016164560220      4.670234625055      4.667905293201
    8      2.338096624441      0.013088805996      4.662054126668
    8      0.004972074201      4.746529680694      2.437836311082
    8      2.257475542607      6.996678818158      2.436822721952
    8     -2.340729061112      2.338390179230      2.381801356738
    8      2.372382494047      4.643765452825      4.662256198174
    8      4.549719457177      6.998238006610      4.664632152925
    8      0.049517231666      2.455640682289      4.776464546218
    8      4.683055854726      4.560220464881      6.908404332302
    8      7.031302674158      7.104698271562      7.056935977790
    8      2.370972216415      2.343336538857      6.894885668073
    0    0
