   3   1   1 E -1.6031089998381E+04 DE-1.1E-09( 10)
  0.222589002560E-02  0.693921185643E+01  0.700251711145E+01
  0.699329108333E+01 -0.225283275194E-01  0.702058993743E+01
  0.699892767860E+01  0.695632542886E+01 -0.219096981223E-01
    1
  0.100000000000E+01  0.000000000000E+00  0.000000000000E+00
  0.000000000000E+00  0.100000000000E+01  0.000000000000E+00
  0.000000000000E+00  0.000000000000E+00  0.100000000000E+01
  0.000000000000E+00  0.000000000000E+00  0.000000000000E+00
   54
   20      0.027006434057     -0.039519365996     -0.049854424835
   20      2.373473313641      2.307082383370     -0.045809821029
   20     -2.327087650225     -2.329923732569     -0.029473705605
   20      2.383929380722     -0.050812828009      2.385764406278
   20      4.671900065590      2.299035640977      2.342841031479
   20      0.004573837093     -2.353378901965      2.353647062757
   20     -2.359042695125     -0.046763723410     -2.356260256595
   20      0.022215185049      2.354542711963     -2.344371047957
   12     -4.664669661280     -2.289502522856     -2.316953142532
   20      0.007611590026      2.358486460714      2.366850908114
   20      2.327722195157      4.660350424514      2.363256177043
   20     -2.376361701012     -0.022806490717      2.380944122722
   12      2.305892248678      2.346812989414      4.746960945220
   12      4.591580450255      4.682402833017      4.657973454425
   20      0.023453692224      0.004667990433      4.761533108460
   20     -2.396530046677      2.364269323109     -0.046696449335
   20     -0.016607016091      4.726177725667     -0.025675818264
   12     -4.667303625938      0.031873404748     -0.088586056044
   12      0.000810529114     -2.325648097046     -2.298583100475
   12      2.330955566795     -0.052769603532     -2.299322582638
   20     -2.333096129529     -4.624219446911     -2.289334907023
   20      2.321876479083     -2.337935718213     -0.110349899461
   12      4.584863032948     -0.081521242245     -0.021723641813
   12     -0.016864337170     -4.699226802905     -0.023882296143
   12     -2.184119649361     -2.285032386261     -4.568048254332
   20      0.012170888731      0.002324061341     -4.675547895514
   20     -4.671092079542     -4.628195983975     -4.663557348695
    8      0.081731706107     -0.079386772612     -2.361431030681
    8      2.353540924893      2.340928221904     -2.345589676289
    8     -2.280044581686     -2.320649945080     -2.339788088393
    8      2.413925104502     -0.031250555849     -0.095044328925
    8      4.750974589144      2.236449746792     -0.006552359914
    8      0.003491016060     -2.399034153890     -0.091419963506
    8      4.652669974334     -0.131964044517      2.272450340478
    8      6.994778908311      2.306349534938      2.303448457617
    8      2.402918832554     -2.344793917583      2.358583682732
    8     -0.003374257072      2.343493048598     -0.039226504042
    8      2.331172110929      4.721557558367     -0.074451865743
    8     -2.400191658224     -0.008085764251     -0.028162552091
    8      2.334954636855      2.316094052417      2.379837490325
    8      4.638745793524      4.636028361133      2.353062804464
    8      0.019393956101     -0.013172302870      2.383114256712
    8      4.556445602637      2.382407773984      4.662844647561
    8      7.005802605630      4.654217804742      4.680795788602
    8      2.349294811501     -0.056959743243      4.788709040720
    8     -0.108509059579      4.647355527819      2.377598787847
    8      2.336214106723      6.950700726736      2.347889808137
    8     -2.342280556776      2.391471387363      2.354949272055
    8      2.343247871172      4.626852988826      4.635599924303
    8      4.558694064152      6.831216983323      4.750241596250
    8      0.140166834055      2.461420393444      4.808702926424
    8      4.628601219660      4.764391330886      6.947988433553
    8      7.024285097921      7.070040047772      6.992892230933
    8      2.211090983156      2.162092918176      6.882604391080
    0    0
