   3   1   1 E -1.6031084714323E+04 DE-8.1E-09(  9)
 -0.163115067353E-01  0.694100641650E+01  0.700122050849E+01
  0.697903424886E+01 -0.149518258539E-01  0.700681431270E+01
  0.697441515203E+01  0.694879978881E+01 -0.172784386823E-01
    1
  0.100000000000E+01  0.000000000000E+00  0.000000000000E+00
  0.000000000000E+00  0.100000000000E+01  0.000000000000E+00
  0.000000000000E+00  0.000000000000E+00  0.100000000000E+01
  0.000000000000E+00  0.000000000000E+00  0.000000000000E+00
   54
   20      0.020757031810     -0.005505923470     -0.029973745062
   20      2.326154061418      2.314325363659     -0.070469961116
   20     -2.340685535590     -2.303248754655     -0.027848759363
   20      2.309983874590     -0.068604141558      2.340879834894
   20      4.680027075191      2.308977485461      2.348352897789
   20      0.039744089782     -2.314821946647      2.351402590693
   20     -2.357802920728      0.017547280191     -2.291154801973
   20      0.026150849292      2.353612300592     -2.363061077712
   12     -4.655508869151     -2.238382881567     -2.282255220105
   20     -0.026276024432      2.291045108273      2.344683907952
   20      2.296877497039      4.708750672334      2.370696455073
   20     -2.393289447544     -0.015246184116      2.331127027321
   20      2.334351766594      2.310621916911      4.801790320787
   12      4.605681534933      4.701548617116      4.705256334232
   12      0.011949369461     -0.142276725429      4.648955149991
   12     -2.389580162467      2.369333837770     -0.023185604906
   20     -0.011434527677      4.714760053104     -0.068575228220
   12     -4.668898150159     -0.025203330520      0.020655161698
   20      0.062226894996     -2.294467037073     -2.291891551908
   12      2.345007489528     -0.078138435203     -2.271315148275
   20     -2.328598621620     -4.701969722765     -2.313702202391
   12      2.357504651247     -2.292092620124     -0.066106327496
   20      4.670824560926     -0.071139593792     -0.055238989739
   12      0.062202888502     -4.701864066989     -0.021678045904
   20     -2.352202982843     -2.329525949844     -4.713324299348
   12      0.120482396064      0.120004149168     -4.676109356642
   20     -4.680292743183     -4.646112988945     -4.695330202817
    8      0.073819368277      0.014505149154     -2.388852764919
    8      2.319508565630      2.307172851606     -2.363403030822
    8     -2.391276594199     -2.319456998081     -2.325187713945
    8      2.327835011715     -0.096460032955     -0.079477104812
    8      4.718582638612      2.283199717379     -0.032890763698
    8      0.110500115018     -2.390823679536      0.006618342975
    8      4.705561165238     -0.027175427798      2.333150564507
    8      6.990112616976      2.229393058837      2.260521372797
    8      2.329366479618     -2.321055382175      2.331984963220
    8     -0.050775410287      2.340549737176     -0.062247586425
    8      2.299943135429      4.763953940066     -0.099480798017
    8     -2.410475620397      0.082365037575     -0.008571658468
    8      2.323418475310      2.313844377274      2.357297260114
    8      4.650314939869      4.646182514773      2.362574934540
    8      0.007961314058     -0.018325942445      2.388640314749
    8      4.647569354034      2.402936188751      4.755375530143
    8      7.022230735236      4.783226135800      4.649433022720
    8      2.231580268228     -0.117453924079      4.808385497842
    8     -0.009115422518      4.706355917736      2.336420281073
    8      2.126220177891      6.946325331311      2.291933844126
    8     -2.361056099819      2.287465163828      2.314176059046
    8      2.446886341278      4.782811079092      4.820924298547
    8      4.575931364360      6.773819909557      4.654522759135
    8      0.015381540792      2.198565848128      4.791813229713
    8      4.539250115441      4.513978184444      6.866818676702
    8      7.104261422203      7.060110927892      6.958251755880
    8      2.308228479713      2.308908542395      7.027093277147
    0    0
