   3   1   1 E -1.6031073607587E+04 DE 4.4E-09(  9)
  0.277308246679E-02  0.689571694449E+01  0.696453039314E+01
  0.701910062951E+01 -0.209409393468E-01  0.699449730720E+01
  0.702315224835E+01  0.693633148421E+01 -0.321260178156E-01
    1
  0.100000000000E+01  0.000000000000E+00  0.000000000000E+00
  0.000000000000E+00  0.100000000000E+01  0.000000000000E+00
  0.000000000000E+00  0.000000000000E+00  0.100000000000E+01
  0.000000000000E+00  0.000000000000E+00  0.000000000000E+00
   54
   20     -0.018788929848     -0.012598805419     -0.007855503068
   20      2.368154512958      2.333469423484     -0.048606830029
   20     -2.381705867214     -2.310737287635     -0.039903956379
   20      2.366200740327     -0.028406538568      2.361142484226
   20      4.689727197970      2.267208721362      2.295387390216
   20     -0.001273634511     -2.289523844785      2.368744952827
   20     -2.351429019709     -0.079851932244     -2.372828944185
   20      0.010178093629      2.319302471115     -2.368451077929
   12     -4.624027901364     -2.375796099636     -2.294782246467
   20     -0.034936040498      2.357691127169      2.399072115629
   20      2.328029743253      4.675973018287      2.295418970175
   12     -2.321278266683     -0.009666620656      2.340242791605
   12      2.336757149441      2.341332075796      4.697205098149
   20      4.651250076243      4.668947541512      4.646873329484
   20     -0.001688426277      0.033949299111      4.692704723935
   20     -2.380866347651      2.306066386259      0.017045689000
   20     -0.006198816200      4.718430210398     -0.021008077684
   12     -4.668827240139     -0.217942765764      0.020237527096
   12      0.086450907819     -2.455525529102     -2.364537926885
   20      2.345972913670      0.027782892180     -2.342002972211
   12     -2.364310860775     -4.574001551773     -2.413665762770
   20      2.364183260832     -2.308501205225      0.021388321957
   12      4.674173187441      0.036590053970      0.011911021205
   20     -0.017253322142     -4.639402576108      0.015877538685
   12     -2.310348560150     -2.248383408634     -4.581834743910
   12      0.038630895188     -0.114241923594     -4.719145072157
   20     -4.653164378904     -4.621403355597     -4.598240009164
    8     -0.009536611212     -0.084050657625     -2.400295088127
    8      2.400485160780      2.384705187851     -2.351426364325
    8     -2.406034474183     -2.455986143095     -2.466430483631
    8      2.382408385077      0.005868507813      0.002520610482
    8      4.665573745036      2.257026492512     -0.085359552259
    8     -0.034179340637     -2.308557793703     -0.008756356836
    8      4.762805677850     -0.133378133173      2.240649398172
    8      7.012852828454      2.252600908823      2.324951901471
    8      2.414878976751     -2.321976130229      2.416944627465
    8     -0.009989104001      2.333862561543     -0.012373084210
    8      2.345503357960      4.735601472659     -0.098361281978
    8     -2.379824102696     -0.026471297918      0.013470884927
    8      2.376235834961      2.319580783888      2.351157379383
    8      4.660466761754      4.695891064383      2.307140748247
    8     -0.055179054524      0.022478778116      2.354866579810
    8      4.619118391904      2.277091151845      4.634295162160
    8      7.040889813219      4.653589655282      4.651764159708
    8      2.351152050482     -0.055023861589      4.708958567314
    8     -0.073876026841      4.725348810688      2.396668893594
    8      2.318970470465      6.943083644585      2.270839858902
    8     -2.352054997064      2.287419064504      2.451727899477
    8      2.297102882083      4.576783704188      4.634153140159
    8      4.664914774003      7.053370839219      4.644993482695
    8      0.021059059094      2.392430067908      4.684304299834
    8      4.663079247722      4.683271910253      7.035116371973
    8      7.055592086976      6.919756511485      6.996175685528
    8      2.346589961356      2.214906825991      6.962971300078
    0    0
