   3   1   1 E -1.6031092095881E+04 DE 3.8E-09(  9)
  0.293808174473E-02  0.701855293355E+01  0.702146228017E+01
  0.701673371983E+01 -0.304673403982E-02  0.702110601472E+01
  0.702359955686E+01  0.701750250758E+01 -0.258930731935E-02
    1
  0.100000000000E+01  0.000000000000E+00  0.000000000000E+00
  0.000000000000E+00  0.100000000000E+01  0.000000000000E+00
  0.000000000000E+00  0.000000000000E+00  0.100000000000E+01
  0.000000000000E+00  0.000000000000E+00  0.000000000000E+00
   54
   20      0.004456291233     -0.013619657901     -0.049956275793
   20      2.316730816687      2.360989571837     -0.076621419584
   20     -2.362289298180     -2.335417067542     -0.046537549401
   20      2.363780261201     -0.041493475935      2.376483826598
   20      4.695930312850      2.360264742800      2.359475211455
   20      0.012426763364     -2.356820602974      2.350725392907
   20     -2.352646234243     -0.032984506204     -2.332572929925
   20      0.010758095196      2.374760307864     -2.322501386084
   12     -4.718994444117     -2.270188609555     -2.299336402676
   20     -0.042280936293      2.404440508673      2.340208848995
   20      2.299023532128      4.722635057184      2.336343257358
   20     -2.392201078744      0.006412494193      2.320815538580
   20      2.346093940996      2.378082734734      4.748289750265
   12      4.703414740936      4.707683745316      4.688353671116
   20      0.005568890397     -0.034731008530      4.740999962167
   12     -2.157550031222      2.419429821699      0.144690926242
   12     -0.084988025710      4.602379025296     -0.062759150677
   12     -4.751409064856      0.002193083248     -0.037421020385
   12     -0.010634227246     -2.345170300796     -2.326154033042
   12      2.391147425435     -0.102627654300     -2.302781925470
   20     -2.347484604366     -4.650250824419     -2.341935895679
   20      2.387606969230     -2.380181994092     -0.026879626777
   20      4.724079249849     -0.057324384939     -0.021594762689
   12     -0.042351453560     -4.634545246771     -0.046467253953
   12     -2.335784735609     -2.380548878141     -4.667139186211
   20      0.025980508319     -0.046178686851     -4.696550858313
   20     -4.659505071082     -4.683615320262     -4.711505906800
    8      0.093068901624     -0.088959460590     -2.327865201486
    8      2.350025722469      2.341844240612     -2.349986598047
    8     -2.380161562252     -2.351113077478     -2.427579097362
    8      2.359261952907     -0.027297609636     -0.047154671976
    8      4.739884421257      2.342506037432     -0.011099325947
    8     -0.013558973496     -2.411584674854     -0.078052817770
    8      4.686883490473     -0.068211323974      2.356787728233
    8      7.017345227285      2.340236423764      2.282468857787
    8      2.440923152787     -2.346693620988      2.408179160002
    8     -0.061561902750      2.398198849078     -0.018653378140
    8      2.231948497465      4.789910944846     -0.104480910829
    8     -2.408543739712      0.068862103522     -0.022136883630
    8      2.325704513664      2.367092760679      2.343283373960
    8      4.674977457651      4.685898178287      2.363322203103
    8     -0.008706859696     -0.006456482120      2.345233577443
    8      4.688503798580      2.435139630004      4.754644152779
    8      7.035052245348      4.683130033265      4.779424934421
    8      2.318272125489     -0.071815145372      4.735185483436
    8     -0.137577499953      4.665831025542      2.337560908683
    8      2.337152273919      7.008741474640      2.321701554990
    8     -2.333958665312      2.432834711676      2.256723898064
    8      2.337426120268      4.798906122696      4.691680557661
    8      4.594096016906      6.900855031841      4.685599504398
    8      0.001254206142      2.449033958102      4.794679608745
    8      4.825327437082      4.585607728151      7.041668886058
    8      7.125135562458      6.998858640555      7.012754494839
    8      2.327668599780      2.253609808547      7.018344642439
    0    0
