   3   1   1 E -1.6031097838369E+04 DE 1.0E-09( 10)
  0.308622283170E-02  0.700325380388E+01  0.700086231896E+01
  0.701925723129E+01  0.170053081732E-02  0.700822409557E+01
  0.701349013482E+01  0.701179355639E+01  0.353168164734E-03
    1
  0.100000000000E+01  0.000000000000E+00  0.000000000000E+00
  0.000000000000E+00  0.100000000000E+01  0.000000000000E+00
  0.000000000000E+00  0.000000000000E+00  0.100000000000E+01
  0.000000000000E+00  0.000000000000E+00  0.000000000000E+00
   54
   20      0.030101322076     -0.017865534020     -0.015113983630
   20      2.357124683344      2.334945366767     -0.094466447128
   20     -2.375303562435     -2.349924532712     -0.004734619385
   20      2.352135815997     -0.054875661759      2.318688333477
   20      4.676458008330      2.331607204223      2.324251989964
   20      0.038576245170     -2.368178294405      2.368185574187
   20     -2.373102787112     -0.028297208990     -2.324432966397
   20      0.044729022121      2.375383450019     -2.352149508257
   12     -4.648027311906     -2.339717236588     -2.306415458294
   20     -0.023450959935      2.348483693355      2.317002417712
   20      2.341590461195      4.719234321392      2.342439485948
   20     -2.403524945053      0.020785385266      2.385707788959
   20      2.346661839801      2.350961964926      4.713245448645
   12      4.615805929573      4.725387770702      4.787308238091
   20     -0.025444838971     -0.044046119845      4.720761306253
   20     -2.366877315928      2.389728251796     -0.036512670283
   12      0.038427071432      4.761735483305     -0.073159893785
   12     -4.699453108784     -0.081160685118     -0.037054538722
   20      0.014806946683     -2.347517252260     -2.315745634931
   12      2.445472175405     -0.007249912371     -2.243446200858
   12     -2.417847473976     -4.651061359811     -2.351115330330
   12      2.359158811676     -2.255472676042     -0.018809307562
   12      4.616263467322     -0.031764442750     -0.066697647940
   20      0.022850744958     -4.714928210607      0.013925184525
   20     -2.383986514075     -2.364873517423     -4.689103285604
   20      0.030590505358     -0.000193313866     -4.705876198265
   12     -4.634753647696     -4.659446137516     -4.651081337425
    8      0.077471156698     -0.005894118949     -2.331276624437
    8      2.475756385896      2.367542853559     -2.444055520409
    8     -2.429246470901     -2.422712097606     -2.325644090774
    8      2.417485169724     -0.108357718567     -0.099478696658
    8      4.661607899304      2.269487637054     -0.079250015437
    8      0.056162520252     -2.345023019638      0.001051333293
    8      4.658952440492     -0.017699126195      2.285332876502
    8      7.070105337151      2.333951122084      2.338464165596
    8      2.339380266101     -2.433936560046      2.319552258266
    8      0.017259595075      2.392731380943     -0.030582684438
    8      2.245298200847      4.779191403453     -0.092325951982
    8     -2.416006359307      0.000181352760     -0.023119605277
    8      2.335872921688      2.338145305302      2.316198720796
    8      4.667887832006      4.680923130326      2.388017819635
    8     -0.003293113843     -0.013900896447      2.341990385699
    8      4.673222487693      2.403137759235      4.670408311343
    8      7.044266766472      4.674997411801      4.754466707156
    8      2.340228654409     -0.086977714074      4.742392948904
    8      0.006955763403      4.670282553838      2.294855133295
    8      2.336251922265      7.100092577319      2.329348978820
    8     -2.409542059554      2.332068410045      2.379659469932
    8      2.445060640727      4.764094872267      4.789378533741
    8      4.576179780741      6.985618482916      4.793186576966
    8     -0.040385994758      2.327649633601      4.700885799759
    8      4.663046738072      4.796094641758      6.956164759531
    8      7.018363133871      6.896197851437      6.990785124360
    8      2.353928951120      2.355797586073      7.070470668990
    0    0
