   3   1   1 E -1.6031077697197E+04 DE 1.4E-10( 11)
  0.474993886857E-01  0.699295042864E+01  0.699011117219E+01
  0.698074417404E+01  0.263437200796E-01  0.700386677318E+01
  0.699029879936E+01  0.701006850447E+01  0.230760968194E-01
    1
  0.100000000000E+01  0.000000000000E+00  0.000000000000E+00
  0.000000000000E+00  0.100000000000E+01  0.000000000000E+00
  0.000000000000E+00  0.000000000000E+00  0.100000000000E+01
  0.000000000000E+00  0.000000000000E+00  0.000000000000E+00
   54
   20      0.015916912797     -0.004718293930     -0.035080346133
   20      2.383620148647      2.330829377901     -0.050910603339
   20     -2.346526780562     -2.331193333395     -0.051801050900
   20      2.342499860336     -0.007676254441      2.353190739171
   20      4.656790487214      2.347078357241      2.350331651323
   20      0.009456095497     -2.335684428756      2.345484589799
   20     -2.337985144191     -0.025557318017     -2.312072114368
   20      0.044946835689      2.330087022008     -2.335303197724
   12     -4.594789224085     -2.385817411328     -2.324903201337
   20     -0.027709587524      2.349339119298      2.344504358448
   20      2.345255229319      4.717079245629      2.348938293526
   20     -2.391362561703      0.036990602455      2.345892856372
   20      2.366800799262      2.352298263722      4.704507398096
   12      4.624069458822      4.488425120974      4.692470446672
   20     -0.027393179403      0.004713202426      4.698344445850
   12     -2.385598412197      2.318516527026     -0.020723928953
   20     -0.003938270872      4.671408718225     -0.039338023698
   12     -4.584310960268      0.044788573826     -0.001308091960
   12     -0.011154166605     -2.310764052863     -2.363554309937
   12      2.407573158542     -0.051724416629     -2.320081078205
   12     -2.400650336087     -4.600800996150     -2.337694916494
   20      2.355732601592     -2.334365811615     -0.019584998656
   12      4.557410710727      0.041530386127     -0.046601500418
   20     -0.004404753912     -4.664003022373     -0.002057040438
   20     -2.367024279229     -2.369578271052     -4.658616624644
   20      0.002035086899      0.000144968424     -4.656688348740
   12     -4.610846057463     -4.692184702736     -4.567153701545
    8      0.058906036425     -0.048781253796     -2.348121894025
    8      2.493623230511      2.323234217380     -2.452414314433
    8     -2.353434345368     -2.410932401835     -2.335484568279
    8      2.398089063331     -0.011562591509     -0.036216160267
    8      4.653772945948      2.322404320811     -0.035999871030
    8     -0.003200234513     -2.329610247374     -0.042190343352
    8      4.629677967667      0.009539889101      2.346811881228
    8      7.016557396999      2.349043462857      2.355361497641
    8      2.340592798956     -2.362912532628      2.374363581606
    8     -0.001917880669      2.331672968572     -0.034453819203
    8      2.341549392248      4.721987295965     -0.070449831831
    8     -2.377711888329      0.040958716484     -0.020274951953
    8      2.342675125632      2.350405316813      2.343999478698
    8      4.649673925892      4.700722389646      2.363476694784
    8     -0.014371394378      0.009908837532      2.342679000382
    8      4.657694649833      2.381554347160      4.711756463144
    8      6.979140937042      4.689232010654      4.675666960669
    8      2.334494695565     -0.021493715544      4.717325849204
    8      0.022414335009      4.665932550194      2.357464774744
    8      2.341701496102      7.088124161111      2.347263189714
    8     -2.413166780311      2.330404661992      2.314224869187
    8      2.378969664706      4.734253538476      4.668321580974
    8      4.520072297160      7.024435554325      4.795797625202
    8     -0.039146531096      2.378916694684      4.688526998135
    8      4.670653867606      4.648952101233      6.945235092165
    8      6.994157243431      7.015727775466      6.998821515366
    8      2.443558942734      2.280852699623      7.065060189626
    0    0
