   3   1   1 E -1.6031093786097E+04 DE-6.7E-10( 11)
  0.288206958224E-01  0.700039229220E+01  0.701540714058E+01
  0.699769881783E+01  0.798913500163E-02  0.702796894213E+01
  0.701210011371E+01  0.702202265840E+01 -0.684889144806E-03
    1
  0.100000000000E+01  0.000000000000E+00  0.000000000000E+00
  0.000000000000E+00  0.100000000000E+01  0.000000000000E+00
  0.000000000000E+00  0.000000000000E+00  0.100000000000E+01
  0.000000000000E+00  0.000000000000E+00  0.000000000000E+00
   54
   20      0.042408451765     -0.022719696492      0.000447415891
   20      2.355887810463      2.315208071979     -0.041733110154
   20     -2.345912536435     -2.324688472714      0.006696329034
   20      2.373439020653     -0.060155573617      2.348047655877
   20      4.685531431672      2.298509720614      2.329218180344
   20      0.052954437947     -2.366707410431      2.344256100689
   20     -2.348060031387     -0.008952987376     -2.381204691062
   20      0.056933120501      2.320605332862     -2.362439514802
   12     -4.636284068017     -2.378571982809     -2.370393137915
   20     -0.020723564786      2.338353361617      2.339072444292
   20      2.343361130035      4.726525788312      2.378201096377
   12     -2.386434272424      0.009728157602      2.353837871410
   12      2.315153599598      2.366791834761      4.653864561230
   20      4.625368745014      4.709904535869      4.694131907083
   20     -0.010322531749     -0.007610338564      4.668989479728
   20     -2.384280478094      2.372084361784      0.039012425843
   20     -0.019456190675      4.722318795427      0.024235292619
   20     -4.663721285712      0.032174096568      0.011458916732
   20      0.020292579072     -2.307989670651     -2.357358286888
   12      2.382451418073      0.004258524395     -2.355029947253
   20     -2.416899428412     -4.695996699337     -2.405626534321
   12      2.334917782947     -2.341817768023     -0.072641952214
   12      4.603297208163     -0.019350835723      0.057748379768
   20      0.012846008609     -4.692047723556      0.000099605155
   12     -2.362897455258     -2.321686781636     -4.572545684068
   12     -0.021876837817     -0.029148942902     -4.686892602188
   12     -4.658598150375     -4.667947174537     -4.610479704128
    8      0.090478503186      0.004557541205     -2.373201713586
    8      2.328577275330      2.358069666802     -2.441517498791
    8     -2.416202993532     -2.330269043373     -2.384770036883
    8      2.447518245593     -0.104998785481     -0.073919576189
    8      4.658964054861      2.285715857730     -0.009026058408
    8      0.072363025095     -2.342216396647     -0.011202762566
    8      4.736843418542     -0.093714466049      2.279356756791
    8      7.091235897975      2.253651362296      2.340557875107
    8      2.446705891488     -2.435788208278      2.417486249492
    8      0.009301167706      2.339791189923      0.012900326878
    8      2.339704514666      4.698225457129     -0.028891621821
    8     -2.347940816079      0.007188091157      0.018457143887
    8      2.346725488008      2.326905014470      2.366119797455
    8      4.676426011340      4.736155584297      2.345401495420
    8     -0.025071989011     -0.019639875557      2.352228676494
    8      4.608100384503      2.341495077649      4.663717118792
    8      7.055113342271      4.682921795656      4.667559318892
    8      2.335546083196     -0.002284352521      4.672343961193
    8     -0.059006198136      4.763366427544      2.335295801511
    8      2.396776221303      7.125250889720      2.446097227909
    8     -2.411358497207      2.316423957938      2.335476077322
    8      2.348867057001      4.671294659528      4.747555071657
    8      4.574579426756      7.010477243626      4.664468416379
    8      0.071682226543      2.330467632083      4.650110443762
    8      4.574968769408      4.781672705515      7.088072216830
    8      6.957900388630      7.027085345678      7.061394645737
    8      2.335615510296      2.433943489753      7.017068520686
    0    0
