   3   1   1 E -1.6031050294895E+04 DE 4.1E-08(  8)
  0.117720277630E-01  0.701344661261E+01  0.700592932999E+01
  0.701451223216E+01 -0.160793643019E-02  0.701133832263E+01
  0.700705372326E+01  0.700669111070E+01  0.109493379411E-01
    1
  0.100000000000E+01  0.000000000000E+00  0.000000000000E+00
  0.000000000000E+00  0.100000000000E+01  0.000000000000E+00
  0.000000000000E+00  0.000000000000E+00  0.100000000000E+01
  0.000000000000E+00  0.000000000000E+00  0.000000000000E+00
   54
   20      0.007407225436      0.003916785854     -0.006930772289
   20      2.336046128391      2.336455070120     -0.007756735650
   20     -2.337994413438     -2.328929872870     -0.002765206777
   20      2.344097966024     -0.001623245505      2.335201458221
   20      4.671939997857      2.334860069948      2.341367809030
   20      0.009789318513     -2.332418766538      2.334004136853
   20     -2.340884481892      0.008048151377     -2.330101749703
   20      0.003374048308      2.340975552889     -2.333326528258
   12     -4.702452266267     -2.333455090166     -2.322608653831
   20      0.003723679952      2.339569322067      2.326708122951
   20      2.336336472936      4.684259035085      2.343036862044
   12     -2.345186712555      0.013251328576      2.322715735161
   12      2.335441604943      2.370557721650      4.750131014616
   20      4.674638267627      4.678199185008      4.690362526900
   20      0.007592154645     -0.007413707461      4.676388611786
   12     -2.354888061417      2.366998588239     -0.006842605986
   12     -0.022838963589      4.706363975451     -0.000687991234
   20     -4.662571571213      0.005310797281     -0.002819315043
   20      0.002312521887     -2.332451853344     -2.338233363111
   12      2.316698719633     -0.036306557328     -2.340474554461
   20     -2.346897157153     -4.681383827685     -2.339199666893
   12      2.367742034025     -2.341745451470     -0.045315750483
   12      4.666200391588     -0.133956215177      0.055682137586
   20     -0.000915689007     -4.680979887516     -0.002464095072
   20     -2.341049504923     -2.331108730552     -4.683746210757
   12     -0.019853627354     -0.014193723405     -4.743593004315
   20     -4.672981672423     -4.673947728098     -4.681139844626
    8      0.005834375720      0.005596306674     -2.340499507593
    8      2.334353153081      2.334774082750     -2.334635064388
    8     -2.346945780231     -2.332196670320     -2.338017424463
    8      2.355316033017     -0.012382357678     -0.015826200139
    8      4.666775756859      2.326860521195      0.005179510147
    8      0.008811691496     -2.334795872897     -0.007512186611
    8      4.681130328305      0.004033229715      2.335805272585
    8      7.010932967211      2.329005550723      2.342715854040
    8      2.341898096962     -2.334738069791      2.330994017998
    8     -0.002777315385      2.348855816921     -0.006301401975
    8      2.328805409078      4.682996114104      0.000249484306
    8     -2.331704481374      0.014588171300      0.004698545045
    8      2.339782057142      2.338034207636      2.339700583455
    8      4.674361322675      4.683316308314      2.346877172304
    8      0.002477793466      0.001293610373      2.330038944803
    8      4.673343259949      2.342917106647      4.699398352253
    8      7.029796218684      4.673128987922      4.692303919934
    8      2.344252639831      0.000754591453      4.677135458397
    8      0.007617955050      4.689678732893      2.323368268570
    8      2.340938953880      7.012607380352      2.346324353095
    8     -2.329836472879      2.328572191103      2.317174671148
    8      2.338487319223      4.678375443595      4.691345839021
    8      4.667827357262      6.999886289172      4.681363280489
    8      0.012970532256      2.333451687331      4.672029916324
    8      4.680468080103      4.682049755617      7.012516895048
    8      7.019999240697      6.977090527138      7.040052450952
    8      2.360278021705      2.350779472297      6.992903086136
    0    0
