   3   1   1 E -1.6031094348241E+04 DE-7.6E-10( 10)
  0.191190609613E-01  0.696677566971E+01  0.699016777334E+01
  0.704028946518E+01  0.968708250583E-02  0.699332691979E+01
  0.707503052873E+01  0.699709036695E+01 -0.175648748963E-01
    1
  0.100000000000E+01  0.000000000000E+00  0.000000000000E+00
  0.000000000000E+00  0.100000000000E+01  0.000000000000E+00
  0.000000000000E+00  0.000000000000E+00  0.100000000000E+01
  0.000000000000E+00  0.000000000000E+00  0.000000000000E+00
   54
   20      0.005597755364     -0.018298504214     -0.014772653298
   20      2.389563002964      2.328525483154     -0.044721663171
   20     -2.402420748688     -2.349713810027     -0.059386683340
   20      2.396625730237     -0.044672737981      2.371597970631
   20      4.710923886423      2.296154028434      2.308792744219
   20      0.016733809711     -2.338512069347      2.356581448850
   20     -2.384753537288     -0.030812989377     -2.343272831986
   20      0.015921523782      2.343957501491     -2.359321547634
   12     -4.639268871413     -2.340291805534     -2.257851742657
   20     -0.012160447676      2.358442828107      2.372179017215
   20      2.358435457817      4.669642503129      2.321708384880
   20     -2.370203331402     -0.006379589835      2.384706254780
   12      2.394319475732      2.382210586394      4.697220756986
   12      4.601445691776      4.580756194703      4.664242990044
   20      0.016347660370     -0.009287978806      4.736473671247
   20     -2.415952331423      2.398208619519     -0.019407408280
   20     -0.012616650421      4.728943642075     -0.005412354739
   12     -4.678773958659     -0.056118628017     -0.070863760837
   20     -0.016895196976     -2.360709674998     -2.365386042840
   20      2.407470920138     -0.023396378071     -2.316878097574
   12     -2.403557445845     -4.602526080247     -2.305336038728
   12      2.445281074003     -2.197641124382     -0.051013975336
   12      4.615916389428     -0.018201889769      0.029055430758
   20      0.003857737323     -4.699848585872     -0.020337845175
   12     -2.393018994718     -2.306017007193     -4.622992450089
   12     -0.022497430385     -0.011955873691     -4.708782389356
   20     -4.686708134957     -4.636359081390     -4.672722160617
    8      0.001094925077     -0.017761696241     -2.389378105255
    8      2.450187956059      2.409487676088     -2.340715775237
    8     -2.470238311752     -2.441438875457     -2.427234674693
    8      2.405193425855     -0.077044716493      0.001343402439
    8      4.702968577103      2.244110586754     -0.104101558821
    8      0.056345241873     -2.338723694505     -0.027515754702
    8      4.764411697072     -0.105203208495      2.253859060037
    8      7.069570625768      2.282497970404      2.313683451313
    8      2.441912653309     -2.321183114119      2.391436698409
    8     -0.009896247106      2.357834696557     -0.008863688601
    8      2.359015887179      4.743633714885     -0.091988657977
    8     -2.403554011421     -0.008125145220     -0.026888559095
    8      2.362495439679      2.319862774912      2.349544671720
    8      4.700068326622      4.652168193774      2.339464966918
    8      0.000435746846     -0.010765869893      2.359831341582
    8      4.621900610904      2.426265000625      4.643905736607
    8      7.052976786861      4.669021092794      4.667576304530
    8      2.356726847963     -0.001385582221      4.776474688986
    8     -0.052869975138      4.730390534238      2.330075029007
    8      2.332408945952      6.973962885993      2.320548439223
    8     -2.356675456529      2.415338126557      2.409498511281
    8      2.430959373885      4.538592520924      4.718084675736
    8      4.735357612874      6.967874753991      4.773630572764
    8      0.007559762522      2.319033135423      4.675975887929
    8      4.599259909513      4.827953766983      6.954944760838
    8      7.153123290051      6.978044626398      7.090760884942
    8      2.354623070673      2.310451303362      6.888632848205
    0    0
