   3   1   1 E -1.6031097978294E+04 DE 8.6E-09(  8)
  0.247355271974E-01  0.699655560325E+01  0.702270561264E+01
  0.700175927684E+01  0.139498051087E-01  0.702584651144E+01
  0.701662813004E+01  0.700867971298E+01  0.521275204512E-02
    1
  0.100000000000E+01  0.000000000000E+00  0.000000000000E+00
  0.000000000000E+00  0.100000000000E+01  0.000000000000E+00
  0.000000000000E+00  0.000000000000E+00  0.100000000000E+01
  0.000000000000E+00  0.000000000000E+00  0.000000000000E+00
   54
   20     -0.005435390724     -0.026453640836      0.010159194407
   20      2.345808348803      2.362259216064     -0.002208422859
   20     -2.366426421544     -2.318695304215      0.012113974335
   20      2.358038323846     -0.027624626753      2.327186867349
   20      4.689450658095      2.314945470947      2.367800601194
   20      0.031413259881     -2.348992685672      2.341318603969
   20     -2.348348020717     -0.015633816453     -2.367311605734
   20      0.034166006238      2.329460300605     -2.332338962894
   20     -4.644359708252     -2.362428745477     -2.366456471373
   20     -0.054115003601      2.375519122165      2.308107537500
   20      2.302128525880      4.746306697193      2.309523827554
   12     -2.400855617968      0.037255292820      2.333944268599
   12      2.360056360656      2.408716592911      4.684120490266
   20      4.665096441660      4.679633831780      4.723071391558
   20      0.015827676963      0.023623969767      4.686799386426
   20     -2.413584923890      2.352647946745      0.074284541334
   12      0.046323510783      4.761322137190      0.056753151835
   12     -4.665748796260     -0.018965818010      0.060298364012
   20     -0.009648788945     -2.377695847101     -2.383516073696
   20      2.358361809268      0.020407852765     -2.388064252858
   12     -2.371137841329     -4.707815407727     -2.432066776381
   12      2.310390904586     -2.353759796931      0.003583528653
   20      4.705853149034     -0.047406757461      0.037579808031
   20      0.062077126099     -4.707596362358     -0.008647191671
   12     -2.332163905808     -2.323477077066     -4.701493758436
   12     -0.027884411143      0.014084144570     -4.727068185722
   12     -4.626427429710     -4.773815765322     -4.699340097818
    8      0.005701127468     -0.013925909515     -2.358718695203
    8      2.455871598338      2.340285877794     -2.396852045571
    8     -2.356569350375     -2.443251638120     -2.421476919727
    8      2.347023673601     -0.059852046933     -0.005912452325
    8      4.675767157051      2.326641808514     -0.037920831146
    8      0.067926690651     -2.356611538703      0.015879846592
    8      4.749492185276     -0.091724528964      2.356123027080
    8      7.115237800801      2.240209709654      2.362350774400
    8      2.434277754633     -2.427075991981      2.227574701742
    8     -0.003963202343      2.409435225321      0.013416027746
    8      2.239544911616      4.756551530077     -0.011129343177
    8     -2.449760614116     -0.004449609450      0.036019211391
    8      2.339800970061      2.356211079526      2.391301687463
    8      4.668269977893      4.752051350483      2.352383610199
    8     -0.073207823758      0.004329989091      2.317277897601
    8      4.577358637750      2.342399045388      4.702582964297
    8      7.033134279864      4.686970659208      4.716130178690
    8      2.345671939799      0.108832580482      4.740093306105
    8     -0.131874094258      4.809205475403      2.287278188046
    8      2.367053864107      7.124879920434      2.240083636789
    8     -2.475645782647      2.301611735945      2.466475411680
    8      2.354755988193      4.584161288311      4.754788229806
    8      4.686497935912      7.091984646476      4.621026621451
    8      0.033544255614      2.325145827401      4.666795419307
    8      4.666658440507      4.668844710105      7.129299888395
    8      7.157966715883      6.897974950185      7.129580794777
    8      2.344662323946      2.339675975750      7.019357068568
    0    0
