   3   1   1 E -1.6031094762203E+04 DE-8.7E-10( 11)
  0.648300469509E-01  0.700331956619E+01  0.698105273609E+01
  0.699309386370E+01  0.473388349910E-02  0.703155110417E+01
  0.698402545945E+01  0.704089116312E+01  0.185524311659E-01
    1
  0.100000000000E+01  0.000000000000E+00  0.000000000000E+00
  0.000000000000E+00  0.100000000000E+01  0.000000000000E+00
  0.000000000000E+00  0.000000000000E+00  0.100000000000E+01
  0.000000000000E+00  0.000000000000E+00  0.000000000000E+00
   54
   20      0.025159993620     -0.026945451882     -0.044778715991
   20      2.345167055198      2.365539024696     -0.070176387634
   20     -2.319180042784     -2.384439807071     -0.045179576231
   20      2.329644224764     -0.010575270127      2.370277205603
   20      4.699107421054      2.347265001019      2.345189930585
   20      0.027286826705     -2.383241457237      2.357654320563
   20     -2.295684529023     -0.038607245639     -2.354394928740
   20      0.077896649759      2.337224746256     -2.371262498029
   12     -4.673806370333     -2.375903958346     -2.352374280226
   20     -0.011428644069      2.382091925220      2.350583363958
   20      2.307971144110      4.729557529510      2.373655718740
   20     -2.372018271504      0.001756431534      2.376599745281
   20      2.311520738841      2.389287406719      4.692832995572
   12      4.698758414031      4.691644218971      4.707431616020
   20     -0.028311955553     -0.012050024786      4.721453505500
   20     -2.304350264218      2.360426326921     -0.022450715794
   12      0.051187428614      4.661010777701     -0.069473535564
   20     -4.704278022317     -0.002280019234      0.005082079944
   12     -0.021812934707     -2.336541742805     -2.322906678725
   12      2.314793559932     -0.090838315615     -2.363836816596
   12     -2.371953885512     -4.586257905789     -2.357977351689
   20      2.302877611626     -2.347717927183      0.008895785401
   20      4.659471186731      0.002297062998     -0.011535093905
   12     -0.034011698151     -4.652852073495     -0.004767947693
   20     -2.332897778737     -2.352215543074     -4.637538702430
   12      0.010540890943     -0.078495165434     -4.672222625646
   12     -4.645795148324     -4.692679961752     -4.615591496527
    8      0.115316412267     -0.095595029066     -2.430699495776
    8      2.456378751282      2.437872406568     -2.456371254911
    8     -2.341053402798     -2.423351117762     -2.338966272305
    8      2.326374786048     -0.011608693912     -0.031259042221
    8      4.708611952875      2.364809728969     -0.038870252009
    8     -0.006580135040     -2.395756977351     -0.048440394213
    8      4.715012439491      0.006284584005      2.368939101966
    8      7.072716959156      2.296773602727      2.297925763388
    8      2.322658838673     -2.390118347127      2.412040562825
    8      0.031063155937      2.376557651240     -0.034095210548
    8      2.249893819758      4.689860011050     -0.077848489082
    8     -2.330535707099     -0.012527549202     -0.028683049066
    8      2.317202736291      2.367692557771      2.341744202221
    8      4.675578651009      4.685577678341      2.398949899426
    8     -0.011960479281     -0.004539680595      2.359560860148
    8      4.698632250998      2.389337061712      4.673750223846
    8      7.024517933620      4.669732435374      4.757758727252
    8      2.322596341317     -0.027611928921      4.700750155369
    8      0.032899908712      4.748521614367      2.345863866509
    8      2.231707270669      7.109679475448      2.423870590226
    8     -2.371081743093      2.336856897963      2.373997218899
    8      2.343606632264      4.760618585374      4.673170763974
    8      4.577894017766      6.969457173505      4.671747124513
    8     -0.083931342501      2.442760485791      4.753969403155
    8      4.767248919858      4.674543875691      6.971640711181
    8      7.003751624966      7.009031939497      7.061519376617
    8      2.294397971635      2.348933734096      7.045049214287
    0    0
