   3   1   1 E -1.6031073151465E+04 DE 2.2E-11( 11)
 -0.734125531924E-03  0.696993343089E+01  0.699175484901E+01
  0.696988023841E+01 -0.132687191066E-01  0.699789191644E+01
  0.697762732767E+01  0.697768113741E+01 -0.148664965918E-01
    1
  0.100000000000E+01  0.000000000000E+00  0.000000000000E+00
  0.000000000000E+00  0.100000000000E+01  0.000000000000E+00
  0.000000000000E+00  0.000000000000E+00  0.100000000000E+01
  0.000000000000E+00  0.000000000000E+00  0.000000000000E+00
   54
   20     -0.004227788408      0.012607927561     -0.023194483076
   20      2.365060443952      2.340750210475     -0.045222833726
   20     -2.351182524817     -2.334437963705     -0.034953612229
   20      2.347064690977     -0.011811768366      2.358351045366
   20      4.649496228375      2.344686232151      2.345984283098
   20      0.013694678804     -2.339591644184      2.350714441295
   20     -2.370530489360      0.016032738975     -2.302870218566
   20      0.022672405320      2.359909265978     -2.319430933302
   12     -4.557172457096     -2.281417987940     -2.375388253494
   20     -0.026193860300      2.349931761604      2.340125434161
   20      2.356343308287      4.666160326327      2.348876963970
   20     -2.355710185647      0.030285933794      2.357099407943
   12      2.201799171535      2.243130158471      4.695713700391
   12      4.519593438921      4.559454135994      4.620228521931
   20      0.000060681775      0.022617320325      4.707078457756
   12     -2.369863184203      2.416005289138      0.030355650903
   20      0.001648139962      4.661463886240     -0.034405294831
   12     -4.659754087759      0.096231230457     -0.042307699942
   20     -0.007655950931     -2.362552241578     -2.330090142491
   12      2.485882398735     -0.005253149515     -2.297200081655
   12     -2.375355102436     -4.620087086953     -2.275432949119
   20      2.359447001183     -2.389397675062     -0.049224844610
   20      4.653466335403     -0.012792779275     -0.039049276129
   12     -0.123126545719     -4.707164140694     -0.042392181067
   12     -2.320669805348     -2.511393647787     -4.644125337242
   20      0.025679908557      0.017693601561     -4.652919631386
   20     -4.588551697404     -4.647410963476     -4.638796892653
    8      0.027427416670      0.003921199926     -2.328742755850
    8      2.426012035879      2.352124446265     -2.334658584905
    8     -2.430737189653     -2.400892104101     -2.404648577511
    8      2.348649727378     -0.010201590632     -0.044529005960
    8      4.703681619974      2.331014306962     -0.048827854027
    8     -0.002188376802     -2.376701959456     -0.018491242941
    8      4.644038633296     -0.025791134274      2.351755184086
    8      6.989951373715      2.330684019816      2.325714284508
    8      2.400554478437     -2.349681894003      2.351486751934
    8     -0.019036671276      2.347098051745     -0.025272624210
    8      2.351229532802      4.704342143148     -0.059639085918
    8     -2.393697617896      0.052510042279     -0.008406146570
    8      2.339616869016      2.334745882353      2.356015391363
    8      4.649190719480      4.657492664547      2.341444354844
    8     -0.002445046630      0.008583405283      2.344655962054
    8      4.577379977526      2.406967787716      4.725081407358
    8      6.981953606146      4.656084736295      4.675727858926
    8      2.324923549673      0.025944397365      4.740533847757
    8     -0.021119094251      4.650894689409      2.329899808205
    8      2.364692305742      6.997185401633      2.344991119699
    8     -2.330100080227      2.411676228942      2.358072328664
    8      2.403705450787      4.619543107007      4.658842899373
    8      4.580141498225      6.974988772090      4.664368083956
    8     -0.036569803302      2.318736977352      4.690832805988
    8      4.637050275310      4.536265086287      6.955701215934
    8      7.026238572672      7.027297147957      6.990974052535
    8      2.328021567411      2.206075538952      6.946106489274
    0    0
