   3   1   1 E -1.6031078153036E+04 DE 2.9E-10( 11)
  0.132807661488E-01  0.700305314080E+01  0.699793459778E+01
  0.700013865130E+01 -0.152187622989E-01  0.701835289324E+01
  0.698108131252E+01  0.699972180541E+01  0.907833947340E-02
    1
  0.100000000000E+01  0.000000000000E+00  0.000000000000E+00
  0.000000000000E+00  0.100000000000E+01  0.000000000000E+00
  0.000000000000E+00  0.000000000000E+00  0.100000000000E+01
  0.000000000000E+00  0.000000000000E+00  0.000000000000E+00
   54
   20     -0.000720828183     -0.016484270793      0.012302929968
   20      2.377779979405      2.325374599292     -0.009775548628
   20     -2.328256827339     -2.349428542741     -0.015850489591
   20      2.364801678051     -0.029518590493      2.350508891743
   20      4.680328194315      2.293424516407      2.322938235406
   20      0.036717730724     -2.348283656052      2.330636894274
   20     -2.348638999527      0.006939364407     -2.317291139452
   20     -0.010459558055      2.331675717431     -2.345147202398
   12     -4.651658978098     -2.349918059196     -2.385877492470
   20     -0.039625448088      2.308457713758      2.346333371816
   20      2.330392636279      4.681539283925      2.350206914305
   12     -2.347414078132      0.069975187374      2.233218975845
   12      2.415358025250      2.394738195983      4.826771875166
   20      4.629396780973      4.658897011581      4.726902656656
   20     -0.006187971467      0.042614887749      4.719663154074
   12     -2.475439834177      2.330160589828     -0.046057557112
   20     -0.036810778756      4.691561083970      0.024033494356
   20     -4.652870926695      0.080689879831     -0.044906084847
   20     -0.007580894364     -2.391233323340     -2.297774017853
   20      2.383455487046     -0.007423201468     -2.302981236481
   12     -2.288295428788     -4.710042837259     -2.277498248687
   12      2.434029660058     -2.435673267165     -0.046325123730
   12      4.616331952414      0.040168484779     -0.002164734910
   12      0.109622354441     -4.669788352494      0.032448765178
   20     -2.380854661668     -2.355415387638     -4.701613349792
   12     -0.189525734220      0.036275749162     -4.834096673088
   20     -4.644734329950     -4.652868921857     -4.730265706340
    8      0.010196903065     -0.014061957493     -2.325628969963
    8      2.398016311328      2.389197966002     -2.343658415692
    8     -2.434900587299     -2.410611671260     -2.324327576732
    8      2.425277830953     -0.065415251258     -0.001647204991
    8      4.736080618208      2.273572525171     -0.040357921924
    8      0.057293338622     -2.420967523461      0.020974948390
    8      4.727628286626     -0.026301662758      2.316564857538
    8      6.963313481312      2.278727349973      2.262717100904
    8      2.350894489921     -2.352174487770      2.326555884786
    8     -0.043245685340      2.324582059156      0.000339448362
    8      2.328257027939      4.686198103915     -0.017439107252
    8     -2.329940044062      0.063232185678      0.052128881016
    8      2.355609495850      2.316557317556      2.379434241809
    8      4.665277073589      4.704865535788      2.346773253269
    8     -0.052940314779     -0.011518456304      2.349607339446
    8      4.592522919543      2.311796975368      4.739581724980
    8      7.033689813428      4.671517244208      4.715127947533
    8      2.347653721128      0.016398300807      4.703144426705
    8     -0.019064680740      4.700288525465      2.338964946506
    8      2.351983945734      7.023912143287      2.310881369440
    8     -2.348552182944      2.266174574368      2.285888504247
    8      2.337468440090      4.588551582812      4.745304332525
    8      4.682349735991      7.062498178146      4.724970865675
    8     -0.039563762357      2.331724243079      4.718407636109
    8      4.565681664875      4.656842912890      7.006660124708
    8      6.919782040281      7.098268433650      7.076835418031
    8      2.425344202463      2.503733825585      6.828000628369
    0    0
