   3   1   1 E -1.6031079837235E+04 DE 1.9E-09( 11)
  0.810121169409E-02  0.694268316145E+01  0.695092704229E+01
  0.698568365642E+01 -0.227884077951E-01  0.697449098671E+01
  0.698791698025E+01  0.696316422780E+01 -0.194133186633E-01
    1
  0.100000000000E+01  0.000000000000E+00  0.000000000000E+00
  0.000000000000E+00  0.100000000000E+01  0.000000000000E+00
  0.000000000000E+00  0.000000000000E+00  0.100000000000E+01
  0.000000000000E+00  0.000000000000E+00  0.000000000000E+00
   54
   20      0.025552452922     -0.009967653294     -0.009502420797
   20      2.356224070452      2.313496489531     -0.039562871358
   20     -2.331098348934     -2.348274240984     -0.010139828193
   20      2.328852607026     -0.027750991646      2.339749525238
   20      4.651496639190      2.325452200664      2.342206384989
   20      0.025690794222     -2.365389859905      2.337660607223
   20     -2.359997776046      0.023440998177     -2.291769465578
   20      0.028023807900      2.340437142959     -2.335999072738
   12     -4.620517980641     -2.386675069936     -2.370452954756
   20     -0.009643511637      2.312613016459      2.332286222124
   20      2.353251476162      4.640819334696      2.363064434662
   20     -2.357963393424      0.021499845414      2.349396097065
   12      2.372173531171      2.363835700848      4.720297205630
   12      4.560819412779      4.581900769957      4.730739021578
   20     -0.007701910107      0.002717217385      4.666078198514
   12     -2.310749908664      2.396556432581     -0.087505211711
   20     -0.007265951835      4.627161287958     -0.046676072523
   20     -4.654534990711      0.073515918448     -0.008914166790
   20      0.029812126828     -2.353421363573     -2.267921601692
   12      2.387043306288     -0.009015797550     -2.361130233942
   12     -2.463773265570     -4.639229546189     -2.331057099760
   12      2.332410181096     -2.345050916602     -0.066703589226
   20      4.626398365000     -0.018974268330     -0.045965661846
   12     -0.021454211715     -4.616339664334     -0.028486129796
   20     -2.379680015615     -2.362901669040     -4.647608568628
   20      0.012341667512      0.037233058981     -4.641141018691
   12     -4.578141474834     -4.625914491064     -4.666270705788
    8      0.042428445977      0.004050227268     -2.309716768703
    8      2.424989272346      2.332032543088     -2.406396932040
    8     -2.377835706628     -2.372902927450     -2.315438980010
    8      2.340905389283     -0.045942733221     -0.050069100066
    8      4.662224000078      2.312293266162     -0.045593849865
    8      0.045201937920     -2.395230206235      0.007408400585
    8      4.636676990464     -0.015617115793      2.329971441682
    8      7.011944165589      2.315889237015      2.299308461172
    8      2.326103554148     -2.408452052141      2.328504822214
    8     -0.000731588606      2.319234141360     -0.022468882436
    8      2.340724298610      4.641972985388     -0.041304924707
    8     -2.337286422688      0.047942899969      0.000714526549
    8      2.335935565366      2.320652433528      2.354296202563
    8      4.649495037441      4.627677611047      2.353949794871
    8      0.003279508078     -0.008177844258      2.337638728485
    8      4.609474052555      2.381672337190      4.715533304732
    8      7.013935294344      4.620313894718      4.638916912012
    8      2.324890493042      0.012254191247      4.669880426929
    8      0.007127962729      4.619822544813      2.327332081632
    8      2.333766543015      7.032452860059      2.354355392233
    8     -2.402877230005      2.315167313727      2.297342253997
    8      2.441577125130      4.602522666406      4.752233070595
    8      4.586582814705      6.956332173728      4.623733470498
    8     -0.011014204609      2.302634000448      4.689465503120
    8      4.584022288800      4.525117281413      6.870959662414
    8      6.983375709370      6.990744484733      6.939439163576
    8      2.355175322394      2.487535320747      6.952355991272
    0    0
