   3   1   1 E -1.6031083606993E+04 DE-5.1E-10( 10)
  0.207517322831E-01  0.697390378772E+01  0.701200323085E+01
  0.700823978539E+01 -0.537132097851E-02  0.704322681995E+01
  0.697999261620E+01  0.698517043907E+01  0.139751889889E-01
    1
  0.100000000000E+01  0.000000000000E+00  0.000000000000E+00
  0.000000000000E+00  0.100000000000E+01  0.000000000000E+00
  0.000000000000E+00  0.000000000000E+00  0.100000000000E+01
  0.000000000000E+00  0.000000000000E+00  0.000000000000E+00
   54
   20      0.030261825774     -0.037840051162     -0.065730464836
   20      2.347183453119      2.368611103011     -0.025264598365
   20     -2.304121376656     -2.383494712752     -0.044651121950
   20      2.301279402916     -0.059016156654      2.361966750582
   20      4.677668687594      2.348262180492      2.384316334407
   20      0.051608809264     -2.350513140677      2.365898320267
   20     -2.363408962925     -0.044470716639     -2.345876235983
   20      0.032166353935      2.415099145662     -2.317083736988
   12     -4.665818910742     -2.317533730887     -2.294841910504
   20     -0.014222752262      2.352239540909      2.367698352474
   20      2.305995392958      4.665371050560      2.360663132596
   20     -2.312868280913      0.012937756983      2.363546756275
   20      2.265854706865      2.369612668210      4.732675126050
   12      4.668360292771      4.693409954113      4.732932587429
   12     -0.051099818005     -0.158257970096      4.708810669667
   20     -2.353494753843      2.386682321598     -0.059343673548
   12      0.139432658258      4.617158470271     -0.060706684665
   20     -4.730291881649      0.001028246518     -0.041041243949
   12     -0.007908008174     -2.366060680092     -2.271029437679
   20      2.365367168314      0.007708416724     -2.340436659193
   12     -2.289193871741     -4.589362760902     -2.333141268107
   12      2.279751669519     -2.393699902811     -0.065569230947
   20      4.697768941669     -0.024894421394     -0.032857914303
   12     -0.027809874130     -4.579575972693     -0.055835018961
   20     -2.372230522118     -2.377773033303     -4.666009182414
   20     -0.008346885696      0.006823922763     -4.683696506155
   12     -4.638821290702     -4.610850267296     -4.668038243131
    8      0.011871833310     -0.026170891670     -2.362096290767
    8      2.433080097264      2.477656497022     -2.412610961720
    8     -2.331955541821     -2.442939455577     -2.341470997389
    8      2.344287286192     -0.054763620995     -0.037298505980
    8      4.737270760881      2.329233511414     -0.041523232749
    8      0.122573150791     -2.441478576949     -0.093859530928
    8      4.650040920747     -0.022516229977      2.379053043676
    8      7.053602537575      2.364165896095      2.342687301303
    8      2.323376670147     -2.438486758806      2.380985638009
    8      0.015386912822      2.395726565817     -0.018048190372
    8      2.233436350635      4.656310536496     -0.042584330281
    8     -2.334606352890     -0.012312354833     -0.053448556154
    8      2.312728554463      2.336882360208      2.371524599824
    8      4.676256037759      4.654096972239      2.382305946130
    8      0.008208140302     -0.020819779547      2.364170274556
    8      4.658788663249      2.403352852327      4.704371221061
    8      7.068176337202      4.748216859458      4.773159649702
    8      2.216525767155     -0.079110162817      4.709067128797
    8     -0.006183320632      4.650925198474      2.359736982632
    8      2.327809161069      7.030076904588      2.346177599484
    8     -2.349891290640      2.338444723436      2.353229311059
    8      2.311639438262      4.651554322327      4.698518497774
    8      4.780619559817      6.952945004853      4.677021070275
    8     -0.134578642110      2.385691311343      4.826941998447
    8      4.664089147687      4.653078741794      6.985268449928
    8      6.991292414850      6.928018071627      6.970992246341
    8      2.233521834948      2.422283317363      7.081798318315
    0    0
