   3   1   1 E -1.6031057438210E+04 DE 5.3E-08(  8)
 -0.517253723117E-02  0.699371805936E+01  0.699450634572E+01
  0.700799672641E+01 -0.185362327558E-01  0.700132958814E+01
  0.701932898489E+01  0.700475189511E+01 -0.226219374244E-01
    1
  0.100000000000E+01  0.000000000000E+00  0.000000000000E+00
  0.000000000000E+00  0.100000000000E+01  0.000000000000E+00
  0.000000000000E+00  0.000000000000E+00  0.100000000000E+01
  0.000000000000E+00  0.000000000000E+00  0.000000000000E+00
   54
   20     -0.003769987748      0.004469112364      0.003729774822
   20      2.330755594952      2.344088143747     -0.023256036009
   20     -2.346787357964     -2.320244907012      0.010346824294
   20      2.335262500029     -0.014699301118      2.332054535618
   20      4.678058306801      2.337559006452      2.327722539404
   20     -0.002370458885     -2.338905911205      2.340851906401
   20     -2.342381280823      0.011622026738     -2.317206225165
   20      0.006490083919      2.354964809195     -2.328220830424
   12     -4.678220104373     -2.301348971244     -2.303515694949
   20     -0.005168252355      2.334063064563      2.326272104083
   20      2.348783642148      4.688265773866      2.325071478745
   12     -2.404636619378     -0.040314290925      2.319432371972
   20      2.343785635502      2.335954736486      4.685648723228
   12      4.598671614919      4.625913937503      4.630072043622
   20     -0.005967966499     -0.024120305920      4.679878320031
   12     -2.345465118184      2.337822347788     -0.025328287317
   12      0.020410496390      4.672379963228     -0.010818366255
   12     -4.674740846542     -0.012435875195      0.025743362993
   20      0.009514260369     -2.325711565228     -2.319698711838
   12      2.437078941715     -0.032438839003     -2.333072141969
   20     -2.350789505396     -4.676047871477     -2.333209865296
   12      2.377638580525     -2.312627672399      0.012047816062
   20      4.670818783497     -0.024306186784     -0.024167502878
   12      0.016432233429     -4.663643149363      0.029759870599
   20     -2.341352210039     -2.338012565206     -4.678764311174
   20      0.017373389925      0.007150795150     -4.678907371440
   20     -4.671506943136     -4.665233005627     -4.668302812731
    8      0.011776293302      0.010404334068     -2.326236532321
    8      2.337940099203      2.342085715202     -2.348769229534
    8     -2.346548226077     -2.328707758744     -2.323962551725
    8      2.331889203447     -0.018761180857     -0.017368806165
    8      4.680124042166      2.333570819627     -0.018935916787
    8      0.008143840479     -2.340994896395      0.008979221995
    8      4.672652214255     -0.013529253889      2.324969239543
    8      7.013826158831      2.328597079710      2.313184007576
    8      2.334820156457     -2.346424840763      2.334398256809
    8     -0.010464504081      2.354665476089     -0.004687621761
    8      2.325665527210      4.705002592695     -0.026744942183
    8     -2.357373140805      0.030427071833      0.028350389563
    8      2.339528186502      2.338752878373      2.327356669807
    8      4.681138549885      4.690255174068      2.332361743384
    8     -0.009908659686     -0.008106360174      2.337288556711
    8      4.675934573724      2.348447949479      4.687128183503
    8      7.017195226497      4.659313532436      4.666325148452
    8      2.336047055071     -0.022810446202      4.687897660166
    8     -0.000224969935      4.670688009266      2.315143054339
    8      2.365255713284      7.001188809896      2.318485186772
    8     -2.346235795988      2.318916181387      2.314435492197
    8      2.363625091657      4.690941532703      4.687684337223
    8      4.647038030555      6.962513411580      4.636766871096
    8     -0.000555843420      2.327067722699      4.680219561103
    8      4.646195200822      4.614593706875      6.955392043446
    8      7.028152678163      6.975377785054      6.980086745126
    8      2.336135168997      2.322063402333      7.005552701216
    0    0
