   3   1   1 E -1.6031102245313E+04 DE-3.6E-09(  9)
 -0.790174414520E-02  0.701976290369E+01  0.702711184910E+01
  0.699025172309E+01 -0.227330748466E-02  0.702730081538E+01
  0.699460374380E+01  0.703130771821E+01 -0.139660295280E-01
    1
  0.100000000000E+01  0.000000000000E+00  0.000000000000E+00
  0.000000000000E+00  0.100000000000E+01  0.000000000000E+00
  0.000000000000E+00  0.000000000000E+00  0.100000000000E+01
  0.000000000000E+00  0.000000000000E+00  0.000000000000E+00
   54
   20      0.029647559737     -0.000329171756     -0.029095644653
   20      2.331547859250      2.338413751103     -0.074150693920
   20     -2.358528275927     -2.360775263347     -0.039723233294
   20      2.355980723330     -0.054633333942      2.348616388637
   20      4.703483222901      2.319112276709      2.346743230060
   20      0.060834203059     -2.353736959536      2.387076766434
   20     -2.330741604041     -0.024825568500     -2.357044974070
   12      0.036514010787      2.241509965161     -2.376844623833
   12     -4.651451959105     -2.322503836618     -2.321491309967
   20     -0.046637110825      2.352654436001      2.374669257506
   20      2.300999819917      4.735142416380      2.343628171634
   20     -2.370410966807      0.026829418903      2.374645315743
   20      2.308310015787      2.327472016328      4.739473401393
   20      4.679190724136      4.718719592087      4.692313063031
   12      0.043555873668      0.048863492393      4.665432681465
   20     -2.369293110879      2.359940691453      0.033217371087
   20     -0.002717059081      4.713949706230     -0.035230313896
   12     -4.772133222616     -0.062437579042     -0.065560144939
   20     -0.019326105272     -2.318776385904     -2.375356212602
   12      2.282741359126      0.003293507608     -2.317382875353
   12     -2.340679736642     -4.701541552340     -2.358680414924
   12      2.445548232243     -2.268082047989     -0.067896168916
   20      4.692259890917     -0.004957837421     -0.018304752970
   20      0.024915230796     -4.715377010237     -0.024609494897
   12     -2.424629085626     -2.351171161413     -4.618703934988
   12      0.014373797183      0.000835692033     -4.610472774922
   20     -4.660447148797     -4.685434867582     -4.635187200697
    8      0.095377260245      0.080593789245     -2.406335660371
    8      2.293189218912      2.316994611921     -2.339878623251
    8     -2.442286982344     -2.432445949410     -2.416238685568
    8      2.342991289961     -0.080208501861     -0.081971469156
    8      4.664609341905      2.338946679549     -0.076013133057
    8      0.081130417133     -2.344481096948     -0.024471099452
    8      4.761101986323     -0.079823138554      2.340603839254
    8      6.994745193551      2.258086518020      2.424890768241
    8      2.453856925334     -2.334836684111      2.375263482239
    8     -0.009830249781      2.334121943819     -0.033176536766
    8      2.331090588983      4.767506244522     -0.084994629464
    8     -2.407162946383     -0.005894498736     -0.005170963232
    8      2.332691811758      2.340357853198      2.346309032457
    8      4.668421044517      4.692207519380      2.353911445630
    8      0.008843807778      0.003037794821      2.398822347637
    8      4.728553360797      2.337861413087      4.694851038864
    8      7.100784513623      4.707992568088      4.672550141968
    8      2.244731225125     -0.080999065161      4.748491036567
    8     -0.097827532332      4.769216512627      2.334751480350
    8      2.221146325555      7.016588044700      2.336818619590
    8     -2.340630290834      2.432628730158      2.444414444346
    8      2.335641843616      4.772225663331      4.747569180108
    8      4.648071756489      7.131807699998      4.670884738339
    8     -0.073304501249      2.251280204964      4.685837034543
    8      4.551650839920      4.684113046780      7.059371107412
    8      7.114658455601      7.024312821743      6.995420790430
    8      2.331139910921      2.356242802912      7.039419251461
    0    0
