   3   1   1 E -1.6031092903533E+04 DE-3.3E-10( 11)
  0.221601083607E-01  0.690622876723E+01  0.698726289763E+01
  0.703815968303E+01 -0.199956844154E-01  0.702251879604E+01
  0.705983652567E+01  0.695610199351E+01 -0.351983791284E-01
    1
  0.100000000000E+01  0.000000000000E+00  0.000000000000E+00
  0.000000000000E+00  0.100000000000E+01  0.000000000000E+00
  0.000000000000E+00  0.000000000000E+00  0.100000000000E+01
  0.000000000000E+00  0.000000000000E+00  0.000000000000E+00
   54
   20      0.018129864091     -0.006542791203     -0.019638975920
   20      2.375066214216      2.298810062514     -0.070284542216
   20     -2.372343731576     -2.325758504644     -0.009499006367
   20      2.389081510800     -0.093650682379      2.353509127629
   20      4.720085965158      2.295104984483      2.350156730057
   20      0.028723740954     -2.362290056738      2.366372358010
   20     -2.338401379423     -0.017666228874     -2.358072665930
   20      0.040810369812      2.322638818626     -2.383677125447
   12     -4.633887889800     -2.363038459444     -2.387111317050
   20     -0.027669513416      2.339967624128      2.336844912870
   20      2.339944144313      4.684053450474      2.348028679457
   20     -2.395854676791      0.052228651147      2.381012344624
   20      2.396643374350      2.344570670389      4.709513837171
   12      4.663549153351      4.563109176583      4.651596150473
   20     -0.019472738443     -0.041458137715      4.679064483202
   12     -2.405351960975      2.401733221493     -0.020047896687
   20     -0.024399712440      4.616080710736     -0.032814742107
   20     -4.702256271408      0.036614869282      0.022895944630
   20     -0.012238704479     -2.284236214905     -2.338796575831
   12      2.350014752651      0.026166459030     -2.346925814061
   12     -2.432229683181     -4.592213416343     -2.330938989049
   12      2.385239909693     -2.327711267877      0.046769558742
   20      4.663383140603     -0.067258423305     -0.040756153091
   20     -0.001864501030     -4.636709160296      0.033751781754
   12     -2.442529569196     -2.393351395505     -4.648524605247
   12      0.004433116076      0.073979018005     -4.657877340936
   12     -4.642692578338     -4.502742276780     -4.627379615127
    8      0.069033482002      0.002728244573     -2.394654630790
    8      2.437971804300      2.358857765083     -2.459020118660
    8     -2.404809474085     -2.379570437982     -2.389867983744
    8      2.346265353368     -0.100099581169     -0.076159964799
    8      4.699897215654      2.300645693865     -0.044797012009
    8      0.027502867896     -2.325458443483      0.013476437465
    8      4.739555388649     -0.114087979232      2.341115060605
    8      7.094193983640      2.238715922856      2.333884662705
    8      2.431407221328     -2.490293374825      2.345418957817
    8     -0.021064935710      2.323939678359     -0.034559471689
    8      2.361513081298      4.645518818866     -0.038352199818
    8     -2.356724268800      0.058874551898      0.001730031335
    8      2.374182488694      2.307832876368      2.344817558105
    8      4.698369745972      4.647656616839      2.360750106745
    8      0.002966285560     -0.018571008065      2.350140778904
    8      4.725986188776      2.363223073198      4.720682473414
    8      7.062323104913      4.603538180045      4.642802104970
    8      2.363711026177     -0.063046838763      4.685888410037
    8     -0.058822193349      4.669198872539      2.323957249479
    8      2.282705479534      7.059529406866      2.386768271031
    8     -2.401681351404      2.446129571515      2.373000762458
    8      2.418469233469      4.710914683380      4.717614525859
    8      4.640309548356      6.906695480800      4.640606940292
    8     -0.024238210060      2.309880574411      4.675601886384
    8      4.621451363168      4.465737755230      6.967423606276
    8      7.046828994726      6.909962920780      7.008511508020
    8      2.439487657117      2.411624118657      7.081674421467
    0    0
