   3   1   1 E -1.6031082731773E+04 DE-8.8E-10( 11)
 -0.234795352021E-01  0.698171097302E+01  0.702738046567E+01
  0.697320487350E+01 -0.150258244411E-01  0.702538326269E+01
  0.697049081876E+01  0.698357517873E+01 -0.187859717076E-01
    1
  0.100000000000E+01  0.000000000000E+00  0.000000000000E+00
  0.000000000000E+00  0.100000000000E+01  0.000000000000E+00
  0.000000000000E+00  0.000000000000E+00  0.100000000000E+01
  0.000000000000E+00  0.000000000000E+00  0.000000000000E+00
   54
   20     -0.035357057812     -0.011226374493     -0.012708264058
   20      2.286691561685      2.374576293250     -0.015184905471
   20     -2.334377180436     -2.295065620673      0.003931535736
   20      2.311407869629     -0.042697443402      2.359548007141
   20      4.656039295022      2.306634079740      2.362578982036
   20      0.065649899863     -2.354759898595      2.365465852626
   20     -2.348596506772     -0.009471719081     -2.318084012787
   20      0.000732714641      2.346087926786     -2.366547750121
   12     -4.691407654173     -2.395302300952     -2.365013374737
   20     -0.052331654047      2.372237008835      2.323298156244
   20      2.247624856429      4.703035227762      2.357595337748
   12     -2.362932359897      0.064577035521      2.316197517326
   12      2.438691017627      2.397180468183      4.652099693600
   20      4.604110214612      4.598812725210      4.696859580213
   20      0.018495895713     -0.015259275192      4.709838129776
   12     -2.374190653256      2.418555009653      0.124895861240
   12      0.005980280776      4.638223248730     -0.106961994877
   20     -4.631234530699      0.082704659410      0.026003707188
   12      0.100225445501     -2.318151644133     -2.411800505780
   20      2.277662395698     -0.032081818939     -2.373430846177
   20     -2.329508587362     -4.636623676731     -2.358306926268
   12      2.304965103987     -2.418667699128     -0.046560393592
   20      4.684454295298     -0.083671713317      0.018785153697
   20      0.125017096664     -4.623781987509      0.025934035872
   20     -2.333272065544     -2.386924615691     -4.717142218101
   12     -0.088524184746     -0.033420576678     -4.718067683907
   12     -4.486925658237     -4.652929774519     -4.536942108459
    8     -0.011400276044     -0.076926423918     -2.389825721376
    8      2.321163242833      2.400797491566     -2.378235181252
    8     -2.348721314400     -2.341365800629     -2.381827956436
    8      2.306512284080     -0.077375839427     -0.030676419815
    8      4.668451560354      2.336847678651     -0.000879834661
    8      0.127213539220     -2.334663042909      0.007642790347
    8      4.698181361441     -0.042708395897      2.355151739484
    8      7.071513429445      2.245694440670      2.346653978383
    8      2.336401774663     -2.484495222283      2.368626758448
    8     -0.104251744270      2.437795308145     -0.032058729135
    8      2.189162865370      4.701176269467     -0.104436716566
    8     -2.333456489145      0.083247305558      0.064643773641
    8      2.290399096341      2.350911759936      2.371926665586
    8      4.631040995573      4.709952506629      2.329947680553
    8     -0.066808865360     -0.004664006249      2.343497191470
    8      4.549589443110      2.310880509974      4.719917814250
    8      7.098323253318      4.642333468057      4.762690160208
    8      2.312577962241      0.007030499809      4.702779878509
    8     -0.028744382968      4.774085586239      2.341864217921
    8      2.297837229341      7.086528048751      2.344367096792
    8     -2.488236563255      2.179662690437      2.232861538333
    8      2.183822455775      4.527224539110      4.702817302489
    8      4.633057671054      6.956787886653      4.673854312802
    8      0.099044651456      2.440067453103      4.689920477587
    8      4.622719200706      4.485571802087      7.022610253558
    8      7.013516072184      6.908966937283      7.052298510403
    8      2.512974403532      2.560220478048      7.040487757306
    0    0
