   3   1   1 E -1.6031084235351E+04 DE-4.8E-10( 11)
 -0.394676604921E-02  0.700670107672E+01  0.705936333259E+01
  0.696096947364E+01  0.534797545236E-02  0.705605348902E+01
  0.695646931613E+01  0.700626930074E+01  0.239382834357E-02
    1
  0.100000000000E+01  0.000000000000E+00  0.000000000000E+00
  0.000000000000E+00  0.100000000000E+01  0.000000000000E+00
  0.000000000000E+00  0.000000000000E+00  0.100000000000E+01
  0.000000000000E+00  0.000000000000E+00  0.000000000000E+00
   54
   20     -0.025773498409     -0.008623582776     -0.054532716424
   20      2.296397515232      2.371082493628     -0.037884175350
   20     -2.300526215338     -2.338193848446     -0.013816867970
   20      2.299323431405     -0.058462703789      2.425057776703
   20      4.725147286836      2.373861957533      2.404880311279
   20      0.035383603089     -2.360775501228      2.436321065654
   20     -2.310618949451     -0.042092166245     -2.374914472150
   12      0.058745687523      2.400736577531     -2.368945596320
   12     -4.664216757929     -2.401122999145     -2.408109607046
   20     -0.078272330771      2.352717000741      2.409691180276
   20      2.331813405657      4.712061465051      2.370322438066
   12     -2.325997511596     -0.053597117223      2.404967998124
   20      2.272411536083      2.362285577827      4.729918711597
   12      4.676097059524      4.636377611479      4.652815326533
   12      0.039505409559     -0.025781900061      4.706049099637
   20     -2.335896675469      2.372260041913      0.012168356560
   20     -0.033437946015      4.692954157388     -0.064164542790
   20     -4.669162778592      0.029164042198     -0.019813292181
   12      0.031049082101     -2.353180893973     -2.369611831899
   20      2.343234949462      0.012192454277     -2.399674234284
   20     -2.327025907877     -4.653423166039     -2.423541844132
   20      2.325410434581     -2.373314936775      0.014173031839
   20      4.690560351367     -0.004224158962     -0.031224182762
   12      0.043282715841     -4.841574398108     -0.114387584688
   12     -2.520190415553     -2.357142265866     -4.570319887008
   20      0.025621861012      0.036486159221     -4.673654280755
   12     -4.647882940058     -4.681357351376     -4.637665532783
    8      0.008797042887     -0.018882278689     -2.363868847277
    8      2.192639196438      2.440653030732     -2.450099522472
    8     -2.329672347189     -2.343858266478     -2.399625484407
    8      2.321849127233     -0.007258657594     -0.011455811536
    8      4.738169434722      2.350891408349     -0.007099180180
    8      0.002189712904     -2.428369449564     -0.048859456906
    8      4.654612026105     -0.056927675276      2.368085582993
    8      7.124772814423      2.365795270430      2.443637251288
    8      2.467800468905     -2.466623178264      2.459207848146
    8     -0.014477304321      2.356775242629     -0.058786046712
    8      2.298514514929      4.677750651400     -0.063329580573
    8     -2.321301280990     -0.004458056128     -0.000946971646
    8      2.312423910824      2.348974279910      2.397583901405
    8      4.670432872752      4.750886752255      2.437046827844
    8     -0.093545246874     -0.017510005384      2.420349406871
    8      4.744552206904      2.429616460248      4.708683778552
    8      6.946731456996      4.684248769532      4.703671719457
    8      2.208202700479     -0.100041792105      4.702604650023
    8     -0.062221091831      4.692822518553      2.416540740710
    8      2.431385686236      7.102837272292      2.346020964200
    8     -2.456440398093      2.393868902773      2.340832731070
    8      2.310149406271      4.688148524465      4.703547888866
    8      4.757355443347      6.905264270862      4.604236721347
    8     -0.033923689312      2.370318849148      4.766173208224
    8      4.634623609224      4.689985177109      7.029503303579
    8      6.949424112768      7.120559852366      6.988049361239
    8      2.192687318818      2.357652165760      7.094338292940
    0    0
