   3   1   1 E -1.6031085184887E+04 DE-7.1E-10( 11)
  0.715521357335E-02  0.702433914508E+01  0.706444272519E+01
  0.694992948941E+01 -0.295472854466E-03  0.706498886709E+01
  0.695949122639E+01  0.702857903514E+01 -0.380442693369E-02
    1
  0.100000000000E+01  0.000000000000E+00  0.000000000000E+00
  0.000000000000E+00  0.100000000000E+01  0.000000000000E+00
  0.000000000000E+00  0.000000000000E+00  0.100000000000E+01
  0.000000000000E+00  0.000000000000E+00  0.000000000000E+00
   54
   20      0.043247622706     -0.033882526296     -0.010205438322
   20      2.354829397371      2.370722821123     -0.093569277076
   20     -2.332584949650     -2.368818097686     -0.027975837914
   20      2.334592317293     -0.044657476174      2.356642524760
   20      4.693569350988      2.331124790453      2.374845317452
   20      0.035347179730     -2.377664487301      2.374940872854
   20     -2.330773069213     -0.022531257359     -2.328080798155
   20      0.063587657662      2.371578463052     -2.313189862029
   12     -4.595083909380     -2.291669792700     -2.326600433273
   20     -0.033511542330      2.373684653618      2.333678211764
   20      2.298027888090      4.749364882141      2.355526940263
   20     -2.407605921518     -0.005370910820      2.372129790397
   20      2.282776741816      2.373190949675      4.782904476044
   12      4.432685457292      4.684536823770      4.796392161799
   20     -0.014440859230     -0.027546461257      4.750617239814
   20     -2.370527464588      2.389671862260     -0.045032882475
   12      0.049813499211      4.633632627972     -0.013384780760
   12     -4.731009679733      0.028660235478     -0.036808170472
   20      0.034122757390     -2.348425248274     -2.313441742115
   12      2.404855591507     -0.117507833659     -2.300420603854
   12     -2.336791789729     -4.639410204330     -2.366868159226
   12      2.271389979358     -2.390064335803     -0.081822703631
   20      4.682618196472     -0.027572489523     -0.058685481202
   12      0.054492055962     -4.658809786386      0.007249260452
   20     -2.314549572321     -2.346945481900     -4.718708684262
   12      0.062185837852      0.118262266603     -4.815951437048
   20     -4.658102577884     -4.699603862902     -4.694258013654
    8      0.140779046592     -0.013446108473     -2.312860080307
    8      2.476675661518      2.357555008613     -2.347076256542
    8     -2.396189452948     -2.423654996637     -2.346449988778
    8      2.348209404618     -0.089581167438     -0.067098671867
    8      4.753198360109      2.341254917912     -0.064686291690
    8      0.100944935417     -2.430928024885      0.010445856460
    8      4.704083294001     -0.014665658698      2.358247511775
    8      6.976469695183      2.260271411972      2.320805719643
    8      2.323263521795     -2.349571013981      2.362866667810
    8      0.017879158484      2.405516699430     -0.030712473377
    8      2.199188997298      4.806298419207     -0.120823228578
    8     -2.410146883547     -0.013096186390     -0.036782463823
    8      2.318285099799      2.362524153230      2.350251418277
    8      4.630726589307      4.689878299763      2.391184032555
    8     -0.010558264873     -0.018675347684      2.354258886753
    8      4.630423410361      2.411757993279      4.735351657595
    8      6.999746294191      4.691212654806      4.751799380349
    8      2.304536979826     -0.063203391592      4.769127126391
    8      0.020396185081      4.752707206877      2.313476352917
    8      2.171398927960      7.013188417177      2.360322714480
    8     -2.338617659519      2.347428311957      2.386924039262
    8      2.417253225688      4.787085717031      4.797450665568
    8      4.508815630285      6.982270306757      4.708281329776
    8     -0.080580802564      2.352426123896      4.750341934069
    8      4.593066793449      4.694626781013      7.011609548508
    8      7.091238612405      7.009620586562      7.127026515579
    8      2.160944727119      2.364050945661      7.072117851110
    0    0
