   3   1   1 E -1.6031095213267E+04 DE 3.7E-09(  8)
  0.452018546315E-02  0.699971577540E+01  0.700791196714E+01
  0.702288094508E+01 -0.227601316612E-02  0.700739497237E+01
  0.702863016975E+01  0.699786810165E+01 -0.862727495120E-03
    1
  0.100000000000E+01  0.000000000000E+00  0.000000000000E+00
  0.000000000000E+00  0.100000000000E+01  0.000000000000E+00
  0.000000000000E+00  0.000000000000E+00  0.100000000000E+01
  0.000000000000E+00  0.000000000000E+00  0.000000000000E+00
   54
   20      0.000984675731     -0.011995207646     -0.032775831434
   20      2.347718673972      2.334113093700     -0.016693438505
   20     -2.327184601375     -2.336285800871     -0.026028372030
   20      2.360823073927     -0.056917076622      2.324284382346
   20      4.715322953891      2.324795022025      2.325954611170
   20      0.045401660879     -2.358818978991      2.331428201788
   20     -2.349630259915     -0.013189785319     -2.337315735143
   20     -0.001655387792      2.391674867741     -2.336951274701
   12     -4.722077435624     -2.371373564916     -2.304542218953
   20     -0.023452684647      2.367255436551      2.320182456168
   20      2.319877996431      4.681960189033      2.336235657261
   20     -2.365039657530      0.019293414194      2.334804361252
   20      2.347752256291      2.381231895398      4.697536856497
   12      4.675346474772      4.662716081104      4.834386728147
   20     -0.024102232448     -0.037450095137      4.725836629608
   12     -2.409015673147      2.346698277377      0.055141736006
   12     -0.014834316087      4.635899579163     -0.033300065081
   20     -4.720871626009      0.045799633116     -0.011368371691
   12      0.062432223952     -2.328293059865     -2.245686861065
   20      2.364991752779     -0.032106086363     -2.312499752083
   20     -2.333405568715     -4.642814385937     -2.308753328985
   12      2.303073882051     -2.393817391370     -0.010382335024
   12      4.732772467273     -0.068816990144     -0.039148562464
   12     -0.022265899172     -4.614686610199     -0.027275031184
   20     -2.367701477151     -2.353299176474     -4.765719022818
   20      0.000380102129      0.000438902698     -4.722226545410
   12     -4.666445622387     -4.598872644018     -4.696225150927
    8      0.001085243706     -0.083956181578     -2.336456661017
    8      2.350341958598      2.452371828312     -2.392858967535
    8     -2.346926771437     -2.326489580714     -2.356389699120
    8      2.419483715214     -0.089725138521     -0.025521908969
    8      4.772331989527      2.265152388001     -0.002020299999
    8      0.086206785397     -2.411869416014     -0.042364258286
    8      4.679010453324     -0.008037578537      2.284609978435
    8      7.105947225417      2.336237310005      2.249532212027
    8      2.335490427773     -2.431489001860      2.311049055812
    8     -0.064553648072      2.411274675780     -0.025692743347
    8      2.276742423368      4.668541420292     -0.007971159630
    8     -2.348245780039      0.072025485699     -0.008830505708
    8      2.345740013225      2.323948670263      2.342666295248
    8      4.687939733441      4.665758249482      2.330141383455
    8     -0.000167474709     -0.002352773645      2.327223670281
    8      4.677251769079      2.450251855569      4.744533515834
    8      7.098554357357      4.673208755016      4.775284113458
    8      2.338592762635     -0.068884058653      4.698367103116
    8      0.000384088981      4.658906052804      2.301702050336
    8      2.347718619030      7.076205459608      2.322968854316
    8     -2.421079348054      2.329284679423      2.295751739655
    8      2.299307217590      4.669176300257      4.704028845822
    8      4.680321754417      6.905871741403      4.750118696165
    8      0.015994715615      2.427687022306      4.783585481270
    8      4.674511431837      4.609309019838      6.888326275598
    8      6.914420399408      6.984037854867      7.002102825254
    8      2.396541036588      2.449300809878      7.092213338860
    0    0
