   3   1   1 E -1.6031059942533E+04 DE 2.5E-10( 11)
  0.349302180470E-01  0.700544416778E+01  0.699796036200E+01
  0.703485023913E+01 -0.442037272873E-03  0.702410359375E+01
  0.703661182432E+01  0.702812342766E+01  0.354082807373E-02
    1
  0.100000000000E+01  0.000000000000E+00  0.000000000000E+00
  0.000000000000E+00  0.100000000000E+01  0.000000000000E+00
  0.000000000000E+00  0.000000000000E+00  0.100000000000E+01
  0.000000000000E+00  0.000000000000E+00  0.000000000000E+00
   54
   20      0.010960668218     -0.011594327855     -0.010403232702
   20      2.361069119012      2.327807971863     -0.011343023746
   20     -2.332720209540     -2.352602279047     -0.012821616479
   20      2.344140963232     -0.005539207512      2.339649218940
   20      4.691944783938      2.337903370388      2.340410558964
   20      0.002450890220     -2.343801789989      2.338513834903
   20     -2.346708078557     -0.002228402040     -2.333170747561
   20      0.003318520596      2.338555178818     -2.337390288248
   20     -4.688610617016     -2.341932590869     -2.339317088339
   20     -0.002324034843      2.338053084333      2.341647926413
   20      2.347593358781      4.691285124302      2.338480910862
   20     -2.340008094115      0.007004735339      2.337775384104
   20      2.330221132867      2.342960855011      4.707965871932
   20      4.684617355186      4.700433921670      4.703764196134
   12     -0.000986471399      0.012773501676      4.707032024957
   12     -2.350632501070      2.324125921736     -0.018155094325
   20      0.002978186530      4.693764400670     -0.018651180980
   12     -4.679587346222      0.011913489857     -0.024962264463
   12      0.030792768561     -2.371831320283     -2.338812113477
   12      2.370836673254     -0.035007079840     -2.333177227136
   12     -2.294146944295     -4.734274288257     -2.333780104310
   12      2.335505281470     -2.333558351663     -0.016569957600
   12      4.678075201930      0.021794313342     -0.021188235161
   12     -0.015562384919     -4.690810747279     -0.027157560127
   20     -2.360965120660     -2.335738908407     -4.682734815426
   20     -0.008875593895      0.012907064240     -4.680049989666
   20     -4.699860956678     -4.681385790462     -4.684300099551
    8      0.009956687840     -0.010336081279     -2.341696551586
    8      2.359258513099      2.328895750181     -2.344045677157
    8     -2.336119964568     -2.353734764901     -2.343982310385
    8      2.366179354216     -0.025816459459     -0.013417769579
    8      4.717077751877      2.315854072919     -0.010118784015
    8      0.021904153837     -2.363438434305     -0.014558721292
    8      4.684547540629      0.004221509134      2.340547144789
    8      7.030191378714      2.342960882077      2.337156683164
    8      2.338712592785     -2.339916878058      2.335721382763
    8      0.003833247262      2.336302442882     -0.007635018798
    8      2.355303757554      4.690741343103     -0.009747466043
    8     -2.346855130898      0.004261796256     -0.007098368355
    8      2.345998522766      2.338710214540      2.344307598761
    8      4.692957216625      4.687539393908      2.341135690598
    8      0.004517016760     -0.001640781335      2.347237079088
    8      4.687218696834      2.343732438464      4.699743827902
    8      7.037472189674      4.695876373120      4.689035181031
    8      2.330744627781     -0.003881133871      4.699464249450
    8      0.010760204958      4.683625571374      2.330494296708
    8      2.359403284229      7.026287118589      2.327884668039
    8     -2.335945261299      2.333683146567      2.321860376956
    8      2.322430683355      4.712357951579      4.710067525114
    8      4.691765077398      7.064609440036      4.705753164455
    8     -0.036410129769      2.339686709265      4.716270158815
    8      4.683193383879      4.689970502058      7.017012339582
    8      7.055004024279      7.054063391147      6.990690085040
    8      2.352149296307      2.333471648060      7.021885454214
    0    0
