   3   1   1 E -1.6031061623009E+04 DE-8.0E-11( 11)
  0.473819268278E-01  0.699178715624E+01  0.699217672706E+01
  0.703791525999E+01 -0.244229544852E-02  0.703393218857E+01
  0.703900148535E+01  0.703412286868E+01 -0.159081531004E-02
    1
  0.100000000000E+01  0.000000000000E+00  0.000000000000E+00
  0.000000000000E+00  0.100000000000E+01  0.000000000000E+00
  0.000000000000E+00  0.000000000000E+00  0.100000000000E+01
  0.000000000000E+00  0.000000000000E+00  0.000000000000E+00
   54
   20      0.004407035259     -0.008291450636     -0.006457486042
   20      2.353873936859      2.339756882433     -0.005865137292
   20     -2.334614089349     -2.356613811072     -0.011259870498
   20      2.357184604594     -0.011702075889      2.334918332665
   20      4.705096183132      2.331222166983      2.331110152248
   20      0.012678188412     -2.358672847574      2.333487925715
   20     -2.338027507500     -0.010673689403     -2.352084502971
   20      0.006217383972      2.339718197279     -2.351254057046
   20     -4.681393463952     -2.352089725483     -2.349869708811
   20     -0.000642626832      2.346982912085      2.345730312361
   20      2.348675595652      4.687403018952      2.332567857109
   20     -2.342599597060     -0.003629432611      2.337690377540
   20      2.347874368404      2.339992554796      4.689550229343
   20      4.699211864844      4.684472540294      4.684564581395
   20      0.006537101601     -0.000024913203      4.693686219856
   20     -2.349912024725      2.343513395890      0.001250694737
   20      0.002707940365      4.697233643696      0.002349951502
   12     -4.687819622076      0.000416979321      0.005354360713
   12     -0.007936364339     -2.352266236746     -2.352056765245
   20      2.330406269282      0.015320537907     -2.330960556403
   12     -2.338657688626     -4.680471455511     -2.352411363015
   12      2.318291744123     -2.320068983027      0.031829209471
   12      4.700422415739     -0.005317813673     -0.000850196027
   12      0.013876991539     -4.705621753505     -0.005219285632
   12     -2.346792389442     -2.348267711550     -4.692869718409
   12     -0.003066009529      0.005590465356     -4.698861032003
   12     -4.729148987279     -4.668676557771     -4.662258425936
    8     -0.000135473662     -0.004904581956     -2.350938012528
    8      2.350373700810      2.343784419142     -2.348401939331
    8     -2.331087074803     -2.359295202074     -2.358000137187
    8      2.352398638687     -0.007349174482     -0.002710484252
    8      4.706574496226      2.329249344061     -0.018667390075
    8      0.013720360185     -2.361971529854     -0.016398783261
    8      4.707134252441     -0.017076308465      2.330125255291
    8      7.054412957351      2.326419454795      2.329552505564
    8      2.362064458563     -2.364607222648      2.329863044166
    8      0.002215109272      2.343856138284     -0.001174862574
    8      2.354866885706      4.690685690071     -0.006802351341
    8     -2.345438746725     -0.007863662252     -0.006994588440
    8      2.354271013947      2.339122076701      2.337929902325
    8      4.702256026758      4.679970462878      2.332619493469
    8      0.006194650669     -0.006541885335      2.339493954506
    8      4.697714937369      2.336670631693      4.684642616375
    8      7.045652566819      4.684500983252      4.685522374986
    8      2.354644038060     -0.008230970016      4.689512539195
    8     -0.003680657711      4.699467797292      2.350926802553
    8      2.354015793801      7.032473563273      2.320052581604
    8     -2.353210803787      2.349973372105      2.349995666537
    8      2.353835088254      4.679282425609      4.681265138351
    8      4.703244328040      7.030265359902      4.683864565164
    8     -0.004078788725      2.350993383859      4.696462040009
    8      4.684185736729      4.697573601519      7.039204776182
    8      7.051072892288      7.047314214230      7.048269263199
    8      2.339276385136      2.332607563699      7.039305381626
    0    0
