   3   1   1 E -1.6031056514004E+04 DE 6.0E-10( 11)
  0.302991558695E-01  0.694297589559E+01  0.686985217027E+01
  0.698829788251E+01 -0.251588953671E-01  0.691803257245E+01
  0.700615125107E+01  0.700389918737E+01 -0.374419545866E-01
    1
  0.100000000000E+01  0.000000000000E+00  0.000000000000E+00
  0.000000000000E+00  0.100000000000E+01  0.000000000000E+00
  0.000000000000E+00  0.000000000000E+00  0.100000000000E+01
  0.000000000000E+00  0.000000000000E+00  0.000000000000E+00
   54
   20      0.012847433319     -0.003592940740     -0.031375453561
   20      2.344219687261      2.323648929539     -0.071980919310
   20     -2.365298985644     -2.342792349005     -0.032714239388
   20      2.362172761817     -0.032983811962      2.306086728584
   20      4.653934781891      2.317654023333      2.284900788774
   20      0.010165514590     -2.350471276348      2.328070132363
   20     -2.350177714812      0.002438495425     -2.316578951124
   12     -0.006262750435      2.364650362973     -2.399714162076
   12     -4.676988988556     -2.304021447015     -2.363334463709
   20      0.010249096731      2.325029111970      2.307488327923
   20      2.350245138967      4.665179224370      2.295406151360
   20     -2.350208811169      0.004031499175      2.329259151481
   12      2.362002690212      2.336302452920      4.721123936284
   20      4.643193343072      4.658653307097      4.628777674775
   20      0.018378105201     -0.020438198652      4.640054524507
   20     -2.344954737442      2.346461951528     -0.008799395101
   20      0.017442355291      4.680110011722     -0.032384421920
   12     -4.694681787517     -0.029086221598     -0.084389059683
   20      0.004308551432     -2.325441711581     -2.290868759152
   12      2.411306833385      0.059372420387     -2.227399422593
   12     -2.380288561027     -4.649989876763     -2.200340357524
   12      2.420117711057     -2.385746133218      0.048740350457
   12      4.667354426405     -0.056155034162      0.112623650601
   20     -0.003493438790     -4.669225170851     -0.003457088563
   12     -2.443041719486     -2.360581191791     -4.730125449461
   20      0.006067637813      0.034835573057     -4.604474163048
   20     -4.662398103812     -4.629829993654     -4.571267509319
    8      0.017824064616      0.040999238169     -2.311725921957
    8      2.333538200990      2.352367310367     -2.334250277758
    8     -2.404219925465     -2.369688416372     -2.367570379478
    8      2.381114368705     -0.052562090785     -0.078735506929
    8      4.655094797586      2.300579427857     -0.079708771330
    8      0.015775672133     -2.337227671807     -0.006866720875
    8      4.662842504363     -0.033217140904      2.274743511466
    8      6.998282351471      2.337250688648      2.311350048175
    8      2.366761122830     -2.343783325938      2.311016326720
    8      0.000475919256      2.338705266660     -0.049513911683
    8      2.338379218719      4.686431940550     -0.068505910063
    8     -2.363786090522      0.001070519413     -0.014882462496
    8      2.349526940628      2.318789066919      2.306465288998
    8      4.657955738504      4.661595889902      2.286317770770
    8      0.009798979470     -0.015629217639      2.312756517125
    8      4.642849914978      2.320907958009      4.605550362346
    8      7.024191704942      4.629677490324      4.606229462300
    8      2.346727647129     -0.021049221179      4.647306391021
    8      0.016950204001      4.650990348122      2.290745697623
    8      2.360980390497      6.990312017930      2.277635463373
    8     -2.331509397617      2.346163854809      2.337064368523
    8      2.364374662872      4.636599914138      4.632759937112
    8      4.644473175564      7.008493109061      4.663000447441
    8      0.023130401266      2.298769489286      4.598277876951
    8      4.597635927563      4.689341276268      6.958991608670
    8      7.038363396179      6.967375782122      6.874790596977
    8      2.347624942097      2.286447334048      6.860423132036
    0    0
