   3   1   1 E -1.6031067216500E+04 DE 7.8E-10( 11)
  0.765472080300E-01  0.698034817104E+01  0.698901221241E+01
  0.700671404695E+01  0.344145489759E-01  0.702184518853E+01
  0.701396381817E+01  0.701552216295E+01  0.326350462376E-01
    1
  0.100000000000E+01  0.000000000000E+00  0.000000000000E+00
  0.000000000000E+00  0.100000000000E+01  0.000000000000E+00
  0.000000000000E+00  0.000000000000E+00  0.100000000000E+01
  0.000000000000E+00  0.000000000000E+00  0.000000000000E+00
   54
   20      0.011560146096     -0.025464393331     -0.033218551220
   20      2.352831723857      2.324257569129     -0.000341069618
   20     -2.302457450861     -2.352938501020     -0.027260404805
   20      2.357573355337     -0.029758540990      2.314715115738
   20      4.694777657725      2.324695146985      2.326022281080
   20      0.042515711184     -2.359929519160      2.303997585887
   20     -2.336676992689     -0.029002991468     -2.347779107629
   20      0.003858837526      2.325012618833     -2.330047715259
   20     -4.653019054916     -2.351967267795     -2.349109533977
   20     -0.009822223316      2.345271215056      2.328257758960
   20      2.357603913864      4.685760264667      2.334043190307
   20     -2.322926800730      0.012900482556      2.296819872084
   20      2.317682407732      2.326409151125      4.706837855992
   20      4.685923125939      4.688353301910      4.704633863863
   12      0.003388174869      0.090936754075      4.670444902580
   12     -2.409977884297      2.324512103033      0.056450616568
   20      0.004439332180      4.698775276548      0.005500756699
   12     -4.646779003097      0.126411549633     -0.046532702998
   12     -0.035056227171     -2.302511264797     -2.301237343063
   20      2.319300353844      0.003010219834     -2.305422660162
   20     -2.338854510826     -4.669157889180     -2.328237396682
   12      2.326894625581     -2.352249201855      0.063703573276
   12      4.704651700609      0.009254888344      0.060135613696
   12      0.081578670231     -4.701215489933     -0.047684741369
   12     -2.429276132233     -2.263691602832     -4.648638463941
   20     -0.020981237442      0.019748770909     -4.683757361928
   12     -4.842388855339     -4.778493408312     -4.666166451180
    8     -0.003514570099     -0.025713313789     -2.332605226578
    8      2.344367219515      2.336303941043     -2.328473629855
    8     -2.287400325882     -2.351750787403     -2.337867452913
    8      2.370664089304     -0.043696526898     -0.005895353678
    8      4.717371353526      2.303917641106      0.009623998097
    8      0.076055069272     -2.400702547113     -0.052407740927
    8      4.675885242497     -0.022614355407      2.305554223569
    8      7.049030406135      2.344625667605      2.329541630274
    8      2.419255541323     -2.394369141762      2.305223632199
    8     -0.021281530354      2.334071750366     -0.013940602980
    8      2.357901916182      4.696360040604      0.005277132564
    8     -2.349467104698      0.013745160535     -0.031930476918
    8      2.341780658745      2.329817991240      2.324334971169
    8      4.700113336779      4.672726096757      2.335195120603
    8      0.015544463976     -0.014681408330      2.322997397186
    8      4.667920209994      2.341555817030      4.707804719088
    8      7.023854444337      4.711250616975      4.694371445288
    8      2.311612270656     -0.009579431472      4.702100230044
    8      0.021185946860      4.685987970066      2.338648946185
    8      2.375614126233      7.045553925377      2.315469649597
    8     -2.358626583452      2.386292265652      2.279177274109
    8      2.354665382833      4.669987563198      4.711661433689
    8      4.745192105097      7.005147592865      4.703166228969
    8      0.013290298818      2.320156714485      4.707364250821
    8      4.631435688869      4.714206122216      7.075551369089
    8      7.033958094009      7.110040075127      6.973413953585
    8      2.294741715060      2.288713291276      7.096229407142
    0    0
