   3   1   1 E -1.6031106454545E+04 DE 5.1E-10( 11)
 -0.361956351663E-02  0.698440817449E+01  0.702848691011E+01
  0.699752506731E+01 -0.191573132328E-01  0.703690708443E+01
  0.698525440539E+01  0.697362137676E+01 -0.110163910561E-04
    1
  0.100000000000E+01  0.000000000000E+00  0.000000000000E+00
  0.000000000000E+00  0.100000000000E+01  0.000000000000E+00
  0.000000000000E+00  0.000000000000E+00  0.100000000000E+01
  0.000000000000E+00  0.000000000000E+00  0.000000000000E+00
   54
   20     -0.018207331139     -0.002382839033     -0.014144370877
   20      2.321310937626      2.332871670663     -0.008870455661
   20     -2.323718712699     -2.316328348613     -0.011295685865
   20      2.332864976215     -0.004812835342      2.344989243886
   20      4.687774830081      2.298888051423      2.334804277548
   20      0.013240903664     -2.355714884325      2.391804620679
   20     -2.333368071501      0.018276930000     -2.313137983677
   20     -0.019535976300      2.346046716770     -2.346100114181
   20     -4.699544595764     -2.303515597300     -2.330372670515
   20     -0.032139017473      2.373636561426      2.360994088304
   20      2.279796976564      4.711230128940      2.309400270306
   20     -2.359097978722      0.017881023226      2.354753286310
   20      2.316801407380      2.338564452526      4.729089924854
   12      4.750181503444      4.659419896096      4.761069361606
   12     -0.011904832966     -0.101474660426      4.761367740170
   12     -2.341293292737      2.311820504730      0.044112941210
   12     -0.050569573935      4.811960601010     -0.041114484336
   12     -4.695249436147      0.014847659886      0.034732051490
   12     -0.012582706478     -2.264187373956     -2.356186167416
   20      2.327981913565     -0.028376315265     -2.367964332886
   20     -2.314976415514     -4.679251779454     -2.377972745427
   20      2.382042965572     -2.372275913571     -0.004705848747
   12      4.724313822466     -0.044865762694     -0.020285220783
   20      0.038923832147     -4.751982258633     -0.027542543296
   20     -2.293395802917     -2.311277327000     -4.740399634950
   12      0.013207587780      0.020058432433     -4.716601000087
   12     -4.664075388331     -4.720249698573     -4.731633163544
    8     -0.007800275882     -0.091647140207     -2.403725815936
    8      2.326645267829      2.316819395208     -2.401279959852
    8     -2.231343015247     -2.317760020065     -2.348233956865
    8      2.397238725835     -0.016233200052      0.004717436338
    8      4.669134450637      2.236071382744     -0.025715773889
    8      0.013831526558     -2.346360628521     -0.020963551520
    8      4.738103402120     -0.006869416106      2.279024199747
    8      7.089024341683      2.204193606455      2.333776631090
    8      2.337949831168     -2.408614408568      2.363427722592
    8     -0.101754680517      2.412690666459     -0.005888399590
    8      2.248680275685      4.755756437981     -0.014536134178
    8     -2.412837066505      0.082126000424     -0.001291681979
    8      2.320453300145      2.340394602001      2.326797680383
    8      4.665875168198      4.650582453997      2.389737397006
    8     -0.007619819966     -0.005552216424      2.376356408803
    8      4.661760752572      2.415457553724      4.755949677721
    8      6.906868241163      4.733739976538      4.777271004639
    8      2.217595262330     -0.006645821675      4.766142276136
    8     -0.003631144587      4.791253813383      2.344082300178
    8      2.220163565773      7.078587171391      2.292548557808
    8     -2.421833575307      2.332828848324      2.253511025764
    8      2.287074181455      4.655642669551      4.695764437289
    8      4.779773764417      6.864456079548      4.797906666611
    8     -0.006897670001      2.329354713469      4.683805194530
    8      4.765026960260      4.670739333819      6.934062322516
    8      6.996249574520      6.854302032289      6.995740697735
    8      2.439705723152      2.200804150455      7.126445654453
    0    0
