   3   1   1 E -1.6031100341071E+04 DE-1.6E-09( 10)
  0.918505959320E-02  0.701635608806E+01  0.699212947208E+01
  0.698587174496E+01  0.377227876016E-02  0.699151534423E+01
  0.700291028319E+01  0.702583956151E+01 -0.640407638839E-02
    1
  0.100000000000E+01  0.000000000000E+00  0.000000000000E+00
  0.000000000000E+00  0.100000000000E+01  0.000000000000E+00
  0.000000000000E+00  0.000000000000E+00  0.100000000000E+01
  0.000000000000E+00  0.000000000000E+00  0.000000000000E+00
   54
   20     -0.006206850941     -0.020650689884     -0.040687997587
   20      2.341019459323      2.358742497531     -0.039952579004
   20     -2.342182194936     -2.340543648501     -0.044060270504
   20      2.328180949161     -0.040404319475      2.337833748473
   20      4.693423769830      2.341229684941      2.342474934274
   20      0.031221629714     -2.363899400038      2.333804915819
   20     -2.330172807062     -0.032301558621     -2.316613676975
   20      0.025559212964      2.360173089963     -2.361647731409
   12     -4.641935387391     -2.390194575361     -2.292873517477
   20     -0.055257011383      2.359479790418      2.356935563657
   20      2.317480627249      4.731990301387      2.349787316034
   20     -2.395141134391      0.035232196841      2.348718308121
   20      2.346139781107      2.384260137858      4.747408706588
   12      4.617794232163      4.637465530273      4.719042157397
   20     -0.004745998542     -0.014859697454      4.690399235946
   12     -2.380600309559      2.332845624633     -0.014054799834
   20     -0.010096970334      4.691529323180      0.009813490047
   12     -4.669285056292     -0.037980462406     -0.005020103448
   12     -0.002145506663     -2.354009802766     -2.363636520460
   20      2.326893938405     -0.004219159776     -2.355625529113
   12     -2.444284162585     -4.589350047703     -2.340278873755
   12      2.377848673915     -2.359674678698     -0.031273361697
   20      4.683427370349     -0.021258690260     -0.022441934798
   20      0.061033612255     -4.674252496114     -0.005528877835
   20     -2.370973548205     -2.389270824618     -4.642181812849
   12      0.107132706595      0.000505049997     -4.664558805874
   12     -4.584686996827     -4.703536574122     -4.642568193363
    8     -0.004561300849     -0.069057106409     -2.412949258038
    8      2.440302973119      2.464295702637     -2.415960932165
    8     -2.363074890216     -2.426894126441     -2.329392412660
    8      2.342487963411     -0.052935118702     -0.034904083488
    8      4.673598369608      2.339061361471     -0.075901362810
    8      0.072589459593     -2.344961732461     -0.074631933248
    8      4.719481675138     -0.011204492586      2.343236304073
    8      7.085261735288      2.290491758043      2.323915084663
    8      2.320188722391     -2.419632678733      2.332398743575
    8     -0.046567789169      2.345106128881     -0.008325726325
    8      2.337011528925      4.741471159529     -0.025698849147
    8     -2.425032084561      0.078050033998     -0.006570933282
    8      2.325102390699      2.350282144875      2.343716397962
    8      4.659043458879      4.687075477471      2.342055004926
    8     -0.013233625209     -0.003742088397      2.336432385856
    8      4.674072187938      2.413480264226      4.731753168386
    8      7.009002002129      4.681987491915      4.666787162418
    8      2.335809494108     -0.065913492843      4.740158910797
    8     -0.012789485974      4.746496435755      2.434216721545
    8      2.216912985950      7.117265586841      2.232074767080
    8     -2.423332985879      2.330623940069      2.353941543896
    8      2.337171549719      4.680541969877      4.692123117746
    8      4.663954478893      7.005826033720      4.661443272375
    8     -0.058735769959      2.424082669892      4.672570122702
    8      4.553807666903      4.597364113526      6.882960406108
    8      7.104665124724      7.021239791435      7.061886182906
    8      2.448274031283      2.389407848641      7.077035733415
    0    0
