   3   1   1 E -1.6031100190098E+04 DE-2.1E-09(  9)
 -0.665174592968E-02  0.700233997587E+01  0.701235551720E+01
  0.699578193666E+01 -0.154059376675E-02  0.701455537199E+01
  0.699491632907E+01  0.700978326908E+01 -0.650874435455E-02
    1
  0.100000000000E+01  0.000000000000E+00  0.000000000000E+00
  0.000000000000E+00  0.100000000000E+01  0.000000000000E+00
  0.000000000000E+00  0.000000000000E+00  0.100000000000E+01
  0.000000000000E+00  0.000000000000E+00  0.000000000000E+00
   54
   20      0.003494258770      0.000319287600     -0.023484906154
   20      2.359193362557      2.331205583257     -0.060242774069
   20     -2.332372079321     -2.349888962199     -0.045800551013
   20      2.329322270558     -0.047229059115      2.379370245715
   20      4.656725250366      2.327721129013      2.342055303987
   20      0.024884299595     -2.333376735091      2.393428605819
   20     -2.337048874732     -0.046255312166     -2.348277678244
   20      0.016263240624      2.375289869294     -2.341039070338
   12     -4.630688876609     -2.361435681442     -2.401330065109
   20     -0.080595913531      2.357598020251      2.393232665292
   20      2.319105809619      4.674913438415      2.346515190953
   20     -2.329356150154      0.052461525878      2.390619895751
   20      2.306329094914      2.348362564746      4.706951075044
   12      4.676923224187      4.669159061385      4.730198512752
   12     -0.093181105357     -0.090879810389      4.718048537289
   12     -2.368747893825      2.386043160155     -0.003369556677
   20     -0.061134997592      4.687600112629     -0.045295345338
   20     -4.680817395423      0.015808751519     -0.018257440150
   12     -0.053997379668     -2.344884494997     -2.367919987528
   20      2.411330827091      0.002682882126     -2.369440882665
   12     -2.299722196902     -4.606826904390     -2.314500904734
   20      2.389337180699     -2.347065318795      0.014639153004
   12      4.695433925010      0.006163977027     -0.071188817042
   20     -0.005960626552     -4.686752749941     -0.024214423207
   12     -2.351579717764     -2.398186283739     -4.648869669495
   20     -0.023102533844     -0.014061144816     -4.671287736406
   12     -4.554706521888     -4.604359166990     -4.644292627586
    8      0.006637323119     -0.076383790554     -2.346032140910
    8      2.445977104941      2.456243706728     -2.417300627754
    8     -2.297527463495     -2.418788874497     -2.417883197074
    8      2.433682472061     -0.002643336757     -0.004727592094
    8      4.660126553818      2.262588758673     -0.093159018900
    8     -0.010981347987     -2.334409513435     -0.026819529125
    8      4.652849967617     -0.082732955916      2.285460383310
    8      7.052406060719      2.340657989661      2.350839740740
    8      2.450842951963     -2.429844838679      2.431224828262
    8     -0.081311685979      2.332681073604     -0.050354203309
    8      2.323589843538      4.669511616229     -0.046472734937
    8     -2.332259454006      0.056121668158     -0.006935704475
    8      2.315527623148      2.330229802716      2.360292322233
    8      4.669007104112      4.672568513768      2.365486277444
    8     -0.004765233516      0.008226780137      2.400357486231
    8      4.655356413178      2.420206199409      4.746835725936
    8      6.968553953017      4.762242334060      4.662378369870
    8      2.244840563336     -0.112601039843      4.684617648640
    8     -0.087586843195      4.668957562586      2.357291650294
    8      2.340128502885      7.080631835806      2.338017342121
    8     -2.434478742037      2.438995980553      2.355262654753
    8      2.347506250148      4.668426292875      4.683867090612
    8      4.776005747896      6.967411862316      4.774362074873
    8     -0.123876485834      2.389985839599      4.679479420677
    8      4.658072091334      4.633730356938      6.982281883023
    8      6.876981644591      7.006411922870      6.950652235019
    8      2.437573942870      2.335068444093      7.076540516440
    0    0
