   3   1   1 E -1.6031096776533E+04 DE-1.1E-09( 10)
 -0.676664146201E-02  0.699975845724E+01  0.700895964239E+01
  0.699298542670E+01 -0.135610178932E-02  0.701085749385E+01
  0.699577666925E+01  0.701055190502E+01 -0.996749586992E-02
    1
  0.100000000000E+01  0.000000000000E+00  0.000000000000E+00
  0.000000000000E+00  0.100000000000E+01  0.000000000000E+00
  0.000000000000E+00  0.000000000000E+00  0.100000000000E+01
  0.000000000000E+00  0.000000000000E+00  0.000000000000E+00
   54
   20      0.001091463665     -0.002258316664     -0.023719120827
   20      2.359401147867      2.337755978744     -0.057248714017
   20     -2.331153153567     -2.358161304975     -0.045842398082
   20      2.335909512094     -0.047450445540      2.377546803820
   20      4.659586034120      2.329453359867      2.344303505406
   20      0.024511832971     -2.334674111479      2.395231265666
   20     -2.335640439418     -0.050452795566     -2.355834947422
   20      0.012842229024      2.377331603909     -2.343900834485
   12     -4.635320488037     -2.365285317481     -2.403033939712
   20     -0.078891547501      2.361974917483      2.383061151700
   20      2.322350097230      4.675496011825      2.346867761847
   20     -2.327294870794      0.049715531409      2.389178020475
   20      2.312931638871      2.344395367564      4.704647107233
   12      4.682144848752      4.602987250474      4.718199717623
   12     -0.090741429301     -0.066544460801      4.710511628859
   12     -2.372381631721      2.385730797130     -0.000056853530
   20     -0.062184410271      4.692621251805     -0.046522704134
   20     -4.679420192320      0.009232422774     -0.021229266549
   12     -0.064683518077     -2.354232451891     -2.366456590676
   20      2.411023998228      0.008028384042     -2.365683382049
   12     -2.314588019870     -4.575674061430     -2.317337865952
   20      2.394675502483     -2.353784883856      0.012913315869
   12      4.699409608876      0.001306680783     -0.067014722944
   20     -0.012113425459     -4.689748189324     -0.024167941460
   12     -2.360124430898     -2.342554923815     -4.638654610994
   20     -0.025928300175     -0.013409444698     -4.669948443236
   12     -4.551874604120     -4.604981443067     -4.630375936764
    8      0.006868026806     -0.058457896262     -2.348186562861
    8      2.444313817630      2.449453542646     -2.414452685949
    8     -2.301527808556     -2.446085296254     -2.425196345894
    8      2.423905182751     -0.005094163385     -0.007924747946
    8      4.660689081750      2.270456805797     -0.084805630787
    8     -0.005210789332     -2.342692254436     -0.023854897365
    8      4.655491065891     -0.070872046942      2.292456396567
    8      7.038844179008      2.339095388377      2.351568857352
    8      2.451795207916     -2.435086434176      2.426069425691
    8     -0.071565933263      2.342314795001     -0.047586404258
    8      2.325349028460      4.670593624956     -0.048025061180
    8     -2.332391308423      0.037964585078     -0.013522564469
    8      2.317761536406      2.332131757538      2.358737998763
    8      4.670213960262      4.678838325354      2.363647735181
    8     -0.008787375782      0.007277289304      2.394744600261
    8      4.651893919612      2.400589395000      4.733052314014
    8      6.972100477880      4.765239701493      4.659210545283
    8      2.254524527622     -0.099263393356      4.679795162899
    8     -0.089026221005      4.669126377195      2.350939057114
    8      2.344039258891      7.065374048315      2.340159907415
    8     -2.456542687674      2.448380771045      2.354730571698
    8      2.352190788472      4.670193172602      4.686259127399
    8      4.790421156004      6.984843349917      4.778274173472
    8     -0.117001319675      2.370165929127      4.680258225322
    8      4.657739549352      4.643468427938      6.991241013175
    8      6.887293016320      7.002473428102      6.949352227917
    8      2.422061755207      2.333047534965      7.061948937178
    0    0
