   3   1   1 E -1.6031062328763E+04 DE 2.4E-10( 11)
 -0.385985056466E-01  0.696807505628E+01  0.699305587064E+01
  0.696786778234E+01 -0.280935064495E-01  0.698938651610E+01
  0.694582626265E+01  0.694922648376E+01 -0.128683518031E-01
    1
  0.100000000000E+01  0.000000000000E+00  0.000000000000E+00
  0.000000000000E+00  0.100000000000E+01  0.000000000000E+00
  0.000000000000E+00  0.000000000000E+00  0.100000000000E+01
  0.000000000000E+00  0.000000000000E+00  0.000000000000E+00
   54
   20      0.015773080917     -0.007416581782     -0.034330716134
   20      2.312504236091      2.325475751721     -0.046894237302
   20     -2.325509904500     -2.304493442877     -0.008468989743
   20      2.326457319228     -0.016807091497      2.361828926953
   20      4.621877370363      2.323209289061      2.339007857970
   20      0.011362228550     -2.320429240157      2.351087617494
   20     -2.331020805082      0.000210613800     -2.338862077768
   20      0.014742550786      2.355908224467     -2.325687614259
   12     -4.667090231629     -2.397712140695     -2.291517874487
   20     -0.021116672638      2.331011955744      2.347486933949
   20      2.316226237503      4.671085170121      2.355890779550
   12     -2.543774000760     -0.226850249899      2.374055002051
   12      2.322551961530      2.392440690922      4.610522011830
   12      4.627677282343      4.731029151725      4.585092066011
   20     -0.044502228891     -0.045134002468      4.672638249436
   20     -2.351373009959      2.363913837673     -0.036173157136
   12      0.068600369712      4.719627909814     -0.024676562115
   20     -4.652559538153      0.021628056590     -0.005484226292
   12      0.116442154311     -2.284440170038     -2.286125690718
   12      2.423288687882     -0.012046715215     -2.290471131730
   20     -2.366617961594     -4.684048790405     -2.341504400500
   20      2.358307116052     -2.321392354341     -0.039831777157
   12      4.669011409929     -0.036306693733      0.051648854900
   20      0.021160198215     -4.657681690181     -0.008950391206
   20     -2.307202436016     -2.316329635959     -4.654147824340
   20      0.030121141933     -0.007643375925     -4.644923541742
   12     -4.597008502483     -4.638686640624     -4.603742408418
    8      0.060597247182     -0.032139184748     -2.348546637918
    8      2.305710688563      2.323219541825     -2.392380226719
    8     -2.329691211018     -2.335851007342     -2.341024255487
    8      2.390437144746     -0.008405963312     -0.042582897465
    8      4.614294139493      2.283363944500     -0.017092185331
    8      0.007209482032     -2.324700366062     -0.048905732333
    8      4.644328502800     -0.023336125661      2.337173814146
    8      6.998163223998      2.311198071078      2.337553769187
    8      2.335563426331     -2.378499634698      2.355022636241
    8     -0.002074353228      2.367819739630     -0.020161766354
    8      2.269806935167      4.655905933164     -0.050708271467
    8     -2.327709874842      0.015847844007     -0.022161711736
    8      2.313658451468      2.327498405321      2.368593800654
    8      4.630888719055      4.699169257369      2.372085219284
    8     -0.038690741721     -0.013956453548      2.329276911393
    8      4.590276316321      2.368299387262      4.652014480632
    8      6.976251160041      4.636353977731      4.687161061666
    8      2.302542581672     -0.018720656479      4.665447769435
    8     -0.008194941846      4.656388761560      2.347896116080
    8      2.375387043686      7.030720801114      2.393226780585
    8     -2.412317951332      2.278743989284      2.312226665499
    8      2.313410038586      4.659274551914      4.658276549737
    8      4.498017083180      6.805834443306      4.689763405125
    8     -0.004913203353      2.338785628946      4.672192524578
    8      4.682322024055      4.711080187096      6.940443806170
    8      6.891890893662      6.880335785450      6.989748659740
    8      2.312439048748      2.329083456571      6.971077192785
    0    0
