   3   1   1 E -1.6031074263707E+04 DE-1.4E-09( 11)
  0.235338847122E-01  0.700489185060E+01  0.699523495524E+01
  0.700071858749E+01  0.250206392708E-02  0.700998080187E+01
  0.699847344896E+01  0.701142288332E+01  0.107990174422E-01
    1
  0.100000000000E+01  0.000000000000E+00  0.000000000000E+00
  0.000000000000E+00  0.100000000000E+01  0.000000000000E+00
  0.000000000000E+00  0.000000000000E+00  0.100000000000E+01
  0.000000000000E+00  0.000000000000E+00  0.000000000000E+00
   54
   20      0.029891287820     -0.051342338622     -0.032610463798
   20      2.314213692780      2.374282176298     -0.039867182497
   20     -2.360552671230     -2.281317222383     -0.041427066347
   20      2.362953541496     -0.043512914574      2.382433736054
   20      4.648149610754      2.348674081587      2.354657568404
   20      0.059041523474     -2.303824246298      2.339189522770
   20     -2.353599556857     -0.065942029337     -2.308281089725
   20      0.042656821677      2.350603480665     -2.299398398137
   12     -4.687708794052     -2.342400796175     -2.130870955827
   20     -0.011034406608      2.385840345911      2.355273490872
   20      2.285122158120      4.730429215052      2.364556678708
   12     -2.443902570554     -0.025497931732      2.292745136682
   12      2.311648483724      2.323956438812      4.756712343937
   20      4.605832783166      4.707733876172      4.671232470909
   20      0.041550122199     -0.015170605042      4.679775942347
   20     -2.367043277528      2.356786474565      0.031726345600
   12      0.054873055622      4.656236670892      0.002428264325
   12     -4.640089532891     -0.137091278205     -0.105261699363
   12      0.002194559460     -2.328403447882     -2.455562385101
   12      2.285702499454     -0.026297957659     -2.297428974512
   20     -2.360261468823     -4.638371486730     -2.386758201220
   12      2.260779135822     -2.255751308063     -0.118784002433
   20      4.637785692959     -0.060374338746     -0.003714961319
   20      0.062812590657     -4.639497650193     -0.077086791129
   12     -2.354503076974     -2.361099180643     -4.605729296580
   20      0.048702063504     -0.076330331971     -4.662960454552
   20     -4.604446457751     -4.661846156889     -4.693290894760
    8      0.115178110160     -0.103344898199     -2.343419176385
    8      2.337100249471      2.358148079955     -2.343158619908
    8     -2.388817338088     -2.329786588663     -2.404335566052
    8      2.339435894267     -0.093670772252     -0.083352362651
    8      4.657645065615      2.360314888081     -0.021663109649
    8      0.078760604481     -2.308048737834     -0.056177937756
    8      4.658518480011     -0.088073270026      2.356374934476
    8      7.034114346619      2.344982787937      2.333765884737
    8      2.465824451309     -2.318891083405      2.376041639436
    8      0.008483500608      2.394008668012     -0.010203723605
    8      2.229774126730      4.795162020330     -0.074708691309
    8     -2.386844225143     -0.042229810062      0.021662413282
    8      2.334482042655      2.366261985735      2.385763960918
    8      4.644788074145      4.758906140956      2.352645695269
    8     -0.023324659708     -0.015823231138      2.329406667965
    8      4.588302703369      2.348605225949      4.702882568039
    8      7.096921562499      4.699982730895      4.749488288617
    8      2.335291131548     -0.040638812146      4.773732438862
    8     -0.068095645165      4.680830174920      2.347791682249
    8      2.490713506140      6.992774013375      2.332980004034
    8     -2.328803843387      2.354185231411      2.327082838736
    8      2.175645338684      4.686499441967      4.833173218672
    8      4.601164362037      6.989158321176      4.640503926674
    8      0.091067792598      2.426831937072      4.664851091623
    8      4.648873041497      4.688610473746      7.051974152862
    8      7.119105910784      6.904287883393      6.974050516009
    8      2.376194252041      2.355161250298      6.883215067042
    0    0
