   3   1   1 E -1.6031071722070E+04 DE 2.9E-10( 11)
 -0.239718133318E-01  0.696662112943E+01  0.697742763792E+01
  0.691261764230E+01  0.677251691398E-02  0.694080106164E+01
  0.696024990585E+01  0.697071732444E+01 -0.341777318860E-01
    1
  0.100000000000E+01  0.000000000000E+00  0.000000000000E+00
  0.000000000000E+00  0.100000000000E+01  0.000000000000E+00
  0.000000000000E+00  0.000000000000E+00  0.100000000000E+01
  0.000000000000E+00  0.000000000000E+00  0.000000000000E+00
   54
   20     -0.000644571136     -0.016891203595     -0.013627182318
   20      2.317267271380      2.340484680681     -0.030498092225
   20     -2.345104109346     -2.329366190038     -0.021662041403
   20      2.299408233387      0.003256399356      2.347751909063
   20      4.629562543550      2.336038408791      2.299294474167
   20     -0.009807777289     -2.314670110201      2.329452476480
   20     -2.314842565255     -0.031560991857     -2.305652056253
   20      0.048135325916      2.325901432720     -2.310372145234
   12     -4.639587116018     -2.327923898689     -2.212879425440
   20      0.004015570251      2.340862443419      2.370486816621
   20      2.301120620287      4.673713307091      2.295424645995
   12     -2.359061890117     -0.002879478481      2.356813573114
   12      2.332598765934      2.324287285669      4.725435934498
   20      4.602323473481      4.675912798803      4.606075844114
   20      0.000246225431      0.042927334294      4.686587486623
   20     -2.327113695473      2.296677147494      0.014273928396
   12      0.151711606859      4.675126643266     -0.025804328776
   12     -4.594167998122     -0.127314090653     -0.022503218915
   12      0.014292203844     -2.396136006269     -2.303001634431
   12      2.289164151014      0.015296889709     -2.348483474967
   12     -2.509895904003     -4.622574393282     -2.354447243710
   20      2.277302829146     -2.346088236706     -0.047303653705
   20      4.634839650040      0.024653161553     -0.049494613105
   12     -0.009752860919     -4.575099042106     -0.088787932925
   20     -2.289171090918     -2.353372749443     -4.612106547432
   20      0.066799530052     -0.015322713782     -4.655238233670
   20     -4.603206213177     -4.681367520497     -4.609646253626
    8      0.066319865593     -0.042114371327     -2.323842492457
    8      2.393046322716      2.315288677718     -2.325297917985
    8     -2.317306010254     -2.389186145224     -2.315595072215
    8      2.301960859421      0.003087168238     -0.038896957011
    8      4.633498604451      2.339730456736     -0.065590940754
    8     -0.012681483597     -2.368411178434     -0.033813510792
    8      4.625173311885     -0.004467665220      2.308088231802
    8      6.954077998710      2.330971893080      2.271992083699
    8      2.297970346188     -2.336482650190      2.346722027850
    8      0.009449898865      2.339888734851      0.004130320618
    8      2.231667638898      4.711334892133     -0.102595346418
    8     -2.362036227602     -0.017500471612     -0.003710248660
    8      2.316366654562      2.341070526967      2.348791111409
    8      4.617169106095      4.691386137172      2.290492915099
    8     -0.027910056077      0.014556922019      2.340830950357
    8      4.587144343323      2.327768566056      4.628751263771
    8      6.995308728940      4.672361803979      4.643927041362
    8      2.301324790879     -0.013787672707      4.675939077136
    8      0.007584163443      4.644338543538      2.346327964300
    8      2.384361264150      6.960947251719      2.314555207598
    8     -2.315844095510      2.273464874847      2.399322781100
    8      2.240385295414      4.645516829293      4.604734956042
    8      4.550779593311      7.065048462421      4.583366120179
    8      0.051805607524      2.439646477192      4.768011419099
    8      4.615603605636      4.641325714465      6.945243993520
    8      6.998637873045      6.988883546914      6.947368172258
    8      2.209740597852      2.239260736681      6.898887192716
    0    0
