   3   1   1 E -1.6031093547315E+04 DE-4.3E-10( 11)
  0.257822390011E-01  0.699260442159E+01  0.703238909855E+01
  0.700436711816E+01  0.157371261340E-01  0.703485416119E+01
  0.702691062277E+01  0.701065733855E+01 -0.501796519298E-04
    1
  0.100000000000E+01  0.000000000000E+00  0.000000000000E+00
  0.000000000000E+00  0.100000000000E+01  0.000000000000E+00
  0.000000000000E+00  0.000000000000E+00  0.100000000000E+01
  0.000000000000E+00  0.000000000000E+00  0.000000000000E+00
   54
   20     -0.010439469446     -0.020920085924      0.001589732180
   20      2.360662834106      2.337079181752     -0.018119957389
   20     -2.349928397471     -2.330229171332      0.006131547247
   20      2.396705458895     -0.066377524488      2.331409679717
   20      4.724860979701      2.292260099880      2.306279829762
   20      0.043093836017     -2.348947998232      2.327174979092
   20     -2.351333836485     -0.039107645785     -2.351488546175
   20      0.016687452109      2.336163827350     -2.344816186131
   12     -4.649332800521     -2.303275103393     -2.286570849367
   20     -0.053627971335      2.336180808296      2.328553479674
   20      2.343002276531      4.733325349665      2.308863565377
   12     -2.324037954876     -0.011137628285      2.278673522503
   20      2.353758740280      2.318239866491      4.750848743304
   20      4.676590698520      4.693951773969      4.724881837683
   20      0.006066174476      0.000753615591      4.744570348051
   12     -2.382098181715      2.364936366956      0.049384534115
   20     -0.032052966703      4.737077571146      0.052650765068
   12     -4.665734910985      0.021185118869      0.049474891639
   20     -0.011253926990     -2.333261819198     -2.334896094992
   20      2.354942334201     -0.003077709361     -2.346763173426
   20     -2.358802446701     -4.674970597771     -2.368325236763
   12      2.351796946017     -2.312072289360      0.001493276481
   12      4.675320457033      0.008997531852      0.067202819452
   12     -0.040362550643     -4.743903084605      0.028348126242
   12     -2.391907101556     -2.283292951010     -4.776439941704
   12     -0.093681687497      0.018047756683     -4.796272640346
   20     -4.660030583102     -4.682196290811     -4.754596351459
    8     -0.024309115953     -0.004923383339     -2.381440148489
    8      2.350277562825      2.392032969432     -2.357974357305
    8     -2.408314580660     -2.335421678390     -2.355500274694
    8      2.416657841827     -0.069299406276     -0.008149704059
    8      4.744211738461      2.273949238159     -0.010778717729
    8      0.057635551549     -2.408636528435      0.011151461359
    8      4.751485683124     -0.090504520056      2.272325462212
    8      7.018718436611      2.270644404752      2.277301478344
    8      2.447427848720     -2.340581527129      2.299474589754
    8     -0.059372626995      2.343985192355     -0.009558154144
    8      2.344279955550      4.758396494861     -0.031365452781
    8     -2.418506050700      0.048397211499      0.065221925136
    8      2.346925118696      2.323967915615      2.322032686204
    8      4.700916045251      4.721370491579      2.335705220675
    8     -0.025960275350     -0.023416723928      2.320864103186
    8      4.692094489635      2.328070633584      4.741462403771
    8      7.073315945100      4.700119134558      4.725730992075
    8      2.346156605455     -0.096219690458      4.761250974417
    8     -0.078130189263      4.765732970470      2.335988645268
    8      2.406619365708      7.011073156362      2.290092661201
    8     -2.340185277795      2.305237226547      2.250678507015
    8      2.360547387580      4.671723078171      4.718793171114
    8      4.704908812082      7.004643111840      4.704670117945
    8      0.004221492330      2.322908582637      4.721533730346
    8      4.549687211043      4.713435027204      7.156545832899
    8      6.979537108578      7.154157367317      7.151377618707
    8      2.387060424459      2.299225270326      7.015691388083
    0    0
