   3   1   1 E -1.6031095509312E+04 DE-5.8E-10( 11)
  0.352335588150E-02  0.700249367742E+01  0.701191279360E+01
  0.702410287727E+01 -0.228717589982E-02  0.701016344254E+01
  0.702696011667E+01  0.699646633512E+01  0.191932254163E-02
    1
  0.100000000000E+01  0.000000000000E+00  0.000000000000E+00
  0.000000000000E+00  0.100000000000E+01  0.000000000000E+00
  0.000000000000E+00  0.000000000000E+00  0.100000000000E+01
  0.000000000000E+00  0.000000000000E+00  0.000000000000E+00
   54
   20      0.014676989091     -0.016080234235     -0.046000588881
   20      2.348529066986      2.319888177188     -0.054724532716
   20     -2.317266760320     -2.352814040360     -0.040769857432
   20      2.342660419305     -0.058173101839      2.410408108452
   20      4.717065358804      2.347053640658      2.363060561653
   20      0.046429386366     -2.351249129213      2.377206555366
   20     -2.336817129659     -0.036456313098     -2.325568498006
   20      0.035082228219      2.361063071794     -2.352996095125
   12     -4.621190853034     -2.329373013269     -2.364329273949
   20     -0.057324747961      2.356939820097      2.382280305849
   20      2.322914332710      4.703860623641      2.359396720770
   20     -2.345612914886      0.025733009612      2.364892407162
   20      2.318213469721      2.372123689472      4.697199628762
   12      4.672671437286      4.690416664281      4.680705580293
   12      0.028906332387     -0.093099861478      4.726572366213
   12     -2.327413672589      2.417220139763      0.012009108575
   20     -0.034033786773      4.675482489552     -0.038925195450
   20     -4.693898829754      0.058747336323     -0.021667886608
   12     -0.008282369419     -2.240131544430     -2.305281101406
   12      2.308149193757     -0.054350062547     -2.370793751161
   20     -2.364929135167     -4.671652233686     -2.391484062525
   20      2.373936075612     -2.387834562969      0.007547940445
   20      4.701536597507     -0.041909847288     -0.039360787696
   12     -0.016446282350     -4.681864469500     -0.059331952680
   12     -2.484433006264     -2.366669947345     -4.594647395191
   20      0.033011982335     -0.000742055617     -4.637100150524
   12     -4.682133498740     -4.682650948741     -4.682087606963
    8      0.094668477493     -0.089071240156     -2.337630802351
    8      2.345255337269      2.342972726700     -2.434286939791
    8     -2.349581216817     -2.345613546570     -2.358605952432
    8      2.353507936156     -0.030655008566     -0.023098219920
    8      4.746253638871      2.318796609137     -0.024056461917
    8      0.020537737304     -2.415489314624     -0.048382559139
    8      4.688193248454     -0.080974903308      2.364119493262
    8      7.101439331893      2.337089726779      2.304021379918
    8      2.471743230947     -2.439672733166      2.428360797981
    8     -0.062436611990      2.335795830690     -0.039117995522
    8      2.320126728234      4.669025009779     -0.084866746293
    8     -2.331700146379      0.059028316649     -0.015338831149
    8      2.335600148295      2.342016926515      2.384729534092
    8      4.683802548893      4.667369483736      2.365907339192
    8      0.002245726451     -0.010817345153      2.379252228976
    8      4.693029711083      2.424948108125      4.718122399272
    8      7.046456220551      4.782366093833      4.676789608375
    8      2.248727424704     -0.080032959833      4.709631697220
    8     -0.094172111685      4.664772863403      2.383850891323
    8      2.358882668569      7.098459229455      2.430971737314
    8     -2.455857642997      2.464709401494      2.216504387746
    8      2.331965708687      4.791879355813      4.688289310974
    8      4.682266676324      6.869667196213      4.659496624327
    8     -0.016581495332      2.371602055658      4.770380819137
    8      4.688801106122      4.537536098897      6.955426409073
    8      7.023598688576      7.094312680535      6.927807878800
    8      2.344865621344      2.341529806077      7.053491438374
    0    0
