   3   1   1 E -1.6031095628232E+04 DE 1.2E-10( 12)
  0.157741436533E-01  0.700182767607E+01  0.700930901798E+01
  0.700182767607E+01  0.157741436533E-01  0.700930901798E+01
  0.701190155118E+01  0.701190155118E+01  0.570757186443E-02
    2
  0.100000000000E+01  0.000000000000E+00  0.000000000000E+00
  0.000000000000E+00  0.100000000000E+01  0.000000000000E+00
  0.000000000000E+00  0.000000000000E+00  0.100000000000E+01
  0.000000000000E+00  0.000000000000E+00  0.000000000000E+00
  0.000000000000E+00  0.100000000000E+01  0.000000000000E+00
  0.100000000000E+01  0.000000000000E+00  0.000000000000E+00
  0.000000000000E+00  0.000000000000E+00  0.100000000000E+01
  0.000000000000E+00  0.000000000000E+00  0.000000000000E+00
   54
   20     -0.003493540835     -0.003493540835     -0.007982314582
   20      2.362744763766      2.362744763766     -0.043022954895
   20     -2.359665683896     -2.359665683896     -0.059298074111
   20      2.367188273903     -0.087334500005      2.344876430040
   20      4.717615594416      2.295773732093      2.322539552508
   20      0.080297349073     -2.398541122604      2.309251244134
   20     -2.363536484754     -0.046481265141     -2.325519277551
   20      0.039665193027      2.339500080027     -2.372650861065
   12     -4.626067686530     -2.417207878269     -2.365094087301
   20     -0.087334500005      2.367188273903      2.344876430040
   20      2.295773732093      4.717615594416      2.322539552508
   20     -2.398541122604      0.080297349073      2.309251244134
   20      2.336427837286      2.336427837286      4.793473046706
   20      4.661216144456      4.661216144456      4.709063059165
   20      0.022775253598      0.022775253598      4.743896893365
   12     -2.421726095501      2.351097468032     -0.002830143199
   20     -0.015371246553      4.697352633185      0.030916195516
   12     -4.604816187679      0.085428564898      0.120118327510
   20     -0.046481265141     -2.363536484754     -2.325519277551
   20      2.339500080027      0.039665193027     -2.372650861065
   12     -2.417207878269     -4.626067686530     -2.365094087301
   12      2.351097468032     -2.421726095501     -0.002830143199
   20      4.697352633185     -0.015371246553      0.030916195516
   12      0.085428564898     -4.604816187679      0.120118327510
   12     -2.417174329401     -2.417174329401     -4.745312751007
   12      0.029091393906      0.029091393906     -4.703847306621
   12     -4.653787247281     -4.653787247281     -4.715476001739
    8      0.000032593987      0.000032593987     -2.411601070035
    8      2.472990787641      2.472990787641     -2.440231720650
    8     -2.481186749925     -2.481186749925     -2.461136031868
    8      2.346258161908     -0.049285838324     -0.009058862027
    8      4.755571506654      2.334963134513     -0.060442187234
    8      0.081595026006     -2.427976004254     -0.001791312476
    8      4.749411206211     -0.082504987517      2.338844640101
    8      7.112849388953      2.244811438320      2.222854956074
    8      2.447407414014     -2.475002525857      2.283459060077
    8     -0.049285838324      2.346258161908     -0.009058862027
    8      2.334963134513      4.755571506654     -0.060442187234
    8     -2.427976004254      0.081595026006     -0.001791312476
    8      2.331492822151      2.331492822151      2.333704565544
    8      4.676203406794      4.676203406794      2.326015650904
    8     -0.003513352053     -0.003513352053      2.337994265242
    8      4.669545618153      2.329456728838      4.737831980117
    8      7.075603389930      4.666028481372      4.687479005588
    8      2.336680712746     -0.099035876762      4.769860374943
    8     -0.082504987517      4.749411206211      2.338844640101
    8      2.244811438320      7.112849388953      2.222854956074
    8     -2.475002525857      2.447407414014      2.283459060077
    8      2.329456728838      4.669545618153      4.737831980117
    8      4.666028481372      7.075603389930      4.687479005588
    8     -0.099035876762      2.336680712746      4.769860374943
    8      4.587312070154      4.587312070154      7.071743518042
    8      7.149745962031      7.149745962031      7.151375643177
    8      2.412339640168      2.412339640168      7.168816747055
    0    0
