   3   1   1 E -1.6031100803433E+04 DE 2.7E-10( 11)
  0.744436372376E-02  0.696240897238E+01  0.703965661667E+01
  0.700210017614E+01 -0.543635325652E-02  0.704501833522E+01
  0.700387484729E+01  0.696369556159E+01 -0.121505714657E-02
    1
  0.100000000000E+01  0.000000000000E+00  0.000000000000E+00
  0.000000000000E+00  0.100000000000E+01  0.000000000000E+00
  0.000000000000E+00  0.000000000000E+00  0.100000000000E+01
  0.000000000000E+00  0.000000000000E+00  0.000000000000E+00
   54
   20      0.025793307021     -0.021556806234     -0.013007743159
   20      2.336555366455      2.317927489368     -0.011476596352
   20     -2.339060175514     -2.319568616968     -0.020560542733
   20      2.381675967731     -0.080844142056      2.357387916358
   20      4.706166137910      2.280807612133      2.327026122854
   20      0.059191518649     -2.352291905301      2.350316527936
   20     -2.312555569158     -0.041381284520     -2.366071449480
   20      0.015652787831      2.355748659914     -2.347501184464
   12     -4.651523292953     -2.338469899969     -2.328169206931
   20     -0.025269129100      2.396077146018      2.367019767364
   20      2.286183935360      4.664424644102      2.343377870775
   20     -2.353968372170      0.025578680703      2.370691180469
   20      2.344718602797      2.374148976998      4.718108188431
   12      4.683375359320      4.688085670614      4.714132872956
   20     -0.020714572488     -0.050979322709      4.728708329779
   20     -2.355901799940      2.441988900678     -0.017501965166
   12     -0.017752369968      4.670496088266     -0.051052656737
   20     -4.716007315056      0.003989698441      0.017703002557
   12     -0.031163115856     -2.288929359815     -2.419583633050
   20      2.338857905766     -0.034816071713     -2.339642353592
   20     -2.354777216772     -4.617733954053     -2.346023603486
   12      2.339550164444     -2.330223133383     -0.061365589033
   12      4.714739173592     -0.169456335287      0.060236453630
   20      0.018103921373     -4.660326992262      0.020823247469
   12     -2.311234769326     -2.311165291101     -4.669386050090
   12     -0.055660031930     -0.081953591612     -4.715042063726
   12     -4.678830649438     -4.568591354756     -4.674875757389
    8     -0.001844800756     -0.101553044483     -2.383434860777
    8      2.326602226535      2.414189434557     -2.393302939533
    8     -2.335755334533     -2.317352512376     -2.356069908681
    8      2.416835800559     -0.113608632929      0.021913179780
    8      4.672783075442      2.239164739747      0.000724479855
    8      0.080011038730     -2.310148823557     -0.040592732259
    8      4.742857357382     -0.113464985572      2.305882046789
    8      7.091572824607      2.226938049540      2.352137482069
    8      2.431565269227     -2.425327487105      2.364396091864
    8     -0.008472161486      2.427847218628      0.014647825042
    8      2.234410453321      4.645187276017     -0.083649945516
    8     -2.332859840886      0.026942638087      0.014869119848
    8      2.336720704486      2.319873893221      2.350389900065
    8      4.672131008739      4.643475875073      2.348204099817
    8      0.007474600028     -0.001102720240      2.358608893202
    8      4.673966227196      2.410476861187      4.668573985316
    8      6.972698990949      4.645766244409      4.733067273735
    8      2.335148255726     -0.096994191859      4.708129914511
    8     -0.075625438515      4.741051380205      2.375326009232
    8      2.243173465523      7.046784527032      2.336403616886
    8     -2.414409273302      2.439906456311      2.350633177996
    8      2.332903902033      4.639700260377      4.708973969671
    8      4.672710496870      6.837059134743      4.702807119547
    8      0.004914216806      2.417490975274      4.698347007512
    8      4.706755365421      4.750758464281      6.995809875844
    8      6.903827028939      6.836775454695      7.120247647007
    8      2.344146014591      2.462184822473      7.108256112366
    0    0
