   3   1   1 E -1.6031094841775E+04 DE-4.8E-10( 11)
  0.287381729566E-01  0.699112426445E+01  0.700029662318E+01
  0.698076311651E+01  0.457471899745E-02  0.701702959149E+01
  0.699418487647E+01  0.701510937339E+01 -0.261993687563E-02
    1
  0.100000000000E+01  0.000000000000E+00  0.000000000000E+00
  0.000000000000E+00  0.100000000000E+01  0.000000000000E+00
  0.000000000000E+00  0.000000000000E+00  0.100000000000E+01
  0.000000000000E+00  0.000000000000E+00  0.000000000000E+00
   54
   20      0.010322442292     -0.011511476464     -0.000346148729
   20      2.365927321786      2.338884410028     -0.031247199936
   20     -2.342801730755     -2.370726162970     -0.015159244261
   20      2.360592819174     -0.028952061842      2.401129369420
   20      4.698035785920      2.306647975947      2.337263682512
   20      0.050843662590     -2.385206320785      2.329616455235
   20     -2.335517401613     -0.037998860672     -2.346524996255
   20      0.081025570098      2.305111440590     -2.381106645058
   12     -4.582076527600     -2.411039808490     -2.410672174651
   20     -0.029325360624      2.345159206851      2.391317891420
   20      2.343941850655      4.721498550610      2.400572900239
   12     -2.373720762542      0.030145162735      2.360213177883
   12      2.302472125869      2.332482039057      4.712615895091
   20      4.650707187150      4.695609482749      4.626854211950
   20     -0.008604141648      0.039263638934      4.677191018326
   20     -2.370997887734      2.328361088954      0.021097209404
   20      0.012878579268      4.696366851847      0.015044529898
   20     -4.665038598058      0.029057197055      0.006416710617
   20     -0.038163703386     -2.351226492525     -2.363638528227
   12      2.344986682444      0.079156852862     -2.432746328373
   12     -2.460423658049     -4.555319753794     -2.351209002269
   20      2.323651054162     -2.364460149168     -0.005490578111
   20      4.662608228869      0.030783972694     -0.000432594413
   12     -0.005144750166     -4.692498145595      0.014094124405
   12     -2.474676435070     -2.324866812983     -4.638638295372
   12     -0.032364623985      0.056317182780     -4.705296321787
   12     -4.626966614530     -4.753031480525     -4.596104861436
    8      0.045649474711     -0.007141778141     -2.389280730367
    8      2.440268745003      2.318066675259     -2.412639106516
    8     -2.469896203928     -2.421013390361     -2.420216746336
    8      2.332294922777      0.006409606558     -0.041102912079
    8      4.720972564477      2.338825191920     -0.048249957930
    8     -0.003086279083     -2.401009878700     -0.006216136190
    8      4.722613062677     -0.063863389872      2.353592284146
    8      7.104719925173      2.223650162348      2.245195779301
    8      2.444831609762     -2.446601237031      2.390234206011
    8      0.009836063332      2.334196221570      0.007617530000
    8      2.346161823222      4.677247198484     -0.013508831909
    8     -2.324377154202     -0.004291461260      0.053108401405
    8      2.340658040815      2.338047850768      2.402573484020
    8      4.683469142396      4.711345119698      2.344309889700
    8     -0.030990064413     -0.007017983555      2.344590342976
    8      4.631146603992      2.324592413122      4.667610941582
    8      7.079170667186      4.674737351120      4.660594993367
    8      2.331650299756     -0.002232190330      4.686132345381
    8     -0.063141273192      4.740762537436      2.342569763723
    8      2.383135828170      7.143061905538      2.393232637135
    8     -2.452023549046      2.324822204565      2.424958685425
    8      2.341152646446      4.677305349637      4.656762710744
    8      4.582452421801      7.098314244905      4.599039761641
    8      0.064462463898      2.329647090831      4.737201391511
    8      4.663283166828      4.669025014528      7.043247291742
    8      7.002214473618      7.096953882830      7.072506647733
    8      2.227787210035      2.326791366030      6.957499326331
    0    0
