   3   1   1 E -1.6031091051698E+04 DE-8.0E-10( 11)
  0.487064269637E-02  0.700912497001E+01  0.698114130622E+01
  0.702935193081E+01 -0.901294741374E-02  0.698609715420E+01
  0.704099979357E+01  0.702010908784E+01 -0.146568067587E-01
    1
  0.100000000000E+01  0.000000000000E+00  0.000000000000E+00
  0.000000000000E+00  0.100000000000E+01  0.000000000000E+00
  0.000000000000E+00  0.000000000000E+00  0.100000000000E+01
  0.000000000000E+00  0.000000000000E+00  0.000000000000E+00
   54
   20      0.003141805535     -0.014860808587     -0.051897486732
   20      2.377802838363      2.309770024894     -0.046713520909
   20     -2.344967784678     -2.340992453072     -0.028456283392
   20      2.360823591244     -0.002245127555      2.364328949382
   20      4.673610415044      2.333538202261      2.330015621060
   20     -0.011826101880     -2.324473733503      2.365022710048
   20     -2.372379229222     -0.013397103197     -2.346929213304
   20     -0.006916962269      2.349271494169     -2.336606258548
   20     -4.680182654315     -2.312585532500     -2.312172347246
   20     -0.016986786084      2.354310931001      2.416358106968
   20      2.341054144322      4.698435494575      2.380761267539
   20     -2.356492453695      0.004608074263      2.409011971739
   12      2.337434268897      2.318114890295      4.661937215189
   12      4.699459536523      4.681433933560      4.638555129101
   12     -0.064062006035     -0.049734813165      4.695517902923
   20     -2.372151554297      2.373979535277     -0.009378168204
   20     -0.013907010439      4.738335682265     -0.012107066945
   12     -4.727805899351      0.050431494140     -0.045578554834
   12     -0.028423484058     -2.339155926683     -2.329594641791
   12      2.433548718385     -0.049302948421     -2.279300392473
   12     -2.300843771290     -4.692468198585     -2.302479315283
   20      2.375546038547     -2.331727123911     -0.063937711174
   12      4.613450080175     -0.013085766285     -0.119063288003
   20     -0.006474169292     -4.720324813986     -0.080369559696
   12     -2.296848446941     -2.267660342472     -4.599781363807
   20      0.006271904715     -0.028396900060     -4.663016389890
   20     -4.649694134500     -4.698628835817     -4.631245893997
    8      0.046251597791     -0.076437954092     -2.330466056576
    8      2.423284069590      2.271303574837     -2.327308489801
    8     -2.253808805528     -2.412527903073     -2.395167089656
    8      2.420806166069      0.003259798505     -0.074148282519
    8      4.680397914141      2.278192155047     -0.126397200650
    8      0.006006413558     -2.342500929758     -0.069426207438
    8      4.663563391278     -0.071419100661      2.264145984301
    8      7.032659827915      2.328866695919      2.320520322546
    8      2.381427048227     -2.336571092687      2.337969788380
    8     -0.015523213829      2.348533055571     -0.027667754522
    8      2.356606674251      4.746438605856     -0.012717275385
    8     -2.409610275275      0.001218004741      0.002854910346
    8      2.349179012337      2.334300702261      2.386868787650
    8      4.697881458196      4.684148775450      2.389871820947
    8     -0.014212366464      0.003069313299      2.390618625592
    8      4.607529712287      2.398566195813      4.657922440901
    8      6.970193361290      4.765445184545      4.649666686226
    8      2.281881219988      0.075496008601      4.743108066350
    8     -0.079274888028      4.678405075107      2.399774606685
    8      2.364514631107      7.013522488107      2.362499534866
    8     -2.328635858942      2.393881985125      2.431320806111
    8      2.373856000459      4.697306903933      4.653052831893
    8      4.738092493673      6.965324693545      4.753609315944
    8     -0.006867919880      2.321172492198      4.656353922801
    8      4.704722830423      4.763740961409      6.960173448958
    8      7.032719088034      7.004516602422      6.887087929231
    8      2.342680175770      2.240553376078      6.899614550571
    0    0
