   3   1   1 E -1.6031103535247E+04 DE-1.9E-09( 10)
 -0.165538017288E-01  0.701701468258E+01  0.701911584483E+01
  0.702724109114E+01  0.419116061673E-02  0.699049947786E+01
  0.702885106339E+01  0.698466208541E+01  0.826976049433E-02
    1
  0.100000000000E+01  0.000000000000E+00  0.000000000000E+00
  0.000000000000E+00  0.100000000000E+01  0.000000000000E+00
  0.000000000000E+00  0.000000000000E+00  0.100000000000E+01
  0.000000000000E+00  0.000000000000E+00  0.000000000000E+00
   54
   20     -0.053684440864     -0.011469061579     -0.012489797669
   20      2.379147516838      2.336572031516     -0.015115084447
   20     -2.351212651107     -2.309070767377     -0.031292583135
   20      2.365848695366     -0.007734636393      2.393456795114
   20      4.712068088903      2.295997185609      2.316205446608
   20     -0.007848638857     -2.333921196331      2.314037384081
   20     -2.381898835205     -0.018183824794     -2.302320060421
   20      0.010694349859      2.327816993322     -2.355652729065
   12     -4.741669011391     -2.311828265870     -2.315232756721
   20     -0.021047089089      2.352135726030      2.366243474571
   20      2.327133024715      4.721636495889      2.333796936529
   12     -2.359156633359      0.040781166118      2.251647785324
   12      2.341972097427      2.382320427054      4.754454391342
   20      4.649592534089      4.673457953815      4.705250702836
   20      0.017128447650      0.031375478748      4.740268576416
   12     -2.439686949469      2.201670510890     -0.013502111781
   20     -0.008970440951      4.737081935703      0.007871758495
   12     -4.570358446797      0.070059848055      0.004553506758
   12      0.108929352089     -2.375192504217     -2.312546812876
   20      2.332689483192     -0.038511607605     -2.378557485662
   20     -2.311050045558     -4.668546886014     -2.347592671924
   20      2.343679346607     -2.401689049160     -0.027992589863
   12      4.758481260675      0.092565247833      0.063722927977
   12     -0.005949279179     -4.711485081331     -0.019470751142
   20     -2.308594836514     -2.331486222204     -4.676778703439
   12     -0.062144571867      0.003305457486     -4.731591681849
   20     -4.662210337217     -4.707269972640     -4.740093907698
    8     -0.022905194949     -0.079098617949     -2.409381917498
    8      2.354950994431      2.383318164490     -2.355670700520
    8     -2.336413359770     -2.339574026377     -2.335468473397
    8      2.362878354808     -0.018167906996     -0.023063048233
    8      4.766091613172      2.232477651950     -0.002725413038
    8     -0.006872092552     -2.421562415276     -0.095034189694
    8      4.725091644345     -0.002343043245      2.268796674223
    8      7.031676638458      2.239031969700      2.223030757122
    8      2.324114558874     -2.344703494096      2.365148850698
    8     -0.044796933862      2.340334203952      0.011737530453
    8      2.333293520000      4.766032108119     -0.090022491454
    8     -2.427293300304      0.095613105457      0.089382022124
    8      2.334011249376      2.334797746030      2.376639675253
    8      4.685136561306      4.745224089014      2.331970691009
    8     -0.046573585005      0.005806526441      2.373719326035
    8      4.618965828670      2.325109618590      4.753788729017
    8      7.099498778609      4.676955957906      4.683223514869
    8      2.336006324996     -0.038324247135      4.788865537087
    8      0.004410863121      4.772215585975      2.420740898461
    8      2.344300659164      7.006304132016      2.265661222876
    8     -2.357569615480      2.241135233661      2.261575568898
    8      2.234354526300      4.569783867136      4.679913036577
    8      4.689850639851      7.010022592129      4.706105960649
    8      0.116076692699      2.443183842737      4.788698278559
    8      4.673221103432      4.688919768180      7.011704968854
    8      6.932494645426      7.108542623084      7.121583795950
    8      2.392039482509      2.244983260670      6.898282111112
    0    0
