   3   1   1 E -1.6031068423910E+04 DE 8.3E-10( 11)
  0.222814832714E-01  0.694340101609E+01  0.698035315429E+01
  0.700307652490E+01  0.172910310368E-01  0.697822013647E+01
  0.703942963366E+01  0.697068403868E+01 -0.121336067582E-01
    1
  0.100000000000E+01  0.000000000000E+00  0.000000000000E+00
  0.000000000000E+00  0.100000000000E+01  0.000000000000E+00
  0.000000000000E+00  0.000000000000E+00  0.100000000000E+01
  0.000000000000E+00  0.000000000000E+00  0.000000000000E+00
   54
   20      0.029433994180     -0.032580220980     -0.018853526280
   20      2.342401976839      2.346912523006     -0.038851428466
   20     -2.348481827396     -2.324818279092     -0.032123022814
   20      2.368938204666     -0.040919374419      2.326347588791
   20      4.685839489201      2.332501476222      2.303375075490
   20      0.027768859888     -2.343332280525      2.330104849517
   20     -2.341546859250     -0.040676752713     -2.329977681421
   20      0.001395097349      2.356113066780     -2.314447756031
   12     -4.668718894364     -2.359381627991     -2.246200803048
   20     -0.004834632309      2.358642437474      2.334116982238
   20      2.321872183237      4.658090985033      2.307118809037
   20     -2.342141517520     -0.026114151687      2.329799995835
   20      2.327106645988      2.356583224204      4.711877541355
   12      4.686892474813      4.741864561032      4.719528119987
   20      0.010473033438     -0.042995606424      4.732846922254
   20     -2.342984827029      2.391700128829     -0.008939274493
   12      0.020710476052      4.717827457679     -0.030990598258
   12     -4.540593340735     -0.087565998105     -0.051872732312
   12     -0.006126738651     -2.388709167510     -2.303658680294
   20      2.354286668942     -0.036900544846     -2.299319824336
   20     -2.341686302304     -4.630111545771     -2.290030967438
   12      2.319092950557     -2.314075734270     -0.060547760340
   12      4.559433583864     -0.106718820558      0.005969086641
   12     -0.052856976338     -4.645946220419     -0.111535659735
   12     -2.359605357420     -2.327001313553     -4.687885318624
   20     -0.013581591952     -0.029183601561     -4.683586685806
   20     -4.689243131610     -4.623615019515     -4.671559286463
    8      0.007340330644     -0.048736406236     -2.309017362029
    8      2.352955689970      2.360176146445     -2.314864166068
    8     -2.385156863837     -2.338486246598     -2.360187444766
    8      2.383252307040     -0.047817948826      0.001553692884
    8      4.700261872368      2.290404098119     -0.010558738817
    8      0.052717645448     -2.385251884516     -0.065078751073
    8      4.661602820029     -0.038237299814      2.279728356321
    8      7.015282584755      2.338212681391      2.284963379435
    8      2.402151847962     -2.338814526034      2.340235265580
    8      0.003581228098      2.379931503654     -0.024976568702
    8      2.284260337693      4.733788973734     -0.079273171912
    8     -2.345827023490     -0.008104920958     -0.016755546523
    8      2.339028461571      2.342617433846      2.312402118456
    8      4.696533509179      4.647758782550      2.327044686130
    8      0.013404638473     -0.024182480740      2.332136508521
    8      4.669870599218      2.389703227067      4.678323316125
    8      7.057077756685      4.644724570982      4.723967684827
    8      2.340078619490     -0.040701887380      4.727436562069
    8     -0.061346595756      4.636931943016      2.283914521135
    8      2.357338691394      6.938525056298      2.301928387145
    8     -2.329615069341      2.362205751275      2.331341631670
    8      2.343573099637      4.632043735310      4.696444613510
    8      4.712910482663      6.883699583445      4.711402099399
    8      0.005227946584      2.368364377310      4.740732447259
    8      4.684509499741      4.879067728076      6.977073760546
    8      7.046703889153      6.931933854086      6.987752958914
    8      2.280582440739      2.341846940265      6.980604372992
    0    0
