   3   1   1 E -1.6031073576444E+04 DE-5.3E-10( 11)
  0.552774317294E-01  0.697611544634E+01  0.695046370954E+01
  0.700683459626E+01 -0.218245721976E-01  0.701789967718E+01
  0.697165717599E+01  0.700537868208E+01  0.173056469776E-01
    1
  0.100000000000E+01  0.000000000000E+00  0.000000000000E+00
  0.000000000000E+00  0.100000000000E+01  0.000000000000E+00
  0.000000000000E+00  0.000000000000E+00  0.100000000000E+01
  0.000000000000E+00  0.000000000000E+00  0.000000000000E+00
   54
   20      0.044295325514     -0.031482581660     -0.036019837044
   20      2.342647980035      2.313644764726     -0.023852481140
   20     -2.313075072421     -2.319644734966     -0.011215488215
   20      2.356417889005     -0.032317396119      2.343737939852
   20      4.662458672919      2.310285085225      2.351735196235
   20      0.026971019160     -2.334984037599      2.338916445856
   20     -2.314114454379     -0.008750084659     -2.336099070909
   20      0.000757521080      2.323232112660     -2.341103825414
   12     -4.652081858369     -2.324206126152     -2.321129577161
   20      0.011119491708      2.314528892294      2.322516228920
   20      2.312353644694      4.692796395595      2.373254288675
   12     -2.327554031069      0.020290012682      2.321815795585
   12      2.307764628167      2.343687457825      4.761787511992
   20      4.601970821592      4.674708781589      4.709788929608
   20      0.023168835078     -0.014573936178      4.660105925290
   12     -2.366397356328      2.296881687993     -0.029191820362
   20     -0.024153149650      4.686179799021     -0.011032462165
   20     -4.621816577605      0.019614884697     -0.029971120028
   12      0.106125886429     -2.315149506837     -2.349036245126
   12      2.271121856069     -0.056436884656     -2.291598442871
   20     -2.349393026559     -4.678492190166     -2.327447967836
   12      2.300003418413     -2.132650725493     -0.062493579913
   12      4.567095194396     -0.028454377907      0.048635786372
   20      0.026360550611     -4.664661755707     -0.001621917121
   20     -2.354960110737     -2.312340680706     -4.679146263654
   12     -0.087359405520     -0.028996232505     -4.757451268909
   20     -4.657378158061     -4.667148485621     -4.662437275060
    8      0.084770357447     -0.066102704180     -2.411081978200
    8      2.319007672872      2.336891199523     -2.329236803986
    8     -2.323417995327     -2.327092576152     -2.339585586719
    8      2.423396976077     -0.072043580356     -0.068767171799
    8      4.652337799425      2.308162068023      0.008890110182
    8      0.048089480254     -2.343173226602     -0.019574466363
    8      4.697844132168     -0.013355857117      2.333848637653
    8      6.992612527746      2.297997059646      2.357578093064
    8      2.361950379199     -2.345842775704      2.344446288232
    8     -0.003253241961      2.312216716032     -0.027733209594
    8      2.335398029697      4.683528518428     -0.020587894115
    8     -2.292375592779      0.029468282531      0.018838198866
    8      2.338231357616      2.316512237264      2.365614584543
    8      4.639256029495      4.704672485782      2.366516226287
    8      0.014470762316     -0.019343863572      2.333336480729
    8      4.632424515878      2.310618121408      4.724705454503
    8      7.014967745533      4.662918564910      4.695008983102
    8      2.365252197266     -0.022090818221      4.674584034349
    8      0.001316243832      4.709757234087      2.351708479515
    8      2.303960077870      7.003343048130      2.360279992100
    8     -2.297116388300      2.267102507612      2.255548006823
    8      2.184153553051      4.668909500859      4.787548962663
    8      4.619138566983      6.981812918668      4.668015726790
    8      0.084332798300      2.351075826532      4.641937912574
    8      4.624364037786      4.671547345855      6.968748941223
    8      6.978646168557      6.994296892320      7.014122859135
    8      2.459853692688      2.371167739916      6.919354384605
    0    0
