   3   1   1 E -1.6031080500361E+04 DE 1.9E-09( 11)
  0.863912190457E-02  0.700344642252E+01  0.699706232920E+01
  0.698721718992E+01  0.168372612846E-01  0.698275960686E+01
  0.702199493247E+01  0.701668212235E+01 -0.108618257684E-01
    1
  0.100000000000E+01  0.000000000000E+00  0.000000000000E+00
  0.000000000000E+00  0.100000000000E+01  0.000000000000E+00
  0.000000000000E+00  0.000000000000E+00  0.100000000000E+01
  0.000000000000E+00  0.000000000000E+00  0.000000000000E+00
   54
   20     -0.018835789422     -0.011990778519     -0.025891796246
   20      2.322356621621      2.374674536165     -0.047770374959
   20     -2.375676977337     -2.334754058847     -0.058929386159
   20      2.335879803238     -0.033918539820      2.346261954529
   20      4.679710689279      2.356865240662      2.335487675019
   20      0.003724952008     -2.331361918485      2.358470280061
   20     -2.333670826772     -0.032996980697     -2.299193617743
   20     -0.006130532632      2.372669376375     -2.305433022117
   12     -4.682167641654     -2.324332580376     -2.252289982951
   20     -0.042669509141      2.379014881899      2.328133314555
   20      2.279033777063      4.720166830347      2.294498830740
   20     -2.380006877856      0.014333371504      2.341800058565
   20      2.340473043847      2.380337666753      4.733463745544
   12      4.690048647673      4.636636945747      4.751979839914
   20     -0.003306364197     -0.037426522831      4.730983591061
   12     -2.138106742989      2.319739840887     -0.010660405269
   12      0.035141522970      4.620051968245     -0.041421923564
   12     -4.680393951902     -0.039135040361      0.073902425090
   12     -0.030826880778     -2.297723850588     -2.288625445835
   20      2.322194816219     -0.025865356144     -2.343875080275
   12     -2.356100441323     -4.599676885130     -2.358644306826
   12      2.354004042003     -2.300546667985     -0.121564828774
   20      4.707554096742     -0.047530599249     -0.040585380766
   20      0.021512205523     -4.667291618523     -0.030609392441
   20     -2.322996205333     -2.377995851432     -4.676259380216
   12      0.066141128668     -0.032533051985     -4.696990413150
   20     -4.643072992670     -4.663179600160     -4.650596022539
    8     -0.013759022046     -0.065573546939     -2.378217534920
    8      2.399365056946      2.391880667408     -2.304916510309
    8     -2.336070521376     -2.415308338401     -2.345517421022
    8      2.331190324394     -0.052065793231     -0.021205516363
    8      4.674933973091      2.342383785090     -0.072342505774
    8      0.051638882351     -2.334692473620     -0.029295057194
    8      4.719254524385     -0.014541893103      2.320006942383
    8      7.009921981689      2.322710526064      2.326010816735
    8      2.327489131345     -2.334913685672      2.339474777513
    8     -0.069753562896      2.405899507014     -0.022865528983
    8      2.218050965071      4.753509007565     -0.129554735178
    8     -2.413392968865      0.042973767113     -0.024190224140
    8      2.320031119185      2.365485682735      2.320126038156
    8      4.646556174930      4.693612210383      2.333510117436
    8     -0.018265798761     -0.005379665048      2.349413671031
    8      4.657157960874      2.422389500595      4.729882184318
    8      7.013570940075      4.681959640926      4.749548995401
    8      2.333303882058     -0.064849749934      4.733833355616
    8     -0.007464790940      4.727490913717      2.314607958377
    8      2.259752932348      7.025579747429      2.268404480137
    8     -2.333810556189      2.339223746370      2.354753232770
    8      2.348795755686      4.687212593786      4.733027468776
    8      4.679228733417      6.995107994179      4.689821227691
    8     -0.053951711819      2.391558478811      4.690896726077
    8      4.635830955819      4.559642070631      6.867253214010
    8      7.126811737423      6.921207063243      7.041843965152
    8      2.430100888265      2.367613613105      6.980369403360
    0    0
