   3   1   1 E -1.6031091934030E+04 DE 1.1E-09( 11)
  0.892058020843E-02  0.696887505951E+01  0.702965928211E+01
  0.700576830881E+01 -0.538710337056E-02  0.703701889048E+01
  0.701681741330E+01  0.698064673589E+01 -0.976135823739E-02
    1
  0.100000000000E+01  0.000000000000E+00  0.000000000000E+00
  0.000000000000E+00  0.100000000000E+01  0.000000000000E+00
  0.000000000000E+00  0.000000000000E+00  0.100000000000E+01
  0.000000000000E+00  0.000000000000E+00  0.000000000000E+00
   54
   20      0.007753504948     -0.012111588620     -0.021741267065
   20      2.335158551016      2.352448036562     -0.016812161592
   20     -2.328376967746     -2.346248343778     -0.031850562900
   20      2.348984208457     -0.079883443270      2.358426093600
   20      4.680960325571      2.329346869111      2.358840224673
   20      0.057242238426     -2.349816241317      2.357498913867
   20     -2.331235298532     -0.044857692675     -2.334924017959
   20      0.021515168337      2.382473543620     -2.315748290412
   12     -4.637764434712     -2.382787604485     -2.328409660966
   20     -0.076606657427      2.385128383322      2.365500580179
   20      2.305043578977      4.661025679883      2.356559518461
   20     -2.343805790924      0.042385538309      2.376260078447
   20      2.335231095136      2.374096273357      4.710580292823
   12      4.696119940743      4.637783394878      4.762141986365
   20     -0.024059213590     -0.040548495521      4.707555666996
   12     -2.378563370968      2.396488262635     -0.168337876514
   12     -0.054116583426      4.642682838721     -0.021222154518
   20     -4.677515595367      0.011197118791     -0.009529693007
   12     -0.021523271631     -2.303035023089     -2.351648091240
   20      2.369567306597     -0.006728797288     -2.332348856646
   12     -2.445142114951     -4.560422857501     -2.397716356555
   12      2.380895397005     -2.363271491796     -0.024365067742
   20      4.674536561698     -0.083517474720     -0.024146845139
   20      0.013464012449     -4.628388785602     -0.010919534276
   12     -2.333000413303     -2.342588663561     -4.646720081235
   20     -0.006807295326     -0.037493430190     -4.699041793260
   12     -4.580483914670     -4.598781864891     -4.683484377819
    8      0.000251875149     -0.064495582748     -2.350177051259
    8      2.438891252756      2.463308957158     -2.400934692423
    8     -2.334318584747     -2.421662946440     -2.377122070151
    8      2.342591028063     -0.074450148141     -0.017396846012
    8      4.671274079053      2.319273576064     -0.044884731723
    8      0.097710900006     -2.333130529119     -0.033964025400
    8      4.666261271151     -0.098696137451      2.358869678759
    8      7.077879052396      2.325884415433      2.346338412774
    8      2.440693508610     -2.435702625778      2.345217842309
    8     -0.073727188573      2.417787305285     -0.011337887687
    8      2.283634493721      4.653743356971     -0.007177102910
    8     -2.328535091893      0.064050191702     -0.010180766712
    8      2.326181460981      2.329337521471      2.357625062929
    8      4.680823375530      4.651504303423      2.361915350877
    8      0.001388239037     -0.006124877209      2.359279174881
    8      4.674136782299      2.405055024546      4.744924452304
    8      7.026970800101      4.643226183300      4.760239968204
    8      2.340189390482     -0.074419785472      4.711973078153
    8     -0.113167012312      4.646649372807      2.363450033431
    8      2.344520079355      7.048519269489      2.343162155204
    8     -2.425303818508      2.441061230735      2.398007955865
    8      2.318769418186      4.641159390860      4.711687450477
    8      4.685367372104      6.932191943995      4.684189343384
    8     -0.080388864220      2.415246911681      4.705259182955
    8      4.650073882039      4.511238072023      6.905295394634
    8      7.010969111177      6.876627168191      7.020815199043
    8      2.431170581673      2.436850410495      7.096654436103
    0    0
