   3   1   1 E -1.6031053971441E+04 DE 3.1E-11( 11)
  0.642530405953E-02  0.700719496703E+01  0.701357689227E+01
  0.699797276993E+01  0.149489659658E-01  0.699837448291E+01
  0.702426865744E+01  0.701180914190E+01 -0.495581075925E-02
    1
  0.100000000000E+01  0.000000000000E+00  0.000000000000E+00
  0.000000000000E+00  0.100000000000E+01  0.000000000000E+00
  0.000000000000E+00  0.000000000000E+00  0.100000000000E+01
  0.000000000000E+00  0.000000000000E+00  0.000000000000E+00
   54
   20     -0.000299835750     -0.002117353082     -0.003431227471
   20      2.340743970444      2.343736994753     -0.007222070862
   20     -2.341963723173     -2.342514150605     -0.002396289079
   20      2.341872727750     -0.004221262306      2.335522274967
   20      4.686518183546      2.337273565952      2.335727343678
   20      0.007651288023     -2.345720366748      2.340605848868
   20     -2.337212185967     -0.006497764779     -2.335166135485
   12      0.050871770706      2.290772089035     -2.330605043225
   12     -4.583838142304     -2.393814817030     -2.319827270593
   20     -0.003430383802      2.338824409552      2.345014732504
   20      2.339817095680      4.679064789754      2.339398846631
   12     -2.327254339233      0.005490102072      2.360979661153
   12      2.334630950379      2.352147108214      4.710668098755
   20      4.677575068018      4.678234282759      4.669259423499
   20     -0.006477622076      0.009836294675      4.673109099620
   20     -2.340708203897      2.339502417027      0.009064060986
   20      0.006403669191      4.674882379069      0.004994891563
   20     -4.676650500228      0.005548653370      0.006402163107
   20     -0.010658932260     -2.342146716700     -2.343564028033
   20      2.334211285608      0.011471902898     -2.342940378101
   12     -2.332099788270     -4.654277752065     -2.360974247585
   12      2.319859815235     -2.359443195821     -0.007713351552
   20      4.677770677172      0.010117375634     -0.007434708693
   12      0.005310181707     -4.669619860989     -0.022913537919
   12     -2.435367714985     -2.361361999319     -4.683179793165
   12     -0.045353139185      0.038294453247     -4.692603716478
   20     -4.674112097559     -4.672236798869     -4.668193765305
    8     -0.011749255682      0.011650453243     -2.345540029677
    8      2.344541727721      2.353009524905     -2.344552061380
    8     -2.372293476087     -2.357385494129     -2.344934550820
    8      2.339134978157     -0.001593423156     -0.007100643031
    8      4.689399158726      2.342250592320     -0.012457626109
    8      0.008130459564     -2.352178898971     -0.005052231211
    8      4.682725518529     -0.003955026920      2.332765735216
    8      7.028088278748      2.327440532225      2.328251290368
    8      2.358371580728     -2.348644513960      2.337861046832
    8     -0.001793554507      2.339617993698     -0.000169952869
    8      2.342530264823      4.676445174270     -0.004247139423
    8     -2.336550725708     -0.000677311553      0.009161014653
    8      2.341953347939      2.341229878342      2.346135885323
    8      4.686311155736      4.679734146563      2.335633063170
    8     -0.006963796261     -0.002095500906      2.336316718246
    8      4.670704452544      2.344715399891      4.668030590145
    8      7.026915846483      4.670045544921      4.674414006142
    8      2.329433950869      0.008101649975      4.668899515981
    8     -0.012875264491      4.681840585077      2.340057114183
    8      2.345695375358      7.016731618010      2.339421791383
    8     -2.338057496685      2.337404325139      2.356280911632
    8      2.340696937566      4.667702928388      4.674288583148
    8      4.679467246302      7.028209229436      4.661432299868
    8      0.003318282971      2.337662154756      4.673266430943
    8      4.661881370375      4.687526816263      7.009064769423
    8      7.013307895078      7.036459050516      7.010612731881
    8      2.308865957872      2.370316628992      6.991059894089
    0    0
