   3   1   1 E -1.6031097118447E+04 DE 1.8E-10( 11)
  0.705946981506E-02  0.701012415142E+01  0.702509138918E+01
  0.699446083377E+01  0.216725041591E-02  0.702272183451E+01
  0.699954507407E+01  0.700723171471E+01  0.291692739617E-02
    1
  0.100000000000E+01  0.000000000000E+00  0.000000000000E+00
  0.000000000000E+00  0.100000000000E+01  0.000000000000E+00
  0.000000000000E+00  0.000000000000E+00  0.100000000000E+01
  0.000000000000E+00  0.000000000000E+00  0.000000000000E+00
   54
   20     -0.025475007215     -0.008953795670     -0.019943201316
   20      2.292942491602      2.379429747504     -0.027273716689
   20     -2.335370834449     -2.312056600871      0.003374449125
   20      2.360260781279     -0.046158490932      2.356337826688
   20      4.660852032825      2.316465147351      2.344173609032
   20      0.061462957557     -2.310506959533      2.362237452411
   20     -2.339466670877     -0.040290935327     -2.336240872711
   20     -0.012396589622      2.354447966309     -2.335691484055
   12     -4.681980849236     -2.351768160622     -2.335728596621
   20     -0.051182074097      2.400386570918      2.343258561635
   20      2.265582232703      4.715751643292      2.375801536835
   12     -2.294084838752     -0.011736246042      2.270896037087
   12      2.378238365994      2.408032325638      4.728885815861
   20      4.645145648950      4.637702075544      4.729507988248
   20      0.017754842334     -0.014272785683      4.691511359315
   12     -2.348049429684      2.446114608288      0.139275183785
   12      0.038568641440      4.693006370902      0.030204119636
   20     -4.643498660120      0.013097692704     -0.019511501101
   12      0.010117829889     -2.326817733844     -2.364509723699
   20      2.301965119241     -0.050553427512     -2.320902226680
   20     -2.338496325556     -4.633887028810     -2.412762006805
   12      2.297116846825     -2.408408143959     -0.041034444908
   20      4.691782902836     -0.096106013606      0.049986298150
   20      0.052878389389     -4.644813030837     -0.041518915038
   12     -2.317094048221     -2.321845349071     -4.780126155594
   12     -0.090829795057     -0.095174892631     -4.779476695091
   20     -4.616894608752     -4.649482510694     -4.701333293562
    8     -0.014540924605     -0.104381533116     -2.414543732295
    8      2.330660191824      2.409443988478     -2.371103805743
    8     -2.341333823127     -2.347909376246     -2.374975603891
    8      2.336911386170     -0.090647742358     -0.007683480044
    8      4.670465815695      2.341493550929     -0.006163000520
    8      0.103911233192     -2.324270792257     -0.012639052770
    8      4.758867262128     -0.105658670278      2.353852135032
    8      7.005828916914      2.287798022306      2.332710271262
    8      2.489698674019     -2.331467382671      2.363089949513
    8     -0.092926168111      2.431903103673     -0.014800663613
    8      2.225230960401      4.683358598292     -0.041844992049
    8     -2.323265122187      0.066700227984      0.075023964831
    8      2.313420882818      2.354816176031      2.366174065109
    8      4.659382488401      4.743206829490      2.374355872988
    8     -0.078301196961      0.002552965636      2.336005090074
    8      4.562709894267      2.330622090203      4.706346253853
    8      7.105962648710      4.676219370516      4.785128444054
    8      2.332423868962     -0.015483578691      4.683591019597
    8     -0.130917006997      4.812777971323      2.303068203189
    8      2.350568854981      7.014287754332      2.355829889832
    8     -2.329721068257      2.340578233738      2.252383559096
    8      2.220655991953      4.582461834378      4.742440274944
    8      4.670081486253      6.974448293611      4.675068029775
    8      0.082464227258      2.430927823060      4.687662623247
    8      4.654835438111      4.519220221760      7.152317722731
    8      7.018282405470      6.914148153480      7.088376832027
    8      2.443587530948      2.449105848043      6.929218405705
    0    0
