   3   1   1 E -1.6031105916492E+04 DE 1.7E-09(  9)
  0.102991037761E-01  0.700798782752E+01  0.700798782752E+01
  0.700481385218E+01  0.429920669521E-02  0.701399651625E+01
  0.700481385218E+01  0.701399651625E+01  0.429920669521E-02
    2
  0.100000000000E+01  0.000000000000E+00  0.000000000000E+00
  0.000000000000E+00  0.100000000000E+01  0.000000000000E+00
  0.000000000000E+00  0.000000000000E+00  0.100000000000E+01
  0.000000000000E+00  0.000000000000E+00  0.000000000000E+00
  0.100000000000E+01  0.000000000000E+00  0.000000000000E+00
  0.000000000000E+00  0.000000000000E+00  0.100000000000E+01
  0.000000000000E+00  0.100000000000E+01  0.000000000000E+00
  0.000000000000E+00  0.000000000000E+00  0.000000000000E+00
   54
   20      0.002532598788      0.003475993330      0.003475993330
   20      2.369980946957      2.349862730425     -0.049115747793
   20     -2.344399066823     -2.355822035625     -0.036990287412
   20      2.369980946957     -0.049115747793      2.349862730425
   20      4.708162221385      2.314076080037      2.314076080037
   20      0.024169494456     -2.385871367592      2.353469005593
   20     -2.344399066823     -0.036990287412     -2.355822035625
   20      0.024169494456      2.353469005593     -2.385871367592
   12     -4.571114342473     -2.400039955294     -2.400039955294
   20     -0.043559528391      2.357027350901      2.357027350901
   20      2.330011500359      4.712706661140      2.310414014773
   20     -2.372667328184      0.023846323281      2.372286441027
   20      2.330011500359      2.310414014773      4.712706661140
   12      4.634757826358      4.676834187789      4.676834187789
   20     -0.017779512620     -0.012031060777      4.758757442430
   20     -2.372667328184      2.372286441027      0.023846323281
   20     -0.017779512620      4.758757442430     -0.012031060777
   12     -4.668791900653      0.010712139111      0.010712139111
   20     -0.035884798404     -2.333886477071     -2.333886477071
   20      2.367708991948      0.026401607945     -2.357119501301
   12     -2.346956874680     -4.652694439470     -2.390055247856
   20      2.367708991948     -2.357119501301      0.026401607945
   12      4.677153467924      0.074352118215      0.074352118215
   12      0.017199960039     -4.765121698707      0.080624067226
   12     -2.346956874680     -2.390055247856     -4.652694439470
   12      0.017199960039      0.080624067226     -4.765121698707
   12     -4.670342865025     -4.702970691703     -4.702970691703
    8      0.000266958366      0.004200520997     -2.388706192450
    8      2.418180063936      2.423699035048     -2.422755558738
    8     -2.426182261709     -2.409838747434     -2.409838747434
    8      2.401454642149      0.009349317439      0.009349317439
    8      4.746068965227      2.260287071286     -0.070648356951
    8      0.000266958366     -2.388706192450      0.004200520997
    8      4.746068965227     -0.070648356951      2.260287071286
    8      7.072192522104      2.254531014676      2.254531014676
    8      2.418180063936     -2.422755558738      2.423699035048
    8     -0.005480266581      2.355984525368     -0.004472253615
    8      2.338533821004      4.764607135718     -0.070584023410
    8     -2.385369979558      0.000571253488      0.000571253488
    8      2.338433402763      2.345446207577      2.345446207577
    8      4.675239598320      4.680138400980      2.379626186290
    8     -0.005480266581     -0.004472253615      2.355984525368
    8      4.675239598320      2.379626186290      4.680138400980
    8      6.991362749042      4.674381775390      4.674381775390
    8      2.338533821004     -0.070584023410      4.764607135718
    8     -0.083394216172      4.705610678810      2.334328584291
    8      2.245799133610      7.088127894301      2.262093802758
    8     -2.427815234174      2.419245314337      2.419245314337
    8      2.397456624494      4.677246604422      4.677246604422
    8      4.673571477359      6.974864087671      4.759022667141
    8     -0.083394216172      2.334328584291      4.705610678810
    8      4.673571477359      4.759022667141      6.974864087671
    8      7.023118198942      7.128791379070      7.128791379070
    8      2.245799133610      2.262093802758      7.088127894301
    0    0
