   3   1   1 E -1.6031083582705E+04 DE-9.1E-10( 10)
  0.168266489174E-01  0.696701387410E+01  0.701286458281E+01
  0.704289966819E+01 -0.327937649803E-02  0.702458258407E+01
  0.704026533615E+01  0.697151042839E+01  0.450379633298E-02
    1
  0.100000000000E+01  0.000000000000E+00  0.000000000000E+00
  0.000000000000E+00  0.100000000000E+01  0.000000000000E+00
  0.000000000000E+00  0.000000000000E+00  0.100000000000E+01
  0.000000000000E+00  0.000000000000E+00  0.000000000000E+00
   54
   20     -0.010742682547     -0.025422224153     -0.036141296702
   20      2.372236239456      2.322157778027     -0.028482699381
   20     -2.344567201823     -2.286211628757     -0.018646738464
   20      2.391156211516     -0.058136011398      2.360850533773
   20      4.670640230885      2.342437461362      2.366800400106
   20      0.008536082471     -2.296274555690      2.350548790906
   20     -2.390619312853     -0.006402458044     -2.356406763579
   20     -0.028047057334      2.377407126408     -2.327877694564
   12     -4.670177789870     -2.322586478573     -2.353611551238
   20     -0.036240363365      2.351398998433      2.349582999586
   20      2.346204499818      4.636060305845      2.374825548442
   12     -2.323852508566     -0.026686858164      2.288355874308
   12      2.364820049958      2.444839385310      4.746251420459
   12      4.668847453814      4.668574098525      4.692159648102
   20     -0.012104068538     -0.027666665259      4.670996881942
   12     -2.434684229828      2.354471123570     -0.025719825767
   20     -0.076414404754      4.667764117388     -0.022134424635
   20     -4.648313132819      0.044962192475     -0.036947821013
   12      0.062657090915     -2.474103383046     -2.222527062282
   20      2.409181302576     -0.103302010216     -2.292414818090
   20     -2.328441188791     -4.638020118365     -2.371062619263
   12      2.432021872307     -2.377653563707     -0.014939341517
   12      4.623366457481     -0.098415345698      0.035691138870
   20      0.021713722178     -4.603628096315     -0.034707560532
   12     -2.424723312571     -2.315309364258     -4.602681644978
   20     -0.049600743432     -0.037913360800     -4.671137318307
   20     -4.609207396144     -4.587381210314     -4.676940719708
    8     -0.015415517101     -0.070607505119     -2.331239607990
    8      2.377817953652      2.378979237189     -2.348423730819
    8     -2.317061796237     -2.320340901643     -2.377743717714
    8      2.460346364890     -0.115932542338     -0.000234437565
    8      4.698956853891      2.285447311072     -0.011161301045
    8      0.054999970695     -2.318253573784     -0.049729755975
    8      4.682056090880     -0.094858195299      2.281905763133
    8      7.037130942026      2.347089137660      2.354157772917
    8      2.433949135170     -2.322591920625      2.347145844925
    8     -0.067542648259      2.338753556611     -0.025515788403
    8      2.342139901029      4.668983168624     -0.059118370900
    8     -2.337606822093      0.083825393306      0.039217800452
    8      2.350616797799      2.330751972304      2.373789057055
    8      4.681308560153      4.746109600950      2.419713716482
    8     -0.055586461804     -0.014181138092      2.363839769862
    8      4.600015882898      2.463064431427      4.766683219025
    8      7.033173838070      4.659248103475      4.689886351330
    8      2.360447442444     -0.027788285526      4.677418980866
    8     -0.107969262820      4.646726758191      2.365380917704
    8      2.428260747199      6.952007791945      2.347337355644
    8     -2.314164587555      2.356976506105      2.245401730389
    8      2.373675541091      4.444268179554      4.804055110756
    8      4.708442728439      6.815271601013      4.655929665372
    8      0.075332228112      2.439993753485      4.676129432545
    8      4.543253875676      4.693763939960      6.908252637074
    8      6.986750493363      6.962939656301      6.996224112135
    8      2.452988367902      2.453996875661      6.935793470718
    0    0
