   3   1   1 E -1.6031095892079E+04 DE 9.6E-10( 10)
 -0.100761486487E-01  0.703739393893E+01  0.699509040327E+01
  0.702043464708E+01  0.118062812870E-02  0.699046124220E+01
  0.700583136215E+01  0.702463235518E+01  0.950698282600E-02
    1
  0.100000000000E+01  0.000000000000E+00  0.000000000000E+00
  0.000000000000E+00  0.100000000000E+01  0.000000000000E+00
  0.000000000000E+00  0.000000000000E+00  0.100000000000E+01
  0.000000000000E+00  0.000000000000E+00  0.000000000000E+00
   54
   20      0.019381070188      0.006685196863     -0.051800800481
   20      2.344241007306      2.342898143764     -0.065612562017
   20     -2.334392081214     -2.355765987084     -0.064567075685
   20      2.350655151686     -0.036654387910      2.367725230010
   20      4.702562571560      2.311178060291      2.323187054020
   20      0.014395070927     -2.353963453386      2.390054664437
   20     -2.295402638614     -0.035439167968     -2.380648207682
   12     -0.063432172966      2.417251930109     -2.320796555860
   12     -4.667680343808     -2.418888641362     -2.334694787551
   20     -0.055903274468      2.376453475061      2.410157370544
   20      2.313905343286      4.705951051015      2.359313676303
   20     -2.328959502533      0.005450993826      2.391214881879
   20      2.315041936290      2.356735865857      4.664226441675
   12      4.725631722411      4.724613511098      4.664352524635
   12     -0.058159331127     -0.086379158857      4.662198179918
   20     -2.333643742436      2.394683840873     -0.013235840351
   20     -0.042232280647      4.722378094348     -0.008612388762
   20     -4.720528683342     -0.012461059373     -0.032525867421
   12     -0.017664786360     -2.329081810858     -2.396734485987
   20      2.358919947701      0.007671890041     -2.335473747902
   12     -2.287143865659     -4.611386452834     -2.308270108192
   20      2.383199369752     -2.324269199368     -0.014277813741
   12      4.716777330690     -0.064383590618     -0.046451083084
   20     -0.024815058421     -4.728436626313     -0.040865961429
   12     -2.321809603398     -2.319461940760     -4.561792546127
   12     -0.045386066176     -0.033254809184     -4.568518615454
   20     -4.668262630186     -4.666612101696     -4.609486847220
    8      0.010154220247      0.010504375145     -2.432729692368
    8      2.328296585540      2.454694317085     -2.341268492976
    8     -2.288847902741     -2.409833219303     -2.424735882466
    8      2.398329083230     -0.000718234671     -0.010546228312
    8      4.672335829677      2.283743565854     -0.109366570481
    8     -0.000512921684     -2.339751200450     -0.066889536010
    8      4.761638787171     -0.095816063960      2.256959249459
    8      7.003003841942      2.277840455858      2.416285347956
    8      2.415436493129     -2.348567439771      2.421049310885
    8     -0.023049717225      2.358427107476     -0.065778625007
    8      2.314244546863      4.691666022696     -0.044536072437
    8     -2.329336141681      0.000275113593     -0.025327854891
    8      2.331592000657      2.344514965987      2.335856545344
    8      4.681289351712      4.679785505965      2.391121660815
    8     -0.002707431173     -0.002032771491      2.403801922210
    8      4.757231376912      2.404458645169      4.652227800293
    8      6.977833100164      4.682973771459      4.670955743633
    8      2.280885382845     -0.085608126794      4.669570923380
    8     -0.086963055253      4.781918020953      2.426889450159
    8      2.277278961264      7.033080691715      2.340503006275
    8     -2.345008555348      2.416021891608      2.419467265720
    8      2.340768846088      4.695120409716      4.657130904090
    8      4.787344038229      6.932808106627      4.749779341394
    8     -0.102596293066      2.379159733135      4.667126094054
    8      4.677162910282      4.778896641692      6.986814512182
    8      6.921580636036      7.013508290276      6.974911213280
    8      2.336175938305      2.351846908926      6.980427762712
    0    0
