   3   1   1 E -1.6031097951715E+04 DE 1.1E-09(  8)
  0.130208127004E-01  0.699259971853E+01  0.702384460904E+01
  0.700991120984E+01  0.538113116774E-02  0.702465766239E+01
  0.701315175454E+01  0.699009196252E+01  0.873972929081E-02
    1
  0.100000000000E+01  0.000000000000E+00  0.000000000000E+00
  0.000000000000E+00  0.100000000000E+01  0.000000000000E+00
  0.000000000000E+00  0.000000000000E+00  0.100000000000E+01
  0.000000000000E+00  0.000000000000E+00  0.000000000000E+00
   54
   20     -0.009037459967     -0.008870770670     -0.022181447308
   20      2.338883125132      2.361819168381     -0.014200941916
   20     -2.352839761473     -2.326892248992     -0.038992625179
   20      2.329099073809     -0.043887484645      2.347962771299
   20      4.686325025002      2.335207887760      2.362218600236
   20      0.029979199107     -2.345173121025      2.353369711738
   20     -2.356499901234     -0.023495740223     -2.312349152379
   20      0.005002456492      2.375413722610     -2.306498686568
   12     -4.699596964223     -2.359726953160     -2.357687643002
   20     -0.056518548804      2.370006057999      2.341283625365
   20      2.327201146816      4.688172693819      2.341430841067
   20     -2.374215691781      0.040230806056      2.358835976596
   20      2.337933876808      2.361657496491      4.742597465814
   12      4.676132105626      4.590947218787      4.779203757156
   20     -0.006701164132     -0.028460439256      4.697140964225
   12     -2.413812383714      2.339332543786      0.023727073194
   12      0.089744230958      4.651568882931     -0.079525119580
   12     -4.692190294041     -0.041386272707     -0.046535712946
   12     -0.001925132389     -2.335342611843     -2.311588587761
   20      2.355307122064     -0.007273362116     -2.338536804515
   12     -2.391321684170     -4.569377897823     -2.359709666356
   12      2.404066792732     -2.334602742843     -0.024017993415
   20      4.694400702110     -0.050440980694     -0.022303854923
   20      0.057691783243     -4.646661400115     -0.015978843322
   20     -2.357918222139     -2.378206592658     -4.690969923267
   20      0.034622169244     -0.020388193674     -4.695925383846
   12     -4.572214309918     -4.628997962927     -4.752846424965
    8     -0.005153926145     -0.073661084509     -2.348321685028
    8      2.427829260814      2.445722954347     -2.383400545003
    8     -2.337983967140     -2.421280179566     -2.349604093114
    8      2.335752840170     -0.078735422016     -0.004637762901
    8      4.678134522889      2.321646947807     -0.058452842477
    8      0.045354758068     -2.323252808854     -0.064919558015
    8      4.669316383149     -0.012486662442      2.352191345050
    8      7.080842741188      2.329243262604      2.349704604034
    8      2.328386713403     -2.406558432302      2.356017467456
    8     -0.064360094640      2.428317941920      0.020432326038
    8      2.251691789751      4.732675485762     -0.040093905089
    8     -2.435523845843      0.071678078477     -0.006621992986
    8      2.335377925110      2.331863784363      2.346005161127
    8      4.680739179475      4.656180673521      2.368157077121
    8     -0.007066678901      0.000676828371      2.348442247226
    8      4.669726918374      2.427196217915      4.755868651236
    8      7.022353569776      4.660867078397      4.759431729072
    8      2.338751833459     -0.093317364434      4.747464101524
    8      0.006039487481      4.666105655626      2.336491190046
    8      2.345220278705      7.063575095951      2.302410891850
    8     -2.433389823598      2.335829938368      2.332529689310
    8      2.354891921551      4.653538795276      4.740881925183
    8      4.683100661575      6.980760221721      4.697065189627
    8     -0.074220808669      2.431967346583      4.690944889220
    8      4.619298190404      4.562829386471      6.934233649769
    8      7.121647494033      6.912161475462      7.021204992290
    8      2.444022381223      2.377610736911      7.096242285232
    0    0
