   3   1   1 E -1.6031055212525E+04 DE-3.6E-11( 11)
 -0.105970586864E-01  0.701347933153E+01  0.701587327682E+01
  0.700955416657E+01  0.162851256918E-01  0.699512889043E+01
  0.701948646667E+01  0.700895520908E+01 -0.278354451043E-04
    1
  0.100000000000E+01  0.000000000000E+00  0.000000000000E+00
  0.000000000000E+00  0.100000000000E+01  0.000000000000E+00
  0.000000000000E+00  0.000000000000E+00  0.100000000000E+01
  0.000000000000E+00  0.000000000000E+00  0.000000000000E+00
   54
   20     -0.010239047807      0.005028773226     -0.018625989517
   20      2.327915618619      2.353483302228     -0.024608104408
   20     -2.352377143544     -2.329643291744     -0.015374314545
   20      2.336016964523      0.008041417430      2.337560365976
   20      4.669873383825      2.344074568729      2.327993325100
   20     -0.001838939895     -2.332007679884      2.335661967485
   20     -2.343851300025     -0.009361617527     -2.329106933329
   12      0.024394864029      2.370944675130     -2.308268689333
   12     -4.695104148149     -2.373350342866     -2.290517527065
   20     -0.009364431169      2.343259255601      2.340741819251
   20      2.327599990523      4.684207924409      2.331683441766
   12     -2.357038637399      0.090430239109      2.333851963664
   12      2.306617440858      2.331760927523      4.657254303883
   20      4.680169112073      4.684091427398      4.673204053581
   20     -0.000089570000      0.005400088973      4.681773223445
   20     -2.345394272396      2.330457581833      0.001979994663
   12      0.080262935128      4.665625645134      0.010417310338
   12     -4.657340537041     -0.063994052447      0.025777201288
   12      0.028349100992     -2.416201855806     -2.326010332151
   20      2.344287529323      0.010994138386     -2.344138675408
   12     -2.324979358805     -4.705809571508     -2.320220347215
   20      2.341846292591     -2.332122299043     -0.013205121351
   12      4.704420840652     -0.007467199270      0.007793921084
   20     -0.004992363085     -4.673739835072     -0.019960238560
   20     -2.330752607348     -2.350667310407     -4.663022105598
   20      0.003613369290     -0.011639072743     -4.667233108646
   20     -4.670882542996     -4.683415966483     -4.664744697637
    8     -0.002437406581     -0.000162362193     -2.339674886573
    8      2.339237124248      2.356218594182     -2.342968217476
    8     -2.340998459628     -2.356637750551     -2.333637223566
    8      2.341635935728      0.010206942958     -0.020401953890
    8      4.667836849904      2.333158654833     -0.028089525569
    8     -0.003937787090     -2.331416323519     -0.020102602857
    8      4.673191605856      0.006050876304      2.330305354025
    8      7.016143363784      2.346389749083      2.335008901769
    8      2.337705219787     -2.335106463371      2.341049018796
    8     -0.012957025828      2.352724458947     -0.017925748020
    8      2.309490545593      4.708568579353     -0.027755916616
    8     -2.359511037469     -0.002258626172     -0.004350012055
    8      2.330400610864      2.347686416788      2.334935724536
    8      4.673033704107      4.690467401245      2.331459310934
    8     -0.010758856163      0.006140218804      2.339343759888
    8      4.666690957681      2.347184969824      4.667453323959
    8      7.043572910467      4.665115921483      4.684807093836
    8      2.339097192771     -0.003340688050      4.683671864355
    8     -0.007132332887      4.668499559112      2.344454547365
    8      2.341818077150      7.012461820169      2.337718946141
    8     -2.341921956806      2.319301538457      2.354168178254
    8      2.324709783700      4.672655929223      4.673659082719
    8      4.678462779030      7.041882683924      4.682345294349
    8     -0.004316228271      2.355848296461      4.675850939682
    8      4.680827580350      4.694330399160      7.007271763744
    8      7.008348399902      6.999076092606      7.007777719231
    8      2.323641992536      2.330811738982      6.992353049390
    0    0
