   3   1   1 E -1.6031033203882E+04 DE-5.5E-10(  2)
  0.557463822894E-03  0.702844469495E+01  0.702641766855E+01
  0.702548951240E+01 -0.434821886858E-02  0.702654883892E+01
  0.703358007578E+01  0.702794085071E+01 -0.405495775846E-02
    1
  0.100000000000E+01  0.000000000000E+00  0.000000000000E+00
  0.000000000000E+00  0.100000000000E+01  0.000000000000E+00
  0.000000000000E+00  0.000000000000E+00  0.100000000000E+01
  0.000000000000E+00  0.000000000000E+00  0.000000000000E+00
   54
   20      0.000000000000      0.000000000000      0.000000000000
   20      2.344526691926      2.342646950236     -0.001351652586
   20     -2.344526691926     -2.342646950236      0.001351652586
   20      2.341829837466     -0.001449406290      2.342182946307
   20      4.686356529392      2.341197543946      2.340831293721
   20     -0.002696854459     -2.344096356525      2.343534598893
   20     -2.341829837466      0.001449406290     -2.342182946307
   20      0.002696854459      2.344096356525     -2.343534598893
   12     -4.686356529392     -2.341197543946     -2.340831293721
   20      0.000185821274      2.342814898316      2.342139222849
   20      2.344712513200      4.685461848552      2.340787570263
   12     -2.344340870651      0.000167948081      2.343490875435
   20      2.342015658741      2.341365492027      4.684322169156
   20      4.686542350667      4.684012442263      4.682970516570
   20     -0.002511033185     -0.001281458209      4.685673821742
   12     -2.341644016192      2.344264304606     -0.000043723458
   12      0.002882675734      4.686911254842     -0.001395376045
   20     -4.686170708118      0.001617354370      0.001307929128
   20     -0.000185821274     -2.342814898316     -2.342139222849
   12      2.344340870651     -0.000167948081     -2.343490875435
   20     -2.344712513200     -4.685461848552     -2.340787570263
   12      2.341644016192     -2.344264304606      0.000043723458
   20      4.686170708118     -0.001617354370     -0.001307929128
   12     -0.002882675734     -4.686911254842      0.001395376045
   12     -2.342015658741     -2.341365492027     -4.684322169156
   20      0.002511033185      0.001281458209     -4.685673821742
   12     -4.686542350667     -4.684012442263     -4.682970516570
    8      0.001255516592      0.000640729104     -2.342836910871
    8      2.345782208520      2.343287679342     -2.344188563457
    8     -2.343271175333     -2.342006221131     -2.341485258285
    8      2.343085354059     -0.000808677185     -0.000653964564
    8      4.687612045986      2.341838273052     -0.002005617150
    8     -0.001441337867     -2.343455627421      0.000697688022
    8      4.684915191525     -0.002258083475      2.341528981743
    8      7.029441883453      2.340388866763      2.340177329157
    8      2.340388499599     -2.344905033710      2.342880634329
    8      0.001441337867      2.343455627421     -0.000697688022
    8      2.345968029793      4.686102577658     -0.002049340608
    8     -2.343085354059      0.000808677185      0.000653964564
    8      2.343271175333      2.342006221131      2.341485258285
    8      4.687797867260      4.684653171368      2.340133605699
    8     -0.001255516592     -0.000640729104      2.342836910871
    8      4.685101012800      2.340556814842      4.683668204592
    8      7.029627704727      4.683203765080      4.682316552006
    8      2.340574320874     -0.002090135394      4.685019857178
    8      0.001627159141      4.686270525738      2.341441534828
    8      2.346153851067      7.028917475975      2.340089882242
    8     -2.342899532785      2.343623575503      2.342793187414
    8      2.343456996608      4.684821119449      4.683624481135
    8      4.687983688534      7.027468069685      4.682272828548
    8     -0.001069695318      2.342174169213      4.684976133721
    8      4.685286834074      4.683371713159      7.025807427442
    8      7.029813526001      7.026018663396      7.024455774856
    8      2.340760142149      2.340724762923      7.027159080028
    0    0
