   3   1   1 E -1.6031033960683E+04 DE 1.1E-10(  2)
  0.766153923791E-02  0.702788111050E+01  0.702379952157E+01
  0.703383043020E+01 -0.446463901164E-02  0.702737997630E+01
  0.703653191270E+01  0.702901963598E+01 -0.143077734164E-02
    1
  0.100000000000E+01  0.000000000000E+00  0.000000000000E+00
  0.000000000000E+00  0.100000000000E+01  0.000000000000E+00
  0.000000000000E+00  0.000000000000E+00  0.100000000000E+01
  0.000000000000E+00  0.000000000000E+00  0.000000000000E+00
   54
   20      0.000000000000      0.000000000000      0.000000000000
   20      2.345510637566      2.343006545328     -0.000476925781
   20     -2.345510637566     -2.343006545328      0.000476925781
   20      2.344610143402     -0.001488213004      2.342459992100
   20      4.690120780967      2.341518332324      2.341983066320
   20     -0.000900494164     -2.344494758331      2.342936917881
   20     -2.344610143402      0.001488213004     -2.342459992100
   20      0.000900494164      2.344494758331     -2.342936917881
   12     -4.690120780967     -2.341518332324     -2.341983066320
   20      0.002553846413      2.342627036832      2.341266507190
   20      2.348064483978      4.685633582160      2.340789581409
   20     -2.342956791153     -0.000379508495      2.341743432970
   20      2.347163989814      2.341138823828      4.683726499290
   20      4.692674627380      4.684145369156      4.683249573510
   20      0.001653352248     -0.001867721499      4.684203425071
   12     -2.342056296989      2.344115249836     -0.001193484911
   20      0.003454340577      4.687121795164     -0.001670410691
   12     -4.687566934555      0.001108704508     -0.000716559130
   12     -0.002553846413     -2.342627036832     -2.341266507190
   20      2.342956791153      0.000379508495     -2.341743432970
   12     -2.348064483978     -4.685633582160     -2.340789581409
   12      2.342056296989     -2.344115249836      0.001193484911
   12      4.687566934555     -0.001108704508      0.000716559130
   12     -0.003454340577     -4.687121795164      0.001670410691
   20     -2.347163989814     -2.341138823828     -4.683726499290
   12     -0.001653352248      0.001867721499     -4.684203425071
   20     -4.692674627380     -4.684145369156     -4.683249573510
    8     -0.000826676124      0.000933860750     -2.342101712535
    8      2.344683961442      2.343940406077     -2.342578638316
    8     -2.346337313690     -2.342072684578     -2.341624786755
    8      2.343783467277     -0.000554352254      0.000358279565
    8      4.689294104842      2.342452193072     -0.000118646216
    8     -0.001727170288     -2.343560897582      0.000835205346
    8      4.688393610678     -0.002042565258      2.342818271664
    8      7.033904248244      2.340963980068      2.342341345885
    8      2.342882973111     -2.345049110586      2.343295197444
    8      0.001727170288      2.343560897582     -0.000835205346
    8      2.347237807855      4.686567442910     -0.001312131126
    8     -2.343783467277      0.000554352254     -0.000358279565
    8      2.346337313690      2.342072684578      2.341624786755
    8      4.691847951255      4.685079229905      2.341147860974
    8      0.000826676124     -0.000933860750      2.342101712535
    8      4.690947457090      2.340584471574      4.684084778854
    8      7.036458094656      4.683591016901      4.683607853075
    8      2.345436819523     -0.002422073754      4.684561704633
    8      0.004281016701      4.686187934414      2.340431301844
    8      2.349791654268      7.029194479742      2.339954376063
    8     -2.341229620865      2.343181389087      2.340908227626
    8      2.348891160103      4.684699721411      4.682891293946
    8      4.694401797668      7.027706266738      4.682414368164
    8      0.003380522537      2.341693176084      4.683368219727
    8      4.693501303502      4.683211508407      7.025351286045
    8      7.039011941069      7.026218053734      7.024874360264
    8      2.347990665936      2.340204963081      7.025828211825
    0    0
