   3   1   1 E -1.6031059026367E+04 DE 9.8E-11( 11)
  0.378661895305E-01  0.699696122955E+01  0.701048153224E+01
  0.702081421380E+01  0.871859359548E-02  0.703169947019E+01
  0.703686513412E+01  0.702763469728E+01 -0.520917281692E-03
    1
  0.100000000000E+01  0.000000000000E+00  0.000000000000E+00
  0.000000000000E+00  0.100000000000E+01  0.000000000000E+00
  0.000000000000E+00  0.000000000000E+00  0.100000000000E+01
  0.000000000000E+00  0.000000000000E+00  0.000000000000E+00
   54
   20      0.005736568748     -0.008718887714      0.000959542104
   20      2.351899083966      2.338824993160     -0.003201283655
   20     -2.342102673994     -2.346262446152      0.001633015957
   20      2.357496374442     -0.018360572361      2.337796531241
   20      4.698867901446      2.329221727522      2.331129120372
   20      0.016218212832     -2.360285640989      2.335858725768
   20     -2.341187520045     -0.008831512525     -2.348401237863
   20      0.013914034819      2.337562873119     -2.344997739639
   12     -4.691041155845     -2.355785778702     -2.361635939860
   20      0.006102669058      2.333995946146      2.342337763583
   20      2.358554773882      4.682606279931      2.341694977447
   12     -2.334960566925      0.016611881369      2.325994748553
   12      2.328592339263      2.363154315079      4.684840365792
   20      4.692479335487      4.684352158258      4.679881331761
   20      0.005492869270     -0.003371477019      4.686499500411
   20     -2.351351172663      2.347967832942      0.007821747041
   20      0.003323988007      4.691300899769      0.008971633955
   20     -4.686623195777      0.008306564772      0.004958881958
   20     -0.007058522797     -2.339418626816     -2.338585665192
   20      2.337859424716      0.010658549929     -2.339846935436
   20     -2.361747942582     -4.675127165388     -2.339238034312
   12      2.359031063516     -2.383242158999     -0.005924410506
   12      4.656815889725      0.026557291589      0.061241863798
   12     -0.043112240927     -4.657127400600      0.022744516660
   12     -2.325817395576     -2.353898084435     -4.714869152273
   12      0.004953210537     -0.011682625645     -4.730985835635
   12     -4.727024851445     -4.645434286550     -4.669161601766
    8      0.001242969184     -0.001184178443     -2.345592508415
    8      2.343337332638      2.355910420580     -2.346047589916
    8     -2.356800736021     -2.344370370711     -2.343443140858
    8      2.356839693548     -0.013997295412     -0.004215978331
    8      4.697881112547      2.329372825780     -0.004813267218
    8      0.012015456061     -2.360666172188     -0.003399306018
    8      4.698802312682     -0.019206775076      2.322195952409
    8      7.055410279808      2.317447038356      2.326745977297
    8      2.371863025303     -2.368401593191      2.334803226234
    8      0.005188307574      2.340688329904      0.004920222105
    8      2.351046458500      4.685776790519      0.000622056648
    8     -2.343891309506     -0.000440168186      0.004530455215
    8      2.355053046417      2.332506754524      2.339953529912
    8      4.701245526978      4.684302142678      2.337893349807
    8      0.003743000142     -0.012572087417      2.337014987253
    8      4.677902192984      2.344676319268      4.679543033881
    8      7.044694054473      4.684814858109      4.687486391574
    8      2.343754411299     -0.001914198671      4.685543486822
    8      0.004887026933      4.685040339806      2.344745702477
    8      2.362291684640      7.036905968156      2.341877000909
    8     -2.349239416030      2.336713948507      2.341918395977
    8      2.366685231396      4.662829481787      4.679428604427
    8      4.704404201130      7.016528288233      4.675185176365
    8      0.026580475212      2.325833138310      4.678608806514
    8      4.667824398034      4.710998304143      7.045951520438
    8      7.024708221432      7.047529466735      7.052279247135
    8      2.317175460067      2.371219116120      7.036218620289
    0    0
