   3   1   1 E -1.6031095548371E+04 DE-2.8E-10( 11)
  0.812584302532E-02  0.700196277921E+01  0.703232794544E+01
  0.700292359875E+01  0.145335047803E-01  0.701876185492E+01
  0.700918394537E+01  0.698882000239E+01  0.141527198679E-01
    1
  0.100000000000E+01  0.000000000000E+00  0.000000000000E+00
  0.000000000000E+00  0.100000000000E+01  0.000000000000E+00
  0.000000000000E+00  0.000000000000E+00  0.100000000000E+01
  0.000000000000E+00  0.000000000000E+00  0.000000000000E+00
   54
   20      0.005990076994     -0.011323015200     -0.036409786060
   20      2.338894967324      2.353234942348     -0.050536285888
   20     -2.318041054088     -2.356821163778     -0.028276839676
   20      2.331831450772     -0.029861235060      2.355551773503
   20      4.732574081904      2.309402614796      2.366416134811
   20      0.064489343932     -2.396289482798      2.351881736422
   20     -2.352695190579      0.001463393158     -2.334415885992
   12      0.048338180901      2.351801088027     -2.411313540695
   12     -4.678328109018     -2.410016609884     -2.373187629709
   20     -0.011368615021      2.305163817232      2.361430740234
   20      2.347961343657      4.694204674226      2.366700768496
   12     -2.306846974298      0.047590295825      2.365706155889
   12      2.283293353758      2.383989167054      4.729312220397
   20      4.668394426252      4.661411355599      4.686319482749
   20      0.003942344118      0.035675862699      4.686751980966
   20     -2.408275783750      2.333552742295      0.006469608681
   20      0.004532619801      4.667064784239      0.011224262750
   20     -4.680704965907      0.063297960531      0.010159459601
   20      0.017055409690     -2.371234688515     -2.346513824461
   20      2.331939606190      0.065004322593     -2.386619857058
   12     -2.373368274861     -4.679318279577     -2.387802336406
   12      2.262906749973     -2.431654376585     -0.080853447997
   20      4.686038758123      0.019380902715      0.000601546798
   12      0.057143405281     -4.679248890018     -0.061373048781
   20     -2.401439892456     -2.391807623682     -4.656688759583
   12      0.050011951057      0.086712327332     -4.534526922094
   12     -4.734586442823     -4.692724845057     -4.655688424777
    8     -0.003825950095      0.060547028500     -2.414305084861
    8      2.336903302924      2.465032617533     -2.437381085557
    8     -2.402841414876     -2.421917636054     -2.357968254829
    8      2.335132613080     -0.024339707032     -0.034663701355
    8      4.743286260401      2.322336573789     -0.058866620356
    8      0.092186627495     -2.411057818481     -0.021355608657
    8      4.703859078773     -0.011966466143      2.381067849150
    8      7.149889079822      2.226209740500      2.439946171114
    8      2.328976069386     -2.431519542155      2.373117886580
    8     -0.023232919479      2.330807321188     -0.025578330478
    8      2.331960409047      4.672589702914     -0.013944776409
    8     -2.338550786772      0.006861436300      0.044778514343
    8      2.349117223193      2.331722599118      2.379961404335
    8      4.706759069360      4.700640540910      2.356110003888
    8     -0.036387922951     -0.014904422587      2.336386763567
    8      4.647890123422      2.341021642744      4.683822945650
    8      7.082625694558      4.580985696258      4.704351070481
    8      2.324542437191      0.014603827121      4.684438432246
    8     -0.012207477482      4.702840261099      2.374803729765
    8      2.357642324910      7.122972334011      2.358480806042
    8     -2.432009428566      2.227932529628      2.415843609321
    8      2.347273784561      4.636385428883      4.724051599404
    8      4.676384731439      7.098734984687      4.623750774599
    8      0.068977932487      2.326798963753      4.764245340930
    8      4.589558272544      4.666104904102      7.026446007454
    8      7.014194938140      7.102503347871      7.098679517971
    8      2.183263402706      2.473347359722      6.933053094598
    0    0
