   3   1   1 E -1.6031103552251E+04 DE 1.1E-09( 10)
 -0.184587644797E-01  0.700557699257E+01  0.703081887050E+01
  0.698257392913E+01  0.454429896546E-02  0.700808800959E+01
  0.698711822809E+01  0.698711822809E+01  0.195496634398E-17
    2
  0.100000000000E+01  0.000000000000E+00  0.000000000000E+00
  0.000000000000E+00  0.100000000000E+01  0.000000000000E+00
  0.000000000000E+00  0.000000000000E+00  0.100000000000E+01
  0.000000000000E+00  0.000000000000E+00  0.000000000000E+00
  0.000000000000E+00 -0.100000000000E+01  0.000000000000E+00
 -0.100000000000E+01  0.000000000000E+00  0.000000000000E+00
  0.000000000000E+00  0.000000000000E+00  0.100000000000E+01
  0.000000000000E+00  0.000000000000E+00  0.000000000000E+00
   54
   20      0.024746813643     -0.024746813643     -0.040437808035
   20      2.364400338187      2.314641556470     -0.041188111175
   20     -2.314641556470     -2.364400338187     -0.041188111175
   20      2.348342399719     -0.035873408379      2.320453316018
   20      4.701461710739      2.285656517351      2.287886534925
   20      0.035873408379     -2.348342399719      2.320453316018
   20     -2.306465036961     -0.045941009304     -2.339604895899
   20      0.045941009304      2.306465036961     -2.339604895899
   12     -4.643807466912     -2.343310761179     -2.322641049643
   20     -0.041917852330      2.365783665133      2.364286556699
   20      2.287603907196      4.699514320894      2.385268896252
   20     -2.365783665133      0.041917852330      2.364286556699
   20      2.305289411273      2.373180797715      4.726825626807
   20      4.613937430375      4.681828816817      4.726825626807
   20     -0.044913297091      0.044913297091      4.712629627014
   12     -2.378231545457      2.378231545457     -0.022977563028
   20     -0.039812380992      4.698312986008      0.010415138975
   20     -4.698312986008      0.039812380992      0.010415138975
   12      0.113438957337     -2.311263224812     -2.320418539706
   12      2.311263224812     -0.113438957337     -2.320418539706
   12     -2.314279146584     -4.672839081506     -2.297505291759
   12      2.356741275153     -2.356741275153     -0.090195572541
   12      4.615718410597      0.076261498860     -0.039598391229
   12     -0.076261498860     -4.615718410597     -0.039598391229
   20     -2.323506195570     -2.342068208637     -4.688890836909
   12      0.040681881443     -0.040681881443     -4.665730171764
   20     -4.645050019453     -4.663612032520     -4.688890836909
    8      0.097844437063     -0.097844437063     -2.408199241250
    8      2.425955715825      2.367623775826     -2.329301190816
    8     -2.367623775825     -2.425955715825     -2.329301190816
    8      2.422094460364     -0.086532478223     -0.093216913456
    8      4.739992454098      2.247125773992     -0.083974828151
    8      0.086532478223     -2.422094460364     -0.093216913456
    8      4.718312770234      0.000198069824      2.289733374774
    8      6.986920158269      2.268805457858      2.289733374774
    8      2.328108258181     -2.328108258178      2.331972579935
    8     -0.033791980532      2.331224382441      0.019582546425
    8      2.334536871779      4.652581356311     -0.025845624541
    8     -2.331224382441      0.033791980532      0.019582546425
    8      2.329199481083      2.329968027026      2.338070037350
    8      4.657150201064      4.657918747007      2.338070037350
    8     -0.006280138776      0.006280138776      2.343747540819
    8      4.670574029194      2.316544198898      4.746040265388
    8      7.053645435962      4.672220062243      4.682520849056
    8      2.314898165850     -0.066527207869      4.682520849056
    8     -0.000520471557      4.754597621451      2.419064307227
    8      2.232520606638      6.987638699646      2.419064307227
    8     -2.337814356213      2.337814356212      2.327932952505
    8      2.243252964299      4.743865263790      4.749095979251
    8      4.547959329249      7.084243235996      4.760737265162
    8     -0.097125007907      2.439158898840      4.760737265162
    8      4.557758247951      4.630562126043      7.001604726565
    8      6.878660682871      7.095575773310      7.085864003306
    8      2.356556102048      2.429359980140      7.001604726565
    0    0
