   3   1   1 E -1.6031106824771E+04 DE 6.1E-10( 10)
  0.161601040583E-01  0.699506427990E+01  0.700246687331E+01
  0.700677000971E+01  0.235851190548E-02  0.700855145049E+01
  0.701068227732E+01  0.699930984669E+01  0.445691042479E-02
    1
  0.100000000000E+01  0.000000000000E+00  0.000000000000E+00
  0.000000000000E+00  0.100000000000E+01  0.000000000000E+00
  0.000000000000E+00  0.000000000000E+00  0.100000000000E+01
  0.000000000000E+00  0.000000000000E+00  0.000000000000E+00
   54
   20      0.000385723651     -0.025323139217     -0.037706032051
   20      2.368870342089      2.329430314765     -0.039109794805
   20     -2.338078432802     -2.343591024575     -0.054674054607
   20      2.341913015141     -0.051716166096      2.332836379621
   20      4.713756797285      2.286444391768      2.316975202027
   20      0.053689692396     -2.364715590633      2.331526998090
   20     -2.347123248440     -0.049993565436     -2.335065853134
   20      0.031408732416      2.317066018115     -2.365887177754
   12     -4.685455574892     -2.396267225877     -2.291468430496
   20     -0.051062535814      2.358556149836      2.371461135685
   20      2.302836509237      4.704799495017      2.298727911187
   20     -2.378630044819      0.051756676085      2.326575371348
   20      2.337027838025      2.349060210009      4.742853064650
   20      4.657106723581      4.674483838389      4.743485514823
   20     -0.004531268214      0.009329988477      4.717333007618
   12     -2.408521376895      2.281648377216      0.010639099772
   20     -0.019084316772      4.700996408683      0.032652373461
   12     -4.638670569814     -0.021003561718      0.011775753360
   12      0.023139198576     -2.326076241874     -2.357813991471
   20      2.327290046895      0.006131610800     -2.346630129483
   12     -2.385501017354     -4.599751913071     -2.311562951163
   12      2.374938619890     -2.247230725823      0.003585929880
   12      4.633941280621      0.043823519041      0.025077427325
   20      0.044504598867     -4.682482146805      0.004522923219
   20     -2.364319217852     -2.355490863685     -4.677547441699
   12      0.038779561061      0.004809901127     -4.712954237574
   12     -4.619313245438     -4.641812299535     -4.704674829337
    8     -0.008045794625     -0.100043038155     -2.415732358804
    8      2.439790627470      2.444487521887     -2.410495589494
    8     -2.347610223764     -2.442277144013     -2.336848900569
    8      2.413901465053     -0.079750362795      0.004129796562
    8      4.675714466004      2.244616628351     -0.080709994271
    8      0.077458558185     -2.329971675807     -0.066751619106
    8      4.717160625634     -0.001863731258      2.256862291609
    8      7.091225814522      2.249882380046      2.335532575153
    8      2.323225942828     -2.420360706558      2.315995830466
    8     -0.056781660388      2.323819896938     -0.009216251677
    8      2.339692337809      4.742642352150     -0.070759150366
    8     -2.427414144476      0.066608095702     -0.005256623063
    8      2.344847235124      2.330179840029      2.352444088888
    8      4.669843200432      4.666214112265      2.324088900825
    8     -0.010231440043      0.001190118709      2.330943137233
    8      4.684907991083      2.321057208750      4.729956887262
    8      7.081297206817      4.663616591040      4.692413375349
    8      2.331814193242     -0.092284081551      4.753858406501
    8      0.010447325550      4.756385092677      2.409136988054
    8      2.244784540609      7.083445544371      2.245455532724
    8     -2.432471558809      2.322805398666      2.327665418551
    8      2.282507372883      4.665035124204      4.731929754011
    8      4.676356247454      7.094410997731      4.755703949133
    8     -0.057299520049      2.433562857369      4.673374761289
    8      4.576103007247      4.690175460290      7.015075263293
    8      7.030334393614      7.003293831582      7.082941408690
    8      2.470399719884      2.335536125644      7.092967507269
    0    0
