   3   1   1 E -1.6031076829882E+04 DE 5.2E-09(  9)
  0.308022459153E-01  0.688712918060E+01  0.696145514569E+01
  0.703904636616E+01 -0.390441082025E-01  0.702344924845E+01
  0.703929052645E+01  0.694347544668E+01 -0.333284553446E-01
    1
  0.100000000000E+01  0.000000000000E+00  0.000000000000E+00
  0.000000000000E+00  0.100000000000E+01  0.000000000000E+00
  0.000000000000E+00  0.000000000000E+00  0.100000000000E+01
  0.000000000000E+00  0.000000000000E+00  0.000000000000E+00
   54
   20      0.021620632216     -0.055170660995     -0.064332049687
   20      2.325082559906      2.303650482528     -0.065750277796
   20     -2.329718405166     -2.337047041026     -0.036323624840
   20      2.324106876480     -0.052462500549      2.359261526725
   20      4.713634052699      2.297393814136      2.340335830582
   20      0.027288717664     -2.334924708984      2.352978086967
   20     -2.347198869314     -0.003633791416     -2.340554646883
   20      0.023191932619      2.335250788911     -2.379289725359
   12     -4.800894907436     -2.204555979433     -2.293759561213
   20     -0.008873315889      2.308581556116      2.360668005342
   20      2.324438124866      4.673196266373      2.367352183245
   20     -2.327812244569     -0.035719124522      2.355633397376
   20      2.328805068089      2.356925247689      4.737993868660
   12      4.708185074987      4.727529899679      4.687397830158
   12     -0.015032298305     -0.103503893902      4.696552029080
   12     -2.404128133357      2.447399644134     -0.031830887712
   20     -0.023193686508      4.673507077135     -0.066329866762
   20     -4.727334752491      0.044331108176     -0.021153210698
   12      0.044504230971     -2.279680585221     -2.258452271775
   12      2.299291345882     -0.126755427957     -2.323015781693
   20     -2.335062738478     -4.638189529233     -2.288134048096
   12      2.525947543815     -2.468080757383     -0.056725432859
   20      4.700854586793     -0.045287849537     -0.030711295800
   12      0.006707216465     -4.626514518789      0.001312615125
   20     -2.357584110075     -2.295605741810     -4.645800299135
   12      0.036425599888      0.091707220362     -4.658750955198
   20     -4.726771491233     -4.592461782527     -4.640303588327
    8      0.077410865414     -0.099752952576     -2.432626393521
    8      2.328239142371      2.313841676978     -2.351375768357
    8     -2.356909929612     -2.306931430838     -2.325514399026
    8      2.344755521097     -0.103889226064     -0.076205306594
    8      4.736678661033      2.295582988009     -0.030014767205
    8      0.092043625696     -2.436777254015     -0.112433277184
    8      4.714922345477     -0.027992582551      2.341240188965
    8      7.036157481942      2.236182453091      2.281149573350
    8      2.320038154456     -2.321313403917      2.372177026993
    8     -0.027739669474      2.313975687017     -0.037746797472
    8      2.326038677538      4.654364990776     -0.076164229160
    8     -2.327731401536      0.020742212960     -0.030183312463
    8      2.323698147042      2.315898562397      2.350476340630
    8      4.699963681786      4.612022855700      2.344174821850
    8      0.002214968880     -0.036829417302      2.364093670418
    8      4.700140932684      2.374132758575      4.715075317225
    8      7.062695609551      4.711860312432      4.652156926886
    8      2.261199243794     -0.064740690768      4.698552389685
    8      0.003069086493      4.679337362894      2.383577865811
    8      2.298960135671      6.921596281608      2.344092048353
    8     -2.333182792485      2.288665304640      2.304953924885
    8      2.406601982452      4.700237054424      4.767356180241
    8      4.730847442565      6.788510502836      4.629071974565
    8      0.013958714393      2.296468622405      4.744913732869
    8      4.646140027944      4.512614447726      6.903656418044
    8      7.046746716128      6.974274365425      6.967975268232
    8      2.357690141531      2.390061642028      7.031394457167
    0    0
