   3   1   1 E -1.6031095991625E+04 DE 3.5E-10( 11)
 -0.735306845920E-02  0.701007832909E+01  0.701223767924E+01
  0.698552267723E+01  0.955018101046E-03  0.699921251612E+01
  0.700624118834E+01  0.700857529383E+01 -0.111860437148E-01
    1
  0.100000000000E+01  0.000000000000E+00  0.000000000000E+00
  0.000000000000E+00  0.100000000000E+01  0.000000000000E+00
  0.000000000000E+00  0.000000000000E+00  0.100000000000E+01
  0.000000000000E+00  0.000000000000E+00  0.000000000000E+00
   54
   20     -0.002997085471     -0.002398860689     -0.033178450055
   20      2.330040136602      2.353505984479     -0.039127503161
   20     -2.333807057184     -2.340548314259     -0.039900550074
   20      2.346096561812     -0.051701726530      2.398197057810
   20      4.669936773232      2.334656576294      2.346909260774
   20      0.032105128607     -2.340222800222      2.409507135590
   20     -2.332761929923     -0.039066402661     -2.349044703008
   20      0.005265557617      2.419597791914     -2.312752126224
   12     -4.690649943814     -2.357724372162     -2.321937612517
   20     -0.070075704023      2.381799036823      2.354925275731
   20      2.286905087303      4.672386372427      2.314107117588
   20     -2.331471030318      0.013988917874      2.360460529797
   20      2.319374303408      2.364864246412      4.717745519411
   12      4.689795864960      4.707717719652      4.751318722455
   12     -0.056734102426     -0.110722691756      4.748534015431
   12     -2.364535443053      2.391451867144      0.120028671299
   12     -0.083349065766      4.722281467184     -0.050474615384
   20     -4.706301718557     -0.013092322140     -0.019373907634
   12     -0.017635201544     -2.323432337706     -2.333895380120
   20      2.379623960672     -0.018467152884     -2.379070031415
   20     -2.327825038779     -4.651501091553     -2.388708829280
   20      2.434259812467     -2.359824578798      0.031421568980
   12      4.677784515424     -0.047407093755     -0.173495142237
   20      0.009540381380     -4.699242162484     -0.012075276111
   12     -2.302380014950     -2.355222859190     -4.646668994181
   20     -0.021236145517     -0.044972938974     -4.704198384748
   12     -4.549215167480     -4.608623408550     -4.683766471932
    8      0.012580466114     -0.063944390815     -2.357851734442
    8      2.347631527139      2.449739840187     -2.418053961319
    8     -2.269398486715     -2.332116969964     -2.372289010812
    8      2.407496930119     -0.014892958716     -0.006734118959
    8      4.676911747521      2.286377179952     -0.025318233758
    8      0.032583383983     -2.349400629473     -0.024270225880
    8      4.655900933069     -0.110046377119      2.274453770324
    8      7.060834002823      2.343016897872      2.343993447704
    8      2.462330703190     -2.462172032905      2.435375933040
    8     -0.105980304344      2.420527187300     -0.038293484755
    8      2.231619617872      4.665214525699     -0.117662854365
    8     -2.330186560774      0.043440655350     -0.014532121305
    8      2.316528533552      2.342868645570      2.356156352740
    8      4.659724880187      4.670575501289      2.348798671780
    8     -0.011036169449     -0.004664941544      2.381765946824
    8      4.666707260456      2.449657644191      4.750861241283
    8      6.990930478140      4.811151010894      4.771873932123
    8      2.235762029158     -0.082418951129      4.701495526976
    8     -0.140079984868      4.679738957940      2.336571849867
    8      2.334642721539      7.049184611525      2.317584248220
    8     -2.458159662261      2.435383583699      2.232527702960
    8      2.340530953738      4.676735198987      4.675753098268
    8      4.787474933684      6.921324088373      4.748531017559
    8     -0.021821388914      2.353657398421      4.687811252471
    8      4.777543914520      4.672503149347      6.982726844931
    8      6.850683848343      6.904992062739      6.881186030384
    8      2.428338844509      2.333729131043      7.083240663742
    0    0
