   3   1   1 E -1.6031087654897E+04 DE-1.7E-09( 11)
  0.659792292764E-01  0.697588386998E+01  0.702116089765E+01
  0.697360267404E+01  0.257290505424E-01  0.705317104193E+01
  0.699456083749E+01  0.702273478415E+01  0.110322350607E-01
    1
  0.100000000000E+01  0.000000000000E+00  0.000000000000E+00
  0.000000000000E+00  0.100000000000E+01  0.000000000000E+00
  0.000000000000E+00  0.000000000000E+00  0.100000000000E+01
  0.000000000000E+00  0.000000000000E+00  0.000000000000E+00
   54
   20     -0.002598585860     -0.006143486839     -0.038605923980
   20      2.340847089194      2.339661311580     -0.035360875927
   20     -2.315542972709     -2.364732919552     -0.052900215206
   20      2.331953872557     -0.016558302429      2.351472659979
   20      4.678617120962      2.344581524883      2.343496654220
   20      0.001780482506     -2.337974860171      2.339259790628
   20     -2.298154191052     -0.054864347742     -2.363333983627
   20      0.025457140839      2.320717619507     -2.329275079772
   20     -4.628181625198     -2.371270582099     -2.345178837114
   20     -0.064403082431      2.377810327504      2.366335199959
   20      2.282919837938      4.705328948442      2.352144767278
   20     -2.332481583844      0.041394332426      2.347703058326
   20      2.283413914605      2.314119578768      4.762711966671
   20      4.699695532286      4.700834015976      4.731048573947
   12      0.026202909319      0.155307641747      4.745217443503
   12     -2.255756793842      2.319881225981      0.000030742956
   12      0.011826321355      4.639481398604     -0.034381264379
   12     -4.714502001672     -0.017731814907     -0.062269651270
   12     -0.087923765284     -2.311139620347     -2.288893255703
   12      2.283821097356      0.057189338298     -2.314115091213
   12     -2.291308817364     -4.702311687412     -2.278355547950
   20      2.326148614811     -2.350380595737      0.005377491892
   20      4.704399098444      0.027760540441     -0.023869345879
   12     -0.113955976757     -4.629126076689     -0.121783881629
   12     -2.316089153505     -2.386906945425     -4.602737978342
   20      0.021700194212     -0.029847971217     -4.717912003879
   20     -4.635178900559     -4.703241566434     -4.724598829312
    8      0.077716358947     -0.075131719677     -2.347578933911
    8      2.409060646875      2.267561612065     -2.342737814442
    8     -2.213287858120     -2.465681387479     -2.433518633342
    8      2.321290016169      0.006797359714     -0.038153576180
    8      4.744228000886      2.341758841377     -0.035204930138
    8     -0.019163368328     -2.390031052550     -0.054329873112
    8      4.677395659528     -0.037822139491      2.337145451304
    8      6.975844449025      2.352172745177      2.304658698983
    8      2.370400195889     -2.342718829535      2.348872723914
    8     -0.057205686169      2.396689570663     -0.013500452728
    8      2.270731760631      4.728032156868     -0.020769373968
    8     -2.376959272841      0.038782596628     -0.041701010209
    8      2.306710278975      2.347927961084      2.358183243138
    8      4.661713773446      4.695282334162      2.352261892276
    8      0.002951974620      0.011166888402      2.392738408343
    8      4.666139205586      2.336879614125      4.755417479703
    8      7.013197256868      4.737327638696      4.755278381525
    8      2.250489802751     -0.019033142244      4.730732354794
    8     -0.105573222681      4.662195234077      2.350263375509
    8      2.362516640577      6.996139165272      2.332504878948
    8     -2.296121781627      2.413139719782      2.320734770934
    8      2.267270603543      4.732475819162      4.717583603399
    8      4.700124725948      7.108252504366      4.711022350670
    8     -0.139333768232      2.346708900147      4.851596488319
    8      4.821145430411      4.598442001666      7.124732639403
    8      7.151806165572      7.032474917147      6.924882469394
    8      2.347848569086      2.227938334304      7.031797589176
    0    0
