   3   1   1 E -1.6031048924884E+04 DE 4.7E-10( 11)
  0.230409523172E-01  0.699848702536E+01  0.699161671843E+01
  0.703044046145E+01 -0.450745057408E-02  0.702421910401E+01
  0.701221744140E+01  0.702115517538E+01  0.507986943145E-02
    1
  0.100000000000E+01  0.000000000000E+00  0.000000000000E+00
  0.000000000000E+00  0.100000000000E+01  0.000000000000E+00
  0.000000000000E+00  0.000000000000E+00  0.100000000000E+01
  0.000000000000E+00  0.000000000000E+00  0.000000000000E+00
   54
   20      0.007703983004     -0.005985935992     -0.012170854096
   20      2.344226616461      2.340137285805     -0.006534638382
   20     -2.332884637700     -2.347366981342     -0.007636504627
   20      2.335116656964     -0.005216034467      2.344566632039
   20      4.679231864802      2.340757757045      2.347160581430
   20      0.013106965744     -2.346825205690      2.340792740130
   20     -2.349025113176     -0.000415559816     -2.336322479783
   20      0.003800701637      2.344271507214     -2.345337301021
   12     -4.675364299073     -2.342938640377     -2.356445071124
   20     -0.002647556546      2.336883105238      2.335067877622
   20      2.334517520903      4.682166763090      2.342662001205
   20     -2.336113091056      0.002163759599      2.335853753817
   20      2.331012341147      2.345349463236      4.695122301063
   20      4.681584736928      4.680508381646      4.682142615534
   12      0.002160782971      0.003318908011      4.684635271091
   12     -2.385369599160      2.336565827230     -0.012556542493
   20      0.000884148358      4.677351675889     -0.011260986588
   20     -4.681412131369      0.005040267518     -0.006418200380
   12      0.042754661049     -2.379640643155     -2.342959564298
   12      2.354294897872     -0.008239251132     -2.358048690153
   12     -2.316490791388     -4.685336764893     -2.345759338849
   12      2.337334375434     -2.416791228283     -0.000712446956
   20      4.672896336448      0.008533668078      0.008142043647
   12      0.013959041366     -4.678262327401     -0.010313559015
   20     -2.362888291736     -2.339340764938     -4.668208483602
   20     -0.016554535551      0.011415692595     -4.666833423694
   12     -4.610774737827     -4.629704678094     -4.707386129448
    8      0.002517924802     -0.003243112858     -2.343865779499
    8      2.366823727849      2.351541789224     -2.356009239066
    8     -2.349569860879     -2.351194756254     -2.338064898609
    8      2.344743449875     -0.005058518402     -0.012204455856
    8      4.684966448581      2.339707713310      0.001665142339
    8      0.021808269715     -2.358865686487     -0.007290212816
    8      4.673662523058      0.000878101298      2.351714785711
    8      7.026211257778      2.340172661791      2.346169127708
    8      2.339528648782     -2.354358357988      2.347573158154
    8      0.001197477365      2.338011284619     -0.013258890624
    8      2.336244375200      4.679589468602     -0.004560451355
    8     -2.337688628799      0.001900063973     -0.007207503466
    8      2.335612672238      2.339580059548      2.344007107019
    8      4.679004715044      4.679383781119      2.343679254675
    8      0.004549728547     -0.002509393535      2.337587347607
    8      4.681736079498      2.341006710655      4.689538123136
    8      7.034297211632      4.682786939613      4.678233957175
    8      2.333306938243     -0.005521397327      4.689939693333
    8     -0.001841456701      4.672684275114      2.335520829044
    8      2.335192554467      7.025139721335      2.339982432618
    8     -2.348785338029      2.332935362602      2.325987925898
    8      2.325063197469      4.693368994212      4.694302286936
    8      4.687511594759      7.024035622468      4.677757427217
    8     -0.024119833776      2.340022505375      4.697526362425
    8      4.685898330284      4.664241729520      7.007269255086
    8      7.029551812217      7.017555082874      7.009344384824
    8      2.343160182525      2.355915684726      7.037541840725
    0    0
