   3   1   1 E -1.6031106533432E+04 DE-5.1E-10( 10)
  0.995630678586E-02  0.701980272049E+01  0.699778765052E+01
  0.702275315761E+01  0.295562711089E-02  0.699867774959E+01
  0.701457967924E+01  0.700570142386E+01  0.180813420833E-01
    1
  0.100000000000E+01  0.000000000000E+00  0.000000000000E+00
  0.000000000000E+00  0.100000000000E+01  0.000000000000E+00
  0.000000000000E+00  0.000000000000E+00  0.100000000000E+01
  0.000000000000E+00  0.000000000000E+00  0.000000000000E+00
   54
   20     -0.002997298038      0.002864479007     -0.008136132555
   20      2.301097189113      2.339014129710     -0.064496884522
   20     -2.337637172094     -2.329690733418     -0.027671832713
   20      2.351642054996      0.001734041230      2.393006260456
   20      4.682875197733      2.321454596952      2.327794589006
   20      0.002228914841     -2.327307622191      2.324219353386
   20     -2.344623345658     -0.012155666065     -2.303453474894
   20      0.004029176663      2.318960801925     -2.351388902263
   12     -4.737639566586     -2.331750080422     -2.307772820419
   20     -0.017895315684      2.371908141079      2.337648465520
   20      2.302635079906      4.710928931148      2.354665516422
   12     -2.346733541566      0.055711746351      2.324505752887
   12      2.330047469240      2.371168209831      4.746884600226
   20      4.628360260965      4.678039574519      4.665714361632
   20      0.021652837923      0.013909983263      4.713793942563
   12     -2.315698113979      2.359448441638      0.004587842196
   12     -0.015184757564      4.626765667967     -0.040668782035
   20     -4.685695071587      0.025319840559      0.025551658638
   12      0.112534203978     -2.324738751800     -2.310785669763
   12      2.306579267903     -0.056010953892     -2.412242402771
   20     -2.369673758097     -4.678775514835     -2.374760269058
   20      2.331007516190     -2.368117842268     -0.064823322163
   20      4.729910438427     -0.017495658636      0.008512072482
   12      0.000483201693     -4.628200152680     -0.022069285781
   20     -2.315687744185     -2.354711873385     -4.662578226266
   12     -0.029782048761     -0.052190354335     -4.680136064171
   20     -4.695618947546     -4.715976935348     -4.697550691209
    8      0.112782152133     -0.094313826601     -2.407315649382
    8      2.319115974663      2.339368806810     -2.343292191582
    8     -2.371515008648     -2.346111861503     -2.338539087179
    8      2.367699196593     -0.005380501972     -0.039053199999
    8      4.749636187725      2.336023817018     -0.002998523709
    8     -0.001752524859     -2.401804465071     -0.091478089329
    8      4.765170040057     -0.003944515306      2.362885216932
    8      7.007079821410      2.260909599277      2.235958537094
    8      2.344707773957     -2.336242004269      2.391440665600
    8     -0.093271886073      2.426688178085     -0.005216826476
    8      2.232550251033      4.658025853340     -0.088655458305
    8     -2.329923048127      0.095472916945      0.092940217237
    8      2.338698876638      2.341882478779      2.408061349940
    8      4.679525410725      4.767276541346      2.333656783056
    8     -0.066670859130      0.011303441115      2.351814982369
    8      4.582006052166      2.340027859347      4.744694854676
    8      7.110322335280      4.673075607897      4.765018872250
    8      2.336690200183     -0.017098999509      4.680883035263
    8      0.005613303277      4.777527307317      2.340683950156
    8      2.415758379009      7.009315915322      2.472349738752
    8     -2.341697060551      2.227103951789      2.217551133006
    8      2.242808888172      4.697909563247      4.658472365938
    8      4.657395038953      7.009762404887      4.642698116536
    8      0.109121672493      2.442508458331      4.763274513616
    8      4.788155093608      4.569675401139      6.999446197707
    8      7.031974724692      6.997508981656      7.132419443813
    8      2.330604032798      2.351491616269      6.889409737059
    0    0
