   3   1   1 E -1.6031099845623E+04 DE 7.1E-09(  9)
  0.113714057989E-02  0.700822697313E+01  0.700859225411E+01
  0.700994792034E+01 -0.628637120860E-02  0.700705894103E+01
  0.701163463978E+01  0.700308015837E+01 -0.203722751772E-02
    1
  0.100000000000E+01  0.000000000000E+00  0.000000000000E+00
  0.000000000000E+00  0.100000000000E+01  0.000000000000E+00
  0.000000000000E+00  0.000000000000E+00  0.100000000000E+01
  0.000000000000E+00  0.000000000000E+00  0.000000000000E+00
   54
   20      0.008699222962     -0.025829898018     -0.032489963333
   20      2.347022129981      2.322871729723      0.006825683741
   20     -2.320069650374     -2.340072880571     -0.011294520130
   20      2.367195761047     -0.030800199841      2.333411800711
   20      4.694687380777      2.323363007224      2.326473578485
   20      0.003605552888     -2.337517004757      2.337285431212
   20     -2.343803092453     -0.018148104167     -2.368364479807
   20     -0.026110597047      2.377682840023     -2.318105696738
   20     -4.693100765366     -2.307459337775     -2.324398898631
   20     -0.028092824152      2.381051681323      2.358348295761
   20      2.301025178700      4.688364368551      2.311423389266
   20     -2.337973871813      0.000961419240      2.376983404441
   20      2.283492349486      2.366579426055      4.732394454653
   12      4.702698552323      4.684815745545      4.762654939416
   12     -0.032142379616     -0.142574998572      4.804246956498
   20     -2.382830021740      2.422383677238     -0.002186248518
   12     -0.040520975443      4.733606548731     -0.053054776342
   12     -4.751229512800     -0.020849662153     -0.043866867059
   12     -0.040219561291     -2.345639237131     -2.270711063821
   20      2.364892358765     -0.054633940942     -2.308488672383
   20     -2.284535217496     -4.685912703418     -2.328133215822
   12      2.333416302342     -2.296320719384     -0.029010990587
   12      4.697568569025     -0.092098723045     -0.019936943388
   12      0.032583334039     -4.674237846550     -0.054013973660
   12     -2.253595786347     -2.271991354996     -4.748049407424
   20     -0.010004399185     -0.029511699498     -4.742917523733
   20     -4.677190605809     -4.655492851925     -4.736524192466
    8     -0.004095931581     -0.079542026355     -2.348280629386
    8      2.338203658016      2.336424906609     -2.333608109413
    8     -2.227067361117     -2.327887234922     -2.359742278232
    8      2.402423235918     -0.104058162600      0.000097706490
    8      4.773489459940      2.236265957784      0.002377490843
    8      0.084001818601     -2.392857015718     -0.079109820052
    8      4.679626117028     -0.119087972135      2.234282539950
    8      7.003360981876      2.333488737930      2.265438535443
    8      2.415130736219     -2.334877518178      2.252785874630
    8      0.000400962171      2.413387488426      0.005287307791
    8      2.249907118638      4.766216644990     -0.015516582283
    8     -2.403563177773      0.013824417541      0.000135875832
    8      2.331176796383      2.334232103941      2.322805275170
    8      4.666938607261      4.675460578886      2.352984431516
    8      0.010387538749      0.001834297792      2.424490488998
    8      4.670390234320      2.425234323713      4.680336300913
    8      6.927398163765      4.747325384349      4.767672214711
    8      2.255754077436     -0.006578885515      4.766182480493
    8     -0.094322449958      4.673720057817      2.295867530187
    8      2.337148835739      7.008189166158      2.291295362718
    8     -2.342250300957      2.430350734519      2.336472245090
    8      2.352049918389      4.677461353248      4.780334480933
    8      4.776055219715      6.890466567287      4.780964161190
    8     -0.008932647448      2.401690390009      4.786313911193
    8      4.734579910875      4.773685805090      6.991107504747
    8      7.046309325118      6.941771340617      6.899400177604
    8      2.212270374428      2.333862699102      7.002387876888
    0    0
