   3   1   1 E -1.6031090180388E+04 DE 8.9E-11( 11)
  0.551033552706E-02  0.703303017674E+01  0.703875341267E+01
  0.701459818489E+01 -0.431363274596E-02  0.704154193335E+01
  0.701431901752E+01  0.702999333897E+01  0.174119335894E-02
    1
  0.100000000000E+01  0.000000000000E+00  0.000000000000E+00
  0.000000000000E+00  0.100000000000E+01  0.000000000000E+00
  0.000000000000E+00  0.000000000000E+00  0.100000000000E+01
  0.000000000000E+00  0.000000000000E+00  0.000000000000E+00
   54
   20      0.011080027205      0.022613410982     -0.084476439848
   20      2.327958176918      2.323640760428     -0.045746851532
   20     -2.321031434023     -2.372225069680     -0.030684204086
   20      2.364531678236     -0.029483602367      2.370972896332
   20      4.747449856333      2.293458139742      2.340404501645
   20      0.028486301391     -2.378947606068      2.368880518674
   20     -2.267650053964     -0.002997524349     -2.304468613858
   12      0.050716057011      2.278379360496     -2.360260737970
   12     -4.758901272514     -2.293837790277     -2.337920349134
   20     -0.021170809693      2.353771931587      2.396145272979
   20      2.285859463196      4.736922556276      2.396362252263
   20     -2.350141276432      0.022749806022      2.351233151714
   20      2.304663812852      2.334986043579      4.706984260074
   20      4.713210918273      4.711957051567      4.719923856451
   12      0.070301650037     -0.028563610851      4.692910337924
   12     -2.228405616792      2.333125671113     -0.038106397888
   20     -0.023900016989      4.733714075369     -0.029062611739
   20     -4.743543650748      0.024003451812     -0.027774143645
   12      0.020938992493     -2.326398990958     -2.338501649011
   12      2.280114720717      0.003513129658     -2.356395872304
   20     -2.341515430711     -4.706989304060     -2.293256346370
   20      2.341150199921     -2.347003285045     -0.055228902543
   12      4.687466944338      0.074365943856     -0.038723553919
   12     -0.079508705537     -4.768230118185     -0.071380612005
   20     -2.319471715943     -2.325660303087     -4.694762276691
   12     -0.116116389440      0.021588209884     -4.651366388410
   20     -4.730747058452     -4.702770310033     -4.658899140987
    8      0.130769744931      0.047837166798     -2.444228632873
    8      2.192214611177      2.333476454493     -2.331139144791
    8     -2.292886380754     -2.339792643029     -2.301582672334
    8      2.408961132481      0.010594684136     -0.067791192795
    8      4.772732207167      2.244825195253      0.006899534350
    8     -0.002632750365     -2.410257832112     -0.104927965919
    8      4.810794626296     -0.005937654570      2.322777289269
    8      7.013868549626      2.211769781463      2.356486086763
    8      2.327918458167     -2.345018132495      2.375941477788
    8     -0.094302203159      2.354146594641     -0.036330522289
    8      2.323619088647      4.694342733589     -0.041529892548
    8     -2.324741675225      0.072593350665     -0.015599820423
    8      2.338431622262      2.334969486567      2.380589121092
    8      4.685518727296      4.682949983929      2.351409225429
    8     -0.002414219140     -0.000174219313      2.383925153422
    8      4.784914394599      2.331366810515      4.731227776260
    8      7.136676474918      4.705532679529      4.698505459808
    8      2.272051353394     -0.090261199667      4.723107706926
    8     -0.008169461351      4.776040460030      2.434242180237
    8      2.247815796968      7.036782827785      2.408755710603
    8     -2.334277731020      2.347732822317      2.348129550388
    8      2.248352592050      4.773058134299      4.711539955208
    8      4.692556703191      7.041869347542      4.740944731926
    8     -0.011614064097      2.309189157456      4.782295452816
    8      4.696568918350      4.694092731667      7.020667103192
    8      6.890375861637      7.130458567104      6.981377971095
    8      2.319996174985      2.336325157338      7.026670828514
    0    0
