   3   1   1 E -1.6031099639862E+04 DE 3.6E-09(  9)
  0.235455429367E-02  0.701256081454E+01  0.702264388017E+01
  0.699615629848E+01 -0.626790424723E-02  0.702386329038E+01
  0.699593642027E+01  0.700801538355E+01 -0.186132477622E-03
    1
  0.100000000000E+01  0.000000000000E+00  0.000000000000E+00
  0.000000000000E+00  0.100000000000E+01  0.000000000000E+00
  0.000000000000E+00  0.000000000000E+00  0.100000000000E+01
  0.000000000000E+00  0.000000000000E+00  0.000000000000E+00
   54
   20      0.023821223077     -0.027165027987     -0.042744546973
   20      2.335981799415      2.334950521045     -0.028253624458
   20     -2.338552887662     -2.327623559131     -0.019701531524
   20      2.363069676194     -0.030003451454      2.366461601176
   20      4.671960843370      2.320893148442      2.359889320220
   20      0.020815927086     -2.347444794559      2.328409834147
   20     -2.341101921923     -0.022947838671     -2.360483484335
   20     -0.003479718451      2.344230950568     -2.356507079645
   12     -4.662856003924     -2.328274160914     -2.285715335783
   20     -0.009893540194      2.375123488388      2.366051867272
   20      2.291910201257      4.694949295589      2.392139611473
   20     -2.377510984237     -0.008368936273      2.354620683371
   12      2.299242175955      2.442120072308      4.800542607345
   12      4.564500157124      4.684279327078      4.680122535551
   20      0.027294271271     -0.007455328427      4.688655295083
   20     -2.384676940861      2.380676383958      0.001807926896
   20     -0.023049486220      4.702540120426      0.031634595992
   12     -4.690267702081     -0.007598859701     -0.120874494026
   12      0.028283633874     -2.349126060389     -2.386055455305
   12      2.368582721124     -0.125795246166     -2.280329302394
   20     -2.349031772797     -4.641411026141     -2.360578092324
   12      2.384970094818     -2.306457197932     -0.100782332475
   20      4.661345648040     -0.049783005444     -0.018311286884
   20      0.058884989856     -4.677564827880     -0.010936416786
   12     -2.364110268163     -2.308055618542     -4.627425812072
   12      0.039923795508     -0.038456996416     -4.629328151699
   20     -4.669312389372     -4.672365105925     -4.661915842685
    8      0.125506552795     -0.104965182074     -2.393573700398
    8      2.325896029265      2.398442811414     -2.325332179967
    8     -2.318857264898     -2.332250591937     -2.365698596679
    8      2.331654693830     -0.072246527024     -0.101262129549
    8      4.671681847326      2.321648096610      0.007301706698
    8      0.086172463384     -2.332916043273     -0.081951284911
    8      4.763090347863     -0.101787769461      2.349932541563
    8      6.985867393818      2.251875637277      2.345230895033
    8      2.430129133540     -2.328096362447      2.347410667226
    8     -0.011925005433      2.342594415071     -0.008787666302
    8      2.328797319392      4.757585206025     -0.080757889870
    8     -2.418453015021      0.013531311515     -0.003341839651
    8      2.327684358360      2.330005024119      2.379262917539
    8      4.647056797080      4.660130854394      2.356794893195
    8      0.003969958045      0.003873693003      2.347525440284
    8      4.568427120584      2.424182026938      4.667974245307
    8      7.028794750310      4.666932801880      4.671879993248
    8      2.337246016162     -0.045529535907      4.760402976866
    8     -0.108801202624      4.761468984184      2.404321266328
    8      2.247190259096      6.998726920900      2.406783621468
    8     -2.320755596999      2.417105709892      2.365277815812
    8      2.350060927144      4.677485622716      4.768286587815
    8      4.564126007408      6.889399538903      4.673528911399
    8      0.093806996496      2.455763173077      4.665942017440
    8      4.550593406753      4.668252682542      6.998975734568
    8      7.118733294754      7.012524150716      7.065019086795
    8      2.340575598167      2.326784407387      6.906905550909
    0    0
