   3   1   1 E -1.6031076065220E+04 DE 1.5E-10( 11)
  0.274758571154E-01  0.700359230789E+01  0.703121055485E+01
  0.693521441048E+01  0.553606087892E-01  0.699652309983E+01
  0.698068176111E+01  0.700738330178E+01  0.166527481863E-01
    1
  0.100000000000E+01  0.000000000000E+00  0.000000000000E+00
  0.000000000000E+00  0.100000000000E+01  0.000000000000E+00
  0.000000000000E+00  0.000000000000E+00  0.100000000000E+01
  0.000000000000E+00  0.000000000000E+00  0.000000000000E+00
   54
   20     -0.003121597449      0.003068419568     -0.010050840406
   20      2.345184248298      2.344561674982     -0.016205858881
   20     -2.354630724430     -2.334206460807     -0.027327975789
   20      2.319553749395     -0.015292826208      2.355134432937
   20      4.659492390577      2.330403290756      2.349197692185
   20      0.016461262682     -2.321794988389      2.351759098626
   20     -2.318409932337     -0.045909494530     -2.339265224292
   20      0.067936429496      2.311294344677     -2.350728729718
   12     -4.671240900767     -2.269671920115     -2.333767697720
   20     -0.041450200536      2.341822302667      2.348359348290
   20      2.303291505707      4.707146607069      2.352870524441
   20     -2.385502553951      0.054092227776      2.332759709712
   20      2.327469941050      2.315893582077      4.707238677651
   20      4.650428638480      4.706473198698      4.688531738443
   12      0.055943463558     -0.026331458691      4.717645402086
   12     -2.346445987247      2.305640338129      0.057936769109
   20      0.032519215690      4.676571512900      0.002710544314
   12     -4.688811034588     -0.079070178727     -0.006637713144
   20     -0.030159356701     -2.343254484284     -2.355474423992
   12      2.302566008531      0.046251595681     -2.361024956282
   12     -2.374290872881     -4.640813208955     -2.360723910809
   20      2.349359471054     -2.341992968559      0.013201340636
   20      4.654593647136      0.012622484406     -0.009759091956
   20      0.015776001081     -4.694233208244     -0.003736531837
   12     -2.456605318158     -2.307000311478     -4.758309451492
   12      0.169525032191     -0.054482594148     -4.649762101392
   12     -4.641920117734     -4.635570325359     -4.662617104160
    8      0.049488630005     -0.025809143169     -2.342392139449
    8      2.441268044339      2.370095472605     -2.401209736204
    8     -2.403875071735     -2.391658678580     -2.388017997149
    8      2.328569284440      0.000679166715     -0.022805604623
    8      4.653445526043      2.336440870779     -0.009752966916
    8     -0.000138092732     -2.340096265319     -0.009150070006
    8      4.669724072536     -0.026115487629      2.344778419425
    8      7.027942060147      2.325787388478      2.349696214273
    8      2.384309699880     -2.368108148642      2.406517624836
    8     -0.008547405402      2.334237814531     -0.011830045793
    8      2.334005148968      4.706996209160     -0.019315738535
    8     -2.375865839598      0.023311543293     -0.023563685879
    8      2.315882535186      2.334064537758      2.352058636773
    8      4.637543182665      4.697624402356      2.352886668624
    8     -0.018677656388      0.014509906750      2.347899910911
    8      4.653557204632      2.342214735128      4.688909101672
    8      7.013375841958      4.739763230877      4.664119806268
    8      2.268291672350     -0.047502658841      4.705476091600
    8     -0.033674394613      4.699759895351      2.354945440073
    8      2.229582547080      7.081077581387      2.332257428385
    8     -2.419387945883      2.405573476306      2.309071231596
    8      2.331409898363      4.695635223512      4.689666145620
    8      4.631625327867      7.065710671741      4.682649893591
    8     -0.013811365556      2.301379792981      4.686598925843
    8      4.662377737798      4.678834263274      7.037469838313
    8      7.037075577830      7.017815263388      7.032629748762
    8      2.392165500872      2.280074767989      7.058192004309
    0    0
