   3   1   1 E -1.6031031226069E+04 DE 8.9E-11(  2)
  0.531241002527E-02  0.703099845521E+01  0.703246458415E+01
  0.702930765774E+01  0.149349340035E-03  0.703065531010E+01
  0.703451619979E+01  0.702731265954E+01  0.185958848180E-02
    1
  0.100000000000E+01  0.000000000000E+00  0.000000000000E+00
  0.000000000000E+00  0.100000000000E+01  0.000000000000E+00
  0.000000000000E+00  0.000000000000E+00  0.100000000000E+01
  0.000000000000E+00  0.000000000000E+00  0.000000000000E+00
   54
   20      0.000000000000      0.000000000000      0.000000000000
   20      2.344838733264      2.342437553180      0.000619862827
   20     -2.344838733264     -2.342437553180     -0.000619862827
   20      2.343102552581      0.000049783113      2.343551770032
   20      4.687941285845      2.342487336294      2.344171632859
   20     -0.001736180683     -2.342387770067      2.342931907205
   20     -2.343102552581     -0.000049783113     -2.343551770032
   20      0.001736180683      2.342387770067     -2.342931907205
   12     -4.687941285845     -2.342487336294     -2.344171632859
   20      0.001770803342      2.343666151738      2.344154861384
   20      2.346609536606      4.686103704919      2.344774724212
   20     -2.343067929922      0.001228598558      2.343534998557
   20      2.344873355923      2.343715934852      4.687706631416
   20      4.689712089187      4.686153488032      4.688326494243
   12      0.000034622659      0.001278381671      4.687086768589
   12     -2.341331749239      2.343616368625      0.000603091352
   20      0.003506984024      4.686053921805      0.001222954180
   12     -4.686170482503      0.001178815445     -0.000016771475
   20     -0.001770803342     -2.343666151738     -2.344154861384
   12      2.343067929922     -0.001228598558     -2.343534998557
   12     -2.346609536606     -4.686103704919     -2.344774724212
   20      2.341331749239     -2.343616368625     -0.000603091352
   20      4.686170482503     -0.001178815445      0.000016771475
   20     -0.003506984024     -4.686053921805     -0.001222954180
   12     -2.344873355923     -2.343715934852     -4.687706631416
   12     -0.000034622659     -0.001278381671     -4.687086768589
   12     -4.689712089187     -4.686153488032     -4.688326494243
    8     -0.000017311330     -0.000639190836     -2.343543384294
    8      2.344821421934      2.341798362345     -2.342923521467
    8     -2.344856044593     -2.343076744016     -2.344163247122
    8      2.343085241252     -0.000589407722      0.000008385738
    8      4.687923974514      2.341848145457      0.000628248565
    8     -0.001753492012     -2.343026960903     -0.000611477090
    8      4.686187793833     -0.000539624609      2.343560155769
    8      7.031026527094      2.341897928569      2.344180018596
    8      2.341349060569     -2.342977177789      2.342940292942
    8      0.001753492012      2.343026960903      0.000611477090
    8      2.346592225276      4.685464514083      0.001231339917
    8     -2.343085241252      0.000589407722     -0.000008385738
    8      2.344856044593      2.343076744016      2.344163247122
    8      4.689694777856      4.685514297195      2.344783109949
    8      0.000017311330      0.000639190836      2.343543384294
    8      4.687958597175      2.343126527129      4.687715017154
    8      7.032797330436      4.685564080307      4.688334879982
    8      2.343119863911      0.000688973949      4.687095154326
    8      0.003524295354      4.686693112638      2.344766338471
    8      2.348363028617      7.029130665818      2.345386201299
    8     -2.341314437910      2.344255559458      2.344146475644
    8      2.346626847935      4.686742895753      4.688318108505
    8      4.691465581197      7.029180448932      4.688937971332
    8      0.001788114671      2.344305342572      4.687698245677
    8      4.689729400517      4.686792678868      7.031869878539
    8      7.034568133778      7.029230232045      7.032489741366
    8      2.344890667253      2.344355125687      7.031250015711
    0    0
