   3   1   1 E -1.6031092913384E+04 DE-1.0E-09( 10)
  0.642890038080E-02  0.694881210538E+01  0.697742879439E+01
  0.707137604125E+01 -0.141253046927E-01  0.698929262091E+01
  0.706044344388E+01  0.694476502360E+01  0.230995433018E-02
    1
  0.100000000000E+01  0.000000000000E+00  0.000000000000E+00
  0.000000000000E+00  0.100000000000E+01  0.000000000000E+00
  0.000000000000E+00  0.000000000000E+00  0.100000000000E+01
  0.000000000000E+00  0.000000000000E+00  0.000000000000E+00
   54
   20      0.027457284499     -0.020637350981     -0.020190935331
   20      2.383148655072      2.311747964606     -0.102246892392
   20     -2.388575168079     -2.327867410265     -0.044872824174
   20      2.374692252575     -0.053844678062      2.300448621162
   20      4.725698718595      2.271249267782      2.302471017705
   20      0.056300737770     -2.355573670432      2.339968851539
   20     -2.383821655172     -0.026754986210     -2.328764632522
   20      0.076125760216      2.318815441815     -2.330604543497
   12     -4.668325409046     -2.280456961835     -2.324427756892
   20     -0.004574309817      2.354064597817      2.295104143851
   20      2.317349664481      4.734830566691      2.319416947056
   20     -2.412769640962      0.063672955338      2.361464199703
   20      2.353010838825      2.318972307741      4.713025732752
   20      4.697972704816      4.701086136207      4.727998508897
   20      0.017743155346     -0.030150919244      4.724479482473
   20     -2.384853726155      2.364547994793      0.017781550701
   12      0.075252303616      4.678172971341     -0.009258720324
   12     -4.726055382657     -0.063869193853      0.003985479355
   20      0.018888375260     -2.288853582560     -2.333286436061
   12      2.375575200165     -0.010607141674     -2.274152491932
   12     -2.459606926682     -4.714636602018     -2.297570942495
   12      2.363619927989     -2.299623750082      0.002827854673
   12      4.594695283083     -0.052071934133     -0.017728089791
   20      0.027466040566     -4.716226340163      0.053888229059
   20     -2.385851399894     -2.305431602673     -4.683240802155
   12      0.075033904160      0.013317946817     -4.629402194952
   12     -4.724208798124     -4.656267820145     -4.640325487104
    8      0.026237364496     -0.002691373952     -2.391255282958
    8      2.462912079530      2.289114506703     -2.446527595280
    8     -2.436486983549     -2.389070506676     -2.345081313683
    8      2.399572287012     -0.095649462171     -0.110393750483
    8      4.714438355663      2.214580357015     -0.081478245048
    8      0.059889678859     -2.335528515440      0.016951580242
    8      4.742243345781     -0.018744552860      2.271678296276
    8      7.126964974661      2.217840717897      2.340666192961
    8      2.352545002644     -2.412500396953      2.302823809286
    8      0.029275970145      2.374484820890     -0.057255063182
    8      2.289870872413      4.731246876431     -0.094406555585
    8     -2.412860165875     -0.004214895218     -0.013631536125
    8      2.351786482504      2.323883810413      2.297885629285
    8      4.690750177538      4.655933323657      2.333127370788
    8      0.017643083279     -0.002316542572      2.324004544048
    8      4.705464873949      2.321792708694      4.679507225367
    8      7.153512020225      4.643689021743      4.719157105391
    8      2.359717390794     -0.094135164939      4.730110296516
    8     -0.003752629582      4.747535631978      2.255568973971
    8      2.265667456611      7.103354511614      2.340910610243
    8     -2.423274169385      2.339965971904      2.327730174970
    8      2.356940101769      4.747400827629      4.747766645326
    8      4.639051620264      7.058952381120      4.776305010766
    8     -0.015040236457      2.304673685498      4.666151085651
    8      4.690097446528      4.766831491038      6.986217184407
    8      7.096768131471      6.749397776795      7.070731748925
    8      2.360794813035      2.294101992417      7.086589151963
    0    0
