   3   1   1 E -1.6031095600663E+04 DE-2.4E-08(  7)
 -0.285942846620E-02  0.699729574480E+01  0.702079522883E+01
  0.700591422720E+01 -0.471971044947E-02  0.702830798127E+01
  0.699896309395E+01  0.700562060013E+01 -0.581946943078E-02
    1
  0.100000000000E+01  0.000000000000E+00  0.000000000000E+00
  0.000000000000E+00  0.100000000000E+01  0.000000000000E+00
  0.000000000000E+00  0.000000000000E+00  0.100000000000E+01
  0.000000000000E+00  0.000000000000E+00  0.000000000000E+00
   54
   20     -0.012685979293     -0.021578304750     -0.041740903906
   20      2.359120705641      2.361783362443     -0.040818382237
   20     -2.336255287885     -2.336431500964     -0.029022431491
   20      2.328087664510     -0.039251513559      2.380460339948
   20      4.676828971597      2.304480490831      2.362587711595
   20      0.048498811359     -2.356696922906      2.354525405998
   20     -2.358697406323     -0.029877105410     -2.322560502434
   20      0.047346796034      2.324604743707     -2.374146302680
   12     -4.720692608024     -2.430096568440     -2.386857500575
   20     -0.063021217174      2.340911310119      2.385069539653
   20      2.294181592581      4.705554395005      2.373761299669
   12     -2.387826235124      0.102019488045      2.350448772002
   12      2.369613927006      2.419031539539      4.692368058580
   20      4.619279183395      4.646419548430      4.682259820006
   20     -0.014285902661      0.044203659814      4.667813881889
   12     -2.371031881405      2.325352388410     -0.025120190609
   20     -0.021654898287      4.685770669213     -0.000962806474
   20     -4.631768549684      0.081782504091      0.030690463056
   12      0.013787816316     -2.366676529641     -2.383175606497
   20      2.324415210896      0.018635671558     -2.407152776868
   12     -2.389180302288     -4.614530723745     -2.347827686479
   12      2.335718436404     -2.410468777190     -0.095826479373
   20      4.666938115092     -0.005492583106     -0.023835493032
   20      0.106614492070     -4.633186185464     -0.000483602870
   20     -2.371174137971     -2.425403223264     -4.656603150783
   12     -0.005996691932      0.036766748261     -4.586437528496
   12     -4.489854111019     -4.670961816886     -4.631390434525
    8     -0.008790410822     -0.104926934199     -2.463213752131
    8      2.469604447159      2.451661103030     -2.388825205851
    8     -2.345369254375     -2.486441290753     -2.356082638906
    8      2.331314294298     -0.082418576807     -0.030651963155
    8      4.684227610510      2.338939040312     -0.044795793248
    8      0.062655431821     -2.334577054550     -0.049371477379
    8      4.712713434415     -0.035299583718      2.371713863729
    8      7.113985711255      2.229651722941      2.350928192400
    8      2.349862181081     -2.470886749082      2.411689471540
    8     -0.047600729841      2.337369634252     -0.031454037637
    8      2.320522114198      4.699574140578     -0.055320266222
    8     -2.328233216511      0.109992188035      0.071548454396
    8      2.324807967294      2.337429677531      2.378019676666
    8      4.656124371975      4.726526133184      2.354400277107
    8     -0.074432686010      0.001813533740      2.338377281832
    8      4.582565654546      2.313060875606      4.739444235724
    8      7.069073767301      4.671719619963      4.682008349325
    8      2.335461601229      0.015508710104      4.696247985280
    8     -0.033432583755      4.744538314527      2.409829355635
    8      2.341433484818      7.120921679250      2.374657644898
    8     -2.501985615126      2.148602940463      2.376915474992
    8      2.227034521398      4.580943966787      4.723674134127
    8      4.609507872000      7.089985421926      4.621873201169
    8      0.038719059967      2.440847196328      4.689979652862
    8      4.557649611991      4.575046314350      7.012036084221
    8      7.019920870468      7.034825731907      7.054953440417
    8      2.525434491956      2.480812335280      7.030171678145
    0    0
