   3   1   1 E -1.6031048025658E+04 DE 4.2E-11( 11)
  0.395446966494E-02  0.699209170540E+01  0.698217453608E+01
  0.702613465292E+01 -0.186115334950E-01  0.699823817300E+01
  0.703111818224E+01  0.700687432551E+01 -0.173068075796E-01
    1
  0.100000000000E+01  0.000000000000E+00  0.000000000000E+00
  0.000000000000E+00  0.100000000000E+01  0.000000000000E+00
  0.000000000000E+00  0.000000000000E+00  0.100000000000E+01
  0.000000000000E+00  0.000000000000E+00  0.000000000000E+00
   54
   20      0.000129938476     -0.003965870577     -0.013902587200
   20      2.340122219465      2.333135827816     -0.017513010784
   20     -2.346807692309     -2.344675168696     -0.006527396418
   20      2.339921377649     -0.004930240912      2.339257223632
   20      4.688156387176      2.329560580655      2.330660803082
   20      0.001983152052     -2.349794791869      2.340144757264
   20     -2.341718379648      0.015560741762     -2.326316812155
   12      0.016849673376      2.360341962593     -2.318020574417
   12     -4.685632447344     -2.334944791800     -2.303806324356
   20     -0.002847044764      2.339909906957      2.333776388694
   20      2.341248797130      4.667801479467      2.326078157499
   20     -2.345618713032      0.000546753829      2.335812475178
   12      2.330169962201      2.342227054279      4.694368755435
   20      4.684717925472      4.655426601815      4.657537445086
   20      0.003258984572      0.008921077816      4.680120770711
   12     -2.333156483814      2.344907423547      0.005203401595
   20      0.006841905194      4.671551168605     -0.015760450734
   12     -4.675379723831      0.140036317863      0.019056833139
   12      0.010949156919     -2.425888727638     -2.354929570774
   12      2.330384227942     -0.006916103667     -2.357768033257
   12     -2.341462900427     -4.674725707743     -2.339123034276
   20      2.335450912986     -2.359464476833     -0.011883255279
   20      4.683818755851      0.000811558574     -0.008174422282
   12     -0.000084565070     -4.697645301882     -0.015354147518
   20     -2.346484070110     -2.332459566764     -4.656540724495
   20      0.006255950519      0.013956753616     -4.660572155238
   20     -4.687374844452     -4.672148232688     -4.652681772199
    8      0.011664286069      0.002364482000     -2.333614263373
    8      2.340098559184      2.335304801354     -2.343204031074
    8     -2.351704324979     -2.343237891950     -2.330616633548
    8      2.338522620952     -0.007301335477     -0.013494522290
    8      4.688484964078      2.330627361676     -0.018759932804
    8     -0.001915755925     -2.364345556059     -0.013112305185
    8      4.683263215761     -0.004570145902      2.335787409280
    8      7.032506329891      2.324259137657      2.329214539411
    8      2.340261343241     -2.352209655739      2.345725796061
    8     -0.005124646903      2.333170160707     -0.013578635632
    8      2.343714816690      4.677361758024     -0.021829838679
    8     -2.347330403022      0.009410897779     -0.003273497385
    8      2.339316153282      2.335278631014      2.332843354357
    8      4.686292917385      4.662165757970      2.323537065567
    8      0.001046009188     -0.000377072355      2.338365139523
    8      4.693533555987      2.328224495722      4.671067316198
    8      7.041240968648      4.654924594706      4.655701035035
    8      2.343818639623      0.027324390338      4.683932522492
    8      0.001666946206      4.668789594110      2.327991808633
    8      2.346553978581      7.001580747877      2.318819884736
    8     -2.343388558028      2.330468034923      2.330622632860
    8      2.332016345505      4.650025629723      4.651309074132
    8      4.681468831535      7.006663853253      4.653808382145
    8     -0.004744793551      2.364760154639      4.692433056928
    8      4.686208018601      4.643449196122      6.979414683629
    8      7.038950338223      7.005919689831      6.981133551962
    8      2.345320053315      2.274427298307      6.970610223828
    0    0
