   3   1   1 E -1.6031100403262E+04 DE 3.8E-09(  9)
 -0.514542830857E-02  0.701121703754E+01  0.701662477887E+01
  0.700422828298E+01  0.184332625609E-02  0.700978221274E+01
  0.700607160923E+01  0.700607160923E+01  0.116784272453E-17
    2
  0.100000000000E+01  0.000000000000E+00  0.000000000000E+00
  0.000000000000E+00  0.100000000000E+01  0.000000000000E+00
  0.000000000000E+00  0.000000000000E+00  0.100000000000E+01
  0.000000000000E+00  0.000000000000E+00  0.000000000000E+00
  0.000000000000E+00 -0.100000000000E+01  0.000000000000E+00
 -0.100000000000E+01  0.000000000000E+00  0.000000000000E+00
  0.000000000000E+00  0.000000000000E+00  0.100000000000E+01
  0.000000000000E+00  0.000000000000E+00  0.000000000000E+00
   54
   20      0.003898155355     -0.003898155355     -0.013488227903
   20      2.348815456823      2.322888257500     -0.038224843311
   20     -2.322888257500     -2.348815456823     -0.038224843311
   20      2.334300890896     -0.003591703183      2.336402291712
   20      4.680680284376      2.325391324851      2.298332316036
   20      0.003591703183     -2.334300890896      2.336402291712
   20     -2.341214520698     -0.002847312738     -2.319225654061
   20      0.002847312738      2.341214520698     -2.319225654061
   20     -4.679099530443     -2.326972078785     -2.303727890175
   20     -0.039141535786      2.364475625937      2.374417428722
   20      2.289042476951      4.717029132276      2.316123821063
   20     -2.364475625937      0.039141535786      2.374417428722
   20      2.269055575076      2.333708954494      4.714057947617
   20      4.672362654734      4.737016034152      4.714057947617
   12      0.013170431323     -0.013170431323      4.794291230669
   12     -2.301135487342      2.301135487342     -0.018374118340
   12     -0.068677630531      4.696751331373     -0.047738819774
   12     -4.696751331373      0.068677630531     -0.047738819774
   12      0.023596131463     -2.323125110372     -2.287486501586
   12      2.323125110372     -0.023596131463     -2.287486501586
   12     -2.252864259485     -4.753207349742     -2.251666130135
   20      2.359260596933     -2.359260596933     -0.027795097428
   12      4.706747755744      0.077904700936     -0.094820513669
   12     -0.077904700936     -4.706747755744     -0.094820513669
   20     -2.283444060846     -2.371202440124     -4.696236821059
   20      0.025920229244     -0.025920229244     -4.729796373588
   20     -4.634869169103     -4.722627548382     -4.696236821059
    8      0.077785019546     -0.077785019546     -2.327519249992
    8      2.405853310990      2.230549244244     -2.329394857499
    8     -2.230549244246     -2.405853310992     -2.329394857499
    8      2.429557839793     -0.002642484819     -0.066470567475
    8      4.763009873469      2.243061735757     -0.086002192991
    8      0.002642484819     -2.429557839793     -0.066470567475
    8      4.662584371249      0.005520948303      2.253823333355
    8      7.000550660927      2.343487237981      2.253823333355
    8      2.341097145709     -2.341097145707      2.329738241015
    8     -0.085063618723      2.399854669902     -0.005777986924
    8      2.248535082762      4.757536526466     -0.001279101911
    8     -2.399854669902      0.085063618723     -0.005777986924
    8      2.326895396217      2.339486177874      2.343338262304
    8      4.666585431355      4.679176213012      2.343338262304
    8     -0.000331959043      0.000331959043      2.412523128560
    8      4.664888136283      2.341183472946      4.749637709736
    8      7.003936142275      4.763290577213      4.770985405297
    8      2.242781032013      0.002135466951      4.770985405297
    8     -0.003385515995      4.680367390414      2.328055795043
    8      2.325704218817      7.009457125225      2.328055795043
    8     -2.327057538034      2.327057538034      2.329186924717
    8      2.230969839568      4.775101769660      4.685693438166
    8      4.667502209010      7.116734742771      4.788310775745
    8     -0.110663133544      2.338569400217      4.788310775745
    8      4.787608544403      4.661004446671      7.000333409868
    8      6.992598210008      7.019545008452      6.914256866130
    8      2.345067162560      2.218463064827      7.000333409868
    0    0
