   3   1   1 E -1.6031100822376E+04 DE 3.5E-10( 11)
 -0.987494787404E-02  0.700411732309E+01  0.703092418670E+01
  0.700825451654E+01 -0.266509961988E-02  0.703016759683E+01
  0.699862516452E+01  0.699982551704E+01  0.922230385422E-03
    1
  0.100000000000E+01  0.000000000000E+00  0.000000000000E+00
  0.000000000000E+00  0.100000000000E+01  0.000000000000E+00
  0.000000000000E+00  0.000000000000E+00  0.100000000000E+01
  0.000000000000E+00  0.000000000000E+00  0.000000000000E+00
   54
   20     -0.011106991263     -0.007743147715     -0.076472204214
   20      2.334247603054      2.368284047425     -0.030237300544
   20     -2.334184606700     -2.364942877226     -0.033546001380
   20      2.312346036201     -0.043085339793      2.355761531415
   20      4.685498078269      2.341648126872      2.350742214971
   20      0.025947089417     -2.351837771158      2.360588924596
   20     -2.341778058893     -0.025989816556     -2.349607201763
   12     -0.019520916929      2.356068001615     -2.290079771074
   12     -4.786509884097     -2.373798105907     -2.362029776766
   20     -0.014429221229      2.341107080850      2.397884962857
   12      2.302029669418      4.672152685338      2.375377701415
   20     -2.338096221572      0.024772074547      2.357824759772
   20      2.294042494925      2.367138378732      4.718602189345
   20      4.658357145688      4.657897982778      4.688367988101
   12     -0.031997128114      0.050793462685      4.783451249208
   12     -2.292320206439      2.363848303986     -0.039406862741
   20      0.007513298776      4.663764314616     -0.022170299703
   20     -4.680067508437      0.012083198232     -0.018900320480
   12      0.108950153289     -2.367953662686     -2.333449096745
   20      2.337294677331      0.001797068603     -2.339584645955
   12     -2.198854345138     -4.596441641842     -2.296052218386
   12      2.323939869710     -2.424276140755     -0.001182687896
   20      4.690628532145      0.016830170738     -0.041017674494
   12     -0.037585259499     -4.617208435602     -0.111853002513
   20     -2.337839699813     -2.379130211081     -4.663094726333
   20      0.014403646358      0.004148393018     -4.672564609613
   20     -4.672633336673     -4.641239035338     -4.693684238245
    8     -0.007635526948      0.018710019898     -2.349036942498
    8      2.269370108494      2.455227696421     -2.351657999172
    8     -2.270083873603     -2.464136979259     -2.343015059617
    8      2.333530566277     -0.064673047909     -0.012883048805
    8      4.756078229422      2.332766622538     -0.075174787875
    8      0.105729409845     -2.459921234068     -0.105937667499
    8      4.666344696605     -0.013570279438      2.342944916990
    8      6.991607539235      2.328181135705      2.358495136624
    8      2.340244927508     -2.331965531148      2.359743823991
    8     -0.107468179862      2.334805538597     -0.047391340995
    8      2.323154740556      4.672648727382     -0.030015230812
    8     -2.337086345087      0.054389294330     -0.036035960020
    8      2.334956597686      2.414073575435      2.350872956941
    8      4.591793870250      4.666265709070      2.334799728747
    8     -0.006430850259     -0.010697268851      2.379459114213
    8      4.768598032025      2.331442009863      4.786952451515
    8      7.086749961098      4.648967866855      4.694446431072
    8      2.224182408782     -0.073554375651      4.665976896745
    8      0.112762352042      4.665632350148      2.453329505310
    8      2.330431664998      6.933310558883      2.344519769646
    8     -2.336297675561      2.330545737690      2.361505163612
    8      2.227988222418      4.667112827065      4.706479689845
    8      4.756051482640      7.076451102168      4.696970204304
    8     -0.077930903287      2.368440020742      4.791511835333
    8      4.583422336075      4.563588407893      7.024632364515
    8      6.995451467486      7.079946307264      6.933524005896
    8      2.332731130754      2.433075936292      7.030378221804
    0    0
