   3   1   1 E -1.6031072728716E+04 DE 4.0E-10( 11)
  0.369026585811E-01  0.697528523064E+01  0.697110432062E+01
  0.696189776832E+01 -0.235429398458E-02  0.700234855774E+01
  0.696498317223E+01  0.700484280365E+01 -0.207186890010E-03
    1
  0.100000000000E+01  0.000000000000E+00  0.000000000000E+00
  0.000000000000E+00  0.100000000000E+01  0.000000000000E+00
  0.000000000000E+00  0.000000000000E+00  0.100000000000E+01
  0.000000000000E+00  0.000000000000E+00  0.000000000000E+00
   54
   20      0.038096666269     -0.047989393290     -0.048979361604
   20      2.300202959525      2.325546530546     -0.045955118327
   20     -2.289766768936     -2.347168834523     -0.023286438911
   20      2.312214093129     -0.055816856530      2.350377386051
   20      4.667269942382      2.334341929240      2.351222175652
   20      0.036121673263     -2.348469771534      2.365453306033
   20     -2.301438658497     -0.043783269507     -2.348143432245
   12      0.139261225282      2.309426000013     -2.354606054986
   12     -4.497474856291     -2.334419713327     -2.328481390768
   20     -0.034479573959      2.324145581714      2.364016569513
   20      2.318007469360      4.699076959241      2.354193943910
   12     -2.271028814327     -0.028589646753      2.340980218676
   20      2.272205388180      2.349188454090      4.717324247282
   20      4.651560658603      4.704108306622      4.652019181101
   12      0.027507886909      0.016208265217      4.627816118062
   20     -2.310983263169      2.340247572917      0.006368071892
   20      0.014060511657      4.674347259448     -0.041865803113
   20     -4.642587241223     -0.007749653723     -0.013625190409
   12      0.025361997350     -2.379887451658     -2.342457691707
   12      2.216527607712     -0.066427241829     -2.371948130205
   20     -2.332075843056     -4.660375626802     -2.334028751574
   12      2.138626569700     -2.282487278071     -0.031736240268
   20      4.614979050021     -0.007757170935     -0.009250249037
   12      0.001305979911     -4.568367600575     -0.054291008570
   12     -2.374459654007     -2.278607549754     -4.630767254278
   20     -0.000326870909      0.010396073348     -4.617498259767
   20     -4.667589415861     -4.632809657997     -4.642078707391
    8      0.089574338175     -0.023036323111     -2.341855525095
    8      2.228877993888      2.357549047863     -2.345504646239
    8     -2.344260933543     -2.338541937406     -2.376736793088
    8      2.303464127193     -0.068145663297     -0.055450217917
    8      4.679559327830      2.333532333303     -0.010625386793
    8      0.093488472865     -2.413610210964     -0.060126753463
    8      4.638784563713     -0.049952546493      2.347732343032
    8      6.963305190225      2.349165505517      2.359964288384
    8      2.353107943090     -2.334817861117      2.344474921065
    8      0.016831331389      2.325052442245     -0.043823364831
    8      2.319530684813      4.673373027088     -0.040337031001
    8     -2.300716686403     -0.026185577453     -0.008359549090
    8      2.303694801995      2.332395525842      2.350417544634
    8      4.663098143434      4.708748722244      2.344431857572
    8     -0.020104805699     -0.036043322475      2.353586557248
    8      4.684188274707      2.341645472914      4.685980561228
    8      7.050188015646      4.682869561626      4.663392222193
    8      2.257487087067     -0.061311195047      4.675882082216
    8     -0.026039076330      4.670320788747      2.369017011906
    8      2.401852973938      6.999500023640      2.402651173919
    8     -2.312187731024      2.330652372486      2.328218453890
    8      2.238923826797      4.756975088478      4.734695334798
    8      4.651959759597      6.986232031716      4.612412437191
    8     -0.008619567029      2.332305660453      4.730157181305
    8      4.608148972060      4.669514484053      7.004950636918
    8      6.986225778536      7.031018244882      6.960139128263
    8      2.265564670098      2.374449920074      7.003549008377
    0    0
