   3   1   1 E -1.6031095804730E+04 DE-2.5E-08(  7)
  0.772610885276E-02  0.698695210664E+01  0.702196303990E+01
  0.701399540511E+01 -0.661789637487E-02  0.702941783180E+01
  0.701990867509E+01  0.699403540756E+01 -0.605652294348E-02
    1
  0.100000000000E+01  0.000000000000E+00  0.000000000000E+00
  0.000000000000E+00  0.100000000000E+01  0.000000000000E+00
  0.000000000000E+00  0.000000000000E+00  0.100000000000E+01
  0.000000000000E+00  0.000000000000E+00  0.000000000000E+00
   54
   20     -0.034074599363     -0.000436302043     -0.022626637204
   20      2.364767176182      2.336391016638     -0.009412511765
   20     -2.332762855616     -2.321368342014     -0.020735224335
   20      2.350358090095     -0.052334604112      2.336206566824
   20      4.679469394722      2.323961831235      2.335356529578
   20      0.009790482852     -2.314672507650      2.366998576131
   20     -2.326323223385     -0.021943293059     -2.327619746784
   20      0.002214354302      2.394917010895     -2.297222444509
   12     -4.645488682389     -2.365599446494     -2.327225390381
   20     -0.054145592688      2.353071991099      2.342249938198
   20      2.351880720358      4.689034409711      2.358336692446
   12     -2.321386829549      0.041442214043      2.401803747378
   20      2.332769908819      2.375586615313      4.706999382089
   12      4.676201889123      4.663353895743      4.782621877136
   20     -0.059803005954     -0.042147423758      4.700559334670
   12     -2.367695011119      2.349587260094     -0.024352402101
   12     -0.040012073441      4.660218863634     -0.043180683935
   20     -4.687816210692     -0.013038152487     -0.020578671637
   12      0.020894072056     -2.356471188795     -2.311135853187
   20      2.395433154902     -0.023965380249     -2.329573793198
   12     -2.397147216567     -4.595159766659     -2.346943383635
   12      2.390227095533     -2.321590648682     -0.099829838713
   12      4.677878616794     -0.073728193932     -0.052356285187
   20     -0.005067189011     -4.657739957432     -0.016658318738
   20     -2.338713924852     -2.363602017769     -4.724065040672
   20     -0.010248385648     -0.041330975321     -4.697155197696
   20     -4.619853168728     -4.642201692282     -4.677994052180
    8     -0.007882797943     -0.070547277835     -2.352072568309
    8      2.461703842850      2.468605856170     -2.331402851903
    8     -2.364079945141     -2.418789927570     -2.346995793206
    8      2.413783681288     -0.102368345032     -0.021414837182
    8      4.688468847588      2.244952919416     -0.085973975741
    8      0.096223318901     -2.331840172958     -0.092833561257
    8      4.677924661520     -0.011691832029      2.300108213279
    8      7.019028961317      2.330551908542      2.340725620053
    8      2.338911504646     -2.335361612816      2.347442636473
    8     -0.089787868707      2.446788384514      0.000394887033
    8      2.328243753339      4.662280034796     -0.005266531827
    8     -2.347804551118      0.102866299287      0.050872393117
    8      2.338001057835      2.316917383172      2.339986492073
    8      4.671894042692      4.747316473775      2.376338357072
    8     -0.101394411584     -0.001065469042      2.337913141412
    8      4.668848753345      2.421529192146      4.756919419379
    8      7.041045553055      4.657397580169      4.777798337211
    8      2.355918106651     -0.093701201516      4.701291759875
    8      0.004039675200      4.657434484886      2.339691420376
    8      2.412973239915      7.005310649463      2.352980842601
    8     -2.331016473649      2.206493434347      2.358395931078
    8      2.306613105057      4.654073504551      4.738479384886
    8      4.685970198694      6.943281871404      4.698810619665
    8     -0.108289314754      2.441389809085      4.692101775967
    8      4.662645367997      4.666052051045      6.909151697168
    8      6.907446845533      6.862805599978      7.020204036347
    8      2.446559709481      2.433746466590      7.017845555208
    0    0
