   3   1   1 E -1.6031061483439E+04 DE-3.3E-11( 11)
  0.137292381744E-01  0.693164858180E+01  0.700670620308E+01
  0.697115940398E+01  0.707502135531E-02  0.700686784382E+01
  0.698815534079E+01  0.694244229772E+01 -0.357010678614E-02
    1
  0.100000000000E+01  0.000000000000E+00  0.000000000000E+00
  0.000000000000E+00  0.100000000000E+01  0.000000000000E+00
  0.000000000000E+00  0.000000000000E+00  0.100000000000E+01
  0.000000000000E+00  0.000000000000E+00  0.000000000000E+00
   54
   20      0.011188416428     -0.002682129478     -0.021147360258
   20      2.336393388916      2.306912501698     -0.033344610290
   20     -2.361450745439     -2.289053052557     -0.009267844903
   20      2.341754792839     -0.040694352360      2.347457760913
   20      4.643248273723      2.297681161623      2.355180322322
   20     -0.001076375475     -2.303968515367      2.362772748925
   12     -2.343459184688      0.079244491185     -2.337853962377
   12     -0.101892526872      2.207739434212     -2.338408944797
   12     -4.437347580523     -2.204255416968     -2.328377896617
   20      0.006463005328      2.293119825443      2.361766230909
   12      2.395644135293      4.715365483242      2.359450254680
   12     -2.412857793488      0.044214688316      2.361536459559
   20      2.337773088395      2.299037014153      4.676814877223
   20      4.639134380261      4.672001693148      4.673079996443
   12     -0.063364190999     -0.069286128175      4.663839185787
   20     -2.317645734366      2.297153984308     -0.007347070191
   20      0.016321210861      4.633384518377     -0.024145633647
   20     -4.633230734931     -0.049646813970     -0.004940578897
   20      0.012610078348     -2.275008960673     -2.330926550036
   12      2.368794659312      0.040139537724     -2.329944434000
   20     -2.362866875110     -4.656234520518     -2.334151513105
   12      2.348058547435     -2.212757643840     -0.037499456610
   12      4.569654099760     -0.091428875970     -0.088967924170
   20     -0.008226625137     -4.645884179011     -0.018224641999
   20     -2.353984568105     -2.282988727182     -4.661571129665
   20      0.013091535940     -0.002657518996     -4.645886495968
   20     -4.656998333512     -4.634365686709     -4.643659997443
    8      0.013597335787      0.059217123975     -2.335014715238
    8      2.286365367446      2.331116184270     -2.338173812411
    8     -2.380813067802     -2.261833809741     -2.336161668331
    8      2.394646890489     -0.075746463770     -0.066927356433
    8      4.634213222033      2.275314981210     -0.022348050360
    8      0.021673662507     -2.299784223804     -0.019582266627
    8      4.652502844986     -0.008346837964      2.350365990650
    8      6.983372570342      2.307561325013      2.369527185380
    8      2.315321379308     -2.306104715481      2.341432818280
    8      0.013594564508      2.305283873652     -0.022644702582
    8      2.328104582190      4.624611658294     -0.021030720777
    8     -2.327845296331     -0.010247029674     -0.008239351849
    8      2.340591108625      2.320640163257      2.353304705474
    8      4.605547334092      4.675237798711      2.356543546054
    8     -0.035893594906     -0.019736103380      2.362062220171
    8      4.689605978162      2.274691307671      4.678106543101
    8      7.028622271774      4.627876244732      4.671095093448
    8      2.328663172684     -0.077893267480      4.674142292986
    8      0.043918744132      4.635217701306      2.361435421892
    8      2.416017216136      6.851897942248      2.403978410676
    8     -2.330914278077      2.269432743946      2.350345021259
    8      2.340832847178      4.689777937974      4.676667239612
    8      4.640321201191      6.947116580543      4.668370720710
    8      0.000649327079      2.271653697988      4.675152999125
    8      4.603191153897      4.687020643329      7.000060426804
    8      6.949587872769      6.924255193836      6.958608439018
    8      2.337495168842      2.321934091649      6.997709508659
    0    0
