   3   1   1 E -1.6031100202394E+04 DE-4.6E-10( 11)
  0.108285321822E-01  0.700190394020E+01  0.701681298587E+01
  0.697645326379E+01 -0.112799831656E-01  0.703278099941E+01
  0.697773544656E+01  0.701243812241E+01 -0.587154428180E-02
    1
  0.100000000000E+01  0.000000000000E+00  0.000000000000E+00
  0.000000000000E+00  0.100000000000E+01  0.000000000000E+00
  0.000000000000E+00  0.000000000000E+00  0.100000000000E+01
  0.000000000000E+00  0.000000000000E+00  0.000000000000E+00
   54
   20      0.016665028595     -0.001604349628     -0.021624204198
   20      2.359197900004      2.349204741156     -0.052018453680
   20     -2.343379691567     -2.355490500715     -0.055093492973
   20      2.364332214382     -0.029209178979      2.409912855706
   20      4.676587168933      2.320874360279      2.353409941249
   20      0.011435693876     -2.367477401938      2.367910836000
   20     -2.342146084788     -0.020991431232     -2.342960779616
   20      0.038698617343      2.352999895645     -2.369691954253
   12     -4.544531635482     -2.330119863829     -2.345157810374
   20     -0.032104424682      2.366039684838      2.389396723787
   20      2.313630094963      4.717951768935      2.375726980556
   20     -2.389276089849      0.000800195052      2.384509786271
   12      2.363559538243      2.332313973716      4.717409218831
   12      4.547782686353      4.641090401660      4.657572025964
   20      0.004272629079      0.019147309406      4.745353132622
   20     -2.369564743980      2.359345646360     -0.011249739570
   20      0.020108804560      4.744218514176      0.027085238650
   12     -4.696512888852     -0.003001030897     -0.062019983181
   20      0.001453763950     -2.360834142885     -2.350573286731
   12      2.368595831408      0.006692294890     -2.325171236416
   12     -2.379558989066     -4.586207862880     -2.384508775689
   20      2.342163093044     -2.376005331917     -0.033843076629
   20      4.676563161388     -0.009801442192     -0.030044864135
   12     -0.076018921273     -4.745199178430     -0.044090984811
   12     -2.337646946536     -2.339590911318     -4.599079147523
   12      0.062374035449      0.030571377458     -4.732378410446
   20     -4.651055456460     -4.697318647256     -4.654306108003
    8      0.106759293213     -0.000318034570     -2.403863451571
    8      2.445648554668      2.338419338008     -2.336533493872
    8     -2.463251496226     -2.440406837712     -2.458143023296
    8      2.348882687817     -0.004771968633     -0.042033659225
    8      4.745602960344      2.338250243485     -0.074412029522
    8      0.003616539008     -2.400743398489     -0.008129125264
    8      4.744751206051     -0.092838355367      2.364838576778
    8      6.987472448886      2.245278066642      2.289601335177
    8      2.384490389825     -2.357376978511      2.374192354506
    8      0.000100238546      2.357166509248     -0.020135868782
    8      2.332153104838      4.766596168045     -0.083182671125
    8     -2.395851465649     -0.001849579166     -0.013302785413
    8      2.339429513310      2.339320084749      2.420209874660
    8      4.656497245570      4.671211725727      2.406665630925
    8     -0.004559189456     -0.000459384655      2.375740222730
    8      4.566255496062      2.397702999885      4.675443482448
    8      7.008526183776      4.676184181639      4.703764862359
    8      2.331042065053      0.011482492701      4.794561284761
    8     -0.088471901127      4.763782417075      2.359060699030
    8      2.239629091708      7.001904865801      2.355665180435
    8     -2.339492125701      2.406653505051      2.411334876189
    8      2.444590104790      4.660560880866      4.679613784573
    8      4.525510535916      6.982136853864      4.682278365270
    8     -0.042650152072      2.332659900323      4.731483837304
    8      4.651019652876      4.660077432742      7.014638111816
    8      7.081983034166      7.126483222951      7.074083585714
    8      2.227269186147      2.218274116325      6.908836596500
    0    0
