   3   1   1 E -1.6031030854915E+04 DE 1.4E-09(  2)
  0.727329116698E-02  0.703187321953E+01  0.702660909735E+01
  0.703059667742E+01 -0.253790460640E-02  0.702848852593E+01
  0.703487507202E+01  0.703208484809E+01 -0.565198301153E-03
    1
  0.100000000000E+01  0.000000000000E+00  0.000000000000E+00
  0.000000000000E+00  0.100000000000E+01  0.000000000000E+00
  0.000000000000E+00  0.000000000000E+00  0.100000000000E+01
  0.000000000000E+00  0.000000000000E+00  0.000000000000E+00
   54
   20      0.000000000000      0.000000000000      0.000000000000
   20      2.344958357340      2.344028282697     -0.000188399434
   20     -2.344958357340     -2.344028282697      0.000188399434
   20      2.343532225807     -0.000845968202      2.342829508645
   20      4.688490583147      2.343182314495      2.342641109211
   20     -0.001426131532     -2.344874250899      2.343017908078
   20     -2.343532225807      0.000845968202     -2.342829508645
   20      0.001426131532      2.344874250899     -2.343017908078
   20     -4.688490583147     -2.343182314495     -2.342641109211
   20      0.002424430389      2.343957739843      2.342203032450
   20      2.347382787729      4.687986022540      2.342014633016
   20     -2.342533926951     -0.000070542854      2.342391431884
   20      2.345956656196      2.343111771641      4.685032541095
   12      4.690915013536      4.687140054338      4.684844141661
   12      0.000998298857     -0.000916511056      4.685220940528
   12     -2.341107795418      2.344803708045     -0.000626476195
   20      0.003850561921      4.688831990742     -0.000814875628
   12     -4.686066152758      0.000775425348     -0.000438076761
   20     -0.002424430389     -2.343957739843     -2.342203032450
   20      2.342533926951      0.000070542854     -2.342391431884
   12     -2.347382787729     -4.687986022540     -2.342014633016
   12      2.341107795418     -2.344803708045      0.000626476195
   12      4.686066152758     -0.000775425348      0.000438076761
   12     -0.003850561921     -4.688831990742      0.000814875628
   12     -2.345956656196     -2.343111771641     -4.685032541095
   20     -0.000998298857      0.000916511056     -4.685220940528
   20     -4.690915013536     -4.687140054338     -4.684844141661
    8     -0.000499149428      0.000458255528     -2.342610470264
    8      2.344459207911      2.344486538225     -2.342798869698
    8     -2.345457506768     -2.343570027169     -2.342422070830
    8      2.343033076379     -0.000387712674      0.000219038380
    8      4.687991433719      2.343640570023      0.000030638947
    8     -0.001925280961     -2.344415995371      0.000407437814
    8      4.686565302185     -0.001233680876      2.343048547024
    8      7.031523659526      2.342794601821      2.342860147590
    8      2.341606944845     -2.345261963573      2.343236946457
    8      0.001925280961      2.344415995371     -0.000407437814
    8      2.346883638300      4.688444278068     -0.000595837248
    8     -2.343033076379      0.000387712674     -0.000219038380
    8      2.345457506768      2.343570027169      2.342422070830
    8      4.690415864108      4.687598309866      2.342233671397
    8      0.000499149428     -0.000458255528      2.342610470264
    8      4.688989732574      2.342724058967      4.685251579474
    8      7.033948089914      4.686752341664      4.685063180040
    8      2.344031375234     -0.001304223730      4.685439978907
    8      0.004349711350      4.688373735214      2.341795594636
    8      2.349308068689      7.032402017911      2.341607195202
    8     -2.340608645990      2.344345452517      2.341983994070
    8      2.347881937157      4.687527767012      4.684625103280
    8      4.692840294497      7.031556049709      4.684436703847
    8      0.002923579817      2.343499484315      4.684813502714
    8      4.691414162963      4.686681798809      7.027454611923
    8      7.036372520303      7.030710081507      7.027266212489
    8      2.346455805623      2.342653516113      7.027643011357
    0    0
