   3   1   1 E -1.6031033337693E+04 DE-7.2E-10(  2)
  0.685450410493E-02  0.703362936231E+01  0.702877704370E+01
  0.703056997184E+01 -0.234247919733E-02  0.702991911073E+01
  0.703171268592E+01  0.703150621996E+01  0.144583375857E-02
    1
  0.100000000000E+01  0.000000000000E+00  0.000000000000E+00
  0.000000000000E+00  0.100000000000E+01  0.000000000000E+00
  0.000000000000E+00  0.000000000000E+00  0.100000000000E+01
  0.000000000000E+00  0.000000000000E+00  0.000000000000E+00
   54
   20      0.000000000000      0.000000000000      0.000000000000
   20      2.343904228641      2.343835406654      0.000481944586
   20     -2.343904228641     -2.343835406654     -0.000481944586
   20      2.343523323946     -0.000780826399      2.343306370245
   20      4.687427552586      2.343054580255      2.343788314831
   20     -0.000380904695     -2.344616233053      2.342824425659
   20     -2.343523323946      0.000780826399     -2.343306370245
   12      0.000380904695      2.344616233053     -2.342824425659
   12     -4.687427552586     -2.343054580255     -2.343788314831
   20      0.002284834702      2.344543120770      2.342925681232
   20      2.346189063342      4.688378527424      2.343407625818
   20     -2.341619393939      0.000707714116      2.342443736646
   20      2.345808158647      2.343762294371      4.686232051477
   20      4.689712387288      4.687597701025      4.686713996063
   12      0.001903930007     -0.000073112283      4.685750106891
   20     -2.341238489244      2.345323947169     -0.000380689013
   20      0.002665739396      4.689159353823      0.000101255573
   12     -4.685142717885      0.001488540515     -0.000862633599
   12     -0.002284834702     -2.344543120770     -2.342925681232
   12      2.341619393939     -0.000707714116     -2.342443736646
   20     -2.346189063342     -4.688378527424     -2.343407625818
   12      2.341238489244     -2.345323947169      0.000380689013
   20      4.685142717885     -0.001488540515      0.000862633599
   20     -0.002665739396     -4.689159353823     -0.000101255573
   12     -2.345808158647     -2.343762294371     -4.686232051477
   20     -0.001903930007      0.000073112283     -4.685750106891
   12     -4.689712387288     -4.687597701025     -4.686713996063
    8     -0.000951965003      0.000036556142     -2.342875053445
    8      2.342952263636      2.343871962795     -2.342393108859
    8     -2.344856193644     -2.343798850513     -2.343356998031
    8      2.342571358942     -0.000744270257      0.000431316799
    8      4.686475587583      2.343091136397      0.000913261386
    8     -0.001332869698     -2.344579676912     -0.000050627787
    8      4.686094682887     -0.001525096657      2.343737687043
    8      7.029998911529      2.342310309998      2.344219631630
    8      2.342190454247     -2.345360503311      2.343255742457
    8      0.001332869698      2.344579676912      0.000050627787
    8      2.345237098337      4.688415083564      0.000532572373
    8     -2.342571358942      0.000744270257     -0.000431316799
    8      2.344856193644      2.343798850513      2.343356998031
    8      4.688760422284      4.687634257166      2.343838942618
    8      0.000951965003     -0.000036556142      2.342875053445
    8      4.688379517590      2.343018024113      4.686663368276
    8      7.032283746231      4.686853430768      4.687145312863
    8      2.344475288949     -0.000817382541      4.686181423690
    8      0.003617704400      4.689122797683      2.342976309020
    8      2.347521933038      7.032958204335      2.343458253606
    8     -2.340286524241      2.345287391029      2.342494364434
    8      2.347141028346      4.688341971284      4.686282679264
    8      4.691045256985      7.032177377935      4.686764623850
    8      0.003236799705      2.344506564629      4.685800734678
    8      4.690664352292      4.687561144882      7.029589049508
    8      7.034568580932      7.031396551536      7.030070994094
    8      2.346760123651      2.343725738229      7.029107104922
    0    0
