   3   1   1 E -1.6031063655363E+04 DE 1.4E-10( 11)
 -0.220291966732E-01  0.695740078146E+01  0.694133646252E+01
  0.696921685583E+01 -0.390051171137E-01  0.696438250390E+01
  0.695035976381E+01  0.696861356483E+01 -0.270829579059E-01
    1
  0.100000000000E+01  0.000000000000E+00  0.000000000000E+00
  0.000000000000E+00  0.100000000000E+01  0.000000000000E+00
  0.000000000000E+00  0.000000000000E+00  0.100000000000E+01
  0.000000000000E+00  0.000000000000E+00  0.000000000000E+00
   54
   20      0.020295242184     -0.009399112437     -0.036952574251
   20      2.288463264004      2.310451090133     -0.053052370409
   20     -2.299544898516     -2.308090714909      0.002162495232
   20      2.299693003207     -0.043111402205      2.341741769646
   20      4.659691967790      2.297604601117      2.336021488389
   20      0.027170674243     -2.333251176217      2.359326093013
   20     -2.293339958906      0.013784657774     -2.319437514510
   12      0.020158284775      2.277857903154     -2.425475506903
   12     -4.754038746459     -2.294057334898     -2.264515341507
   20     -0.039661880268      2.300886408999      2.326065628234
   20      2.297927104115      4.679742124869      2.335379546022
   12     -2.216815849346      0.097454304360      2.377960688613
   20      2.298384934151      2.317287669185      4.688455168542
   20      4.641042096525      4.645567812207      4.638159254888
   12      0.004172312816     -0.072355093775      4.638523311963
   12     -2.245651483622      2.341067729374      0.049161028242
   20     -0.009152088840      4.654580188466     -0.040967010662
   20     -4.628291011996      0.018254082735      0.011330669129
   12      0.126633515523     -2.258493014064     -2.340332464913
   12      2.215626989234     -0.104016771457     -2.393276250143
   20     -2.325893275873     -4.666251293667     -2.325304471885
   12      2.336113657375     -2.358808013841     -0.031954015186
   20      4.632263940905     -0.038064040546     -0.016788855688
   20      0.032312405185     -4.665075223721      0.000768999877
   20     -2.325183560128     -2.317155687564     -4.628947373265
   12     -0.114447580064      0.214029220091     -4.690970318034
   20     -4.646232927936     -4.641415732765     -4.607099439819
    8      0.058668643287      0.051617019824     -2.423631050571
    8      2.252656413251      2.318502073902     -2.347953863330
    8     -2.303212054902     -2.317203748105     -2.319602086236
    8      2.295892803150     -0.059305547608     -0.050988834891
    8      4.637222940904      2.306445631329     -0.025305471414
    8      0.058854945997     -2.324980277960     -0.014070100090
    8      4.659841755485     -0.032140601402      2.339210564011
    8      6.971577194906      2.263193671015      2.358305209714
    8      2.308171133375     -2.347366789334      2.348099335969
    8     -0.043044502532      2.311310470887     -0.073398461429
    8      2.305849864876      4.661870707493     -0.034178631895
    8     -2.279602852358      0.041899484621      0.023354237781
    8      2.295457300998      2.311948927649      2.337114853152
    8      4.646781642106      4.674311585819      2.327255453095
    8     -0.024367415686     -0.032130716460      2.334839067474
    8      4.696911931812      2.307906956217      4.678763776463
    8      7.015940108241      4.645633293417      4.633615152700
    8      2.300956812278     -0.061636279319      4.661416136396
    8     -0.022695459808      4.687339491984      2.345678203742
    8      2.318749221185      6.976340902511      2.357800302697
    8     -2.346640525030      2.269528643739      2.282211626262
    8      2.257923522511      4.702768145656      4.691859663873
    8      4.595942491433      6.938829376095      4.602348910954
    8     -0.017094389787      2.295769210257      4.644880235726
    8      4.597746894992      4.578759794656      6.934806622378
    8      6.952701564176      6.934158661878      6.937933212782
    8      2.346077288403      2.329148262129      6.973515338390
    0    0
