   3   1   1 E -1.6031097635941E+04 DE-5.1E-10( 11)
  0.810191745071E-02  0.702060994578E+01  0.704084309859E+01
  0.700906610484E+01  0.264966628938E-03  0.704048190988E+01
  0.701553818135E+01  0.702115836855E+01 -0.107922364000E-03
    1
  0.100000000000E+01  0.000000000000E+00  0.000000000000E+00
  0.000000000000E+00  0.100000000000E+01  0.000000000000E+00
  0.000000000000E+00  0.000000000000E+00  0.100000000000E+01
  0.000000000000E+00  0.000000000000E+00  0.000000000000E+00
   54
   20      0.037554605316     -0.010926108646     -0.012550338106
   20      2.385762974188      2.325994477718     -0.053719971451
   20     -2.358900042087     -2.343320555767     -0.031980371250
   20      2.387234046519     -0.061909203203      2.325583250508
   20      4.706405799235      2.301704037733      2.329219781028
   20      0.030602274279     -2.354170855408      2.353776210705
   20     -2.340857810022     -0.039251645201     -2.362284809933
   20      0.046468628302      2.337535849739     -2.362244425969
   12     -4.613296737278     -2.349845633356     -2.235861624038
   20     -0.036847492139      2.372410962282      2.355683140822
   20      2.334531294844      4.738999189288      2.357421606990
   20     -2.384695479728      0.001856433884      2.403610999864
   20      2.349436047010      2.350067159496      4.713796246755
   12      4.610237967126      4.731723644582      4.706604625324
   20     -0.049193462760     -0.024991508418      4.717625965916
   20     -2.379787588907      2.382598866655     -0.017972989770
   20     -0.030294985199      4.740904764240      0.016281935148
   12     -4.697188654304     -0.037104859873     -0.035112657816
   20      0.002079138218     -2.321036126940     -2.368462907680
   12      2.398787736166     -0.067799625019     -2.232585013109
   12     -2.425391908545     -4.574598222944     -2.354609463511
   12      2.427240077487     -2.235332584084     -0.049771568504
   12      4.624086848698     -0.092152926317     -0.051778517305
   20      0.002762860474     -4.722619385855     -0.000824226293
   12     -2.388039663718     -2.243679102276     -4.684059699495
   12      0.019623048210     -0.058087372872     -4.719993562612
   20     -4.650669374273     -4.681655047455     -4.669526813747
    8      0.082715560191     -0.008632768990     -2.388442639657
    8      2.463858668304      2.374367244004     -2.340200786256
    8     -2.433056123414     -2.406420136661     -2.413886496416
    8      2.405814682400     -0.088346897716     -0.086225329826
    8      4.675934653371      2.272231999211     -0.080290128755
    8      0.048896266033     -2.333237611625     -0.018023143768
    8      4.757174388042     -0.114243493976      2.286924936664
    8      7.028908886099      2.272012342880      2.349551836739
    8      2.434321992890     -2.340599593046      2.323990333536
    8      0.005865322036      2.358782815424      0.000979854037
    8      2.333177436707      4.775374800413     -0.063575160788
    8     -2.401873836174     -0.000627713089     -0.012137343442
    8      2.350714857412      2.336560233291      2.336506348672
    8      4.667560960178      4.681812134585      2.366789855380
    8     -0.003713565628     -0.010983188165      2.354954497174
    8      4.680290705274      2.377716517248      4.684284001672
    8      7.003561477395      4.678341527076      4.696375291765
    8      2.333953635652     -0.087136585389      4.751785824216
    8     -0.055799971989      4.777936328049      2.350820118107
    8      2.258272623105      7.018428961949      2.402011089625
    8     -2.332031976755      2.406744569072      2.431536228468
    8      2.438880730924      4.770219859298      4.760297418536
    8      4.548530826262      6.952992212231      4.790938340464
    8     -0.049015616707      2.350608958348      4.706663532685
    8      4.557432476724      4.779828562123      7.053777523385
    8      6.992238695040      7.010062675473      7.052417330442
    8      2.346914015893      2.320041390347      7.031388752347
    0    0
