   3   1   1 E -1.6031098085041E+04 DE-3.5E-09(  7)
  0.362118699302E-02  0.698638202587E+01  0.698371157241E+01
  0.703254251129E+01 -0.109164152957E-01  0.699003813262E+01
  0.703645339025E+01  0.699058599287E+01 -0.833500137661E-02
    1
  0.100000000000E+01  0.000000000000E+00  0.000000000000E+00
  0.000000000000E+00  0.100000000000E+01  0.000000000000E+00
  0.000000000000E+00  0.000000000000E+00  0.100000000000E+01
  0.000000000000E+00  0.000000000000E+00  0.000000000000E+00
   54
   20      0.006113895698     -0.002732383158     -0.051932503349
   20      2.371639426708      2.312477244728     -0.051861710040
   20     -2.339982159172     -2.335384435369     -0.032637298501
   20      2.333722206879     -0.017078704342      2.349339953348
   20      4.696881659942      2.334878461013      2.321315245092
   20      0.007294274096     -2.333044630478      2.357559661776
   20     -2.369015769755     -0.006898483711     -2.315956575196
   20      0.003379444851      2.367447337377     -2.344193024950
   12     -4.713878205738     -2.227722365112     -2.288828040408
   20     -0.023673660709      2.331618691711      2.361217584076
   20      2.345499649549      4.688701556909      2.330031766259
   20     -2.349897143391     -0.003439739492      2.365114364090
   20      2.318955994268      2.329631471769      4.714317672966
   12      4.682532981317      4.726371018897      4.732338544684
   12      0.047762845727     -0.070857039710      4.765895718129
   12     -2.344939668616      2.295483576180     -0.000596472674
   20     -0.011685810666      4.713415751771     -0.059889990180
   12     -4.649105958557      0.074963725191     -0.056487532500
   12      0.020501610816     -2.318587618249     -2.310584942466
   12      2.335090314852     -0.101081950415     -2.291662149870
   20     -2.336813783683     -4.696323871293     -2.297449900561
   20      2.366232535294     -2.368149376909     -0.041743985843
   12      4.748900914972      0.033569780741     -0.052743114209
   12     -0.062906509162     -4.689926316213     -0.021279188615
   20     -2.337419480012     -2.341201915353     -4.681320918272
   20      0.012927136788      0.002217907028     -4.684323288785
   20     -4.698449416231     -4.677871136826     -4.664852307436
    8      0.073327931388     -0.098599789723     -2.339583279380
    8      2.340105640747      2.319504728208     -2.336686351307
    8     -2.335570677538     -2.331628655046     -2.335597530117
    8      2.392946133399     -0.014125582742     -0.071788148454
    8      4.762789039623      2.236167430363     -0.005208997748
    8     -0.004179307486     -2.405770193080     -0.049932329463
    8      4.676436980971     -0.010528395016      2.312952438654
    8      7.019835286740      2.324113531649      2.264969903186
    8      2.358135492436     -2.333303456888      2.385389995124
    8     -0.069235202245      2.340198245837     -0.062909190554
    8      2.344285032777      4.748319792491     -0.109572724168
    8     -2.418773670487      0.097838765617     -0.010201606436
    8      2.338398165736      2.330332768496      2.338889778147
    8      4.693655063296      4.659032743488      2.339254205052
    8      0.006165461891      0.007818061782      2.360895014581
    8      4.687126697322      2.413807580408      4.744823504757
    8      7.058028576450      4.773270550808      4.651008569442
    8      2.247868052106     -0.095709304131      4.762528705649
    8      0.009128855714      4.654559140286      2.385384635561
    8      2.349234855921      6.985268342354      2.320886478682
    8     -2.358286138861      2.322905428774      2.279704318108
    8      2.323478975180      4.755171098145      4.644890563794
    8      4.704736164792      6.872664183356      4.780751675718
    8     -0.000621868877      2.332673578153      4.755593297960
    8      4.692911587247      4.641794466721      6.873746384769
    8      6.994660721956      7.095212089077      6.924303462989
    8      2.380521722124      2.205768509455      6.991085825359
    0    0
