   3   1   1 E -1.6031094007947E+04 DE-1.5E-09( 10)
 -0.134122585048E-01  0.700249595502E+01  0.700780820964E+01
  0.695652813903E+01 -0.244572637684E-01  0.702377457557E+01
  0.694808969289E+01  0.701811717145E+01 -0.244275405763E-01
    1
  0.100000000000E+01  0.000000000000E+00  0.000000000000E+00
  0.000000000000E+00  0.100000000000E+01  0.000000000000E+00
  0.000000000000E+00  0.000000000000E+00  0.100000000000E+01
  0.000000000000E+00  0.000000000000E+00  0.000000000000E+00
   54
   20     -0.002328299852     -0.031781408300     -0.018746655936
   20      2.344533690767      2.318614659124     -0.036853657128
   20     -2.326571329507     -2.308034027038     -0.013211104173
   20      2.303368387707     -0.050389655142      2.374020572557
   20      4.642871134488      2.293522440554      2.339690707723
   20      0.029964018410     -2.302097032420      2.378095521835
   20     -2.369341625779     -0.003131676742     -2.329045595255
   20      0.013039615877      2.342733903450     -2.372469639130
   12     -4.606781567677     -2.329777592425     -2.334703786348
   20     -0.028002209302      2.317355883486      2.388513110416
   20      2.278562644240      4.717715920208      2.369743830850
   12     -2.261590864322      0.032637037171      2.247353553842
   12      2.255081887655      2.384565988722      4.685125686106
   20      4.600206874608      4.700511651130      4.725526102825
   12     -0.053025423393     -0.047432544303      4.644065307600
   12     -2.456431355418      2.329555267078     -0.016953349397
   20     -0.059353585119      4.735933632149     -0.034939388337
   20     -4.679537423583      0.038340556537     -0.048975366898
   12      0.143670114903     -2.324066851618     -2.349955351473
   20      2.336034773256     -0.055534183068     -2.324834455538
   20     -2.253955559929     -4.708290304547     -2.334000764493
   12      2.406582553138     -2.345915100658     -0.047200674333
   12      4.816584491896      0.027647185104      0.023980698368
   20      0.057999722945     -4.694300538270     -0.016523320619
   20     -2.318064651597     -2.310960862900     -4.699466626344
   12     -0.091140454144     -0.031832317745     -4.592376759297
   20     -4.593030083915     -4.671895790449     -4.693774642545
    8     -0.022222690270     -0.095788360077     -2.411838392137
    8      2.345631634992      2.374262146571     -2.363391557065
    8     -2.321472807726     -2.336690201576     -2.339966152366
    8      2.426281413734     -0.134369335929     -0.003800235943
    8      4.656907791019      2.270010366269     -0.020169337635
    8      0.039220313272     -2.331252773598     -0.072943390514
    8      4.684426016327     -0.014169141155      2.323089532717
    8      6.972023657722      2.257182704111      2.325371093526
    8      2.328059066954     -2.342514202313      2.361688179438
    8     -0.062043803313      2.330245253985     -0.031835066020
    8      2.276299321441      4.701243780868     -0.065238378535
    8     -2.336688869357      0.098991510926      0.062539436279
    8      2.317260456111      2.319696013141      2.411211291939
    8      4.629070050382      4.767798637108      2.350460811643
    8     -0.086700221768     -0.018728897300      2.399461203272
    8      4.542006444457      2.325312832026      4.757783731164
    8      7.039243189163      4.779524406577      4.701367678886
    8      2.153671301992     -0.029805118048      4.682280641831
    8     -0.029695862313      4.766124446031      2.429182883687
    8      2.290742959280      7.016904103139      2.318644932952
    8     -2.313367196093      2.239009686337      2.258862047214
    8      2.195970456856      4.589818892187      4.740272757969
    8      4.789749111988      6.986587013510      4.737243865098
    8      0.120429941220      2.304621838329      4.703683811716
    8      4.514122763654      4.690872108536      6.992118472302
    8      6.782375753670      7.021568079233      6.946806719290
    8      2.449779410615      2.422551354144      6.927228065282
    0    0
