   3   1   1 E -1.6031061765828E+04 DE 2.7E-10( 11)
  0.622875235385E-02  0.702477104425E+01  0.701462191075E+01
  0.701308555845E+01  0.112512726980E-01  0.700996330914E+01
  0.701986173785E+01  0.702745138759E+01  0.439516338711E-02
    1
  0.100000000000E+01  0.000000000000E+00  0.000000000000E+00
  0.000000000000E+00  0.100000000000E+01  0.000000000000E+00
  0.000000000000E+00  0.000000000000E+00  0.100000000000E+01
  0.000000000000E+00  0.000000000000E+00  0.000000000000E+00
   54
   20      0.003992520183     -0.007356642925     -0.004456386583
   20      2.321444735145      2.354897933995     -0.013743621079
   20     -2.353415234266     -2.328850362703     -0.012965816958
   20      2.337410706346     -0.015518387458      2.347154139006
   20      4.683562169417      2.346228893317      2.343175204876
   20      0.008631451080     -2.336835360670      2.359092772967
   20     -2.330491243013     -0.017563387858     -2.338177767802
   12      0.017687942446      2.356980175068     -2.321196675326
   12     -4.737364434478     -2.320680674705     -2.338712367890
   20     -0.015428733487      2.348395174735      2.343937087879
   20      2.328164738967      4.696570514830      2.327228600307
   12     -2.337671347117      0.013576184186      2.341714530865
   20      2.326689917068      2.345678105333      4.690247255823
   20      4.699788479708      4.689828683021      4.694186050114
   12      0.068024341776     -0.025108154811      4.746142117131
   20     -2.338082221860      2.341433190855      0.009091091075
   12      0.062511817562      4.669558095672     -0.072131028049
   12     -4.723616659654     -0.005507027986     -0.046070946681
   12      0.004242955659     -2.336016524674     -2.329287843961
   20      2.327965995148     -0.006550172514     -2.335654392457
   20     -2.341117495798     -4.676150874696     -2.350700693030
   12      2.326003011974     -2.327725959515     -0.010185622261
   20      4.678328347804     -0.014209865898     -0.001208928503
   20      0.011033839292     -4.679800427696     -0.015413483127
   12     -2.347490275299     -2.336041066194     -4.678920345033
   20      0.003480515218     -0.017264726937     -4.677220188949
   20     -4.674569784036     -4.682695577002     -4.675492095364
    8      0.002481788814     -0.009640636485     -2.337355475526
    8      2.311611645137      2.356626668108     -2.339602621524
    8     -2.352963587062     -2.339749697931     -2.370324466960
    8      2.333301777038     -0.015941230026     -0.000648782331
    8      4.678635495907      2.348927576724     -0.007687117609
    8      0.006181060645     -2.336603811089     -0.011949313353
    8      4.680042249785     -0.015617684570      2.338133149134
    8      7.022681676396      2.346098465743      2.350680411129
    8      2.350557351900     -2.340784163632      2.359805344044
    8     -0.010635611218      2.355942191582     -0.015750723206
    8      2.300748452095      4.708215656491     -0.035997440178
    8     -2.339009304649     -0.005777226785      0.008236257292
    8      2.333391506916      2.347597863606      2.338096693120
    8      4.682381793280      4.701343694703      2.344608757895
    8     -0.001140092662     -0.003626143232      2.354928401957
    8      4.690854285548      2.345401555802      4.682474633111
    8      7.068655786255      4.678518419262      4.733442679916
    8      2.317847384996     -0.024839338066      4.703127407184
    8     -0.028351854827      4.686520888464      2.326876076175
    8      2.353013871045      7.020560470852      2.329581696228
    8     -2.338393371612      2.343333258100      2.340061353547
    8      2.333051521205      4.688815967796      4.688537456953
    8      4.684983767149      7.022998629284      4.670102432789
    8      0.000431902301      2.349362829268      4.675785691069
    8      4.694921562254      4.685556255770      7.035957646609
    8      7.051482080970      7.011161884955      6.976697189664
    8      2.339813025547      2.351957568997      7.012163740647
    0    0
