   3   1   1 E -1.6031098559644E+04 DE-3.2E-09(  9)
 -0.130848371746E-01  0.701041817097E+01  0.702706755635E+01
  0.702009171035E+01 -0.132755255626E-01  0.702032985023E+01
  0.701855701557E+01  0.699642252103E+01 -0.582950160624E-02
    1
  0.100000000000E+01  0.000000000000E+00  0.000000000000E+00
  0.000000000000E+00  0.100000000000E+01  0.000000000000E+00
  0.000000000000E+00  0.000000000000E+00  0.100000000000E+01
  0.000000000000E+00  0.000000000000E+00  0.000000000000E+00
   54
   20     -0.004112748938     -0.033341392081     -0.020810250421
   20      2.353302333013      2.340887327386     -0.079221697262
   20     -2.347664821955     -2.320514588049     -0.005989702264
   20      2.335778191861     -0.019538190560      2.376557578452
   20      4.685853699379      2.302859308963      2.337287796351
   20      0.021857687177     -2.320752842502      2.349554490485
   20     -2.360837066365     -0.037584452126     -2.331880092122
   20      0.038730483174      2.302012747092     -2.374195290669
   12     -4.683453057023     -2.329329478032     -2.279345926957
   20     -0.024359622352      2.358456276999      2.390741867487
   20      2.327572089497      4.731862264794      2.391546116102
   12     -2.368871416233      0.051977133818      2.399373926386
   12      2.356366054413      2.443669425635      4.749084782046
   20      4.618955480168      4.689274687144      4.641900068083
   20      0.004161064915      0.049968193423      4.676259146059
   20     -2.407053110623      2.321435255919     -0.003538446219
   20      0.017089207409      4.719509304685     -0.020632285628
   12     -4.686560710340     -0.051529862009     -0.076184824488
   12      0.133615201069     -2.374655874590     -2.326353420885
   12      2.370758350402     -0.051701258701     -2.372098153570
   12     -2.450436573855     -4.635408607412     -2.332812095106
   12      2.319469839655     -2.298805566189     -0.115813548959
   20      4.667852573878     -0.008570591601     -0.026834199442
   20      0.052894511529     -4.663673083466     -0.021372612260
   20     -2.342092333112     -2.361708346509     -4.635501968625
   12      0.033497562619     -0.052797546174     -4.609383571028
   20     -4.673798031131     -4.718276279722     -4.660265028911
    8      0.123660073564     -0.109589556412     -2.442351961540
    8      2.422335445651      2.351557304499     -2.340159728360
    8     -2.393164396378     -2.453958108589     -2.328023575984
    8      2.334217607630     -0.087120132783     -0.071532289694
    8      4.685594548751      2.322290765805     -0.079392339462
    8      0.115518410011     -2.327454925685     -0.021552585670
    8      4.743633112610     -0.020248112839      2.357130392246
    8      7.018005340050      2.223140820517      2.335675436785
    8      2.337056834197     -2.347438815283      2.369080340029
    8     -0.005929696978      2.334377174485     -0.020659260496
    8      2.330969943210      4.774614092853     -0.086701106237
    8     -2.474243889467      0.007559884276     -0.004272466612
    8      2.344220966751      2.351341274223      2.383988105419
    8      4.676846561372      4.752056109713      2.345419990400
    8     -0.076299268211      0.014711322080      2.337671794739
    8      4.595339705773      2.329049506715      4.678897760932
    8      7.084760478712      4.663615982717      4.679485669197
    8      2.330550989020     -0.018783580852      4.761097330135
    8      0.010359169928      4.767503025901      2.443902909712
    8      2.346281398165      6.993360684465      2.398917888420
    8     -2.362112503191      2.230065740705      2.434276335260
    8      2.280802988984      4.635080187217      4.799866910999
    8      4.549421235903      7.100279791858      4.605376911830
    8      0.064477364670      2.467590732644      4.685701064771
    8      4.588137721358      4.664309689573      7.017994246930
    8      7.118805230706      7.004443169434      6.999422780845
    8      2.337277288332      2.314965255595      6.927722361189
    0    0
