   3   1   1 E -1.6031098833249E+04 DE 7.4E-10(  9)
 -0.584769093367E-03  0.700082049847E+01  0.703186317666E+01
  0.700484975602E+01 -0.461402664747E-02  0.703631891248E+01
  0.700023572938E+01  0.700023572938E+01 -0.388000909095E-18
    2
  0.100000000000E+01  0.000000000000E+00  0.000000000000E+00
  0.000000000000E+00  0.100000000000E+01  0.000000000000E+00
  0.000000000000E+00  0.000000000000E+00  0.100000000000E+01
  0.000000000000E+00  0.000000000000E+00  0.000000000000E+00
  0.000000000000E+00 -0.100000000000E+01  0.000000000000E+00
 -0.100000000000E+01  0.000000000000E+00  0.000000000000E+00
  0.000000000000E+00  0.000000000000E+00  0.100000000000E+01
  0.000000000000E+00  0.000000000000E+00  0.000000000000E+00
   54
   20      0.037210352128     -0.037210352128     -0.039888772756
   20      2.322761658787      2.317301921722     -0.042373362961
   20     -2.317301921722     -2.322761658787     -0.042373362961
   20      2.352519784288     -0.060015542365      2.379789345216
   20      4.679173299846      2.321062429531      2.363304912518
   20      0.060015542365     -2.352519784288      2.379789345216
   20     -2.330569766761     -0.028387496948     -2.377768010886
   20      0.028387496948      2.330569766761     -2.377768010886
   12     -4.652354078541     -2.347881650836     -2.387381344174
   20     -0.011293829974      2.381120817657      2.376831774621
   20      2.315206885765      4.685028843612      2.427269479146
   20     -2.381120817657      0.011293829974      2.376831774621
   12      2.346662034385      2.448137683572      4.682353246412
   12      4.552098045805      4.653573694992      4.682353246412
   20      0.018680233225     -0.018680233225      4.689219640487
   20     -2.393726309521      2.393726309521     -0.009178594679
   20     -0.035431032297      4.682771052705      0.005288162487
   20     -4.682771052705      0.035431032297      0.005288162487
   12      0.082606027117     -2.291020807806     -2.370974793168
   12      2.291020807806     -0.082606027117     -2.370974793168
   20     -2.367565705530     -4.632670023847     -2.390062109486
   12      2.389555838616     -2.389555838616     -0.134460889727
   20      4.634241179643     -0.068334408766     -0.023548431132
   20      0.068334408766     -4.634241179643     -0.023548431132
   12     -2.416719852921     -2.293892618457     -4.624368654747
   12      0.012679775531     -0.012679775531     -4.640224291277
   12     -4.706343110920     -4.583515876456     -4.624368654747
    8      0.104132873397     -0.104132873397     -2.427470429607
    8      2.325111870417      2.334667364469     -2.393998819223
    8     -2.334667364469     -2.325111870417     -2.393998819223
    8      2.323653204917     -0.095170062897     -0.064943561416
    8      4.676294280391      2.323941448986      0.002961574215
    8      0.095170062897     -2.323653204917     -0.064943561416
    8      4.735165501854     -0.102169682310      2.354502447827
    8      7.102405411687      2.265070227522      2.354502447827
    8      2.455589380491     -2.455589380490      2.458472796004
    8     -0.012054163349      2.339685968792     -0.008249147048
    8      2.332627951972      4.667607777406     -0.027298054123
    8     -2.339685968792      0.012054163349     -0.008249147048
    8      2.337224556396      2.340680663602      2.401160225687
    8      4.659555065775      4.663011172981      2.401160225687
    8      0.011746725434     -0.011746725434      2.351708513653
    8      4.584021738552      2.416213990825      4.671782340635
    8      7.033731075931      4.662365448495      4.695596182414
    8      2.337870280882     -0.033495346553      4.695596182414
    8     -0.083466920327      4.755307904539      2.447848133446
    8      2.244927824839      7.083702649706      2.447848133446
    8     -2.422341304276      2.422341304278      2.341433057954
    8      2.369729604592      4.630506124787      4.760706105044
    8      4.565789455504      6.895907828094      4.675908313509
    8      0.104327901286      2.434446273876      4.675908313509
    8      4.564464829801      4.657431013284      7.000734228715
    8      7.010168739023      6.990302719733      7.068350907786
    8      2.342804716095      2.435770899578      7.000734228715
    0    0
