   3   1   1 E -1.6031099880289E+04 DE-7.4E-10( 11)
  0.207420863833E-01  0.701348754005E+01  0.700621278961E+01
  0.699449470473E+01 -0.280110583257E-03  0.703175091408E+01
  0.696563131042E+01  0.701910503218E+01  0.193199796044E-01
    1
  0.100000000000E+01  0.000000000000E+00  0.000000000000E+00
  0.000000000000E+00  0.100000000000E+01  0.000000000000E+00
  0.000000000000E+00  0.000000000000E+00  0.100000000000E+01
  0.000000000000E+00  0.000000000000E+00  0.000000000000E+00
   54
   20      0.014208347954      0.013147416081     -0.006183536937
   20      2.378950860319      2.315998638522     -0.037843732931
   20     -2.333749011656     -2.383334509558     -0.038515608635
   20      2.337767809293     -0.027836578285      2.379786696972
   20      4.707964789377      2.302329031040      2.347126681617
   20      0.050501529845     -2.364688548868      2.347528881471
   20     -2.333871628096     -0.006449919442     -2.328834955739
   20      0.073984981815      2.329244356508     -2.366093144568
   12     -4.694668756519     -2.315604234366     -2.371852242245
   20     -0.050784723603      2.319204576894      2.351081781874
   20      2.295449547500      4.715873187996      2.359380405081
   20     -2.344521443406      0.047170352603      2.362092833191
   20      2.321008345861      2.321412984404      4.729501077750
   20      4.671580729329      4.724093013360      4.721303013745
   12     -0.032946606281      0.036686981306      4.733479347240
   12     -2.368045710500      2.326747277338      0.016090592195
   20     -0.015138896151      4.719840708384     -0.018131709772
   20     -4.702303296607      0.035038520572     -0.003843903182
   20     -0.019216048861     -2.349437333685     -2.340030754067
   12      2.314408311903      0.042624951418     -2.381056748825
   12     -2.469344666318     -4.727299404101     -2.319503054921
   20      2.357936315249     -2.351455155030      0.000858918037
   12      4.728138376224      0.089804768300     -0.082386805449
   12     -0.030663010493     -4.751450856869      0.006987061414
   20     -2.355225313005     -2.357179965972     -4.703215087081
   12      0.006386837590      0.071785467092     -4.654604473331
   12     -4.700060402714     -4.684094485298     -4.701351868435
    8      0.067221914822      0.007401097995     -2.370237210276
    8      2.452311609713      2.288203497782     -2.428659645023
    8     -2.423286126673     -2.422137735546     -2.349277249353
    8      2.414825550019      0.007660772954     -0.008638069154
    8      4.742720548597      2.258684626710     -0.057337055831
    8      0.003922239021     -2.407172680201     -0.005495467132
    8      4.752625702745      0.005871788715      2.354620778172
    8      7.092689271827      2.232330310094      2.276153316384
    8      2.341403575315     -2.415305158766      2.425664353471
    8     -0.035793132737      2.339072914800     -0.019660982427
    8      2.307195472803      4.679358400329     -0.074696384437
    8     -2.337520880091      0.045430971632     -0.008391694233
    8      2.333909322428      2.332310555383      2.355892089889
    8      4.652576902790      4.678776369910      2.337326427944
    8      0.007681864820      0.000549938417      2.387370861695
    8      4.694665193481      2.343116369684      4.738231577668
    8      7.091819705565      4.754011999041      4.695951593496
    8      2.257277232037     -0.049234117186      4.683416878129
    8     -0.006127015586      4.730652537068      2.336691349747
    8      2.239319833004      7.089390412609      2.418601545796
    8     -2.423610251709      2.332474446481      2.270094844999
    8      2.338696966816      4.727816463512      4.679573787223
    8      4.651637231532      7.106343846046      4.780889513335
    8     -0.069779814040      2.256675168194      4.746211824527
    8      4.680756707787      4.685805531448      7.008574719043
    8      6.888617225848      7.111622004219      6.991458291301
    8      2.390402338676      2.333524505742      7.091676915388
    0    0
