   3   1   1 E -1.6031102657925E+04 DE 3.6E-09(  9)
  0.551267420038E-02  0.697127478635E+01  0.699719783783E+01
  0.701931994888E+01  0.882205714651E-02  0.699942094224E+01
  0.703087900617E+01  0.699297988840E+01 -0.111031701307E-01
    1
  0.100000000000E+01  0.000000000000E+00  0.000000000000E+00
  0.000000000000E+00  0.100000000000E+01  0.000000000000E+00
  0.000000000000E+00  0.000000000000E+00  0.100000000000E+01
  0.000000000000E+00  0.000000000000E+00  0.000000000000E+00
   54
   20     -0.028647515137     -0.025209650517     -0.006388353759
   20      2.366038475747      2.330970079728     -0.056735107962
   20     -2.357414664507     -2.332646671484     -0.027752123360
   20      2.347172130805      0.001076527643      2.370074134785
   20      4.687897496848      2.303107313442      2.289115255025
   20      0.016246627671     -2.344130502948      2.357258109311
   20     -2.359389989562     -0.042503687508     -2.317703605311
   20      0.042702822331      2.314131174444     -2.376106455497
   12     -4.703051966619     -2.396917075932     -2.273541644095
   20     -0.007407885948      2.349577534502      2.397942782668
   20      2.327923811258      4.713021860852      2.330688533344
   12     -2.410109057121      0.067272698995      2.305044052177
   12      2.361344548761      2.351339193528      4.688807445924
   20      4.674894449619      4.699318102966      4.667091491407
   20     -0.001759551604      0.042797744938      4.703864762041
   20     -2.381083459672      2.298246438783      0.024117727944
   20      0.017328610649      4.718167581783     -0.002605363573
   12     -4.636035111484      0.047279592722      0.025201808353
   12      0.031120206043     -2.359365572898     -2.351883782660
   20      2.357769503999      0.023026457693     -2.371013687563
   12     -2.476520010159     -4.673774594875     -2.404457059181
   20      2.332130552795     -2.345358872170     -0.009558324077
   12      4.674290976068      0.059621835686     -0.005782708523
   20      0.015553491205     -4.685669997575     -0.020345716003
   20     -2.333767887801     -2.331718669411     -4.652227449754
   12     -0.029158945138      0.007369907344     -4.685559417671
   12     -4.718199392141     -4.783402112624     -4.695657129443
    8     -0.004258362074     -0.113481838236     -2.418877968358
    8      2.405746151511      2.413637638186     -2.406650316112
    8     -2.337755560825     -2.453305083499     -2.337292137453
    8      2.416516808618     -0.004244437987      0.014691472697
    8      4.685515657083      2.212717683891     -0.107011254299
    8      0.001923362373     -2.330017336609     -0.014337554202
    8      4.769901780051      0.014896343767      2.308810756557
    8      7.104161082799      2.221314616668      2.331805602832
    8      2.341633559414     -2.400483838610      2.423849454573
    8      0.006010477378      2.323507373640     -0.005786208441
    8      2.350718390142      4.757165040312     -0.103914220347
    8     -2.401198063995     -0.003502737872      0.086818020641
    8      2.348259234163      2.337845748470      2.349196501522
    8      4.686754228107      4.743298062112      2.332347884966
    8     -0.077135463463      0.005814692847      2.331639756892
    8      4.594853563854      2.337555171803      4.653867822561
    8      7.105341355071      4.660798631807      4.664633877520
    8      2.334634526054      0.035970647661      4.760660797983
    8      0.005331483833      4.749735548132      2.352382897550
    8      2.402234957259      7.066578323149      2.301590040539
    8     -2.415328738856      2.224231826975      2.403627770307
    8      2.263018154105      4.580643857889      4.667700263895
    8      4.690149413796      7.084763518452      4.687557447814
    8      0.085033210078      2.444390798377      4.666917014190
    8      4.679788534931      4.736235673984      6.996271348961
    8      7.045264512008      6.986396326810      7.093920919247
    8      2.353719811293      2.240756404305      6.998512078139
    0    0
