   3   1   1 E -1.6031097720985E+04 DE-5.1E-10( 11)
  0.516167424769E-02  0.703089217369E+01  0.698261428671E+01
  0.701639747640E+01 -0.127156195649E-01  0.699330951407E+01
  0.702034719536E+01  0.704033187464E+01 -0.109857954675E-01
    1
  0.100000000000E+01  0.000000000000E+00  0.000000000000E+00
  0.000000000000E+00  0.100000000000E+01  0.000000000000E+00
  0.000000000000E+00  0.000000000000E+00  0.100000000000E+01
  0.000000000000E+00  0.000000000000E+00  0.000000000000E+00
   54
   20      0.026374545869     -0.014459140152     -0.050774361717
   20      2.346299254303      2.337510794841     -0.065500048296
   20     -2.348284700657     -2.367604512652     -0.041453390002
   20      2.337712465790     -0.054744389512      2.360741036114
   20      4.698926284697      2.322492948669      2.317918818101
   20      0.044404865802     -2.370662645138      2.371574570481
   20     -2.338799556793     -0.026516600827     -2.320497820534
   12      0.011554905773      2.379384946125     -2.392722420951
   12     -4.780600718640     -2.436905310799     -2.353647304823
   20     -0.027164414658      2.346695201755      2.378066856484
   20      2.332170179850      4.716829955257      2.303234076848
   20     -2.340677262206      0.038571634348      2.362955264378
   20      2.291345225914      2.342089671988      4.729458181827
   20      4.690231177569      4.714569746607      4.682097855860
   12     -0.003999882789     -0.032320844105      4.756854633167
   20     -2.381461656443      2.359353583108     -0.001001733124
   20     -0.004419925759      4.722464273777     -0.060671168736
   12     -4.661092362491     -0.017935908257     -0.045207658415
   12      0.043646976720     -2.338812102091     -2.320491130058
   20      2.358353006235      0.047323399322     -2.331530951089
   12     -2.281883067508     -4.672593885384     -2.293620998294
   12      2.352595021854     -2.273715713835      0.042433904961
   12      4.683236088008     -0.030355743521     -0.064839542044
   20      0.033092312392     -4.704423621504     -0.057429039833
   20     -2.380377853594     -2.358641811035     -4.628279178979
   20      0.006654655577      0.026633536718     -4.668654163793
   12     -4.672981803334     -4.653220680242     -4.645569956158
    8      0.011361982157      0.000823509117     -2.337832161591
    8      2.279778233908      2.433767632729     -2.400668157858
    8     -2.315004278968     -2.458097098840     -2.317576722489
    8      2.426769881622     -0.085706608995     -0.000256508426
    8      4.675768120423      2.241976533284     -0.104351601821
    8      0.096633172134     -2.338499912945     -0.036681482037
    8      4.665415929245     -0.001174846120      2.340897945580
    8      7.113061100392      2.343375253365      2.413694854023
    8      2.334258626303     -2.441525296860      2.357666478782
    8     -0.013276330313      2.347777908821     -0.062040691169
    8      2.332710054481      4.748719100769     -0.091061981460
    8     -2.392607584887     -0.005562448698     -0.018963673457
    8      2.335299173013      2.335845807650      2.339866859375
    8      4.686180496767      4.686994369649      2.319379152703
    8      0.012153097194     -0.011066491116      2.397975751166
    8      4.726206594521      2.352030770238      4.659144393089
    8      7.088608594813      4.660837476233      4.652376912769
    8      2.237907255249     -0.081065596200      4.780311731728
    8      0.010765290489      4.697998928766      2.378325096555
    8      2.346213447606      7.116060580870      2.247547004344
    8     -2.394779381717      2.340673871925      2.349059838605
    8      2.275850070942      4.704374514193      4.676822135673
    8      4.790999117719      7.124853558069      4.740650138162
    8     -0.074894483620      2.377114046368      4.648701262779
    8      4.555809196596      4.789948615135      6.986580941276
    8      6.995097358837      7.028667050227      6.893413721520
    8      2.347440060655      2.353139918375      7.065795454727
    0    0
