   3   1   1 E -1.6031098587863E+04 DE-4.3E-08(  7)
  0.668795289950E-02  0.702264048040E+01  0.702280093141E+01
  0.702785115540E+01  0.367958024000E-02  0.701876459114E+01
  0.702833602467E+01  0.701221876273E+01  0.998599201679E-02
    1
  0.100000000000E+01  0.000000000000E+00  0.000000000000E+00
  0.000000000000E+00  0.100000000000E+01  0.000000000000E+00
  0.000000000000E+00  0.000000000000E+00  0.100000000000E+01
  0.000000000000E+00  0.000000000000E+00  0.000000000000E+00
   54
   20      0.040386487947     -0.048002668876     -0.053116303810
   20      2.362893251329      2.317487473980     -0.063335814871
   20     -2.333658703374     -2.353219312078     -0.034854974370
   20      2.350751861515     -0.014286962770      2.361293711386
   20      4.689108666005      2.337594477307      2.348562334225
   20      0.022761092872     -2.355600734464      2.334761946534
   20     -2.378095778230     -0.015763068418     -2.317118508592
   20      0.010791933228      2.358308286050     -2.328336043049
   12     -4.675368075427     -2.278798667778     -2.320286393105
   20      0.013251363365      2.360881769990      2.358177344452
   20      2.343885253213      4.692633311949      2.381908465457
   20     -2.373551205421     -0.019438827833      2.368477464893
   12      2.320393020068      2.438478670604      4.739138495971
   12      4.597738449608      4.701639035992      4.740636409741
   20      0.012437676039      0.021635371854      4.729375540480
   20     -2.412214397004      2.369831923494     -0.031191112134
   20     -0.008180093025      4.736843515406     -0.009435783335
   12     -4.703491849630      0.010911459746     -0.080045253322
   12      0.108385511121     -2.397868438185     -2.267836377969
   12      2.342479994281     -0.112850833202     -2.276415394943
   20     -2.343537082456     -4.694583298054     -2.312913225278
   12      2.350048147816     -2.344623669466     -0.087798246378
   12      4.580641901142     -0.039996030231     -0.042797894273
   12      0.086570090188     -4.673235238665     -0.056436603380
   20     -2.365367906937     -2.327793394798     -4.700969655968
   20      0.030143555254      0.001987918698     -4.666783712902
   20     -4.708029824708     -4.682485621407     -4.700515023530
    8      0.088856054678     -0.095184798906     -2.331908515569
    8      2.342836440374      2.337261173241     -2.334010487332
    8     -2.379249347656     -2.347070311317     -2.350110281300
    8      2.422841924236     -0.092587457003     -0.076930731958
    8      4.746865278012      2.247086260351     -0.007953403449
    8      0.104098776942     -2.420311462219     -0.092843277929
    8      4.681509509664     -0.001446305478      2.333250814227
    8      7.033146618021      2.342008934901      2.308733528455
    8      2.344002936415     -2.335294226187      2.348308939710
    8      0.002808867300      2.342479982120     -0.013002962785
    8      2.345612157795      4.749503163624     -0.049117592077
    8     -2.405149979146      0.001725816522     -0.011258704196
    8      2.341013366922      2.339550058777      2.396709691935
    8      4.682960394449      4.675935412739      2.363679283117
    8      0.009118407662     -0.001383906344      2.359334149804
    8      4.594997763117      2.439126682205      4.693375953815
    8      7.056258850285      4.693093984887      4.695230098290
    8      2.333888385292     -0.021658894062      4.766689468382
    8      0.010758048174      4.678763947509      2.356882304577
    8      2.354229410301      7.008542195692      2.367175743291
    8     -2.350457579387      2.343860033630      2.340677844558
    8      2.349003090292      4.676354275000      4.797323200188
    8      4.579835306173      6.908640557197      4.774580583853
    8      0.111591308164      2.464182039456      4.762776052120
    8      4.576518735406      4.778955234207      6.905885655628
    8      7.083738084389      7.124789088109      7.013945567568
    8      2.260131951698      2.346816777678      6.902413500709
    0    0
