   3   1   1 E -1.6031095615118E+04 DE 2.1E-09(  9)
  0.642427769041E-02  0.699616624229E+01  0.704522364916E+01
  0.701037285303E+01 -0.351407352773E-02  0.704910989526E+01
  0.701264461916E+01  0.699654705579E+01  0.613378324792E-04
    1
  0.100000000000E+01  0.000000000000E+00  0.000000000000E+00
  0.000000000000E+00  0.100000000000E+01  0.000000000000E+00
  0.000000000000E+00  0.000000000000E+00  0.100000000000E+01
  0.000000000000E+00  0.000000000000E+00  0.000000000000E+00
   54
   20     -0.004932883801      0.009063759043     -0.012309143136
   20      2.338538383055      2.349829682353     -0.010596232169
   20     -2.361124479453     -2.345131065250     -0.016613073176
   20      2.339447695110     -0.036147342960      2.388384955549
   20      4.700129511430      2.344144440727      2.372848835453
   20      0.045571825668     -2.383682715840      2.341091446457
   20     -2.357993184075      0.037550806194     -2.333131329646
   12      0.014572140079      2.339428534092     -2.346176913016
   12     -4.681228058977     -2.422855869335     -2.392802275496
   20     -0.008600330924      2.346339640122      2.365313846009
   12      2.329652277876      4.620967752331      2.371866289092
   20     -2.382624947715      0.044185751517      2.348514512635
   12      2.364187781952      2.407694663640      4.771757069340
   20      4.639035390034      4.619027824402      4.710376473936
   20      0.020897130513      0.030637862883      4.706663949867
   12     -2.381145693822      2.372273685933     -0.076857667989
   20      0.014602212497      4.646778599721     -0.027922087550
   20     -4.675984593862      0.072785814438     -0.002820740664
   20      0.025204158386     -2.372748469011     -2.338733150351
   20      2.335944239351      0.025844994257     -2.370409817146
   12     -2.411774960327     -4.668347800714     -2.316410880457
   12      2.292587160180     -2.429112287804     -0.016210945529
   20      4.686059925885      0.008010934882     -0.007615230905
   12      0.047188249292     -4.678683462743     -0.094186251841
   20     -2.393114299708     -2.386350631699     -4.704502371673
   20      0.047516234686      0.043892058449     -4.708396846573
   12     -4.664922692090     -4.604056752036     -4.690614818473
    8      0.004608128995      0.099668636095     -2.347002599315
    8      2.353550875171      2.413124801021     -2.386219540160
    8     -2.449360982602     -2.466242887763     -2.356004174639
    8      2.336563020268     -0.073675987618      0.012155296339
    8      4.748540572887      2.337301386580     -0.083356909650
    8      0.086817403141     -2.447423378290     -0.010673756633
    8      4.677154858800     -0.004291689154      2.349967054252
    8      7.140662548080      2.335548134131      2.371478222284
    8      2.329774422086     -2.445757840083      2.345132159746
    8     -0.069300525409      2.331822060072     -0.015586288407
    8      2.336153818232      4.669320443200     -0.006579992946
    8     -2.337719744340      0.109042542873      0.000960387867
    8      2.345879824651      2.441312017692      2.431819958654
    8      4.569646607237      4.666907102574      2.366549965795
    8      0.004204813992     -0.007557289584      2.353383456911
    8      4.682229497541      2.335240181293      4.801462978765
    8      7.126692556146      4.522722088542      4.691269866236
    8      2.337807024828      0.012758864797      4.686441053075
    8      0.096202853741      4.669085931173      2.370064330511
    8      2.343565568448      7.008539020152      2.363165454381
    8     -2.435064944503      2.335409113453      2.331166189272
    8      2.342561029270      4.557489599330      4.684149530876
    8      4.672997253043      7.097950841975      4.707612720730
    8      0.067760680845      2.338689910894      4.798283406910
    8      4.577491897048      4.565516225761      7.035052836026
    8      7.023369175670      7.086507081451      7.033524010454
    8      2.302011449939      2.471049192336      6.986053750262
    0    0
