   3   1   1 E -1.6031079721828E+04 DE 2.0E-09( 11)
  0.359090223183E-01  0.697937356924E+01  0.700126274573E+01
  0.697887580549E+01  0.364067860673E-01  0.700073795466E+01
  0.701528259157E+01  0.701528259157E+01 -0.550666773731E-19
    2
  0.100000000000E+01  0.000000000000E+00  0.000000000000E+00
  0.000000000000E+00  0.100000000000E+01  0.000000000000E+00
  0.000000000000E+00  0.000000000000E+00  0.100000000000E+01
  0.000000000000E+00  0.000000000000E+00  0.000000000000E+00
  0.000000000000E+00 -0.100000000000E+01  0.000000000000E+00
 -0.100000000000E+01  0.000000000000E+00  0.000000000000E+00
  0.000000000000E+00  0.000000000000E+00  0.100000000000E+01
  0.000000000000E+00  0.000000000000E+00  0.000000000000E+00
   54
   20      0.021318059324     -0.021318059324     -0.047840872446
   20      2.330052437023      2.366208438287     -0.049984549788
   20     -2.366208438287     -2.330052437023     -0.049984549788
   20      2.326541186466     -0.020157031328      2.339355331518
   20      4.673954170815      2.341328420754      2.336538912498
   20      0.020157031328     -2.326541186466      2.339355331518
   20     -2.313496291760     -0.060020302954     -2.316307460349
   20      0.060020302954      2.313496291760     -2.316307460349
   12     -4.660454332384     -2.354828259184     -2.259122408645
   20     -0.017078109973      2.371650399626      2.328523897018
   20      2.274004253630      4.741278337938      2.314108936229
   20     -2.371650399626      0.017078109973      2.328523897018
   20      2.329871588261      2.366426733170      4.738018099130
   20      4.648855858398      4.685411003307      4.738018099130
   20      0.018619050122     -0.018619050122      4.726307431838
   12     -2.327357598424      2.327357598424     -0.031821036787
   12      0.128182513240      4.548031782312     -0.064241373403
   12     -4.548031782312     -0.128182513240     -0.064241373403
   12      0.022077332885     -2.296586758505     -2.320572924329
   12      2.296586758505     -0.022077332885     -2.320572924329
   12     -2.416095195552     -4.599187396016     -2.333718441639
   12      2.265436329055     -2.265436329055     -0.046591405788
   20      4.651988872290     -0.002401372762     -0.002182860609
   20      0.002401372762     -4.651988872290     -0.002182860609
   20     -2.333823891247     -2.368901749046     -4.677168802352
   12      0.012180433186     -0.012180433186     -4.567138003741
   20     -4.646380842523     -4.681458700321     -4.677168802352
    8      0.112707719870     -0.112707719870     -2.421412614918
    8      2.428548652860      2.352415151512     -2.351026645152
    8     -2.352415151509     -2.428548652857     -2.351026645152
    8      2.323487457623     -0.042367450198     -0.051589639519
    8      4.652270033378      2.363012558190     -0.038753615214
    8      0.042367450198     -2.323487457623     -0.051589639519
    8      4.688345487292     -0.005116604021      2.330052191057
    8      7.020399195585      2.326937104272      2.330052191057
    8      2.317058056814     -2.317058056816      2.335688484194
    8     -0.025069681025      2.372355360033     -0.028633365136
    8      2.236843982110      4.778438609459     -0.126452551103
    8     -2.372355360033      0.025069681025     -0.028633365136
    8      2.317512677007      2.364649864325      2.343026448615
    8      4.650632727240      4.697769914558      2.343026448615
    8     -0.001274410957      0.001274410957      2.347349693957
    8      4.668962601388      2.346319990179      4.719151641840
    8      7.062349819102      4.686733813445      4.734402267124
    8      2.328548778123     -0.047067227533      4.734402267124
    8      0.008091089518      4.735679713165      2.319577642183
    8      2.279602878399      7.007191502047      2.319577642183
    8     -2.319952648699      2.319952648698      2.321690195353
    8      2.233688175230      4.781594416338      4.741639145370
    8      4.631275064836      7.052042922951      4.700043387033
    8     -0.036760331382      2.384007526733      4.700043387033
    8      4.655527521205      4.600135465594      7.001989207821
    8      7.088093808923      6.942471374206      7.092817959010
    8      2.415147125975      2.359755070364      7.001989207821
    0    0
