   3   1   1 E -1.6031034238689E+04 DE-1.4E-09(  2)
  0.568860369253E-02  0.703261921655E+01  0.703287277823E+01
  0.702688378240E+01 -0.309726388559E-02  0.703385253529E+01
  0.702762347877E+01  0.702975319104E+01  0.117104552162E-02
    1
  0.100000000000E+01  0.000000000000E+00  0.000000000000E+00
  0.000000000000E+00  0.100000000000E+01  0.000000000000E+00
  0.000000000000E+00  0.000000000000E+00  0.100000000000E+01
  0.000000000000E+00  0.000000000000E+00  0.000000000000E+00
   54
   20      0.000000000000      0.000000000000      0.000000000000
   20      2.342541159591      2.343251063681      0.000390348507
   20     -2.342541159591     -2.343251063681     -0.000390348507
   20      2.342294594133     -0.001032421295      2.344617511763
   20      4.684835753724      2.342218642386      2.345007860270
   20     -0.000246565457     -2.344283484977      2.344227163255
   20     -2.342294594133      0.001032421295     -2.344617511763
   20      0.000246565457      2.344283484977     -2.344227163255
   12     -4.684835753724     -2.342218642386     -2.345007860270
   20      0.001896201231      2.344206405515      2.344290926077
   20      2.344437360821      4.687457469197      2.344681274584
   12     -2.340644958360      0.000955341834      2.343900577569
   12      2.344190795364      2.343173984220      4.688908437839
   20      4.686731954955      4.686425047901      4.689298786346
   20      0.001649635774     -0.000077079461      4.688518089332
   20     -2.340398392902      2.345238826811     -0.000326585686
   20      0.002142766688      4.688489890492      0.000063762821
   12     -4.682939552493      0.001987763129     -0.000716934193
   12     -0.001896201231     -2.344206405515     -2.344290926077
   12      2.340644958360     -0.000955341834     -2.343900577569
   20     -2.344437360821     -4.687457469197     -2.344681274584
   12      2.340398392902     -2.345238826811      0.000326585686
   12      4.682939552493     -0.001987763129      0.000716934193
   20     -0.002142766688     -4.688489890492     -0.000063762821
   20     -2.344190795364     -2.343173984220     -4.688908437839
   20     -0.001649635774      0.000077079461     -4.688518089332
   12     -4.686731954955     -4.686425047901     -4.689298786346
    8     -0.000824817887      0.000038539731     -2.344259044666
    8      2.341716341702      2.343289603410     -2.343868696159
    8     -2.343365977477     -2.343212523951     -2.344649393173
    8      2.341469776246     -0.000993881565      0.000358467097
    8      4.684010935835      2.342257182115      0.000748815604
    8     -0.001071383344     -2.344244945246     -0.000031881411
    8      4.683764370381     -0.002026302860      2.344975978860
    8      7.026305529970      2.341224760819      2.345366327368
    8      2.341223210790     -2.345277366541      2.344585630353
    8      0.001071383344      2.344244945246      0.000031881411
    8      2.343612542934      4.687496008926      0.000422229918
    8     -2.341469776246      0.000993881565     -0.000358467097
    8      2.343365977477      2.343212523951      2.344649393173
    8      4.685907137067      4.686463587631      2.345039741680
    8      0.000824817887     -0.000038539731      2.344259044666
    8      4.685660571611      2.342180102656      4.689266904936
    8      7.028201731200      4.685431166335      4.689657253444
    8      2.343119412020     -0.001070961026      4.688876556429
    8      0.002967584575      4.688451350762      2.344322807488
    8      2.345508744165      7.031702414443      2.344713155994
    8     -2.339573575016      2.345200287081      2.343932458981
    8      2.345262178708      4.687418929467      4.688940319251
    8      4.687803338298      7.030669993147      4.689330667758
    8      0.002721019118      2.344167865786      4.688549970744
    8      4.687556772841      4.686386508172      7.033557831014
    8      7.030097932431      7.029637571852      7.033948179521
    8      2.345015613251      2.343135444492      7.033167482506
    0    0
