   3   1   1 E -1.6031104990630E+04 DE-2.0E-10(  9)
 -0.379932950184E-01  0.702279694685E+01  0.702279694685E+01
  0.696921281442E+01 -0.403011493196E-02  0.698897754953E+01
  0.696921281442E+01  0.698897754953E+01 -0.403011493196E-02
    2
  0.100000000000E+01  0.000000000000E+00  0.000000000000E+00
  0.000000000000E+00  0.100000000000E+01  0.000000000000E+00
  0.000000000000E+00  0.000000000000E+00  0.100000000000E+01
  0.000000000000E+00  0.000000000000E+00  0.000000000000E+00
  0.100000000000E+01  0.000000000000E+00  0.000000000000E+00
  0.000000000000E+00  0.000000000000E+00  0.100000000000E+01
  0.000000000000E+00  0.100000000000E+01  0.000000000000E+00
  0.000000000000E+00  0.000000000000E+00  0.000000000000E+00
   54
   20      0.031633739315     -0.025341398656     -0.025341398656
   20      2.354560448955      2.309869409440     -0.041848604307
   20     -2.291698970935     -2.327858185091     -0.014614001701
   20      2.354560448955     -0.041848604307      2.309869409440
   20      4.697064312026      2.294988596673      2.294988596673
   20      0.030243013118     -2.343768874068      2.315973748093
   20     -2.291698970935     -0.014614001701     -2.327858185091
   20      0.030243013118      2.315973748093     -2.343768874068
   12     -4.710961693455     -2.307611048090     -2.307611048090
   20     -0.033469948065      2.356120269695      2.356120269695
   20      2.293430799389      4.725928784788      2.384942445426
   12     -2.329661089870      0.033825988489      2.279646636892
   20      2.293430799389      2.384942445426      4.725928784788
   20      4.583205984919      4.709279656906      4.709279656906
   20     -0.067285974595      0.026064072809      4.693435844601
   12     -2.329661089870      2.279646636892      0.033825988489
   20     -0.067285974595      4.693435844601      0.026064072809
   20     -4.676453584195      0.042063312708      0.042063312708
   12      0.078494008141     -2.306991091911     -2.306991091911
   12      2.358001830877     -0.098666662547     -2.355847352867
   20     -2.341162175587     -4.684215060915     -2.342164218548
   12      2.358001830877     -2.355847352867     -0.098666662547
   12      4.633205377623      0.031866102289      0.031866102289
   12      0.030730233474     -4.646180393876     -0.017171575899
   20     -2.341162175587     -2.342164218548     -4.684215060915
   12      0.030730233474     -0.017171575899     -4.646180393876
   20     -4.630409322168     -4.684848373274     -4.684848373274
    8      0.120836026644     -0.100211369022     -2.426736485547
    8      2.321458145242      2.372463797283     -2.337041562232
    8     -2.264267010144     -2.315813780755     -2.315813780755
    8      2.447339546832     -0.103709339873     -0.103709339873
    8      4.735711180502      2.242912486895     -0.010461688685
    8      0.120836026644     -2.426736485547     -0.100211369022
    8      4.735711180502     -0.010461688685      2.242912486895
    8      6.974868004340      2.236261836583      2.236261836583
    8      2.321458145242     -2.337041562232      2.372463797283
    8     -0.055193624929      2.312542533679     -0.007585255725
    8      2.301794011414      4.677951906054     -0.051699191473
    8     -2.318993063713      0.095829505376      0.095829505376
    8      2.331213148360      2.338916735409      2.338916735409
    8      4.647358523377      4.756093764158      2.334753655447
    8     -0.055193624929     -0.007585255725      2.312542533679
    8      4.647358523377      2.334753655447      4.756093764158
    8      7.034437714657      4.675274469431      4.675274469431
    8      2.301794011414     -0.051699191473      4.677951906054
    8     -0.039356490918      4.739013279318      2.400303002727
    8      2.265778860342      7.003340234886      2.415762979334
    8     -2.348767706050      2.254399465074      2.254399465074
    8      2.205802602610      4.766247755229      4.766247755229
    8      4.505709731235      7.004889856938      4.663505162076
    8     -0.039356490918      2.400303002727      4.739013279318
    8      4.505709731235      4.663505162076      7.004889856938
    8      6.835494435666      7.090767936890      7.090767936890
    8      2.265778860342      2.415762979334      7.003340234886
    0    0
