   3   1   1 E -1.6031105530886E+04 DE 5.8E-09(  9)
  0.639455463055E-02  0.698638626667E+01  0.700508404779E+01
  0.699630905477E+01 -0.138788968850E-01  0.701859144387E+01
  0.699364211008E+01  0.699078200262E+01 -0.470743581714E-02
    1
  0.100000000000E+01  0.000000000000E+00  0.000000000000E+00
  0.000000000000E+00  0.100000000000E+01  0.000000000000E+00
  0.000000000000E+00  0.000000000000E+00  0.100000000000E+01
  0.000000000000E+00  0.000000000000E+00  0.000000000000E+00
   54
   20     -0.022581642566     -0.000419870469     -0.031417730394
   20      2.362687305539      2.336361669487     -0.042057803068
   20     -2.339060084334     -2.343018756143     -0.057145056453
   20      2.320277234716     -0.028268384593      2.369220638283
   20      4.696878840084      2.289427336675      2.301941804530
   20      0.029945533499     -2.345315258060      2.370648741859
   20     -2.351295155913     -0.031242853687     -2.328113373628
   20      0.027180742540      2.338540128130     -2.361544806871
   12     -4.713473233684     -2.351468162411     -2.343045830692
   20     -0.061472367342      2.346115589049      2.382076339961
   20      2.304713567664      4.703486105508      2.309497544050
   20     -2.357561094295      0.047446990217      2.345754527607
   20      2.298359830809      2.298856131171      4.712861986441
   20      4.677511264544      4.675693763110      4.729727393988
   12      0.012764113177     -0.051829094623      4.736430841531
   12     -2.382939768469      2.237321964129      0.002521145194
   20     -0.008105956385      4.722664774152     -0.000281254846
   12     -4.674466608179      0.002020226522     -0.000647924967
   12     -0.011726398904     -2.264528523754     -2.382937630748
   20      2.345501153304      0.026856367917     -2.355198170153
   12     -2.348426585697     -4.616394018995     -2.302558896478
   20      2.348337325999     -2.360872264609      0.022744890355
   12      4.717636783757      0.099429005719     -0.015428397362
   20      0.021707828057     -4.720052590405     -0.018805484284
   20     -2.327484469869     -2.346514774230     -4.659248976030
   12      0.070477160131      0.038173592461     -4.676083725316
   12     -4.626507161553     -4.653617978903     -4.663690915704
    8     -0.002723087451     -0.081987640794     -2.413421767500
    8      2.429167053181      2.427349653217     -2.420611929001
    8     -2.284921574374     -2.425827117476     -2.344002690616
    8      2.396243032738     -0.002859370619      0.000860747899
    8      4.665518309147      2.226470258735     -0.084733494502
    8     -0.001222319622     -2.336028842499     -0.061461173327
    8      4.717010241737     -0.001072542019      2.280026087950
    8      7.082050445372      2.226320832407      2.336947276583
    8      2.325930170413     -2.412975174419      2.431660474823
    8     -0.070198026594      2.333036373962     -0.007122256561
    8      2.335748272572      4.735769480638     -0.080699480146
    8     -2.415586768964      0.079107803601     -0.004827768638
    8      2.325408917862      2.327367564248      2.345061089215
    8      4.667368088939      4.657700855461      2.321697383458
    8     -0.006305632012     -0.000266115678      2.378434945456
    8      4.666451486640      2.319162498495      4.725640858210
    8      7.070110846728      4.740201523467      4.678847128431
    8      2.230030269033     -0.100367324009      4.773335875935
    8      0.009096482158      4.764239304786      2.413158476833
    8      2.234675270833      7.075796351159      2.263132039516
    8     -2.436704383780      2.321013696231      2.313554876466
    8      2.260439901262      4.659035101792      4.664880473564
    8      4.765646069636      7.080482891137      4.750629197713
    8     -0.090416375027      2.310211114184      4.666347033248
    8      4.658769712472      4.657786834258      7.018892595638
    8      6.994359359582      6.976148623242      7.013066621161
    8      2.448731818582      2.230134428943      7.080843752691
    0    0
