   3   1   1 E -1.6031091966963E+04 DE 4.7E-09(  9)
 -0.161982099521E-02  0.703216021099E+01  0.700682280212E+01
  0.698241248065E+01 -0.348165499403E-02  0.700149532624E+01
  0.699928255536E+01  0.703817758527E+01 -0.146383853312E-01
    1
  0.100000000000E+01  0.000000000000E+00  0.000000000000E+00
  0.000000000000E+00  0.100000000000E+01  0.000000000000E+00
  0.000000000000E+00  0.000000000000E+00  0.100000000000E+01
  0.000000000000E+00  0.000000000000E+00  0.000000000000E+00
   54
   20     -0.015776981728      0.004202813255      0.017453353191
   20      2.323873795654      2.340938124390     -0.058305328158
   20     -2.384343203216     -2.286569537703     -0.000177965981
   20      2.362390099073     -0.049964788828      2.364971875287
   20      4.673061079464      2.321183068677      2.348247389490
   20      0.048922681091     -2.337024392367      2.358986684059
   20     -2.363326954596      0.005016655003     -2.294560388696
   20      0.021542108623      2.317435893420     -2.341231895555
   12     -4.617534392676     -2.359476074468     -2.375995214524
   20     -0.040240426281      2.344695058595      2.347755686931
   20      2.321825642360      4.769774638112      2.364664504372
   12     -2.408572225355      0.016373192176      2.330723468162
   12      2.372703722578      2.291418378015      4.632845022570
   20      4.589968819184      4.689748293221      4.676312113203
   20      0.034206339331     -0.004593180113      4.694795803013
   12     -2.428459389740      2.396966698614      0.051704191220
   20     -0.019601364435      4.704586782904      0.029522489013
   12     -4.710263383204      0.034606258510     -0.043444769009
   20      0.028466954186     -2.318610893670     -2.375634656139
   12      2.366093808142     -0.053720842511     -2.305966574311
   20     -2.373464541933     -4.701177279047     -2.398599417073
   12      2.380562111733     -2.252635088302     -0.181986146191
   20      4.646131711553     -0.061924090855      0.027717504920
   20      0.078164946250     -4.711104786110      0.005921407872
   12     -2.405465629492     -2.339049135013     -4.664265013948
   12      0.049524064466      0.009388136017     -4.739805899849
   20     -4.604762793937     -4.729648817806     -4.704598899045
    8      0.092121676281     -0.003564880277     -2.358039012096
    8      2.336299518075      2.319364679426     -2.368314686733
    8     -2.448039527940     -2.342363715711     -2.440511664407
    8      2.324848418402     -0.107987904554     -0.052608979262
    8      4.667311883886      2.337165555168     -0.015371552452
    8      0.095145124667     -2.340872813510      0.012052898238
    8      4.730826733536     -0.092146867059      2.346961452779
    8      7.019226861065      2.266052527923      2.319069579458
    8      2.474938863003     -2.355440183040      2.384055555249
    8     -0.065447138109      2.345375881329      0.023214602761
    8      2.324938505263      4.793677451375     -0.063992484719
    8     -2.471258167218      0.109974369025      0.109722012854
    8      2.341057548345      2.347377420255      2.403615727103
    8      4.654132595104      4.784603076695      2.344921140894
    8     -0.058370941602     -0.011568346057      2.353014774060
    8      4.564570226068      2.338336288463      4.717635095698
    8      7.083728732355      4.695383274702      4.677909366661
    8      2.331263609108     -0.009989036885      4.786648233401
    8     -0.092906267251      4.791194831042      2.342022466798
    8      2.365029602984      7.027282677888      2.326188486324
    8     -2.338252412226      2.295727782794      2.214815030595
    8      2.329285076456      4.730166219409      4.773130278059
    8      4.525198786370      7.025128985632      4.634472513042
    8      0.075978941175      2.341685111959      4.686864167042
    8      4.512865053736      4.597212038365      7.055994894148
    8      7.132774320786      7.031591877687      7.111474401999
    8      2.477444248133      2.346651249531      6.879565221329
    0    0
