   3   1   1 E -1.6031086516056E+04 DE-1.0E-09( 11)
  0.353216900926E-01  0.698823877118E+01  0.696979007769E+01
  0.699053126021E+01  0.175831188840E-01  0.698104225977E+01
  0.701127804114E+01  0.701331633500E+01  0.354117298340E-02
    1
  0.100000000000E+01  0.000000000000E+00  0.000000000000E+00
  0.000000000000E+00  0.100000000000E+01  0.000000000000E+00
  0.000000000000E+00  0.000000000000E+00  0.100000000000E+01
  0.000000000000E+00  0.000000000000E+00  0.000000000000E+00
   54
   20     -0.020005710897      0.023264044406     -0.038804826991
   20      2.312353085453      2.384018895920     -0.045098590510
   20     -2.353987021952     -2.331429141193     -0.037312444656
   20      2.316490121635     -0.007153470108      2.355520613401
   20      4.676633696694      2.354392857464      2.352344846582
   20     -0.010959231307     -2.328992281897      2.377001680953
   20     -2.345540090723     -0.014292806305     -2.289955202653
   12     -0.051609513357      2.441900798609     -2.290177520443
   12     -4.768852749278     -2.377228215714     -2.326826063542
   20     -0.022928669106      2.346137623289      2.333601427174
   20      2.333954921184      4.683430251019      2.325061873462
   20     -2.320493774717      0.006006521582      2.343253009469
   20      2.330330285451      2.329632165308      4.682851184698
   12      4.718328169560      4.635124943714      4.737311258125
   12     -0.020021258545     -0.012211109772      4.718191803931
   12     -2.265638680451      2.324862430555     -0.068415244869
   12      0.025813365555      4.628992104399     -0.100713175610
   12     -4.665632555694     -0.039750465404     -0.054699299729
   12     -0.021390986498     -2.348628796982     -2.344307639882
   20      2.338107595544      0.022161579972     -2.323724219322
   12     -2.305140143268     -4.606905110413     -2.358403802997
   20      2.340075451691     -2.345615718028     -0.021176015553
   20      4.712077671888     -0.011961186193     -0.044351125893
   20     -0.013518103678     -4.679340167832     -0.046981285179
   20     -2.322162662278     -2.368374497812     -4.653522329927
   20      0.013123105062     -0.014290412905     -4.639043761722
   20     -4.663262926264     -4.671024672107     -4.638745983448
    8     -0.012101259533      0.001761525524     -2.321358290987
    8      2.339680459115      2.417899184221     -2.328942750844
    8     -2.317143128539     -2.395470132760     -2.332911302096
    8      2.336578660818      0.013829829904     -0.024718572174
    8      4.671759355146      2.354432033012     -0.050076622388
    8     -0.011170983604     -2.334531173552     -0.042890741390
    8      4.668138318546     -0.000372792816      2.339934663212
    8      6.997310762538      2.353501282422      2.367368305843
    8      2.321349446321     -2.327738801538      2.348907278644
    8     -0.070295381518      2.407666813074     -0.034723233369
    8      2.271208162597      4.730837336262     -0.065461392925
    8     -2.377657002302      0.034142567399     -0.006751683460
    8      2.325758481134      2.346484160261      2.338222098911
    8      4.681972087073      4.675187075084      2.366505119468
    8     -0.005437984194      0.002279387003      2.369191075480
    8      4.735132939302      2.404385205220      4.734001726396
    8      6.992472675492      4.676479201255      4.790867441542
    8      2.254197965253     -0.075117522569      4.728294212840
    8      0.018454999851      4.656691206785      2.332174246898
    8      2.363796186702      6.998103496252      2.329827012650
    8     -2.311128010464      2.328228524968      2.329753870128
    8      2.361479678960      4.661971807669      4.664460412119
    8      4.777119186448      6.996100345187      4.650819803326
    8     -0.055923889190      2.328569728808      4.650175177800
    8      4.761188803234      4.588101000770      6.884719923816
    8      7.113481058666      6.931506813017      6.922263025023
    8      2.390724481939      2.288467748329      6.952150827639
    0    0
