   3   1   1 E -1.6031091239509E+04 DE 4.1E-09(  9)
  0.788966422886E-02  0.704172382179E+01  0.701617588256E+01
  0.703893965705E+01  0.773799923169E-02  0.700837841867E+01
  0.704834461615E+01  0.703714385131E+01  0.471625453414E-02
    1
  0.100000000000E+01  0.000000000000E+00  0.000000000000E+00
  0.000000000000E+00  0.100000000000E+01  0.000000000000E+00
  0.000000000000E+00  0.000000000000E+00  0.100000000000E+01
  0.000000000000E+00  0.000000000000E+00  0.000000000000E+00
   54
   20      0.010078918651     -0.013781320940     -0.042859442120
   20      2.356076983830      2.350606920798     -0.067340468394
   20     -2.366372289466     -2.341595010850     -0.058195127969
   20      2.352742045477     -0.010619026754      2.394579940484
   20      4.679895957841      2.360784659536      2.375341245621
   20     -0.001918117046     -2.324846510921      2.380871136226
   20     -2.381431723253     -0.042378615409     -2.334645581354
   20      0.016522133592      2.365746025119     -2.332970425249
   12     -4.710835955719     -2.312654144265     -2.349964554281
   20     -0.014265064039      2.365951279688      2.423231052526
   20      2.345121636409      4.713801337836      2.396442740803
   20     -2.368177890710      0.010703055100      2.399914554818
   12      2.346525217816      2.371434007823      4.694855659439
   12      4.644059570728      4.707781792358      4.694460460160
   12      0.055763740227     -0.056278527882      4.712248746505
   20     -2.377801644975      2.357413924558     -0.004078119185
   20     -0.005466020411      4.721192027060     -0.034032209333
   12     -4.743529877711      0.069165526378     -0.110674822793
   12      0.061166748083     -2.349583271896     -2.386990897897
   12      2.369133991272     -0.048156297092     -2.357466241510
   12     -2.385624974128     -4.643471436362     -2.394274617820
   20      2.355948635910     -2.354529301899     -0.076059170846
   20      4.704250352751     -0.018939177271     -0.062729097571
   20      0.014871809843     -4.703094918067     -0.085825716785
   12     -2.314980706961     -2.418489492896     -4.543797541226
   20      0.011296758519     -0.036412859216     -4.652055052747
   20     -4.678646129550     -4.705324773110     -4.636394462487
    8      0.065665850272     -0.084015258435     -2.328131174978
    8      2.424970826920      2.340539592927     -2.327987858636
    8     -2.368621854758     -2.430516762240     -2.407942015835
    8      2.355418451525     -0.009973959657     -0.061634201844
    8      4.694244246390      2.350963116247     -0.090534182464
    8      0.003921929867     -2.342407898759     -0.079883535550
    8      4.694993138001     -0.062517309707      2.339273632780
    8      7.041283696658      2.350576113212      2.348378105222
    8      2.434031876721     -2.348115569296      2.459557607075
    8      0.002499807405      2.351541490370     -0.003419564548
    8      2.343242773816      4.771766824485     -0.070646772953
    8     -2.402804080501      0.000705819970     -0.023364636840
    8      2.347183609560      2.350891473854      2.395813061139
    8      4.692900034370      4.697643175369      2.406453857587
    8      0.006461189615      0.001141022071      2.421195565114
    8      4.606211554657      2.415939451409      4.668522939354
    8      7.052923642264      4.783233783209      4.662464448243
    8      2.270357332102     -0.000148116240      4.754840193571
    8     -0.061575167801      4.690238808682      2.433769249910
    8      2.354335166626      7.041170745033      2.394314107036
    8     -2.346445040197      2.443406912406      2.455381559466
    8      2.357319736684      4.702537037031      4.676105125478
    8      4.652696540196      6.981422436160      4.679034529054
    8      0.055585857347      2.384487374407      4.682115109924
    8      4.687954546099      4.687096323584      6.954336851180
    8      7.140837011320      7.043827653164      6.923727559792
    8      2.348285936315      2.263865374805      6.928385955641
    0    0
