   3   1   1 E -1.6031098682449E+04 DE-3.7E-08(  6)
 -0.666132997797E-02  0.699518973703E+01  0.699508295712E+01
  0.700486493657E+01 -0.810031562249E-02  0.698884136446E+01
  0.699706547987E+01  0.697484104594E+01  0.589219509918E-02
    1
  0.100000000000E+01  0.000000000000E+00  0.000000000000E+00
  0.000000000000E+00  0.100000000000E+01  0.000000000000E+00
  0.000000000000E+00  0.000000000000E+00  0.100000000000E+01
  0.000000000000E+00  0.000000000000E+00  0.000000000000E+00
   54
   20     -0.001313334495     -0.015052852470     -0.032857610111
   20      2.368573368740      2.311232028035     -0.002941379596
   20     -2.333440113002     -2.326720418386     -0.031704215346
   20      2.351784555495     -0.000411768784      2.347054619330
   20      4.672818874868      2.293337057228      2.321871479591
   20     -0.009653399637     -2.314382966048      2.353940994753
   20     -2.334865433255     -0.011414446396     -2.367047731810
   20     -0.010824676049      2.323577288230     -2.345148824420
   20     -4.656522857120     -2.294359515856     -2.330075051266
   20     -0.025098265516      2.363389416212      2.410064407842
   20      2.304740484088      4.663764810693      2.373342164802
   20     -2.331121522351      0.017456742176      2.396020833700
   12      2.335846219937      2.342373449314      4.693038279033
   12      4.716600598043      4.639669976040      4.671907824348
   12     -0.087049792992      0.018136737201      4.703781894804
   20     -2.374371857233      2.362370818287     -0.013447258766
   20     -0.031334923778      4.729391851663      0.008484148105
   12     -4.672283732507      0.063083180297     -0.056119754812
   12     -0.090158623924     -2.333337235501     -2.398766111700
   20      2.383075483491     -0.041496138875     -2.318882017380
   12     -2.313371444163     -4.560988294054     -2.320145105984
   20      2.365564870247     -2.356506674583     -0.051966401718
   12      4.660581967257     -0.052925433104     -0.016794208157
   20     -0.000002412254     -4.711736451553     -0.068377431767
   12     -2.231605944688     -2.318305673669     -4.610002571051
   12     -0.023548779025     -0.072439338274     -4.661999913636
   20     -4.667796074938     -4.679669970260     -4.694504178223
    8     -0.001202035190     -0.077248695364     -2.403540327145
    8      2.406553217313      2.324743170281     -2.328327842963
    8     -2.246108760940     -2.398200954509     -2.398968605104
    8      2.399364517575     -0.010069184620      0.000373891347
    8      4.660864063446      2.243109209869     -0.094972875002
    8     -0.007042492784     -2.331821933050     -0.071694891879
    8      4.763092179223     -0.102108325720      2.246911927148
    8      6.994384899310      2.234757886973      2.324300192402
    8      2.400881733996     -2.330824942842      2.331902369860
    8     -0.000534032441      2.341825332785      0.008906664708
    8      2.331362221734      4.743314094005     -0.002443951960
    8     -2.390213567270      0.005733659980     -0.010675040325
    8      2.332286916190      2.322272304303      2.385272523310
    8      4.666737049224      4.646319754885      2.403863826982
    8     -0.001802921275      0.009446385165      2.394653424475
    8      4.595694188572      2.389884086493      4.655756272482
    8      6.917728029589      4.721361232592      4.658938078987
    8      2.244358775052      0.087697950969      4.748473204677
    8     -0.102130852060      4.762494716490      2.440273429847
    8      2.308674339854      6.983049607518      2.342853579523
    8     -2.343400352271      2.439792359205      2.403589876481
    8      2.338151171185      4.540548895226      4.671345180345
    8      4.772352296879      6.962382553997      4.791095431983
    8     -0.046810971923      2.355659562254      4.659035550084
    8      4.675800659730      4.726943273086      6.955259825514
    8      7.018685364336      6.978993798295      6.992896024491
    8      2.325762016793      2.220595127230      6.890369704232
    0    0
