   3   1   1 E -1.6031048781922E+04 DE 9.1E-11( 11)
  0.163293315459E-01  0.702621421253E+01  0.699279213879E+01
  0.702237276494E+01  0.107519116941E-01  0.699206235841E+01
  0.702648463645E+01  0.702349268358E+01  0.127812395640E-01
    1
  0.100000000000E+01  0.000000000000E+00  0.000000000000E+00
  0.000000000000E+00  0.100000000000E+01  0.000000000000E+00
  0.000000000000E+00  0.000000000000E+00  0.100000000000E+01
  0.000000000000E+00  0.000000000000E+00  0.000000000000E+00
   54
   20      0.010199994552      0.004830909308     -0.013811899000
   20      2.344026196765      2.350105561625     -0.016712209927
   20     -2.347539364336     -2.335950054395     -0.013342080441
   20      2.343466646506      0.002529139833      2.332243050417
   20      4.678694884890      2.346650863156      2.336390449931
   20      0.003852139016     -2.339718925829      2.332818183243
   20     -2.348299666157     -0.003691150203     -2.326628054934
   12      0.019461438512      2.345050034656     -2.299036944006
   12     -4.701827516009     -2.374848339843     -2.302773239339
   20      0.005502638402      2.346534199043      2.329246230842
   20      2.341687597061      4.691838547698      2.336908774483
   20     -2.344914821306      0.005890462978      2.333485458343
   12      2.343226750858      2.296952583226      4.644907318180
   20      4.679954385908      4.689865751067      4.684404520615
   20      0.004324240280     -0.002346247214      4.675505609425
   20     -2.343577618373      2.342745943852     -0.005493590175
   12      0.025789849759      4.705022294050     -0.024477213536
   12     -4.691267875408     -0.100855723866      0.016661719093
   20     -0.000408071727     -2.341381362230     -2.327513446494
   12      2.429168374619      0.038550942217     -2.351715109185
   12     -2.371866705896     -4.695253194439     -2.307179697058
   12      2.349313784887     -2.305566699320     -0.028205187702
   12      4.656919134397     -0.002739820688     -0.029333117243
   20     -0.003444432155     -4.682981225107     -0.007085217942
   20     -2.352597154411     -2.342842233678     -4.661404706343
   20     -0.003000093166     -0.003067861830     -4.660215614558
   20     -4.690083390332     -4.685226773421     -4.664004214640
    8      0.005542488847      0.007837350898     -2.333268313703
    8      2.341519258039      2.346521776080     -2.334874819383
    8     -2.352631258724     -2.347325666508     -2.332596556760
    8      2.370457276532      0.004931355396     -0.017547365169
    8      4.681546299648      2.341961137314     -0.009461963393
    8      0.006142902458     -2.339445339251     -0.008882635800
    8      4.671892287246      0.005724390919      2.326929637301
    8      7.024923591734      2.347114529141      2.343086292409
    8      2.336798855957     -2.335878037364      2.329909871871
    8      0.002455871615      2.353366933867     -0.018746926065
    8      2.331116172446      4.703451561319     -0.015857911739
    8     -2.344777591862      0.002010094419     -0.006362689541
    8      2.342187937622      2.347450835634      2.334575849792
    8      4.681023733545      4.688741183918      2.341892120464
    8      0.004242050254      0.002906007634      2.331031362573
    8      4.673226381012      2.349352394012      4.669685194010
    8      7.034871527441      4.673226641745      4.699317707476
    8      2.337952324656     -0.016282892838      4.674920894631
    8      0.011695443519      4.687697617938      2.330916015005
    8      2.347441724698      7.027307589209      2.339238347772
    8     -2.340462595087      2.341703079213      2.335590727196
    8      2.344387028683      4.688027217276      4.682580892352
    8      4.673884565562      7.041430937287      4.699123778612
    8      0.010311180903      2.343126305925      4.666212880683
    8      4.679741499656      4.699671451038      6.997569586008
    8      7.034329163762      7.018015668596      7.000284427892
    8      2.346760830909      2.339322891668      6.980454638870
    0    0
