   3   1   1 E -1.6031102081992E+04 DE 4.7E-09(  9)
 -0.773079728833E-02  0.700404838639E+01  0.702239144951E+01
  0.701232209843E+01  0.673704184459E-02  0.701313567068E+01
  0.700904820475E+01  0.699946295417E+01  0.118034432068E-02
    1
  0.100000000000E+01  0.000000000000E+00  0.000000000000E+00
  0.000000000000E+00  0.100000000000E+01  0.000000000000E+00
  0.000000000000E+00  0.000000000000E+00  0.100000000000E+01
  0.000000000000E+00  0.000000000000E+00  0.000000000000E+00
   54
   20      0.024902848914     -0.024555994112     -0.036811412028
   20      2.369472431500      2.327333928483     -0.047544682250
   20     -2.306204751760     -2.368440645210     -0.063389213191
   20      2.316292532131     -0.045470226263      2.361516612504
   20      4.701961362345      2.299182874284      2.322340619214
   20      0.032775806662     -2.351782169540      2.324840065237
   20     -2.338045994426     -0.027724897792     -2.322097917518
   20      0.034609737629      2.310077109429     -2.345414243572
   12     -4.732922124677     -2.291617253732     -2.312833439341
   20     -0.049071843466      2.343265232931      2.396652032769
   20      2.311408725279      4.708698622874      2.364153846253
   20     -2.336542804495      0.050105810871      2.359800789131
   20      2.283889582748      2.361534421067      4.736451582337
   20      4.648787372015      4.694119306680      4.698308462786
   12      0.006827152303      0.015105398542      4.680847973547
   12     -2.355986805798      2.375655483749     -0.015519730260
   20     -0.016198871724      4.703057906963      0.007589872045
   20     -4.696485088579      0.055276147029     -0.015368150445
   12      0.051088859433     -2.281374174901     -2.330013139804
   12      2.278952926600     -0.060390895755     -2.331347920334
   12     -2.332080696207     -4.664929196428     -2.306205693801
   12      2.323903574437     -2.390579306774     -0.074226297589
   20      4.689314382576      0.000189451215     -0.045946880049
   12     -0.059160654784     -4.736287822765     -0.083504441950
   20     -2.341894776897     -2.365385531423     -4.655376491271
   12      0.062846144327      0.006540723840     -4.606005246037
   20     -4.678893191252     -4.669595356167     -4.644349900528
    8      0.103821539119     -0.077057789369     -2.409723996951
    8      2.419437436633      2.341040776039     -2.318570740564
    8     -2.315218175089     -2.424029392096     -2.340398676716
    8      2.334200556727     -0.086133972430     -0.097295698304
    8      4.757462452494      2.330034201995     -0.074949745669
    8      0.095271582426     -2.421666416277     -0.106954367396
    8      4.757479857503     -0.008393248912      2.345776533320
    8      7.005145334341      2.219396824814      2.278230731458
    8      2.332396233246     -2.328957956252      2.371163467127
    8     -0.080588586346      2.342661106324      0.005428354957
    8      2.313748742021      4.677727107379     -0.070374927968
    8     -2.331673881982      0.078814691492     -0.010863451769
    8      2.317814330923      2.336485419441      2.365986451217
    8      4.680697828171      4.660453955225      2.326152167469
    8      0.003975438147      0.002360102534      2.408104066949
    8      4.679680747400      2.337468999194      4.731683402941
    8      7.086646427537      4.758144239921      4.689439431421
    8      2.240806013056     -0.076020669613      4.676476930020
    8      0.003507985525      4.768829252640      2.454078170642
    8      2.293088725678      6.996351381171      2.352752740669
    8     -2.344297445184      2.336618603797      2.362434702483
    8      2.244944380876      4.768031790522      4.753850516019
    8      4.686093050645      7.087870675988      4.673035540310
    8     -0.086207440803      2.305015212304      4.778648199065
    8      4.589891034898      4.565255581068      7.011534965291
    8      7.003333926203      7.115640383873      6.977590525840
    8      2.376373847498      2.468167912980      7.015401242564
    0    0
