   3   1   1 E -1.6031097067847E+04 DE-3.0E-09(  9)
  0.129435947420E-01  0.698799253494E+01  0.701021395725E+01
  0.700684201007E+01 -0.357009504268E-02  0.701827315411E+01
  0.701250233571E+01  0.699555500107E+01 -0.266701265176E-02
    1
  0.100000000000E+01  0.000000000000E+00  0.000000000000E+00
  0.000000000000E+00  0.100000000000E+01  0.000000000000E+00
  0.000000000000E+00  0.000000000000E+00  0.100000000000E+01
  0.000000000000E+00  0.000000000000E+00  0.000000000000E+00
   54
   20      0.016285487033      0.001120444204     -0.006220603003
   20      2.322243023794      2.310684412984     -0.025521885396
   20     -2.351760723809     -2.320964987775      0.005398399204
   20      2.350559554458     -0.027257109262      2.322225305721
   20      4.695531898167      2.291249291727      2.302240937145
   20      0.024525894963     -2.351119943364      2.346388568081
   20     -2.345908755021      0.019544842430     -2.334185723584
   20      0.016282765927      2.321663000186     -2.348099022731
   20     -4.704092422561     -2.328596511383     -2.322898885259
   20     -0.035261238245      2.342463996005      2.325841732692
   20      2.306917550375      4.734270630593      2.328036100501
   20     -2.401194297939      0.037024340187      2.326234286417
   20      2.348235887039      2.318539686307      4.756111302915
   20      4.674657063844      4.695333449505      4.734666102692
   12      0.012061153266     -0.026866029932      4.716589662074
   12     -2.379443782383      2.330863489753      0.034638007007
   12     -0.000548712108      4.781962429188      0.018170935309
   12     -4.706133130172     -0.030647775153     -0.014196659523
   20      0.031823316896     -2.302850551542     -2.346444935273
   12      2.313552479652     -0.008931347009     -2.287340397355
   20     -2.341659662316     -4.721769441216     -2.305426392940
   12      2.392052498154     -2.272069414400     -0.007723919601
   12      4.650174659211     -0.065822094341     -0.024079549157
   20      0.063469094149     -4.752483581271      0.023431750988
   20     -2.347743227998     -2.328317907577     -4.766695365266
   12      0.111009422133     -0.023053868946     -4.721729014142
   12     -4.665980658532     -4.613590191584     -4.703204188793
    8      0.074489278003      0.000487386218     -2.381434489979
    8      2.335082875903      2.232132450050     -2.394215338044
    8     -2.330297148859     -2.331935621379     -2.323695878220
    8      2.415539164240     -0.085176553605     -0.070030383636
    8      4.678339982786      2.240347373509      0.000230339894
    8      0.061831231132     -2.345474143767      0.006800405180
    8      4.740330496175     -0.003271359939      2.258765391418
    8      7.095857558634      2.231652955116      2.334273994307
    8      2.324619035231     -2.398836491398      2.257029951922
    8     -0.085831654497      2.394557376988     -0.002976482067
    8      2.270395470590      4.748230099247      0.007040339815
    8     -2.424863835202      0.070404177455     -0.001365390712
    8      2.326851588829      2.332294708533      2.325682104334
    8      4.670495195846      4.669995930386      2.339995423337
    8      0.002042084710     -0.004070498246      2.387403040879
    8      4.683152348739      2.328069042712      4.747210764816
    8      7.014542867232      4.764612113088      4.751814927400
    8      2.263336770556     -0.010488444010      4.740861777395
    8      0.009681715235      4.759677417169      2.240580551753
    8      2.222651082505      7.092170639551      2.284226347396
    8     -2.409331449493      2.328630944093      2.296780591213
    8      2.342822338404      4.761120083026      4.762243100703
    8      4.640348772074      6.988427969246      4.729578629001
    8      0.018333989614      2.243928429571      4.692185531851
    8      4.648939474045      4.683185400529      7.002670327607
    8      7.045940225837      6.876872554616      6.978802721408
    8      2.460341136067      2.331975287253      7.119525596525
    0    0
