   3   1   1 E -1.6031096425560E+04 DE 1.4E-09( 11)
  0.352979267842E-02  0.700478847165E+01  0.703030343171E+01
  0.699271622726E+01 -0.369184876537E-02  0.703132019486E+01
  0.699986892173E+01  0.700679297290E+01 -0.468203020281E-02
    1
  0.100000000000E+01  0.000000000000E+00  0.000000000000E+00
  0.000000000000E+00  0.100000000000E+01  0.000000000000E+00
  0.000000000000E+00  0.000000000000E+00  0.100000000000E+01
  0.000000000000E+00  0.000000000000E+00  0.000000000000E+00
   54
   20      0.009555531863      0.003757444744     -0.032215196178
   20      2.357911826545      2.354342679311     -0.003469006233
   20     -2.352618741215     -2.374363456908     -0.016832429325
   20      2.346499305234     -0.044865108740      2.331449358850
   20      4.706273594231      2.330592617226      2.302836139371
   20      0.055990357759     -2.405437158986      2.347930178058
   20     -2.336463691375      0.010343386012     -2.324097623926
   12     -0.017663734911      2.384929048743     -2.311164215130
   12     -4.663548176763     -2.436098750259     -2.372469780427
   20     -0.038706038308      2.342767496884      2.350140465321
   12      2.330525337229      4.669171372513      2.338027946726
   20     -2.366895204112      0.028102861962      2.358991779710
   20      2.345985777188      2.374985743423      4.738242375436
   20      4.647348794017      4.663379650813      4.716777052583
   20     -0.017923838616      0.012959752382      4.737689139790
   12     -2.404124659822      2.322840215659     -0.034551978698
   20     -0.003325887541      4.660380895456     -0.003272078669
   20     -4.673041512584      0.036905310134      0.026680805214
   20      0.017566426624     -2.370620036186     -2.324482445029
   20      2.347015909202      0.037892685021     -2.370439616465
   12     -2.337354612698     -4.688130072488     -2.282116265950
   12      2.417762608530     -2.396515634048      0.035982179614
   12      4.669733824633      0.059487652267     -0.047346458254
   12     -0.034595844824     -4.695043716030     -0.026007867419
   20     -2.382179219904     -2.381166479658     -4.708264498498
   20      0.020714667297      0.049808464781     -4.696724469262
   12     -4.734591481604     -4.588019878232     -4.794608847103
    8      0.002809545917      0.060442566959     -2.334373760667
    8      2.358619385217      2.468009207812     -2.400368269981
    8     -2.414868741878     -2.423635139347     -2.347313567738
    8      2.423830650864     -0.064699724284     -0.025114291291
    8      4.753126521629      2.242902759123     -0.089187307251
    8      0.063134174050     -2.431662334923      0.017071100362
    8      4.659948034364     -0.002115023538      2.291806127794
    8      7.114440092833      2.336852865597      2.356387815492
    8      2.330490376532     -2.417261671812      2.326023259448
    8     -0.071277313966      2.335202235594     -0.076641044493
    8      2.330743874425      4.671918245822      0.011333487805
    8     -2.338284393871      0.068726420263      0.007171452232
    8      2.340395327697      2.387760578548      2.340780041698
    8      4.590427738591      4.651612823605      2.342623943154
    8      0.002088383720     -0.007813573161      2.345605337776
    8      4.759241426917      2.343152646802      4.771756532281
    8      7.083310911014      4.574732702740      4.700633186853
    8      2.327397626945     -0.043866767343      4.697337244589
    8      0.070496813360      4.664370834268      2.328087026171
    8      2.335002453702      7.004882624987      2.341582301409
    8     -2.440359355945      2.325166044421      2.352499504790
    8      2.336850721926      4.674629273758      4.690146046117
    8      4.664586151538      7.110224852605      4.774072358184
    8     -0.086813488239      2.334520439756      4.737426775898
    8      4.568908928452      4.658010113889      7.013859317083
    8      6.916676294334      7.107362049640      7.027607383207
    8      2.391743781283      2.443691143469      7.118740538626
    0    0
