   3   1   1 E -1.6031096146170E+04 DE-7.0E-09(  9)
  0.102787832185E-01  0.701413526517E+01  0.703220268368E+01
  0.701145087364E+01  0.870214518448E-02  0.702734101748E+01
  0.701840633173E+01  0.700865540913E+01  0.896985716030E-02
    1
  0.100000000000E+01  0.000000000000E+00  0.000000000000E+00
  0.000000000000E+00  0.100000000000E+01  0.000000000000E+00
  0.000000000000E+00  0.000000000000E+00  0.100000000000E+01
  0.000000000000E+00  0.000000000000E+00  0.000000000000E+00
   54
   20      0.033803446896      0.003639146154     -0.014927084263
   20      2.342552659899      2.324171838058     -0.051315397479
   20     -2.349221576445     -2.354184211721     -0.021632540188
   20      2.349033706896     -0.036535709912      2.335805995072
   20      4.692501735286      2.344900949297      2.326484355635
   20      0.023847316184     -2.327101413092      2.360819848935
   20     -2.356103123404      0.010261519627     -2.322222778673
   20      0.007814311155      2.398632987188     -2.325759661387
   12     -4.750422897163     -2.261290983366     -2.293972697402
   20     -0.020169723827      2.333092081078      2.339745268665
   20      2.338422343978      4.697277649514      2.365092217271
   20     -2.336381348031     -0.002957539654      2.382407184947
   20      2.345404221754      2.370826015573      4.749370904521
   12      4.621758071915      4.717850245513      4.805520456235
   12     -0.001121515577     -0.066448289038      4.772424821382
   12     -2.288959276098      2.414660578211     -0.039734991500
   12     -0.064863734495      4.592975796229     -0.096952369629
   20     -4.736872543732      0.027228679274     -0.038121976087
   20      0.038220979989     -2.344764791513     -2.308842954801
   12      2.472621141591     -0.080621867859     -2.270296561702
   20     -2.350986917158     -4.739177647200     -2.300333334896
   12      2.408665877813     -2.373730317933     -0.074300399375
   12      4.626541701491     -0.054651255521     -0.102243317124
   12     -0.063087855365     -4.671239497828     -0.026516947739
   20     -2.356997113648     -2.343047789756     -4.756819716423
   20     -0.003133452613      0.004327935278     -4.740009500888
   20     -4.676239940901     -4.640505508811     -4.700292232669
    8      0.055358221805      0.010594859935     -2.326510878198
    8      2.340067708921      2.351857209304     -2.332845913833
    8     -2.399298657681     -2.343881257249     -2.350302448749
    8      2.458736151481     -0.103753469515     -0.098965957744
    8      4.750577095840      2.254019504043      0.000576668049
    8      0.076146008728     -2.410357681724     -0.007569732204
    8      4.682638524508      0.000293967773      2.296806481886
    8      7.009765877527      2.354188541497      2.272816302395
    8      2.345773757903     -2.322149912787      2.329978395100
    8     -0.082027880933      2.428189427808     -0.008712390626
    8      2.240967038619      4.686525940240     -0.027112068772
    8     -2.341176103194      0.056467685115     -0.006363436135
    8      2.339247300562      2.337155581229      2.344147604737
    8      4.665914207149      4.675322571066      2.362870080310
    8      0.014441089362     -0.006926103109      2.390002491640
    8      4.684927802345      2.437272291110      4.764187456491
    8      7.068353599436      4.782027214884      4.806494413216
    8      2.254807024967     -0.074108633497      4.699900751490
    8      0.015051449376      4.682572004542      2.311998660906
    8      2.350676004623      7.021784412109      2.383580431518
    8     -2.322246616528      2.338825937675      2.325339077921
    8      2.444759745876      4.763920942202      4.781501133937
    8      4.633952268264      6.873027692999      4.792270137792
    8      0.004516630321      2.269582489346      4.780252120914
    8      4.702694386021      4.655969672611      6.932613737676
    8      6.891087214176      7.014824095544      6.914534913669
    8      2.348275602800      2.464884106759      7.023446388621
    0    0
