   3   1   1 E -1.6031099776438E+04 DE 8.2E-10( 10)
  0.371129794264E-02  0.699253184250E+01  0.699372894745E+01
  0.703594787271E+01 -0.828918864032E-02  0.699718300627E+01
  0.704769531595E+01  0.700206780246E+01 -0.140364193494E-01
    1
  0.100000000000E+01  0.000000000000E+00  0.000000000000E+00
  0.000000000000E+00  0.100000000000E+01  0.000000000000E+00
  0.000000000000E+00  0.000000000000E+00  0.100000000000E+01
  0.000000000000E+00  0.000000000000E+00  0.000000000000E+00
   54
   20     -0.050569722580      0.003213983123     -0.027847676785
   20      2.350468446749      2.350169163815     -0.028552050625
   20     -2.328026710148     -2.341253323146      0.000750165889
   20      2.362655478837     -0.020792252602      2.347426505920
   20      4.729725899677      2.320573586277      2.315950510380
   20     -0.001596302171     -2.337954845462      2.370039095777
   20     -2.349757280393     -0.025155890995     -2.337263622371
   20     -0.005127671345      2.379991613656     -2.340793655793
   12     -4.723945988009     -2.351149398283     -2.283311272240
   20     -0.030805592911      2.363908506777      2.327172700920
   20      2.341904064385      4.715814489125      2.340938811833
   12     -2.314819834037     -0.014373533325      2.303114990855
   20      2.334699809259      2.366866626717      4.686441214844
   12      4.660142222311      4.725238810385      4.695890531969
   20     -0.039377736637     -0.042072797064      4.730219028513
   12     -2.291150890452      2.321702383912      0.012493547213
   12     -0.046742380495      4.671681435348     -0.046451007565
   20     -4.754594683676      0.000759085408      0.002279268348
   12     -0.009396169232     -2.327986578730     -2.302137900590
   20      2.359012780437     -0.032406283028     -2.363802597243
   20     -2.333150987798     -4.688588309179     -2.320441271504
   20      2.377027640609     -2.361317344505     -0.014296715588
   12      4.831806438049      0.009167884276      0.028499160467
   12     -0.063783053725     -4.632779458067      0.002344154533
   20     -2.320949061904     -2.324352441120     -4.713873753788
   12     -0.070692688890     -0.048808012282     -4.734409184107
   20     -4.689799030243     -4.697224679014     -4.683968743982
    8     -0.032275267162     -0.087204159911     -2.405405120539
    8      2.359366117831      2.429326934551     -2.345217939624
    8     -2.342091962802     -2.350658816819     -2.340394618320
    8      2.373405009919      0.000039215556     -0.030291658375
    8      4.807976742233      2.254555974229     -0.004611511128
    8     -0.012005465565     -2.405449906672     -0.060540214037
    8      4.777969348266     -0.011717122775      2.248575225571
    8      7.028934089708      2.258145134801      2.248628744498
    8      2.325560125549     -2.339074704159      2.356796781152
    8     -0.080679334526      2.423894768041     -0.002921386746
    8      2.350928727790      4.663015709605     -0.046911411636
    8     -2.370738510347      0.065713963974      0.062749218665
    8      2.350798717774      2.338080356001      2.328562917833
    8      4.718051250808      4.778136975080      2.416873786383
    8     -0.088747770349      0.006424849358      2.330586970863
    8      4.698539127469      2.419923126834      4.739335957257
    8      7.126755410694      4.666517643005      4.781682307686
    8      2.333105800033     -0.081227233201      4.680054907969
    8      0.001673577843      4.771482335371      2.322282781547
    8      2.369856376352      6.999474214440      2.319505365447
    8     -2.344335064560      2.252239037645      2.232166489880
    8      2.355079283571      4.661657307628      4.675614644080
    8      4.705051267865      6.866956097821      4.685798309468
    8     -0.000309802322      2.437840520559      4.768312880377
    8      4.814567897952      4.660185050586      6.885143476504
    8      6.921001776266      6.957326987791      7.093838443796
    8      2.322500723755      2.319920372095      6.989314320835
    0    0
