   3   1   1 E -1.6031095958316E+04 DE-1.8E-09( 10)
  0.126075343942E-02  0.699295049286E+01  0.700341170797E+01
  0.703651407126E+01 -0.591308812754E-02  0.700343963517E+01
  0.704612434727E+01  0.699729132247E+01 -0.996264325689E-02
    1
  0.100000000000E+01  0.000000000000E+00  0.000000000000E+00
  0.000000000000E+00  0.100000000000E+01  0.000000000000E+00
  0.000000000000E+00  0.000000000000E+00  0.100000000000E+01
  0.000000000000E+00  0.000000000000E+00  0.000000000000E+00
   54
   20     -0.016110464709     -0.002830262007     -0.029039644311
   20      2.363003352815      2.333092971183     -0.052359030782
   20     -2.384956545643     -2.324465999451     -0.039886354510
   20      2.386575073426     -0.046002945395      2.374564841549
   20      4.694031893325      2.310727510117      2.307937162697
   20      0.036233746496     -2.335049842505      2.367490978178
   20     -2.401428387347     -0.003632768355     -2.369053214649
   12      0.001551416038      2.374389262331     -2.342481735738
   12     -4.639412217143     -2.445838230562     -2.378101326563
   20     -0.033086414917      2.325693091171      2.346027714542
   20      2.379573732704      4.682694247344      2.319898320918
   12     -2.389719660631     -0.003016686985      2.312654582930
   12      2.346690316542      2.380240825392      4.779803113067
   20      4.674532455159      4.683846254478      4.697179752784
   20      0.001273485882      0.020146993524      4.698188488040
   20     -2.386071916267      2.347876925758      0.036246300397
   20     -0.005255994413      4.694480429371     -0.024052793924
   12     -4.636413674766      0.002178588102     -0.061431264903
   20     -0.009204063778     -2.385097402791     -2.335066307128
   20      2.370039988766      0.033933636572     -2.300129919911
   12     -2.345183826720     -4.712439850029     -2.392804082463
   12      2.397375492931     -2.260457202157     -0.011394109553
   12      4.613251358392     -0.059101839361      0.034081465046
   20      0.034049545909     -4.686650343652     -0.013888658739
   12     -2.418025328366     -2.323988208057     -4.671897867933
   20     -0.005575699780      0.001100307071     -4.681750807101
   20     -4.627765950293     -4.642931678138     -4.655370434344
    8     -0.011057877013      0.043511650398     -2.350587323897
    8      2.368077364455      2.446279913320     -2.344972196428
    8     -2.445193568762     -2.446784760069     -2.422870323408
    8      2.401815275961     -0.079025663796     -0.005223687972
    8      4.695523336757      2.250757734249     -0.093293755739
    8      0.052965797701     -2.329347628235     -0.008345861546
    8      4.692724799420     -0.089002179091      2.269066432954
    8      7.065309991769      2.331921507596      2.381394827490
    8      2.455461445233     -2.339654154118      2.389436624270
    8     -0.020553767975      2.343395976074     -0.062023433500
    8      2.345019606112      4.753807273318     -0.103455938859
    8     -2.443240847250      0.001934272799      0.009152214743
    8      2.357731120956      2.321977973966      2.352044141803
    8      4.702130722069      4.731335469251      2.345505541747
    8     -0.051767494963     -0.009712410435      2.366895653748
    8      4.671905144357      2.343155918811      4.689573974529
    8      7.114710958739      4.571771651984      4.682083812686
    8      2.341720075382      0.022721041655      4.764594669045
    8     -0.045960409778      4.661470569641      2.331154009777
    8      2.433314763728      7.002090377166      2.307116654020
    8     -2.337873389514      2.322683130979      2.439210934206
    8      2.369420352195      4.584180320168      4.753193745932
    8      4.692880972984      7.112441669462      4.701749048006
    8      0.012681324753      2.323929939414      4.680218599486
    8      4.551597050549      4.789949676606      7.096361323555
    8      7.047199837245      6.990710161535      6.976902918310
    8      2.361031975097      2.314082056795      6.925751376918
    0    0
