   3   1   1 E -1.6031037747065E+04 DE-1.6E-10(  2)
 -0.852372297436E-02  0.703382131056E+01  0.702626205537E+01
  0.702334500055E+01  0.372017275398E-02  0.702269434748E+01
  0.702547019621E+01  0.703612302226E+01 -0.145907094010E-02
    1
  0.100000000000E+01  0.000000000000E+00  0.000000000000E+00
  0.000000000000E+00  0.100000000000E+01  0.000000000000E+00
  0.000000000000E+00  0.000000000000E+00  0.100000000000E+01
  0.000000000000E+00  0.000000000000E+00  0.000000000000E+00
   54
   20      0.000000000000      0.000000000000      0.000000000000
   20      2.341823398736      2.345374340754     -0.000486356980
   20     -2.341823398736     -2.345374340754      0.000486356980
   20      2.341115000185      0.001240057585      2.340898115827
   20      4.682938398921      2.346614398339      2.340411758847
   20     -0.000708398551     -2.344134283169      2.341384472807
   20     -2.341115000185     -0.001240057585     -2.340898115827
   12      0.000708398551      2.344134283169     -2.341384472807
   12     -4.682938398921     -2.346614398339     -2.340411758847
   20     -0.002841240991      2.344607103521      2.342087351791
   20      2.338982157745      4.689981444275      2.341600994811
   12     -2.344664639727     -0.000767237233      2.342573708771
   12      2.338273759193      2.345847161106      4.682985467618
   20      4.680097157929      4.691221501860      4.682499110638
   12     -0.003549639543      0.000472820352      4.683471824598
   20     -2.343956241176      2.343367045937      0.001189235964
   12     -0.002132842440      4.688741386691      0.000702878984
   20     -4.685779639912     -0.002007294817      0.001675592944
   20      0.002841240991     -2.344607103521     -2.342087351791
   12      2.344664639727      0.000767237233     -2.342573708771
   20     -2.338982157745     -4.689981444275     -2.341600994811
   20      2.343956241176     -2.343367045937     -0.001189235964
   20      4.685779639912      0.002007294817     -0.001675592944
   12      0.002132842440     -4.688741386691     -0.000702878984
   12     -2.338273759193     -2.345847161106     -4.682985467618
   20      0.003549639543     -0.000472820352     -4.683471824598
   20     -4.680097157929     -4.691221501860     -4.682499110638
    8      0.001774819771     -0.000236410176     -2.341735912299
    8      2.343598218508      2.345137930579     -2.342222269279
    8     -2.340048578965     -2.345610750930     -2.341249555319
    8      2.342889819956      0.001003647409     -0.000837796472
    8      4.684713218692      2.346377988163     -0.001324153452
    8      0.001066421220     -2.344370693345     -0.000351439492
    8      4.684004820140      0.002243704993      2.340060319354
    8      7.025828218876      2.347618045746      2.339573962374
    8      2.342181421403     -2.343130635761      2.340546676333
    8     -0.001066421220      2.344370693345      0.000351439492
    8      2.340756977516      4.689745034099     -0.000134917488
    8     -2.342889819956     -0.001003647409      0.000837796472
    8      2.340048578965      2.345610750930      2.341249555319
    8      4.681871977700      4.690985091683      2.340763198339
    8     -0.001774819771      0.000236410176      2.341735912299
    8      4.681163579149      2.346850808515      4.682147671145
    8      7.022986977884      4.692225149268      4.681661314166
    8      2.339340180412      0.001476467761      4.682634028125
    8     -0.003907662212      4.688977796864      2.342438791281
    8      2.337915736525      7.034352137618      2.341952434301
    8     -2.345731060948      2.343603456111      2.342925148261
    8      2.337207337973      4.690217854449      4.683336907108
    8      4.679030736709      7.035592195202      4.682850550128
    8     -0.004616060763      2.344843513696      4.683823264089
    8      4.678322338158      4.691457912035      7.024235022935
    8      7.020145736893      7.036832252787      7.023748665955
    8      2.336498939421      2.346083571282      7.024721379915
    0    0
