   3   1   1 E -1.6031031487570E+04 DE 1.6E-09(  2)
  0.256257761347E-02  0.702728420545E+01  0.702904558704E+01
  0.703101894177E+01 -0.362310419991E-02  0.702921440755E+01
  0.703640846792E+01  0.702545615780E+01 -0.172985953480E-02
    1
  0.100000000000E+01  0.000000000000E+00  0.000000000000E+00
  0.000000000000E+00  0.100000000000E+01  0.000000000000E+00
  0.000000000000E+00  0.000000000000E+00  0.100000000000E+01
  0.000000000000E+00  0.000000000000E+00  0.000000000000E+00
   54
   20      0.000000000000      0.000000000000      0.000000000000
   20      2.345469489306      2.341818719265     -0.000576619845
   20     -2.345469489306     -2.341818719265      0.000576619845
   20      2.343672980591     -0.001207701400      2.343071469184
   20      4.689142469897      2.340611017865      2.342494849339
   20     -0.001796508715     -2.343026420665      2.343648089029
   20     -2.343672980591      0.001207701400     -2.343071469184
   20      0.001796508715      2.343026420665     -2.343648089029
   12     -4.689142469897     -2.340611017865     -2.342494849339
   20      0.000854192538      2.342428068482      2.343015195681
   20      2.346323681844      4.684246787747      2.342438575836
   20     -2.344615296768      0.000609349216      2.343591815526
   20      2.344527173129      2.341220367082      4.686086664865
   12      4.689996662435      4.683039086347      4.685510045020
   12     -0.000942316177     -0.000598352183      4.686663284710
   20     -2.342818788053      2.343635769882     -0.000056273503
   12      0.002650701253      4.685454489147     -0.000632893348
   12     -4.688288277359      0.001817050616      0.000520346342
   12     -0.000854192538     -2.342428068482     -2.343015195681
   20      2.344615296768     -0.000609349216     -2.343591815526
   12     -2.346323681844     -4.684246787747     -2.342438575836
   20      2.342818788053     -2.343635769882      0.000056273503
   20      4.688288277359     -0.001817050616     -0.000520346342
   20     -0.002650701253     -4.685454489147      0.000632893348
   12     -2.344527173129     -2.341220367082     -4.686086664865
   12      0.000942316177      0.000598352183     -4.686663284710
   20     -4.689996662435     -4.683039086347     -4.685510045020
    8      0.000471158089      0.000299176092     -2.343331642355
    8      2.345940647396      2.342117895358     -2.343908262200
    8     -2.344998331217     -2.341519543174     -2.342755022510
    8      2.344144138680     -0.000908525308     -0.000260173171
    8      4.689613627987      2.340910193958     -0.000836793016
    8     -0.001325350627     -2.342727244574      0.000316446674
    8      4.687817119270     -0.002116226708      2.342811296012
    8      7.033286608576      2.339702492557      2.342234676167
    8      2.342347629964     -2.343934945973      2.343387915858
    8      0.001325350627      2.342727244574     -0.000316446674
    8      2.346794839935      4.684545963841     -0.000893066519
    8     -2.344144138680      0.000908525308      0.000260173171
    8      2.344998331217      2.341519543174      2.342755022510
    8      4.690467820526      4.683338262441      2.342178402665
    8     -0.000471158089     -0.000299176092      2.343331642355
    8      4.688671311806      2.340311841774      4.685826491692
    8      7.034140801114      4.682130561041      4.685249871846
    8      2.343201822500     -0.001506877492      4.686403111537
    8      0.002179543164      4.685155313056      2.342698749008
    8      2.347649032474      7.026974032325      2.342122129163
    8     -2.343289946142      2.343336593790      2.343275368852
    8      2.345852523755      4.683947611656      4.685770218192
    8      4.691322013065      7.025766330925      4.685193598347
    8      0.000383034449      2.342128892390      4.686346838036
    8      4.689525504343      4.682739910256      7.028841687373
    8      7.034994993652      7.024558629525      7.028265067528
    8      2.344056015037      2.340921190990      7.029418307217
    0    0
