   3   1   1 E -1.6031072067354E+04 DE 2.7E-10( 11)
  0.614463424084E-01  0.697507737130E+01  0.697234486494E+01
  0.700749863717E+01  0.662405987476E-02  0.701784646103E+01
  0.701161441504E+01  0.702020392064E+01  0.780119747504E-02
    1
  0.100000000000E+01  0.000000000000E+00  0.000000000000E+00
  0.000000000000E+00  0.100000000000E+01  0.000000000000E+00
  0.000000000000E+00  0.000000000000E+00  0.100000000000E+01
  0.000000000000E+00  0.000000000000E+00  0.000000000000E+00
   54
   20      0.037387511967     -0.044827673971     -0.037711653722
   20      2.336898907904      2.336196858889     -0.034783392833
   20     -2.361750520541     -2.331811334384     -0.036490652044
   20      2.373967265229     -0.054557316479      2.330226139198
   20      4.686859874225      2.324524396548      2.331141360629
   20      0.016093922270     -2.345980260960      2.336057156947
   20     -2.313590257656     -0.059287194814     -2.366479099804
   20      0.013587478670      2.334573210608     -2.360245993096
   12     -4.660156103807     -2.293474142009     -2.289671250998
   20     -0.001992563882      2.339891169246      2.349585229651
   20      2.322857687925      4.706596872241      2.351043513987
   20     -2.362749308973     -0.029319698989      2.339130850305
   20      2.358245342666      2.334172839770      4.685675409353
   12      4.533484284737      4.688361649384      4.807907882346
   20      0.006950442135     -0.042093526076      4.698901551668
   20     -2.344016544165      2.340082229258     -0.022400850743
   20     -0.024263294581      4.706968257716      0.001382669973
   12     -4.723869496777     -0.005378667790      0.019948156071
   12     -0.001294185957     -2.282019941509     -2.341225959915
   12      2.540790578005     -0.001095956667     -2.237189477502
   20     -2.390822572510     -4.657155105887     -2.316606231330
   12      2.405564754488     -2.298809171050     -0.095595140383
   12      4.683089371316      0.032224179430     -0.020345134457
   20     -0.006802508076     -4.669311559749      0.004353776049
   12     -2.365996783321     -2.278520804382     -4.643344644943
   12      0.017401185492      0.020199801031     -4.605280259394
   20     -4.693794768297     -4.661098513136     -4.665278503394
    8      0.078548591611     -0.074470479763     -2.396565056528
    8      2.321986797388      2.356472889868     -2.327039028776
    8     -2.371676282160     -2.346361059847     -2.404546738275
    8      2.412089945668     -0.065637201401     -0.055994438491
    8      4.651582169229      2.331600755817     -0.007370665696
    8      0.023472509206     -2.345345530895     -0.048881877625
    8      4.732727640768     -0.074208295298      2.288507328818
    8      7.009852896236      2.331697300112      2.342240892235
    8      2.398622599555     -2.343660874157      2.337188017125
    8      0.002198338432      2.332535274039     -0.022971263534
    8      2.310471947000      4.714732222862     -0.017241790366
    8     -2.350680553892     -0.028927078899     -0.029536717311
    8      2.344505592596      2.329493659971      2.336040548432
    8      4.660564347866      4.677210725844      2.339548516943
    8      0.010701518102     -0.035687191332      2.336901474882
    8      4.687728933864      2.343035833145      4.659565909649
    8      7.013622198003      4.679401591317      4.689694395777
    8      2.360499164291     -0.066545948496      4.696429964914
    8     -0.051261761287      4.722065409232      2.365046553910
    8      2.301501486356      7.011579718813      2.302405774614
    8     -2.328753385376      2.338200179519      2.333680889539
    8      2.391272082104      4.721611275968      4.717051525843
    8      4.615236068661      6.972639217260      4.737665151504
    8      0.022807139437      2.336662445066      4.665804576338
    8      4.602093640310      4.749579628872      6.952427932087
    8      7.055772671915      7.008395697273      7.036209418182
    8      2.374951281455      2.323453322010      6.981999609659
    0    0
