   3   1   1 E -1.6031099740669E+04 DE 9.8E-11( 11)
 -0.827006283615E-02  0.699543930516E+01  0.703479931802E+01
  0.698928966647E+01 -0.210866316539E-01  0.704054564689E+01
  0.697782352520E+01  0.698421049070E+01 -0.388934473541E-02
    1
  0.100000000000E+01  0.000000000000E+00  0.000000000000E+00
  0.000000000000E+00  0.100000000000E+01  0.000000000000E+00
  0.000000000000E+00  0.000000000000E+00  0.100000000000E+01
  0.000000000000E+00  0.000000000000E+00  0.000000000000E+00
   54
   20      0.013444052758      0.008593977099      0.020970233319
   20      2.314568434043      2.356836356510     -0.020271985860
   20     -2.331571586279     -2.362878755139     -0.030682522630
   20      2.334859851451     -0.042474189453      2.353584054031
   20      4.708147005576      2.320378128110      2.343019687146
   20      0.035745538797     -2.402421884271      2.354691966437
   20     -2.315058131493     -0.003608003478     -2.354269088430
   12     -0.012620869395      2.328269558159     -2.446496395861
   12     -4.669315540022     -2.459294346189     -2.437649794218
   12      0.016446815601      2.338072462615      2.340138170189
   12      2.237035998219      4.656027997674      2.317622713536
   20     -2.372318013080      0.035614686893      2.387036813148
   20      2.295912068405      2.359762344439      4.685732534948
   20      4.637464231421      4.649431180451      4.686410305133
   20     -0.001126756077      0.022812164886      4.699632328153
   20     -2.340588715671      2.346432534905      0.028881539246
   20      0.028436324714      4.647092702756      0.041000318843
   20     -4.676367876756      0.008368535449      0.036283349884
   20      0.021150488876     -2.364991437635     -2.387371413716
   20      2.316869642195      0.031469265689     -2.370044209055
   12     -2.330009709937     -4.633748715941     -2.379456237133
   12      2.282286178691     -2.398703198182      0.046448851823
   20      4.688618690039      0.005209863813      0.004232437102
   12      0.038952103681     -4.658427968353      0.000417479730
   20     -2.328216932157     -2.377524804592     -4.663975372571
   12      0.102123592252      0.179156026134     -4.671416523087
   12     -4.758162314429     -4.542296633048     -4.645000658190
    8      0.003522882024      0.116389762464     -2.413267564864
    8      2.298666939162      2.432059547015     -2.439131068215
    8     -2.389366523748     -2.439817116653     -2.371303267049
    8      2.337228584475     -0.061127085553      0.012593625705
    8      4.766211017392      2.326935840792     -0.076486126258
    8      0.114437170483     -2.423313501321      0.009573409989
    8      4.758723057032     -0.020706359153      2.361964375369
    8      7.071020933077      2.243790226960      2.383011351893
    8      2.315758733956     -2.435131267100      2.382506993406
    8     -0.006615348666      2.318858398139      0.031362768610
    8      2.341115237640      4.659488558908      0.021589764834
    8     -2.333282921791     -0.000057699330     -0.000943903923
    8      2.251317180203      2.396534581126      2.326012464953
    8      4.581390787667      4.648259675857      2.338972098996
    8      0.002489364990      0.053084233295      2.354925470842
    8      4.722394685207      2.323408796134      4.703725395360
    8      7.071204846510      4.550554090270      4.690743529939
    8      2.335924544550     -0.073564845312      4.687853862996
    8      0.124928561026      4.592020920896      2.339391426116
    8      2.196574712519      6.973136361074      2.347504342719
    8     -2.311624823508      2.319035854180      2.378359554017
    8      2.329113356141      4.663016933357      4.682715931039
    8      4.637791814573      7.093693499173      4.705021801866
    8     -0.102347386717      2.317942272776      4.674995524269
    8      4.553202318519      4.646855126779      7.034586815197
    8      6.989930577072      7.106924769177      7.091923732657
    8      2.218379208569      2.438104815680      7.123879398440
    0    0
