   3   1   1 E -1.6031083785565E+04 DE 7.2E-10( 11)
  0.272030766962E-01  0.700059784932E+01  0.702180328531E+01
  0.697274673480E+01  0.133285870477E-01  0.702860001550E+01
  0.698598976174E+01  0.701511222351E+01  0.581857730747E-02
    1
  0.100000000000E+01  0.000000000000E+00  0.000000000000E+00
  0.000000000000E+00  0.100000000000E+01  0.000000000000E+00
  0.000000000000E+00  0.000000000000E+00  0.100000000000E+01
  0.000000000000E+00  0.000000000000E+00  0.000000000000E+00
   54
   20      0.030832353980      0.017411656268      0.005881957581
   20      2.307072323257      2.387470989762     -0.022988101370
   20     -2.313750394745     -2.375893950209     -0.018947138231
   20      2.324036331653     -0.006582395469      2.356152124010
   20      4.707616079377      2.332384106855      2.356596800262
   20      0.075174120180     -2.402313347058      2.352472979472
   20     -2.315187485931     -0.002924436069     -2.344999895740
   12      0.030077268485      2.295433637959     -2.453388843409
   12     -4.676010392304     -2.467491266322     -2.433998888531
   12      0.042610266825      2.343077611766      2.392861311256
   12      2.268462568085      4.653252963602      2.360909104484
   20     -2.336723727755      0.021496037943      2.366747331634
   20      2.276990520159      2.378110069894      4.680707840993
   20      4.662526842715      4.663550162924      4.681718944655
   20      0.011105485533      0.022198307791      4.687207374066
   20     -2.328139795719      2.358146564137      0.036447542865
   20      0.062243909406      4.649351657935      0.033200187892
   20     -4.686181582239      0.003135116279      0.035020450491
   20      0.017143305795     -2.362859783572     -2.376371494560
   20      2.298736198956      0.053660558313     -2.383588531694
   12     -2.312033923883     -4.663609719352     -2.321532858087
   12      2.260005322003     -2.391947120937      0.012981632863
   20      4.671323689861      0.030163478894      0.008359994492
   12     -0.001119934017     -4.701125378339     -0.021425434186
   20     -2.335534817650     -2.379837728671     -4.646621586744
   12     -0.062490250608      0.052206350808     -4.726741327608
   12     -4.774558236889     -4.611827604894     -4.676073182175
    8      0.009532303241      0.064799391933     -2.396955262091
    8      2.284079656873      2.490096744959     -2.476338455637
    8     -2.359613943438     -2.404973237911     -2.361718128696
    8      2.328633001156     -0.004792695720     -0.005576724867
    8      4.721313177548      2.346399385536     -0.039852661974
    8      0.089380434431     -2.405635781374     -0.008717552598
    8      4.696461755855      0.003349148652      2.365739068563
    8      7.126257242626      2.231619029474      2.380109580618
    8      2.304706946963     -2.398894816171      2.383127627572
    8      0.018497407921      2.353673410460      0.019896889425
    8      2.336420737312      4.672752017539      0.027203923281
    8     -2.327229787038      0.004398663377      0.008829738135
    8      2.266058901131      2.388393220519      2.330159879163
    8      4.647654909366      4.651866613306      2.344062028995
    8      0.025365723202      0.028800807408      2.351702319263
    8      4.688861508139      2.355516874706      4.700487147155
    8      7.071944764137      4.615507623316      4.684718738847
    8      2.315945389555     -0.023213817882      4.686485373257
    8      0.126042140798      4.647916447967      2.349342842165
    8      2.236100404500      7.009980611233      2.349507996667
    8     -2.320605986875      2.323721819935      2.370940197669
    8      2.323584930981      4.678292144855      4.673845521888
    8      4.668850146844      7.073656949375      4.679424465663
    8     -0.081378262956      2.340322319487      4.667706883234
    8      4.620697090526      4.669783838996      7.041079272778
    8      7.006584613941      7.083060019382      7.076017285520
    8      2.208356828261      2.439640695850      7.111182162853
    0    0
