   3   1   1 E -1.6031092612340E+04 DE 1.5E-08(  8)
 -0.613300904824E-02  0.699832306373E+01  0.702341934374E+01
  0.701056652705E+01 -0.399302967953E-02  0.702719454487E+01
  0.700192865126E+01  0.700054832216E+01 -0.255463728887E-02
    1
  0.100000000000E+01  0.000000000000E+00  0.000000000000E+00
  0.000000000000E+00  0.100000000000E+01  0.000000000000E+00
  0.000000000000E+00  0.000000000000E+00  0.100000000000E+01
  0.000000000000E+00  0.000000000000E+00  0.000000000000E+00
   54
   20      0.015553691243     -0.033271541868     -0.025267137693
   20      2.346876786111      2.371916838527     -0.027174202631
   20     -2.354373681906     -2.333102162492     -0.041040259552
   20      2.331407644887     -0.058386585513      2.369407201425
   20      4.668937905212      2.346458496487      2.363744876276
   20      0.033502276892     -2.314009961358      2.412588755007
   20     -2.360899039542     -0.063831771108     -2.370390777862
   20     -0.004794578251      2.393533722751     -2.306815193661
   12     -4.647797229122     -2.318794332992     -2.310900244449
   20     -0.039986373992      2.385062769615      2.358338540759
   20      2.303825844147      4.692479951890      2.320281913680
   20     -2.334641436920      0.008488431965      2.391494653217
   20      2.291602746346      2.347407474861      4.720753239535
   12      4.634942207558      4.636868362629      4.750695237238
   12      0.059145892865     -0.068672622055      4.749737427942
   20     -2.364119507809      2.401465566976      0.005077660043
   12     -0.033386030394      4.687347216594     -0.122133698409
   12     -4.694481301824     -0.060450345741     -0.074283084749
   12     -0.034609571514     -2.333670960171     -2.316553616188
   20      2.371819867551     -0.029399772426     -2.319102371768
   12     -2.213054866282     -4.601960088570     -2.373485774434
   12      2.373810119993     -2.308393724090     -0.109310869526
   20      4.701882024944     -0.069470075982     -0.025635494083
   20      0.022058799725     -4.666083856651     -0.062753759589
   12     -2.350518250786     -2.350268263461     -4.593802951606
   20     -0.000892669567     -0.054158644405     -4.692837112515
   20     -4.632346375650     -4.617383114382     -4.680167905817
    8     -0.004227629569     -0.082317759001     -2.352675110114
    8      2.401099166447      2.419012911922     -2.329276881831
    8     -2.317473419914     -2.427641431541     -2.401920671815
    8      2.343873671741     -0.082667673304     -0.007958757190
    8      4.673564379738      2.334903015266     -0.070677889392
    8      0.074368541239     -2.332131234571     -0.030198273594
    8      4.669328636282     -0.093440333277      2.351549810229
    8      7.005459576169      2.344320804679      2.356266714088
    8      2.453204456274     -2.328119784256      2.420805593338
    8      0.000511186451      2.421602080542     -0.004705177597
    8      2.233609371221      4.751643371393     -0.075286152855
    8     -2.397678796720     -0.009485647025     -0.028538769708
    8      2.329843134395      2.345796828329      2.347879199137
    8      4.673587072608      4.671229475475      2.377704991279
    8      0.011974431437     -0.000744277438      2.389254281233
    8      4.656599220791      2.400068901801      4.700835088835
    8      6.999978488914      4.759424611050      4.764959967043
    8      2.243942886665     -0.120903774103      4.784731027343
    8     -0.109495412042      4.671345897933      2.323077924400
    8      2.327745540572      6.999077408383      2.329031416240
    8     -2.339185464213      2.422751057726      2.412144145774
    8      2.341866370961      4.662323469881      4.715821974661
    8      4.760254727551      6.963421908290      4.699887932439
    8     -0.104491079308      2.372475558111      4.673326574133
    8      4.583379033343      4.667148091657      6.942939704709
    8      7.099854732940      6.890641655325      6.923957121142
    8      2.327672043765      2.367496460703      7.012865798424
    0    0
