   3   1   1 E -1.6031051400928E+04 DE 5.7E-08(  8)
 -0.496953818692E-03  0.700309909264E+01  0.700054569526E+01
  0.701937086878E+01 -0.487175201139E-02  0.701083506063E+01
  0.701709983221E+01  0.701819020162E+01 -0.982334356215E-02
    1
  0.100000000000E+01  0.000000000000E+00  0.000000000000E+00
  0.000000000000E+00  0.100000000000E+01  0.000000000000E+00
  0.000000000000E+00  0.000000000000E+00  0.100000000000E+01
  0.000000000000E+00  0.000000000000E+00  0.000000000000E+00
   54
   20      0.000479788942     -0.009474559245     -0.006044850467
   20      2.338464810734      2.341760591958     -0.014059203946
   20     -2.348969581460     -2.344551800167     -0.014201641185
   20      2.338467163263     -0.012876066663      2.341526346813
   20      4.678160529991      2.340991665161      2.335727497949
   20      0.006636213671     -2.333825313471      2.354496404751
   20     -2.345154464990     -0.014713026282     -2.347353300715
   20     -0.001399353316      2.351431573485     -2.324161183789
   12     -4.645146306590     -2.315062538355     -2.300932401963
   20     -0.009211150818      2.340567442292      2.335878906733
   20      2.329409520625      4.676262414534      2.323949273126
   20     -2.338148792130     -0.005911386862      2.343497433493
   20      2.331844293871      2.336244315129      4.677132144531
   12      4.725845742840      4.668859935314      4.685122955034
   12      0.050253088096      0.003780427436      4.756716957461
   20     -2.341729939819      2.345512445925     -0.004970321889
   12      0.026998130396      4.670849698526     -0.073510044123
   12     -4.788814450933     -0.016942101321     -0.056102374649
   12     -0.062112783146     -2.333613697609     -2.318357628669
   20      2.345044085082     -0.002672036914     -2.329149230061
   12     -2.308146588403     -4.653982952880     -2.331757183696
   12      2.345262505706     -2.318983217437     -0.017533198457
   20      4.686166564089     -0.007655207297     -0.008182831794
   20      0.006515705357     -4.675226014615     -0.007306490422
   12     -2.334136912311     -2.322882850821     -4.642995235652
   20      0.002175810280     -0.004582072659     -4.676638496043
   20     -4.669613942282     -4.661387917473     -4.661048922709
    8      0.001238864092     -0.010669201702     -2.341868403228
    8      2.350786979675      2.353166918902     -2.332200679420
    8     -2.347033414695     -2.370227860491     -2.362931392316
    8      2.340887515870     -0.011668905602     -0.001139383106
    8      4.679991140864      2.339277892349     -0.019476393307
    8      0.008615034774     -2.340031147379     -0.005411277217
    8      4.680151596343     -0.014293025245      2.334404121756
    8      7.021674081698      2.344664923214      2.338257988812
    8      2.358759547963     -2.336184219432      2.354190251262
    8     -0.003482905438      2.345680572997     -0.003941456281
    8      2.306177371351      4.674708439734     -0.034348511172
    8     -2.349166347492     -0.007887955508     -0.009565152175
    8      2.335018341420      2.338144476768      2.332996404068
    8      4.674784710252      4.678609827049      2.333763924501
    8     -0.000526644288     -0.005346312421      2.345388209510
    8      4.674967640287      2.343681393474      4.678769743746
    8      7.025849604944      4.694400578405      4.707005891210
    8      2.322568045502     -0.023909010234      4.687474555121
    8     -0.020642567291      4.672534440970      2.325708437132
    8      2.339696058208      7.009002397668      2.327194701354
    8     -2.339521238757      2.345431658811      2.349737159496
    8      2.342286120745      4.672293970614      4.675272065810
    8      4.698109986073      7.008074124680      4.666738081677
    8     -0.016507720089      2.332006549078      4.670601026565
    8      4.677266966340      4.667595791274      6.997682174571
    8      7.039156282244      6.994535671535      6.970267853883
    8      2.341637124926      2.338369200926      7.002695033564
    0    0
