   3   1   1 E -1.6031106476048E+04 DE 9.5E-09(  8)
 -0.844232875120E-02  0.697679217074E+01  0.699686190307E+01
  0.702219828782E+01 -0.277543667940E-01  0.700811569932E+01
  0.700071812956E+01  0.695933267230E+01  0.110851195352E-02
    1
  0.100000000000E+01  0.000000000000E+00  0.000000000000E+00
  0.000000000000E+00  0.100000000000E+01  0.000000000000E+00
  0.000000000000E+00  0.000000000000E+00  0.100000000000E+01
  0.000000000000E+00  0.000000000000E+00  0.000000000000E+00
   54
   20     -0.007035156293      0.023441095305      0.006577775817
   20      2.326900788385      2.318848529440     -0.022914672606
   20     -2.343068340533     -2.317453570029      0.010859104702
   20      2.359333413197     -0.037331501924      2.347037243274
   20      4.713328292300      2.286872738799      2.328551040357
   20      0.033229287665     -2.351452000257      2.340843269764
   20     -2.346869861096      0.010971578678     -2.311409930156
   20      0.003986585687      2.315936549814     -2.351941370038
   20     -4.679475744714     -2.306627930669     -2.322441565485
   20     -0.031548887887      2.358106716777      2.331850766826
   20      2.295044209918      4.727044194289      2.327795683919
   20     -2.385598413202      0.053003932647      2.338505902627
   20      2.325058063252      2.290717042326      4.753401740084
   20      4.683917811782      4.670801687618      4.694675640712
   12      0.089184414375     -0.003902053106      4.740197667552
   12     -2.356579254927      2.382524646569      0.037558440532
   12      0.060691240555      4.687351718520      0.023410147975
   12     -4.807377667178      0.075803668857     -0.024651154869
   20      0.005926122269     -2.312913802163     -2.357138500901
   12      2.250648093667      0.015003879872     -2.397120307599
   20     -2.334362283405     -4.683601359403     -2.380410122407
   20      2.372463819497     -2.390607635755      0.021466561634
   20      4.746406042684     -0.053859912250     -0.008225696446
   12      0.009851446877     -4.718738943507     -0.003978278499
   12     -2.320536691187     -2.345574475820     -4.711234093311
   12      0.025631146510     -0.006546179561     -4.743567193409
   12     -4.724242835369     -4.696493664693     -4.755486759663
    8      0.088912628077      0.009244037318     -2.387185435672
    8      2.324456670359      2.208436754423     -2.406623713607
    8     -2.324245638081     -2.326637364655     -2.344712591209
    8      2.333177595435     -0.017009973050     -0.056657875407
    8      4.768270030278      2.296961383560      0.006229272205
    8      0.014486447867     -2.398311197924      0.002290635365
    8      4.769207033612     -0.101401509325      2.317291678477
    8      7.078531783366      2.199048052344      2.220483490820
    8      2.426482200384     -2.413073947741      2.359228874637
    8     -0.066815486663      2.409642715161      0.008071119106
    8      2.251593992765      4.723856297850      0.005708832810
    8     -2.399019411452      0.103507109214      0.004074452107
    8      2.336458586250      2.326499716921      2.338109495485
    8      4.662879791924      4.649948384211      2.339492839870
    8      0.011628239513      0.011263250364      2.403855354880
    8      4.666663605498      2.320246451179      4.731038678785
    8      7.014550996405      4.729822990396      4.757987008438
    8      2.244859840326     -0.009424344788      4.750362654966
    8     -0.088813555922      4.760640699321      2.217109731467
    8      2.230145845071      7.058329865812      2.340957657594
    8     -2.407992302516      2.426761522032      2.214981732809
    8      2.332642988452      4.741634245273      4.670960839397
    8      4.664455424875      6.960491439429      4.655643560173
    8      0.013839656879      2.212878191725      4.759985132853
    8      4.751513145133      4.529603765563      7.092609112045
    8      7.098106800143      6.972059541622      7.011930121330
    8      2.304250848011      2.211324116484      7.101953514466
    0    0
