   3   1   1 E -1.6031082149380E+04 DE 1.3E-09( 11)
 -0.791666262415E-02  0.695923013149E+01  0.698335356562E+01
  0.699144140783E+01 -0.234550214269E-01  0.699273734290E+01
  0.700439309970E+01  0.697451978084E+01 -0.293454788831E-01
    1
  0.100000000000E+01  0.000000000000E+00  0.000000000000E+00
  0.000000000000E+00  0.100000000000E+01  0.000000000000E+00
  0.000000000000E+00  0.000000000000E+00  0.100000000000E+01
  0.000000000000E+00  0.000000000000E+00  0.000000000000E+00
   54
   20     -0.005658377514      0.002988482091      0.002889302529
   20      2.325900452377      2.329113619003     -0.049614332167
   20     -2.369368285627     -2.261512468908      0.021762561677
   20      2.354458287032     -0.063161299883      2.331742156423
   20      4.682665017181      2.324967042104      2.352548437657
   20      0.013348393937     -2.318649836157      2.359689501470
   20     -2.344999387740      0.002087994090     -2.317870239263
   20      0.008154945803      2.332802974545     -2.343393985336
   12     -4.647312929284     -2.249702735617     -2.313908977031
   20     -0.047013493355      2.331591912635      2.315399692426
   20      2.347070957412      4.739307607527      2.345762189538
   12     -2.354946870634     -0.055237748401      2.121181496678
   20      2.372585036878      2.338985690428      4.719064609007
   12      4.640786717956      4.605240343794      4.672546092563
   20     -0.008059494662     -0.061504599039      4.670563771596
   12     -2.414868327880      2.324655416812      0.021110794068
   20     -0.038934611497      4.659077596246     -0.018944364287
   12     -4.660157606772      0.032641919651      0.051804134059
   20      0.004890017917     -2.264701204899     -2.328737276617
   12      2.354454817772     -0.072942677385     -2.355928587639
   20     -2.367445064687     -4.654797196687     -2.354370789879
   12      2.424079063541     -2.303308326117     -0.041278743937
   20      4.634468604148     -0.090919634213     -0.030546991231
   20      0.029151554637     -4.667457190444      0.028784538482
   12     -2.318933449606     -2.301764406189     -4.625791810935
   12      0.037940354519     -0.043146341078     -4.652626557195
   20     -4.619803673938     -4.651396807207     -4.668097383236
    8      0.049424464594     -0.003064040703     -2.357301134356
    8      2.345000555711      2.326462193512     -2.363773032131
    8     -2.388769875205     -2.288973564887     -2.367007917236
    8      2.334303744801     -0.078923981442     -0.057034945455
    8      4.658941261589      2.315806740244     -0.016920784725
    8      0.029639634444     -2.304270187288      0.019142195389
    8      4.698696942422     -0.085410437945      2.326536489309
    8      7.009258195236      2.275048717773      2.323153161927
    8      2.406310690132     -2.339153803760      2.356129672486
    8     -0.036969392848      2.331870298669     -0.015402129197
    8      2.321785035486      4.740868239041     -0.044335492900
    8     -2.400179845150      0.075507625123      0.068954305633
    8      2.340250463089      2.335876311955      2.337215162059
    8      4.671541957253      4.743765588809      2.376097792715
    8     -0.030536207938     -0.021812370144      2.344431730745
    8      4.679742651990      2.371435966292      4.728946445520
    8      6.996876658943      4.636864015094      4.644104457665
    8      2.334371021873     -0.075216457934      4.712049119979
    8     -0.061821101967      4.738725575972      2.320812418273
    8      2.347694527973      6.984744430895      2.322953397452
    8     -2.336395040135      2.317025488482      2.254189677091
    8      2.403577741815      4.755968091406      4.729663497929
    8      4.568140247315      6.842648071686      4.539331226418
    8     -0.010090026654      2.316244617712      4.664851563691
    8      4.525651391930      4.499549006947      6.977083271326
    8      7.035637859320      6.917181735286      7.017411273848
    8      2.421094098137      2.304301011594      7.005333770476
    0    0
