   3   1   1 E -1.6031103094347E+04 DE-3.5E-08(  7)
 -0.341511293507E-02  0.699904253537E+01  0.703823061324E+01
  0.699613800907E+01 -0.230139878045E-01  0.705137387916E+01
  0.697108330069E+01  0.698031233660E+01  0.888976996187E-02
    1
  0.100000000000E+01  0.000000000000E+00  0.000000000000E+00
  0.000000000000E+00  0.100000000000E+01  0.000000000000E+00
  0.000000000000E+00  0.000000000000E+00  0.100000000000E+01
  0.000000000000E+00  0.000000000000E+00  0.000000000000E+00
   54
   20      0.018247547281     -0.002896923743     -0.060548905221
   20      2.305761321209      2.340131528753     -0.000988278868
   20     -2.320365616824     -2.354084007787     -0.018210110251
   20      2.311564961669     -0.017542949273      2.354027250401
   20      4.677410247060      2.307596380627      2.344852373681
   20      0.031793253129     -2.343469773222      2.367777833452
   20     -2.323657617248     -0.025624312993     -2.359730443973
   12      0.022788355896      2.376841823961     -2.344498777462
   12     -4.740548477083     -2.318816247186     -2.320811855036
   12      0.022447079786      2.328536383852      2.443999751606
   12      2.239226471356      4.651008754332      2.382627121625
   20     -2.311542759839      0.011931992985      2.356606196281
   20      2.276530604964      2.348207804918      4.702095828980
   20      4.649784634440      4.673643907614      4.725223101049
   12     -0.010126645105      0.086862641008      4.726535567949
   20     -2.312974441677      2.361612537997     -0.003099172882
   20      0.002503843913      4.671241582576     -0.008623296166
   20     -4.703776350222     -0.003754720167     -0.020355748319
   12      0.120628379221     -2.413199630308     -2.367916278677
   20      2.316171837452     -0.043954676539     -2.334320135804
   20     -2.274926629679     -4.658459882536     -2.315741228578
   12      2.315532393226     -2.303645110610     -0.048184918193
   12      4.655256864371     -0.011516744870     -0.045448960937
   12      0.017533402835     -4.686776266495     -0.083303303359
   20     -2.316469484824     -2.326662633672     -4.687181413676
   20     -0.012361138547     -0.006645552401     -4.688795958423
   20     -4.687627707286     -4.619537410780     -4.693702764150
    8     -0.005612696522     -0.018656659169     -2.361214744296
    8      2.219493531750      2.431568948830     -2.340966087176
    8     -2.308085799459     -2.332425681179     -2.337588751305
    8      2.407225951064     -0.091259526679     -0.014674813793
    8      4.765123810149      2.217035947849      0.014448289864
    8      0.114266677798     -2.430708485724     -0.087989458014
    8      4.652290934792     -0.018168377493      2.290739774821
    8      6.985134274692      2.304930906359      2.401585959574
    8      2.336335835313     -2.336336605804      2.355401824227
    8     -0.012827234153      2.333629768821     -0.034189183558
    8      2.314982491743      4.659636268794     -0.006713953789
    8     -2.332746034753      0.004322146808     -0.010379894978
    8      2.234293117720      2.429019448480      2.353507098732
    8      4.585111033877      4.642016069049      2.339477454054
    8      0.001966789228      0.120106717145      2.441320574909
    8      4.760427352652      2.324285413045      4.719893690126
    8      7.079818395723      4.612077693099      4.703792146427
    8      2.210717604836     -0.106253252478      4.702055497218
    8      0.105258072408      4.556320117116      2.435706283077
    8      2.309449655393      6.889784246704      2.347468508540
    8     -2.236667354913      2.348426668981      2.357331371251
    8      2.225668829259      4.650140731858      4.704182500418
    8      4.768691192220      6.983601878734      4.726641204049
    8      0.007476150812      2.354525868746      4.701085705205
    8      4.556435077322      4.758495945336      7.058038029120
    8      6.880291276470      7.085586944499      6.936936360148
    8      2.243804620807      2.410802340938      7.045045320752
    0    0
