   3   1   1 E -1.6031031066163E+04 DE-4.8E-10(  2)
  0.852543105214E-02  0.702843884255E+01  0.702640469357E+01
  0.703345404633E+01 -0.344965306213E-02  0.702953791616E+01
  0.703636527458E+01  0.702931169740E+01 -0.584524345254E-03
    1
  0.100000000000E+01  0.000000000000E+00  0.000000000000E+00
  0.000000000000E+00  0.100000000000E+01  0.000000000000E+00
  0.000000000000E+00  0.000000000000E+00  0.100000000000E+01
  0.000000000000E+00  0.000000000000E+00  0.000000000000E+00
   54
   20      0.000000000000      0.000000000000      0.000000000000
   20      2.345455091525      2.343103899134     -0.000194841448
   20     -2.345455091525     -2.343103899134      0.000194841448
   20      2.344484682110     -0.001149884354      2.343179305387
   20      4.689939773635      2.341954014780      2.342984463938
   20     -0.000970409416     -2.344253783488      2.343374146835
   20     -2.344484682110      0.001149884354     -2.343179305387
   20      0.000970409416      2.344253783488     -2.343374146835
   20     -4.689939773635     -2.341954014780     -2.342984463938
   20      0.002841810351      2.342812947516      2.342134897856
   20      2.348296901876      4.685916846649      2.341940056408
   20     -2.342613281175     -0.000290951618      2.342329739305
   12      2.347326492460      2.341663063162      4.685314203243
   12      4.692781583986      4.684766962295      4.685119361795
   12      0.001871400935     -0.001440835972      4.685509044692
   20     -2.341642871759      2.343962831870     -0.001044407530
   20      0.003812219766      4.687066731004     -0.001239248979
   12     -4.687097963284      0.000858932736     -0.000849566082
   12     -0.002841810351     -2.342812947516     -2.342134897856
   20      2.342613281175      0.000290951618     -2.342329739305
   12     -2.348296901876     -4.685916846649     -2.341940056408
   20      2.341642871759     -2.343962831870      0.001044407530
   20      4.687097963284     -0.000858932736      0.000849566082
   12     -0.003812219766     -4.687066731004      0.001239248979
   20     -2.347326492460     -2.341663063162     -4.685314203243
   12     -0.001871400935      0.001440835972     -4.685509044692
   12     -4.692781583986     -4.684766962295     -4.685119361795
    8     -0.000935700468      0.000720417986     -2.342754522346
    8      2.344519391059      2.343824317120     -2.342949363794
    8     -2.346390791993     -2.342383481148     -2.342559680897
    8      2.343548981642     -0.000429466368      0.000424783041
    8      4.689004073168      2.342674432766      0.000229941593
    8     -0.001906109883     -2.343533365502      0.000619624489
    8      4.688033663753     -0.001579350722      2.343604088429
    8      7.033488755280      2.341524548412      2.343409246981
    8      2.342578572227     -2.344683249856      2.343798929876
    8      0.001906109883      2.343533365502     -0.000619624489
    8      2.347361201409      4.686637264636     -0.000814465938
    8     -2.343548981642      0.000429466368     -0.000424783041
    8      2.346390791993      2.342383481148      2.342559680897
    8      4.691845883519      4.685487380282      2.342364839449
    8      0.000935700468     -0.000720417986      2.342754522346
    8      4.690875474103      2.341233596794      4.685738986284
    8      7.036330565630      4.684337495928      4.685544144837
    8      2.345420382576     -0.001870302340      4.685933827732
    8      0.004747920234      4.686346313018      2.341515273367
    8      2.350203011761      7.029450212152      2.341320431918
    8     -2.340707171291      2.343242413885      2.341710114817
    8      2.349232602344      4.685196428664      4.684694578754
    8      4.694687693871      7.028300327798      4.684499737305
    8      0.003777510818      2.342092529531      4.684889420203
    8      4.693717284453      4.684046544309      7.027873884141
    8      7.039172375981      7.027150443444      7.027679042692
    8      2.348262192927      2.340942645177      7.028068725589
    0    0
