   3   1   1 E -1.6031101571131E+04 DE-5.8E-10( 11)
  0.618746463248E-02  0.700953179197E+01  0.702477548781E+01
  0.698184746073E+01  0.341345837023E-02  0.702161579860E+01
  0.699086831432E+01  0.700844452428E+01  0.119557551140E-02
    1
  0.100000000000E+01  0.000000000000E+00  0.000000000000E+00
  0.000000000000E+00  0.100000000000E+01  0.000000000000E+00
  0.000000000000E+00  0.000000000000E+00  0.100000000000E+01
  0.000000000000E+00  0.000000000000E+00  0.000000000000E+00
   54
   20      0.008588440794     -0.001598801208      0.012300831046
   20      2.351201096022      2.339796555244     -0.051723717568
   20     -2.352090404281     -2.335330322942     -0.025077303273
   20      2.331525973374     -0.046758271053      2.350257130858
   20      4.696821044349      2.330831356138      2.363500999337
   20      0.032722027904     -2.372968733337      2.365077164526
   20     -2.331439231817      0.006887828127     -2.316209352920
   20      0.061806809649      2.335434110711     -2.345209176491
   12     -4.599524437708     -2.351075970103     -2.322219257838
   20     -0.035288399393      2.339432593369      2.336937347001
   20      2.325734722178      4.741887112375      2.348572420297
   20     -2.422563736333      0.036413415389      2.360370640774
   20      2.362267808835      2.361017277707      4.738283715516
   12      4.599388491445      4.571967570919      4.723527267248
   20     -0.029721774204     -0.023879946086      4.689406141761
   12     -2.384893828340      2.387829377143     -0.031581108033
   20      0.004594112604      4.694206714220      0.016332319512
   12     -4.687627977979      0.019121626632     -0.034673894010
   20      0.013889879968     -2.312933906245     -2.360146183297
   12      2.367935549525     -0.040432933214     -2.340752844112
   12     -2.446046488294     -4.611311482518     -2.374095275672
   12      2.377657034009     -2.330460304449     -0.052551813012
   20      4.639313657379     -0.025618121595     -0.075448647418
   20      0.048587058655     -4.695738054712     -0.001911073649
   20     -2.375741115598     -2.375104675100     -4.687054927751
   12      0.113203504935      0.052111160686     -4.669801884945
   12     -4.659355445684     -4.688537036530     -4.683615953383
    8      0.069883055490      0.005626074743     -2.370262435333
    8      2.453268247177      2.359532434331     -2.408869074376
    8     -2.432450266218     -2.403310715396     -2.343904602592
    8      2.326237933405     -0.071435125542     -0.074819607567
    8      4.672424589631      2.328393842027     -0.051666668682
    8      0.068942296632     -2.344568012645     -0.006217265219
    8      4.709877087352     -0.001410467354      2.332520176469
    8      7.080780017868      2.239075878103      2.348001489792
    8      2.321863006164     -2.419743120301      2.347548841057
    8     -0.041003696320      2.340110528623      0.027774842042
    8      2.332495982942      4.757630742606     -0.064739431717
    8     -2.427122414759      0.066250507274      0.005330480709
    8      2.338563758297      2.343509580069      2.353718694390
    8      4.654501722487      4.669268294563      2.402762896251
    8     -0.016238939047     -0.005900759375      2.353457282681
    8      4.668136760980      2.423844596520      4.756660667912
    8      7.009646170238      4.661256285675      4.694925419783
    8      2.327223832393     -0.072608834170      4.752285838021
    8     -0.010690695907      4.746739655607      2.349668973770
    8      2.213949310113      7.097410405928      2.371389825755
    8     -2.417776832828      2.336720064928      2.355189480928
    8      2.427346597270      4.754601081092      4.758801692041
    8      4.531320336851      7.000373996165      4.671314998323
    8     -0.032855430278      2.345172418519      4.673859460057
    8      4.550552480156      4.583110368282      6.943006834231
    8      7.068856379935      7.011070678758      7.016067286198
    8      2.446388916542      2.340345447193      7.087841219202
    0    0
