   3   1   1 E -1.6031093422502E+04 DE-6.1E-10( 11)
  0.225847211790E-02  0.700260792784E+01  0.701850780293E+01
  0.701201748513E+01 -0.188842655454E-02  0.702857430920E+01
  0.700038282989E+01  0.700907687250E+01  0.139660674506E-02
    1
  0.100000000000E+01  0.000000000000E+00  0.000000000000E+00
  0.000000000000E+00  0.100000000000E+01  0.000000000000E+00
  0.000000000000E+00  0.000000000000E+00  0.100000000000E+01
  0.000000000000E+00  0.000000000000E+00  0.000000000000E+00
   54
   20      0.026414587937     -0.034897548994     -0.038396302668
   20      2.357016738859      2.346362800222     -0.025125841672
   20     -2.291487061946     -2.378880585618     -0.053510677979
   20      2.341415250181     -0.062634547999      2.373537296822
   20      4.690047573769      2.344901665154      2.339064522938
   20      0.051514851110     -2.337095345311      2.367877724329
   20     -2.346269147124     -0.045539613508     -2.350783400585
   20     -0.018765805904      2.383564564356     -2.330079429552
   12     -4.651881424406     -2.347948794106     -2.312218794238
   20     -0.061187498491      2.356489056719      2.390682296619
   20      2.343860456367      4.679085672984      2.351514858025
   20     -2.301832440603      0.023618736970      2.363558256933
   20      2.309013709786      2.371345611107      4.702179013347
   12      4.647578015701      4.644127285419      4.713122140751
   12     -0.098646031034     -0.032988192419      4.738407102788
   12     -2.384358556695      2.427713608911     -0.050541477488
   20     -0.060305113315      4.678237326027     -0.003407142877
   20     -4.691748237523      0.040901840421     -0.044401446957
   12     -0.016072228260     -2.370230523240     -2.335559368194
   20      2.379216066134     -0.028531296339     -2.305888647688
   12     -2.344918464198     -4.597318633294     -2.405401332086
   12      2.362099154482     -2.430443824357     -0.058930311779
   20      4.694705706581     -0.034263868945     -0.043987851329
   12      0.006868503698     -4.676021141305     -0.094541927162
   12     -2.401261963486     -2.399921510105     -4.621573815628
   20     -0.022508790782     -0.008146218159     -4.668145372911
   20     -4.631519071189     -4.598293392251     -4.683332497657
    8      0.001455583970     -0.060948699183     -2.329035344395
    8      2.409344353561      2.428001263781     -2.317509040977
    8     -2.356983765162     -2.436152886191     -2.414923228791
    8      2.364808812742     -0.068955494580     -0.019414528051
    8      4.751409244290      2.329052890668     -0.058396293932
    8      0.108953772108     -2.435623526761     -0.048083426673
    8      4.670657384520     -0.066401973646      2.377076594761
    8      7.008758099195      2.350990301491      2.318002824387
    8      2.457567403516     -2.339363174806      2.408903114760
    8     -0.073238586653      2.341010279815     -0.032098981642
    8      2.321249211239      4.675427676602     -0.036355248309
    8     -2.326131963471      0.037906246056     -0.022916467181
    8      2.328753039060      2.341351725208      2.358678128218
    8      4.695508713979      4.672579671848      2.375331022130
    8      0.016301719055     -0.005438481627      2.383488591495
    8      4.667446254862      2.402719645947      4.740109717737
    8      6.998674448416      4.768453015811      4.702575601471
    8      2.251609656483     -0.068439194014      4.692816757673
    8     -0.073388964806      4.668125194382      2.423535025021
    8      2.346610689544      7.019578593011      2.341893917576
    8     -2.331924645833      2.441959368034      2.349550099278
    8      2.373984410704      4.667116463728      4.713114253974
    8      4.787566577748      6.986815757781      4.674345312940
    8     -0.136015394976      2.375550314914      4.785674039701
    8      4.554867975457      4.572851572501      6.971972232282
    8      6.995390013075      7.080254421492      6.956757417250
    8      2.365741719879      2.452469577417      7.008944570143
    0    0
