   3   1   1 E -1.6031063493156E+04 DE 5.7E-10( 11)
  0.759463458381E-01  0.694151710515E+01  0.691996331063E+01
  0.701457356378E+01 -0.455695891286E-02  0.699122330333E+01
  0.700696944761E+01  0.700069862389E+01  0.822711097679E-02
    1
  0.100000000000E+01  0.000000000000E+00  0.000000000000E+00
  0.000000000000E+00  0.100000000000E+01  0.000000000000E+00
  0.000000000000E+00  0.000000000000E+00  0.100000000000E+01
  0.000000000000E+00  0.000000000000E+00  0.000000000000E+00
   54
   20      0.021449331263     -0.022279134480     -0.036398988582
   20      2.342580529735      2.319203032643     -0.019903850001
   20     -2.331971676558     -2.344950936095     -0.017416138663
   20      2.352003901769     -0.012090618087      2.346181369611
   20      4.690912035510      2.317601603159      2.341739805772
   20      0.017303519135     -2.368439162479      2.319311708450
   20     -2.342142757134     -0.013918306076     -2.341930400074
   20      0.030138862024      2.315973403905     -2.361833877687
   12     -4.676509041772     -2.466036145123     -2.330767661890
   20      0.023793910832      2.324469719248      2.346023475081
   20      2.337077396951      4.671064014011      2.361747738700
   20     -2.346185587003     -0.014870886863      2.333735092834
   12      2.573122569231      2.342840516994      4.569566527591
   12      4.636719978348      4.637915623884      4.700691838155
   20      0.007066073567     -0.017861410755      4.673406395111
   20     -2.332715440577      2.328061033316     -0.039227487128
   20      0.014599098208      4.676487729206      0.000103734209
   20     -4.683441361932      0.017457507144     -0.016506956573
   12      0.013645985382     -2.278661317561     -2.380968426305
   12      2.304214132722     -0.002804030597     -2.377755011702
   20     -2.375464323561     -4.652582600034     -2.282649202052
   20      2.316060562066     -2.321555733004     -0.018559252500
   12      4.694291850638      0.044467132296     -0.000948632663
   12     -0.024835114780     -4.644492431524     -0.051379450990
   20     -2.375460775418     -2.312429962711     -4.628310733362
   12     -0.018898414476      0.134092027343     -4.532052676972
   12     -4.761994913748     -4.661463605249     -4.640052148624
    8      0.046122140186     -0.053701062036     -2.397438597345
    8      2.318118888799      2.331676030230     -2.343403647150
    8     -2.361654467321     -2.331589463720     -2.311472418404
    8      2.364978989229     -0.008248716234     -0.029498626768
    8      4.684319364241      2.306163789901      0.007204971620
    8      0.004791519318     -2.349922340988     -0.048923023285
    8      4.697579497103      0.000330831373      2.342928937932
    8      7.047448045537      2.288991086361      2.284996483494
    8      2.330965036930     -2.369294242718      2.346670801152
    8      0.017381938717      2.321027244414     -0.017943461881
    8      2.329341292794      4.671540633844     -0.013029319840
    8     -2.337516879236     -0.006493250601     -0.026835082869
    8      2.342599317952      2.321640227845      2.354549116177
    8      4.669593071554      4.652573703043      2.344723602338
    8      0.013872427171     -0.019141292642      2.331132539995
    8      4.678469251057      2.343311007528      4.634453451077
    8      7.034956720270      4.650257535324      4.663292945189
    8      2.336096619629     -0.005578053610      4.664132455745
    8      0.015881307520      4.677103879427      2.358210021097
    8      2.305947736026      7.049582122379      2.376245011607
    8     -2.332052745222      2.307527278225      2.313227075638
    8      2.374366751855      4.644469778626      4.623602771240
    8      4.640305081107      6.930558223106      4.689872759364
    8      0.071794289865      2.343196751704      4.705703331329
    8      4.716703987653      4.668912769767      6.930900463049
    8      6.992371848635      7.037297080408      7.019159273452
    8      2.330560745737      2.322075852094      6.919053138527
    0    0
