   3   1   1 E -1.6031094556916E+04 DE 6.6E-10( 11)
  0.109809261246E-01  0.702030584601E+01  0.700893969560E+01
  0.703516039605E+01 -0.503024202261E-02  0.701692219370E+01
  0.703929635933E+01  0.702682770403E+01 -0.295183211086E-02
    1
  0.100000000000E+01  0.000000000000E+00  0.000000000000E+00
  0.000000000000E+00  0.100000000000E+01  0.000000000000E+00
  0.000000000000E+00  0.000000000000E+00  0.100000000000E+01
  0.000000000000E+00  0.000000000000E+00  0.000000000000E+00
   54
   20      0.019760467766     -0.040400639959     -0.047578944404
   20      2.364360550542      2.328638439045     -0.046886039655
   20     -2.325372664947     -2.372349201603     -0.057327237598
   20      2.350445771093     -0.024384106233      2.382007637994
   20      4.702246815613      2.351754936348      2.365476687199
   20      0.029944030187     -2.356051997473      2.338837052222
   20     -2.359839923616     -0.007211514802     -2.315224640862
   20      0.019003271978      2.357000923569     -2.327944829611
   12     -4.663400732095     -2.349443739617     -2.295826384870
   20     -0.012779311864      2.346314976118      2.393340831080
   20      2.341143835115      4.689817072407      2.382699340650
   20     -2.361337509692      0.008993904424      2.374908413810
   12      2.381461836626      2.450745830641      4.773477763391
   12      4.591085975678      4.649399047575      4.697647803365
   20     -0.011928786491      0.029830716245      4.696358291427
   12     -2.427863250245      2.484627296935     -0.091049372163
   20     -0.021918450993      4.676856393384     -0.026259077179
   20     -4.687431331114      0.053697867233     -0.034043048661
   12      0.061109531739     -2.416290221593     -2.311665600036
   12      2.397474332788     -0.081970409565     -2.343912363615
   12     -2.497101053256     -4.603423235590     -2.345324755139
   12      2.357523254134     -2.391608147893     -0.118737791046
   20      4.671381787133     -0.021736420794     -0.059182905795
   12      0.000597459106     -4.655898930830     -0.075496687022
   20     -2.369837570553     -2.383267462390     -4.657965725541
   20      0.018230048360     -0.004470539588     -4.657115884633
   20     -4.662384274448     -4.674686617357     -4.644501968424
    8      0.088405080931     -0.082226072343     -2.324162764205
    8      2.443435961593      2.371204205785     -2.320103812820
    8     -2.378722514577     -2.435993670592     -2.330791979495
    8      2.346574245988     -0.083255597235     -0.090823850884
    8      4.742539612465      2.343062000761     -0.086324803737
    8      0.103448990470     -2.439078221808     -0.082795204935
    8      4.692523038687     -0.011176425510      2.358797801101
    8      7.045996309496      2.337422955182      2.310210224565
    8      2.357789044048     -2.348680704701      2.380596779018
    8     -0.056004793646      2.335270131003     -0.015452303144
    8      2.335448513591      4.688433443125     -0.076503960181
    8     -2.343151622362      0.046731927604     -0.014360966967
    8      2.344060955866      2.350084951987      2.383025610769
    8      4.691078160461      4.678149930371      2.380336679407
    8      0.007923421995     -0.004723708360      2.366346410587
    8      4.607940805110      2.444993311629      4.747516358917
    8      7.053664829028      4.686910068215      4.685997628855
    8      2.344279118614      0.006940742593      4.689187144542
    8      0.013242936998      4.677283349792      2.402075821500
    8      2.342337575080      7.023544024918      2.380767074085
    8     -2.326806821033      2.323054684740      2.389392573770
    8      2.361226559826      4.687228137979      4.735791093015
    8      4.586163848016      7.012861481724      4.676412300562
    8      0.055053474321      2.454845213511      4.801356151828
    8      4.601793896726      4.573248112289      6.904801407807
    8      7.041790580093      7.091366416736      7.001236777786
    8      2.377864250413      2.417479978030      6.901856500732
    0    0
