   3   1   1 E -1.6031090549105E+04 DE-4.6E-10( 11)
  0.151804385947E-01  0.699017187122E+01  0.705901993599E+01
  0.698892007178E+01  0.164322380246E-01  0.705773360255E+01
  0.700535230981E+01  0.700535230981E+01  0.238145013382E-19
    2
  0.100000000000E+01  0.000000000000E+00  0.000000000000E+00
  0.000000000000E+00  0.100000000000E+01  0.000000000000E+00
  0.000000000000E+00  0.000000000000E+00  0.100000000000E+01
  0.000000000000E+00  0.000000000000E+00  0.000000000000E+00
  0.000000000000E+00 -0.100000000000E+01  0.000000000000E+00
 -0.100000000000E+01  0.000000000000E+00  0.000000000000E+00
  0.000000000000E+00  0.000000000000E+00  0.100000000000E+01
  0.000000000000E+00  0.000000000000E+00  0.000000000000E+00
   54
   20     -0.002765841035      0.002765841035     -0.042707091299
   20      2.340320520409      2.371448937234     -0.049410766180
   20     -2.371448937234     -2.340320520409     -0.049410766180
   20      2.316290913838     -0.020169652819      2.373956261553
   20      4.684181903166      2.321170406640      2.361118380718
   20      0.020169652819     -2.316290913838      2.373956261553
   20     -2.338556286566     -0.048186722915     -2.343788152467
   20      0.048186722915      2.338556286566     -2.343788152467
   12     -4.699273541207     -2.306078768598     -2.281440812006
   20     -0.043341528462      2.365029268047      2.388237268863
   20      2.280836153364      4.724516156441      2.376160077174
   20     -2.365029268047      0.043341528462      2.388237268863
   20      2.294629881607      2.300167547936      4.749566493286
   20      4.705184761869      4.710722428199      4.749566493286
   12     -0.038160931874      0.038160931874      4.763862280525
   12     -2.326544791493      2.326544791493     -0.039521209940
   12      0.107020945417      4.812779192495     -0.084677482666
   12     -4.812779192495     -0.107020945417     -0.084677482666
   12      0.005581991418     -2.302818240768     -2.339330443359
   12      2.302818240768     -0.005581991418     -2.339330443359
   12     -2.318442977940     -4.686909331865     -2.304604567846
   20      2.343856825961     -2.343856825961     -0.040858084173
   20      4.724928581026      0.016581938753     -0.031257612496
   20     -0.016581938753     -4.724928581026     -0.031257612496
   20     -2.286718923057     -2.363713397463     -4.684639046053
   12      0.042008325251     -0.042008325251     -4.708980370537
   20     -4.641638912343     -4.718633386748     -4.684639046053
    8      0.115428041771     -0.115428041771     -2.440612550745
    8      2.442897004453      2.327770136008     -2.345053678311
    8     -2.327770136009     -2.442897004453     -2.345053678311
    8      2.334552400852      0.009415085591     -0.061928692295
    8      4.670338560917      2.335013748888     -0.051986050863
    8     -0.009415085591     -2.334552400852     -0.061928692295
    8      4.727224032833     -0.000729488456      2.367298218641
    8      7.006081798261      2.278128276971      2.367298218641
    8      2.337709769886     -2.337709769887      2.400148361915
    8     -0.066231301532      2.406897936899     -0.012394373120
    8      2.228694516221      4.776657793584     -0.124429501697
    8     -2.406897936899      0.066231301532     -0.012394373120
    8      2.317217674214      2.346475680300      2.375162256739
    8      4.658876629506      4.688134635591      2.375162256739
    8     -0.004168318543      0.004168318543      2.399974222144
    8      4.676393544991      2.328958764813      4.754487652158
    8      7.126686472185      4.800847317363      4.754940834766
    8      2.204504992442     -0.121334162380      4.754940834766
    8      0.028434648025      4.764929964843      2.377125392524
    8      2.240422344964      6.976917661782      2.377125392524
    8     -2.322259320633      2.322259320635      2.362099167970
    8      2.263054509080      4.742297800727      4.708092845703
    8      4.674518448947      7.111747780420      4.714840090223
    8     -0.106395470613      2.330833860860      4.714840090223
    8      4.772323522981      4.595266854968      7.048357958110
    8      7.095498543935      6.915206075677      7.040579118712
    8      2.410085454838      2.233028786824      7.048357958110
    0    0
