   3   1   1 E -1.6031097306750E+04 DE-3.7E-09(  9)
  0.159512737245E-02  0.700931144395E+01  0.702228858198E+01
  0.702115463439E+01 -0.788006314018E-02  0.702546919993E+01
  0.702203475428E+01  0.700720213663E+01 -0.261613270897E-02
    1
  0.100000000000E+01  0.000000000000E+00  0.000000000000E+00
  0.000000000000E+00  0.100000000000E+01  0.000000000000E+00
  0.000000000000E+00  0.000000000000E+00  0.100000000000E+01
  0.000000000000E+00  0.000000000000E+00  0.000000000000E+00
   54
   20      0.025289802245      0.017213946085     -0.047431912447
   20      2.330046384392      2.341772458933     -0.055150056273
   20     -2.379037514996     -2.293225535605      0.006963120274
   20      2.344452478096     -0.016233506282      2.358136125214
   20      4.688372409920      2.327827661620      2.331098938424
   20      0.026805382668     -2.335679592759      2.368659654053
   20     -2.372468760770      0.040200481296     -2.334802032553
   12      0.095499044751      2.387553173664     -2.292755858110
   12     -4.741462526609     -2.354863024307     -2.265034862884
   20     -0.001167347106      2.337284940028      2.334406932551
   20      2.344413004093      4.712293988611      2.356936439523
   12     -2.416159923422      0.010417604317      2.320605990723
   12      2.325231803531      2.339644409583      4.774455881274
   20      4.661990159404      4.698335915233      4.730832664154
   20     -0.001236087403     -0.033370707524      4.714680555486
   20     -2.374025332156      2.360053564558      0.002798682576
   12      0.081971363338      4.599491486699     -0.140459752910
   12     -4.662594921395     -0.036652892150     -0.118379545126
   20      0.057717132051     -2.333180435537     -2.337328616492
   12      2.397723808632      0.010395624389     -2.312467151087
   20     -2.391737623540     -4.722273837664     -2.330957804731
   12      2.342407576984     -2.240955252828     -0.086385779125
   12      4.612077871990     -0.120848102132      0.063626672481
   20      0.033354993320     -4.709676222915     -0.007985043334
   20     -2.367840312117     -2.313932511745     -4.706466049774
   20      0.045051818327     -0.002596252714     -4.704784125089
   20     -4.686807663837     -4.692523392726     -4.672498715362
    8      0.100131587029      0.077181870699     -2.351065360919
    8      2.254451259325      2.330155748224     -2.332287018513
    8     -2.413969166280     -2.335324871170     -2.340176627577
    8      2.425764773012     -0.099051137947     -0.092454848534
    8      4.673024786174      2.269539223751     -0.003249908930
    8      0.074574149825     -2.320219915051     -0.017362045901
    8      4.666553418657     -0.000308216673      2.289871768850
    8      7.033687502722      2.325378137593      2.384251598593
    8      2.333679172017     -2.335961996095      2.350094580144
    8     -0.004619049009      2.432095897094     -0.073102130849
    8      2.257715160879      4.774894155143     -0.103485841642
    8     -2.414823208945      0.014812510953     -0.003875477384
    8      2.344363939690      2.341833811084      2.357523470901
    8      4.679499347684      4.757672851258      2.365254348110
    8     -0.056781764678     -0.001129348972      2.335602525921
    8      4.655972992362      2.351246769512      4.684349829379
    8      7.151770105044      4.574437912444      4.802117306839
    8      2.322054610237      0.012883204415      4.781805634137
    8      0.003014856055      4.676737207372      2.321438295870
    8      2.476841407307      7.008580372799      2.383240985856
    8     -2.353209847640      2.270281904555      2.339974214205
    8      2.342811875153      4.663924512193      4.803962846761
    8      4.557038082057      7.003835132972      4.689191445325
    8      0.066223923184      2.313948329081      4.709965500162
    8      4.645063688583      4.794207195089      7.025086862607
    8      7.029646412859      6.874062345689      7.024261317172
    8      2.333183288485      2.286663234336      6.921889799394
    0    0
