   3   1   1 E -1.6031088865083E+04 DE-3.1E-10( 10)
  0.919461771368E-02  0.700703465191E+01  0.702795678557E+01
  0.702104136162E+01 -0.664370813582E-02  0.703602340273E+01
  0.701686897141E+01  0.700508851598E+01  0.363796367700E-02
    1
  0.100000000000E+01  0.000000000000E+00  0.000000000000E+00
  0.000000000000E+00  0.100000000000E+01  0.000000000000E+00
  0.000000000000E+00  0.000000000000E+00  0.100000000000E+01
  0.000000000000E+00  0.000000000000E+00  0.000000000000E+00
   54
   20      0.008843748320     -0.016950997448     -0.043309289528
   20      2.357602949627      2.337841677178     -0.093588218445
   20     -2.366111371652     -2.329689442257     -0.066834496192
   20      2.315889570408     -0.043667550284      2.376862873473
   20      4.678779269251      2.353206667943      2.373447571456
   20      0.024994321384     -2.310583173465      2.377685781751
   20     -2.379748270738     -0.017874283163     -2.297914467723
   20      0.022788071765      2.372652062348     -2.336364010069
   12     -4.678801556599     -2.285598194081     -2.288063646311
   20     -0.043073071595      2.345599485803      2.405230590195
   20      2.327889127041      4.723997261439      2.373501142195
   20     -2.362847316518      0.027517978222      2.387689544622
   20      2.320284824148      2.363581201379      4.764255226080
   12      4.643126363075      4.687286561895      4.758486709681
   12      0.011422249318     -0.088216624711      4.737314064263
   12     -2.418254933421      2.368738198672     -0.091304541127
   20     -0.013403385666      4.698406214184     -0.069496416966
   12     -4.689485901037     -0.049389955554     -0.060587716077
   12      0.012391552807     -2.302192119168     -2.306657023518
   12      2.374455930450     -0.086343077683     -2.304941886603
   12     -2.341324588754     -4.628501454534     -2.325738593048
   12      2.485143789617     -2.353322734423     -0.124812443318
   20      4.672018628786     -0.046934067259     -0.079052714149
   20      0.041485234336     -4.671367920693     -0.070471980743
   20     -2.369366894268     -2.387042874025     -4.660113355788
   20      0.045679076554     -0.022197628005     -4.663427058554
   20     -4.621331825373     -4.669223527183     -4.664720638738
    8      0.075373072898     -0.083448070555     -2.332212890693
    8      2.451871611570      2.352120873697     -2.339299848075
    8     -2.379156172923     -2.428912671607     -2.331482232299
    8      2.347980102223     -0.098507604927     -0.087627805722
    8      4.676300838006      2.327980264035     -0.100936366935
    8      0.048112282613     -2.326914725966     -0.098443657500
    8      4.667091766800     -0.024940758290      2.365509295753
    8      7.037486303389      2.337700027432      2.359419992191
    8      2.343854806051     -2.330620147442      2.377007639290
    8     -0.041403426779      2.348941380207     -0.038020669920
    8      2.332112612955      4.769315562144     -0.092165237919
    8     -2.443743039474      0.075300709056     -0.015969308633
    8      2.329447132893      2.342844009011      2.373592388931
    8      4.662440802269      4.679328041466      2.383223405492
    8     -0.006422481746     -0.003422197679      2.390913121667
    8      4.661298133239      2.419062435307      4.755724945292
    8      7.048068697738      4.795199394491      4.680427548507
    8      2.218559824231     -0.113622258706      4.814330725994
    8      0.001496256461      4.681003221825      2.402475227537
    8      2.359211245523      6.996387459432      2.366523036360
    8     -2.334506534967      2.343896303364      2.372084320898
    8      2.389080451622      4.775234339559      4.791184344887
    8      4.657884059663      6.967048540301      4.692228388232
    8     -0.095876918236      2.360979353339      4.697184662594
    8      4.576276379146      4.558508357385      6.924094618478
    8      7.102909705518      6.991516643170      6.954078157181
    8      2.467179176372      2.342947403684      7.033362875497
    0    0
