   3   1   1 E -1.6031055174036E+04 DE 1.5E-10( 11)
 -0.459050946084E-02  0.701703971939E+01  0.701427562054E+01
  0.700138029439E+01 -0.492944226852E-02  0.700830359767E+01
  0.700357477618E+01  0.700706223365E+01 -0.936521800968E-03
    1
  0.100000000000E+01  0.000000000000E+00  0.000000000000E+00
  0.000000000000E+00  0.100000000000E+01  0.000000000000E+00
  0.000000000000E+00  0.000000000000E+00  0.100000000000E+01
  0.000000000000E+00  0.000000000000E+00  0.000000000000E+00
   54
   20     -0.003150424256      0.002910819429      0.000121524354
   20      2.336965677898      2.340019925317     -0.014824210777
   20     -2.339392863780     -2.336781257670     -0.006070217618
   20      2.330101351695      0.000643955281      2.343194076139
   20      4.670006637068      2.338097027263      2.337770199952
   20      0.003839317443     -2.339032661309      2.339788606612
   20     -2.340349452652      0.006434587435     -2.328614749055
   20      0.010161329302      2.342255327550     -2.336313322178
   12     -4.618038687076     -2.351176459090     -2.389224352681
   20     -0.015989279930      2.334573674075      2.337478856188
   20      2.331175155181      4.674853439841      2.338647502255
   12     -2.364411961774      0.041201259763      2.341201435806
   12      2.334380023025      2.325396362948      4.710860372398
   20      4.663849634430      4.671463175824      4.682220986492
   20     -0.008733587339      0.010136085480      4.677625117125
   12     -2.338873255839      2.319253186172      0.004961315625
   12     -0.000627147427      4.668640307245     -0.002922793931
   20     -4.663698693014      0.018173122428      0.006291719485
   20     -0.000564671466     -2.349010001541     -2.329645927989
   12      2.364596265892      0.010821752090     -2.360918416407
   12     -2.441066526824     -4.673360235904     -2.387451479522
   20      2.335129816286     -2.351986778213     -0.002433755079
   20      4.668017929838     -0.001796699011     -0.008480531311
   12      0.007548554111     -4.659076968651     -0.007014659644
   20     -2.343653541274     -2.356503514084     -4.671315992110
   20      0.014612666244      0.003622585234     -4.670811022550
   12     -4.564519438625     -4.668372584003     -4.614960004230
    8      0.013281668678      0.000438233655     -2.333034036018
    8      2.368250143755      2.328862725096     -2.367392456264
    8     -2.351446759170     -2.352081129445     -2.332571736300
    8      2.332897104041     -0.002708642042     -0.008607102928
    8      4.679230626556      2.337122645773     -0.014166441150
    8     -0.001770703265     -2.349066303949     -0.000035069907
    8      4.666797518638     -0.001716133003      2.336650805571
    8      7.018829802879      2.336153854486      2.332166473250
    8      2.330539008557     -2.354355582828      2.349296587055
    8     -0.011674803948      2.346994005851     -0.006585573960
    8      2.319538293533      4.679894875354     -0.020901010120
    8     -2.333756030347      0.017087073356      0.009650355960
    8      2.330685714334      2.339355122940      2.340921055899
    8      4.664281704391      4.680239979303      2.338949173783
    8     -0.013699927907      0.002621740730      2.338685597217
    8      4.659053582831      2.338402043459      4.683125183400
    8      7.022613502537      4.675509320662      4.685199627313
    8      2.330083143457      0.010291842045      4.679169848672
    8     -0.008505113248      4.670534170529      2.335094470844
    8      2.366293585995      7.020958954026      2.368623971689
    8     -2.378077291244      2.303516752171      2.336993337552
    8      2.334168170869      4.669013539886      4.679683973901
    8      4.635576425722      7.015991260757      4.653893718080
    8     -0.004253428495      2.336240128197      4.687927179842
    8      4.671599434534      4.658174995015      7.011347084017
    8      7.003437822984      7.017305245894      7.009715183511
    8      2.330352501183      2.340096146661      7.014431655607
    0    0
