   3   1   1 E -1.6031045583751E+04 DE 2.4E-11( 11)
  0.288737406245E-01  0.700626392415E+01  0.702484518652E+01
  0.699112315585E+01  0.212172392427E-01  0.702561491435E+01
  0.701882255580E+01  0.702805180387E+01  0.219822323368E-03
    1
  0.100000000000E+01  0.000000000000E+00  0.000000000000E+00
  0.000000000000E+00  0.100000000000E+01  0.000000000000E+00
  0.000000000000E+00  0.000000000000E+00  0.100000000000E+01
  0.000000000000E+00  0.000000000000E+00  0.000000000000E+00
   54
   20      0.001675450900     -0.001948142198      0.000278306624
   20      2.343364060407      2.340059408830     -0.005241185180
   20     -2.344440775081     -2.340492851722     -0.003038805540
   20      2.341059145791     -0.005183332041      2.340755857743
   20      4.674585282326      2.343728704626      2.341847613067
   20      0.001954224694     -2.344186406174      2.342854949169
   20     -2.327516606345     -0.013225114736     -2.343580721481
   20      0.016691293114      2.327276306811     -2.345810349400
   12     -4.640621256148     -2.370357680173     -2.341457115723
   20      0.000467641241      2.342703486432      2.342086176536
   20      2.336393169355      4.690040715358      2.341738201160
   20     -2.350693935596      0.011794930494      2.343120847598
   20      2.345355629638      2.339121862158      4.688793640501
   20      4.673922675634      4.687777845342      4.686860923894
   20      0.003655698600     -0.002622681336      4.686371681590
   12     -2.350337763639      2.347184610651      0.000481347362
   20      0.015367259854      4.671027670190     -0.003339674671
   12     -4.636043718877     -0.044113033120      0.002759596878
   20     -0.009473920697     -2.335358365610     -2.340941861843
   12      2.351931051418     -0.012772599860     -2.344674995612
   12     -2.328662435605     -4.680323970067     -2.385857294155
   12      2.352875523280     -2.347913798413      0.004562219947
   20      4.662452959736      0.008311327044      0.002481772356
   20     -0.006893360366     -4.680340081932      0.003903444428
   12     -2.376447370648     -2.344279616849     -4.681443292886
   12     -0.049069124969      0.052911050639     -4.685488441824
   12     -4.714493272124     -4.608153635234     -4.652670064566
    8      0.008303942058     -0.008807604062     -2.343369680922
    8      2.354806527067      2.334352048445     -2.360789069354
    8     -2.347081900632     -2.350437362710     -2.346437076338
    8      2.338302072094     -0.003302461505     -0.003821598194
    8      4.673755838316      2.345696239608     -0.001287099665
    8      0.001391848869     -2.341201763143      0.002096159065
    8      4.674488744640     -0.001238463531      2.341292871545
    8      7.015370606174      2.340572432133      2.342109929641
    8      2.351258570618     -2.356553826854      2.344712103714
    8      0.003673624752      2.337473020422     -0.001537244478
    8      2.341972472799      4.686211618843     -0.006475414359
    8     -2.344584724014      0.004384096166     -0.004231604739
    8      2.339844989811      2.341638982028      2.341930462916
    8      4.673432823573      4.690277651118      2.342678194468
    8     -0.000493843981      0.000301802163      2.342468259390
    8      4.672906193209      2.345467461548      4.684876954216
    8      7.018174168495      4.686581450470      4.683370024651
    8      2.339815662064     -0.004609937739      4.685105512098
    8      0.003962024385      4.678485061692      2.341707739347
    8      2.321043470496      7.049422245134      2.341529710968
    8     -2.345915195136      2.367364099927      2.349717814136
    8      2.342878857177      4.685421796531      4.689816730066
    8      4.675125665224      7.032563347732      4.688845047486
    8      0.007406817942      2.335701031496      4.685132006984
    8      4.671309659983      4.677741782273      7.027281264043
    8      7.030017781313      7.018240952549      7.029374145998
    8      2.366463312013      2.327486042810      7.036610735704
    0    0
