   3   1   1 E -1.6031103032607E+04 DE 5.0E-09(  8)
  0.184473802526E-01  0.700045089101E+01  0.700396826488E+01
  0.702739466550E+01 -0.996915182479E-02  0.702321838014E+01
  0.702290275503E+01  0.701011838775E+01  0.448932760793E-03
    1
  0.100000000000E+01  0.000000000000E+00  0.000000000000E+00
  0.000000000000E+00  0.100000000000E+01  0.000000000000E+00
  0.000000000000E+00  0.000000000000E+00  0.100000000000E+01
  0.000000000000E+00  0.000000000000E+00  0.000000000000E+00
   54
   20      0.035911314659     -0.024632010000      0.000396007474
   20      2.353543956988      2.316657552859     -0.030624280419
   20     -2.360157003835     -2.332535136743      0.006072555027
   20      2.355732936407     -0.026379508118      2.318291403604
   20      4.713346553554      2.315162936145      2.326717855261
   20      0.006280857809     -2.367494157664      2.359459712238
   20     -2.329970986796      0.004375374240     -2.340566829426
   20      0.028969981119      2.342750658860     -2.338758595092
   20     -4.728694928637     -2.332563660708     -2.337936267543
   20     -0.006080256477      2.343900452196      2.328526711634
   20      2.328168412270      4.753367247690      2.342866383704
   20     -2.380625835488      0.004810670436      2.394668047070
   20      2.343980625161      2.344769621357      4.722226904257
   12      4.673687069765      4.760346329530      4.786734029102
   12      0.001149272583     -0.067185689944      4.745190183909
   20     -2.391063174847      2.383709344180     -0.030970202426
   12      0.027226275782      4.792110757786     -0.013247891248
   12     -4.742584908274     -0.038960718709     -0.038130409621
   20      0.040380882723     -2.305076767606     -2.348610363512
   12      2.326481514249     -0.021673880017     -2.311083797659
   20     -2.378717605081     -4.748083136695     -2.340222886096
   12      2.421765115772     -2.251997906551      0.014093318713
   12      4.705687510356     -0.077112827873     -0.061693735935
   20      0.035120060760     -4.759331984392      0.015681935218
   20     -2.352485219671     -2.322795914590     -4.744891792175
   12      0.040004087404      0.039921816985     -4.707765427353
   12     -4.729554782601     -4.736727687299     -4.783163894492
    8      0.067551180423     -0.003291634433     -2.399733917720
    8      2.331997036750      2.247374186680     -2.377971153562
    8     -2.343310854351     -2.342859808163     -2.342450665164
    8      2.397584568832     -0.090010397110     -0.048607070992
    8      4.690464282431      2.252488006047     -0.010473924249
    8      0.062809951799     -2.356755529961      0.002995954207
    8      4.780547497010     -0.006198666815      2.286681074078
    8      7.111258313281      2.229028971501      2.341215155486
    8      2.334861209622     -2.411535037318      2.277721910238
    8      0.003031038552      2.396250474507     -0.001210393675
    8      2.265378094255      4.769399297164     -0.004608176792
    8     -2.381617112905     -0.000688932618      0.017555610293
    8      2.346093382375      2.345983150295      2.329839964999
    8      4.667884300856      4.679733694580      2.362720138800
    8      0.013233778048     -0.013786650908      2.405301010633
    8      4.681934255403      2.395844236281      4.689756390564
    8      6.923787744159      4.773902698862      4.762551963103
    8      2.270650303655     -0.012248767178      4.745953316974
    8      0.003247003576      4.762207740741      2.254238389425
    8      2.220955982125      7.106372555690      2.297902318978
    8     -2.416128355273      2.325941846431      2.337665481532
    8      2.454290188941      4.805064269666      4.783022323424
    8      4.698496449512      6.914292076145      4.796661610554
    8      0.009201986491      2.258643469483      4.678383462233
    8      4.651894720488      4.771504913015      6.939122535137
    8      7.075069265479      6.907336450869      6.976473027476
    8      2.350683666347      2.309376182401      7.090395089851
    0    0
