   3   1   1 E -1.6031105059196E+04 DE 1.4E-09( 10)
  0.670960093425E-02  0.701831037916E+01  0.698815371075E+01
  0.699605294470E+01 -0.139226924762E-01  0.700141171905E+01
  0.698643497877E+01  0.701615971608E+01  0.186614154298E-02
    1
  0.100000000000E+01  0.000000000000E+00  0.000000000000E+00
  0.000000000000E+00  0.100000000000E+01  0.000000000000E+00
  0.000000000000E+00  0.000000000000E+00  0.100000000000E+01
  0.000000000000E+00  0.000000000000E+00  0.000000000000E+00
   54
   20      0.002014586527     -0.018758507236     -0.041749851383
   20      2.354722702465      2.323911660314     -0.013884565040
   20     -2.311648102799     -2.335897214758     -0.019073595494
   20      2.316250059574     -0.026698010307      2.316472539335
   20      4.669532952647      2.335871185140      2.348631861738
   20      0.023645643132     -2.343840420596      2.339678817928
   20     -2.349171513456      0.007407279418     -2.323020741302
   20     -0.010453452559      2.364704064260     -2.339177037737
   20     -4.662731380609     -2.339062793712     -2.353134373697
   20     -0.057946016288      2.334383245943      2.384731936251
   20      2.326409881321      4.699855277533      2.361787592147
   20     -2.334139871257      0.038757383961      2.372447290463
   20      2.299368458426      2.359962728332      4.750231477047
   12      4.644105913138      4.649658305752      4.776835446117
   12     -0.065881680853     -0.074344900116      4.760518391031
   12     -2.381937248905      2.279687082797     -0.038936045412
   20     -0.055058784162      4.719476007031     -0.034920037564
   12     -4.624816816964      0.028696385552      0.024473556229
   12     -0.045931245775     -2.337763081099     -2.337180093265
   20      2.393029511973     -0.015132288921     -2.319610317106
   12     -2.296365456766     -4.659076133540     -2.299069828083
   12      2.397780401096     -2.301134894292     -0.011598035714
   12      4.623196022801      0.022269965419     -0.078122197221
   20      0.038630650765     -4.697546472926     -0.044743565856
   20     -2.344941930518     -2.380824591398     -4.711950740933
   20      0.019079145946      0.008757597124     -4.699331707092
   12     -4.625176176099     -4.699474082499     -4.756741332913
    8      0.002943597386     -0.071356057977     -2.344998537883
    8      2.425911801864      2.341225433836     -2.397923436361
    8     -2.232559038486     -2.403208208496     -2.327036471436
    8      2.434161070213     -0.067773483416     -0.002409569380
    8      4.656876364880      2.267544051078     -0.077500297955
    8      0.116971943240     -2.336796463187     -0.061658282292
    8      4.650059484305     -0.003226155876      2.264873104596
    8      7.070656963052      2.336764561208      2.333550858335
    8      2.336123025112     -2.429935414760      2.233373414712
    8     -0.099884124600      2.339498839410     -0.024362898014
    8      2.329445892649      4.752341640533     -0.003662392739
    8     -2.419359027524      0.077910957030     -0.011699542233
    8      2.319568256198      2.335877191515      2.349889327728
    8      4.645715813446      4.673688708159      2.364383940816
    8     -0.009134851892     -0.007122677829      2.360682361726
    8      4.656163491909      2.417808883669      4.767832589644
    8      6.897424371618      4.756119853279      4.666200470459
    8      2.227695148722     -0.007226849894      4.754470910335
    8      0.000733356911      4.679549132290      2.388321497240
    8      2.337632064128      7.095460562613      2.257683216358
    8     -2.426612242612      2.334609638203      2.341537331654
    8      2.357765484140      4.679329628106      4.748559431045
    8      4.788908427942      7.033439787970      4.796916908389
    8     -0.114209030998      2.388233815697      4.664463637552
    8      4.575880429029      4.665167950689      6.863748251831
    8      7.027983808461      7.012951790852      6.947970641514
    8      2.452960127929      2.287741420555      7.094670762913
    0    0
