   3   1   1 E -1.6031096129291E+04 DE 4.8E-10( 11)
 -0.122923232395E-01  0.697866232966E+01  0.704337773714E+01
  0.697866232966E+01 -0.122923232395E-01  0.704337773714E+01
  0.696528668168E+01  0.696528668168E+01  0.850039570035E-03
    2
  0.100000000000E+01  0.000000000000E+00  0.000000000000E+00
  0.000000000000E+00  0.100000000000E+01  0.000000000000E+00
  0.000000000000E+00  0.000000000000E+00  0.100000000000E+01
  0.000000000000E+00  0.000000000000E+00  0.000000000000E+00
  0.000000000000E+00  0.100000000000E+01  0.000000000000E+00
  0.100000000000E+01  0.000000000000E+00  0.000000000000E+00
  0.000000000000E+00  0.000000000000E+00  0.100000000000E+01
  0.000000000000E+00  0.000000000000E+00  0.000000000000E+00
   54
   20      0.004192125103      0.004192125103     -0.019101321777
   20      2.339670481201      2.339670481201     -0.033962019882
   20     -2.343097626433     -2.343097626433     -0.028218916828
   20      2.338400938900     -0.051751883437      2.334937039606
   20      4.666533654733      2.297516283500      2.343416278556
   20      0.027719749547     -2.310352671728      2.384659797105
   20     -2.347832137184     -0.006007967499     -2.336536925331
   20     -0.009547865401      2.396499973200     -2.322265464419
   12     -4.633869036823     -2.283593383043     -2.289216687884
   20     -0.051751883437      2.338400938900      2.334937039606
   20      2.297516283500      4.666533654733      2.343416278556
   20     -2.310352671728      0.027719749547      2.384659797105
   20      2.323794639411      2.323794639411      4.734680111312
   12      4.612731237113      4.612731237113      4.790090274523
   12     -0.093957776549     -0.093957776549      4.678156852134
   12     -2.319308251824      2.429559723183     -0.053445987473
   12     -0.044035866271      4.750785762676     -0.076381753478
   20     -4.718602638583     -0.017937480270     -0.018626654515
   20     -0.006007967499     -2.347832137184     -2.336536925331
   20      2.396499973200     -0.009547865401     -2.322265464419
   12     -2.283593383043     -4.633869036823     -2.289216687884
   12      2.429559723183     -2.319308251824     -0.053445987473
   12      4.750785762676     -0.044035866271     -0.076381753478
   20     -0.017937480270     -4.718602638583     -0.018626654515
   20     -2.324184243325     -2.324184243325     -4.778191159446
   12     -0.062027547612     -0.062027547612     -4.666463036312
   20     -4.613668319793     -4.613668319793     -4.701550986402
    8     -0.003039945439     -0.003039945439     -2.366213038039
    8      2.418401746916      2.418401746916     -2.351751458664
    8     -2.392775347615     -2.392775347615     -2.370066628769
    8      2.408817918623     -0.079865265514     -0.020069388988
    8      4.657765271833      2.256709220288     -0.051669693628
    8      0.042867313222     -2.347168072820      0.004732652904
    8      4.716155916434     -0.023129984566      2.330687884833
    8      6.976088284719      2.267879494365      2.358887274280
    8      2.343711826172     -2.325732395488      2.323601353368
    8     -0.079865265514      2.408817918623     -0.020069388988
    8      2.256709220288      4.657765271833     -0.051669693628
    8     -2.347168072820      0.042867313222      0.004732652904
    8      2.319351490903      2.319351490903      2.339848347672
    8      4.653610154366      4.653610154366      2.381343328122
    8     -0.013325619505     -0.013325619505      2.371035814620
    8      4.649089663108      2.395065584381      4.769214893993
    8      6.998979919976      4.791064963191      4.816546166152
    8      2.240399420310     -0.086390246216      4.704440960410
    8     -0.023129984566      4.716155916434      2.330687884833
    8      2.267879494365      6.976088284719      2.358887274280
    8     -2.325732395488      2.343711826172      2.323601353368
    8      2.395065584381      4.649089663108      4.769214893993
    8      4.791064963191      6.998979919976      4.816546166152
    8     -0.086390246216      2.240399420310      4.704440960410
    8      4.633431979238      4.633431979238      6.895597279372
    8      6.816579876578      6.816579876578      7.072427614924
    8      2.370282056233      2.370282056233      7.040740264751
    0    0
