   3   1   1 E -1.6031055598926E+04 DE 8.2E-11( 11)
  0.313509693508E-01  0.700284793727E+01  0.701095908821E+01
  0.701458925620E+01  0.158860939332E-01  0.701873146588E+01
  0.703645187162E+01  0.702623430708E+01  0.418417096964E-03
    1
  0.100000000000E+01  0.000000000000E+00  0.000000000000E+00
  0.000000000000E+00  0.100000000000E+01  0.000000000000E+00
  0.000000000000E+00  0.000000000000E+00  0.100000000000E+01
  0.000000000000E+00  0.000000000000E+00  0.000000000000E+00
   54
   20      0.001688909188     -0.001960862354     -0.003903178274
   20      2.354093031124      2.338037540023     -0.015638670501
   20     -2.348911290258     -2.343251458823     -0.015327275452
   20      2.344874528541     -0.005878654255      2.342237508685
   20      4.685143240232      2.342674941927      2.337257762379
   20     -0.002670713224     -2.340547510959      2.344593918877
   20     -2.336440661911     -0.018453906875     -2.348305396231
   20      0.017459137107      2.331181088775     -2.344137795142
   12     -4.665052702709     -2.355810855018     -2.351168426279
   20     -0.003596257708      2.352652321060      2.339481342159
   20      2.348755174140      4.690813041185      2.337313610100
   20     -2.357197131936      0.018320938497      2.338525394059
   20      2.349903139562      2.338883193439      4.687752666674
   20      4.684501446654      4.693094948467      4.689422696341
   20     -0.003644539498      0.006910382016      4.684025687520
   12     -2.319599906055      2.287655046174      0.040518368117
   20      0.014177291671      4.678699182931     -0.009026045239
   12     -4.683794901851      0.021054701717     -0.026514375958
   12     -0.007916871291     -2.374597855151     -2.388218770883
   12      2.309900013803      0.057903487869     -2.300570274491
   12     -2.384977525412     -4.631782417645     -2.327730033318
   20      2.337184905439     -2.337284575332      0.009908794860
   12      4.685364194620     -0.004506343731     -0.009977626125
   20     -0.014150492862     -4.675731273953      0.001164508528
   12     -2.329747812912     -2.403235610167     -4.645325016383
   20      0.001256059182     -0.000952869323     -4.678271751954
   12     -4.659678886698     -4.697876014753     -4.668919910170
    8      0.014988921578     -0.014529786645     -2.342808229925
    8      2.373894586896      2.332874476264     -2.368756536193
    8     -2.346512361983     -2.370535572287     -2.363573258163
    8      2.351260812456     -0.004170616332     -0.002775641208
    8      4.687939394682      2.335943228318     -0.013462512956
    8     -0.004750595871     -2.340752277253     -0.001345458732
    8      4.681670326123     -0.004223417222      2.331820150800
    8      7.030597290899      2.346924644010      2.342359553995
    8      2.347504327492     -2.358837777716      2.358865411818
    8      0.004608824755      2.339766565013     -0.006516736158
    8      2.353112540381      4.690040798236     -0.019995372080
    8     -2.349754857957      0.007261054288     -0.013754848525
    8      2.347884103585      2.342846740910      2.337869362427
    8      4.685137745043      4.691637293756      2.340181305562
    8     -0.005432550637      0.005988211837      2.342002228659
    8      4.687452338489      2.342994073393      4.685685808642
    8      7.035042901971      4.690709781654      4.679217001708
    8      2.341643383597     -0.008605476799      4.682796360799
    8      0.007446984690      4.682421016288      2.335972551973
    8      2.351329521663      7.037170593804      2.336785061431
    8     -2.367388604548      2.376505938948      2.333707989340
    8      2.347158849775      4.687166200980      4.687114070695
    8      4.678585858166      7.051668929293      4.699200813939
    8      0.000254874453      2.352965376937      4.684222435225
    8      4.695170815924      4.683060641095      7.026271056123
    8      7.040717019125      7.025366554583      7.011526024091
    8      2.364280609574      2.314689721185      7.033714065176
    0    0
