   3   1   1 E -1.6031054769724E+04 DE 2.0E-10( 11)
 -0.464404785728E-02  0.701346280962E+01  0.700192596475E+01
  0.699111983568E+01 -0.470881981067E-02  0.699592010207E+01
  0.700782359283E+01  0.701707819625E+01 -0.144094456729E-01
    1
  0.100000000000E+01  0.000000000000E+00  0.000000000000E+00
  0.000000000000E+00  0.100000000000E+01  0.000000000000E+00
  0.000000000000E+00  0.000000000000E+00  0.100000000000E+01
  0.000000000000E+00  0.000000000000E+00  0.000000000000E+00
   54
   20     -0.015395018035      0.005400210085     -0.003497927069
   20      2.335844845404      2.346463470010     -0.018196858493
   20     -2.353855710628     -2.336219304212     -0.009106932591
   20      2.335101995335     -0.006389218373      2.333004773630
   20      4.667308320383      2.335993366276      2.317046985478
   20     -0.002122028581     -2.339210010912      2.336971651755
   20     -2.344354297827     -0.002623777291     -2.332578365851
   20      0.004912325008      2.347944399233     -2.332354983631
   12     -4.624420181425     -2.341644977548     -2.308386159189
   20     -0.022323760834      2.342793360741      2.321894310305
   20      2.330742712408      4.685626295176      2.316817823389
   12     -2.396948717135      0.054803027633      2.334867515698
   20      2.329377953508      2.333277775111      4.675494680396
   20      4.677607812289      4.682988305957      4.673157636047
   20     -0.013476945581      0.001490901001      4.686156846598
   12     -2.317461692339      2.334875740753      0.035037089964
   12      0.013461614122      4.688662819481      0.024149646871
   12     -4.657267522953     -0.007407304400      0.028146214398
   20     -0.017582029165     -2.343644668904     -2.338216812647
   20      2.349985425020      0.007454563805     -2.337067306522
   12     -2.328185795616     -4.759246773274     -2.331513627483
   20      2.346175819908     -2.344975118160      0.002374977679
   12      4.707544674534      0.039494379842      0.020348422347
   12     -0.026312034724     -4.697920649905     -0.027569111490
   12     -2.279077073545     -2.384190009739     -4.635387122210
   20     -0.000554036104      0.000201490151     -4.688154496369
   20     -4.648190715709     -4.677587123514     -4.671797181091
    8     -0.003644955053      0.001311362807     -2.335839692040
    8      2.357032194507      2.351691462568     -2.341034905659
    8     -2.370982723578     -2.353643809377     -2.353719580613
    8      2.347677655243      0.001530274694      0.000779881653
    8      4.680112619842      2.328143552548     -0.034187930987
    8     -0.009828782049     -2.345389758240     -0.001105068183
    8      4.659069211257     -0.014519987194      2.310893418881
    8      6.997216620426      2.336254143762      2.309995697980
    8      2.351804417538     -2.342771585313      2.338102459599
    8     -0.017492012717      2.352456118663     -0.006603934021
    8      2.311004077024      4.696186396969     -0.034495872957
    8     -2.369190773509      0.021378269614      0.002515247166
    8      2.330679141305      2.340830321232      2.325372873519
    8      4.667201333661      4.689123341197      2.320585074713
    8     -0.020816535968      0.000252480062      2.331204018656
    8      4.665146576631      2.336862997598      4.674075585900
    8      7.013055990902      4.680453497131      4.676753872733
    8      2.327103291108     -0.012543996526      4.680795805389
    8     -0.021821599052      4.678175940808      2.312173610997
    8      2.346583416151      7.015212046255      2.305019010286
    8     -2.336631465297      2.336565766060      2.326021381647
    8      2.335734276058      4.677132377213      4.669353511029
    8      4.676597318205      7.035955086093      4.675012071892
    8     -0.020297018350      2.338949349256      4.678705915367
    8      4.701015412499      4.667689994325      7.025195013292
    8      6.991031544065      7.015336889057      6.991620548162
    8      2.336452044388      2.317211136988      7.006635090832
    0    0
