   3   1   1 E -1.6031102382236E+04 DE 7.1E-10( 11)
  0.260767595434E-01  0.698959820968E+01  0.699635632345E+01
  0.700087421627E+01  0.555010382361E-02  0.700739602090E+01
  0.700394955073E+01  0.699901369329E+01  0.786639064306E-02
    1
  0.100000000000E+01  0.000000000000E+00  0.000000000000E+00
  0.000000000000E+00  0.100000000000E+01  0.000000000000E+00
  0.000000000000E+00  0.000000000000E+00  0.100000000000E+01
  0.000000000000E+00  0.000000000000E+00  0.000000000000E+00
   54
   20     -0.002400966827     -0.017232642577     -0.027710103205
   20      2.342638030599      2.338652441550      0.005767945385
   20     -2.290477430810     -2.336134722319     -0.012094101144
   20      2.336356063555     -0.041242869469      2.316512890451
   20      4.710192487538      2.302294368862      2.332693680930
   20      0.047217406468     -2.361348678414      2.310913434142
   20     -2.331998541581     -0.012683791388     -2.314486515485
   20      0.003683223763      2.316971783448     -2.361308305533
   20     -4.651785643144     -2.318428967672     -2.335695077743
   20     -0.042346488747      2.360112852618      2.353298938339
   20      2.301547752565      4.712673959112      2.351289799122
   20     -2.355180129770      0.053910348253      2.304659246573
   20      2.287092553981      2.327725872267      4.735792337851
   20      4.656896501540      4.668192693976      4.694520732787
   12      0.064441368652      0.009435475848      4.665000805342
   12     -2.423606635638      2.369811003048      0.065058004128
   20     -0.014046080165      4.711535198259      0.008360893723
   12     -4.658725871646      0.044830347134     -0.005206533975
   12     -0.040003003087     -2.284051376240     -2.314265665300
   20      2.306087939898     -0.006053788987     -2.338600460753
   20     -2.303809039962     -4.648498413901     -2.369252839373
   12      2.295511077942     -2.403773617579      0.045880982512
   20      4.711836331106     -0.020817642060      0.026913113498
   12     -0.014570120489     -4.790147962712     -0.053182614645
   12     -2.337001686982     -2.378637133508     -4.685511879507
   12      0.025042327820     -0.028097639601     -4.636030442488
   12     -4.623114289554     -4.633852298819     -4.796890359175
    8      0.000213004701     -0.068428107053     -2.395590937929
    8      2.333592582998      2.339234807375     -2.378229782151
    8     -2.235935011464     -2.332378387823     -2.351945640310
    8      2.338088545850     -0.056295162169      0.001544728638
    8      4.735763049875      2.322882321286      0.002477354717
    8      0.122954896213     -2.409019489285     -0.060440124058
    8      4.725268611896     -0.077934886393      2.338599097096
    8      7.087397536257      2.252597456263      2.257882561981
    8      2.413848681963     -2.405796794619      2.291736945699
    8     -0.053906531908      2.346941907425     -0.004058967082
    8      2.342093694405      4.733379809153      0.010617457414
    8     -2.400769504411      0.080476428228      0.001638591001
    8      2.321378377671      2.332079834496      2.333603501115
    8      4.679249790441      4.671757892123      2.328738499606
    8      0.012514083644      0.005681371070      2.370392967706
    8      4.665747095409      2.339496884052      4.718947255114
    8      7.010529241371      4.742946136254      4.680063824495
    8      2.234997256546      0.001777117627      4.778441343501
    8     -0.080315983961      4.758247817430      2.408838507500
    8      2.247021795481      7.084404412968      2.248279574922
    8     -2.400218932386      2.430904498053      2.235688095956
    8      2.251889945885      4.664574233223      4.703872217109
    8      4.747195925168      7.001244356257      4.657906567520
    8      0.013880015392      2.290393610301      4.743681888523
    8      4.591418791469      4.587746235820      7.062770138930
    8      7.130251985166      7.079167009290      7.015446190346
    8      2.305426288748      2.322502920072      7.084954543671
    0    0
