   3   1   1 E -1.6031086054589E+04 DE-4.7E-10( 11)
  0.188029385873E-01  0.689635002343E+01  0.693502599140E+01
  0.707872594809E+01 -0.475659989768E-01  0.699244639679E+01
  0.705554414276E+01  0.692588331339E+01 -0.190419100952E-01
    1
  0.100000000000E+01  0.000000000000E+00  0.000000000000E+00
  0.000000000000E+00  0.100000000000E+01  0.000000000000E+00
  0.000000000000E+00  0.000000000000E+00  0.100000000000E+01
  0.000000000000E+00  0.000000000000E+00  0.000000000000E+00
   54
   20     -0.004636832227     -0.019827093418     -0.009780375438
   20      2.357365947500      2.316664942853     -0.037636328744
   20     -2.355115469044     -2.297640498126     -0.039848941513
   20      2.385178929797     -0.018084043491      2.359521306911
   20      4.687982553735      2.270495377602      2.298436930585
   20      0.007998085622     -2.326711460379      2.330579835030
   20     -2.361165512720     -0.016148640342     -2.334821815374
   20     -0.001637441828      2.344446073050     -2.325102600209
   20     -4.685922955387     -2.303135440462     -2.337290766948
   20     -0.065885080061      2.360934235151      2.342366286673
   20      2.348685464125      4.639627841259      2.274841343797
   12     -2.407891383302      0.033951031472      2.271594885446
   12      2.398876818476      2.242847435193      4.620020687381
   20      4.722915237040      4.664856579703      4.689974367280
   20     -0.006916757849      0.019321700958      4.683414965436
   20     -2.400757287907      2.338349068504      0.049113996044
   12     -0.038507804480      4.641346859450     -0.018890623366
   12     -4.630161456832      0.029851276054     -0.010037494451
   12     -0.051362834990     -2.304438812617     -2.390038805073
   20      2.383747017554      0.023495848436     -2.367008784157
   12     -2.386286153203     -4.655201101512     -2.410162146777
   20      2.387958158477     -2.358598253941      0.031395211941
   12      4.674512866200      0.005225488312      0.045077631712
   20      0.014795246676     -4.685092096081     -0.031645344811
   12     -2.333855438442     -2.344702939217     -4.473300679055
   20     -0.037251856164     -0.048566171452     -4.705560523009
   12     -4.572724149999     -4.569065851316     -4.516539703309
    8     -0.007553796579     -0.050305966560     -2.351745345295
    8      2.409576948050      2.326110319442     -2.410014876886
    8     -2.285286644272     -2.384113328515     -2.447142666708
    8      2.403202068219     -0.009492778423      0.007061295623
    8      4.692295685923      2.211390875243     -0.122265637489
    8      0.005123586167     -2.347456801638     -0.064934791901
    8      4.683827257586     -0.119525158215      2.250272261671
    8      7.112738847065      2.260213391487      2.309957859837
    8      2.430193365494     -2.417873477744      2.345353586295
    8     -0.028468939256      2.387769227426      0.007158714921
    8      2.300182969188      4.710669614981     -0.038512618195
    8     -2.385827639584      0.000660878913      0.067260293793
    8      2.357038101032      2.314841649727      2.364580343579
    8      4.706704682358      4.675976896253      2.299248792323
    8     -0.051118590795      0.011481080271      2.348975789319
    8      4.650028871222      2.296230312483      4.667954922170
    8      7.067339583739      4.617137426586      4.703220237855
    8      2.387275936303      0.064994587905      4.741941366637
    8     -0.056938788530      4.596080740426      2.323071484869
    8      2.427048555273      7.022502463504      2.203713589739
    8     -2.466236522205      2.311813881988      2.476152561500
    8      2.332287717305      4.508290301222      4.636630669101
    8      4.717306776414      7.060553561869      4.642401548919
    8      0.020128576881      2.379553419903      4.624570705516
    8      4.825590460651      4.724352677217      7.146676419016
    8      7.038720037862      6.740905787099      6.925035979053
    8      2.373711616172      2.109040081804      6.942642150155
    0    0
