   3   1   1 E -1.6031102789161E+04 DE-1.1E-09( 10)
 -0.769785807231E-02  0.702437291512E+01  0.699738458619E+01
  0.700972567682E+01 -0.776905420972E-02  0.699738458619E+01
  0.700202781876E+01  0.701660386092E+01  0.000000000000E+00
    2
  0.100000000000E+01  0.000000000000E+00  0.000000000000E+00
  0.000000000000E+00  0.100000000000E+01  0.000000000000E+00
  0.000000000000E+00  0.000000000000E+00  0.100000000000E+01
  0.000000000000E+00  0.000000000000E+00  0.000000000000E+00
 -0.100000000000E+01  0.000000000000E+00  0.000000000000E+00
  0.000000000000E+00 -0.100000000000E+01  0.000000000000E+00
  0.000000000000E+00  0.000000000000E+00  0.100000000000E+01
  0.000000000000E+00  0.000000000000E+00  0.000000000000E+00
   54
   20      0.000000000000     -0.000000000000     -0.060350831797
   20      2.325035559290      2.348751210605     -0.052054513458
   20     -2.325035559290     -2.348751210605     -0.052054513458
   20      2.329633863923     -0.043917215198      2.340090164491
   20      4.690692153570      2.317473909505      2.318217039765
   20      0.038017076399     -2.337404816486      2.373290213537
   20     -2.338375355266     -0.027793509033     -2.337259820562
   12     -0.026029363066      2.378462991813     -2.319305472499
   12     -4.800756196805     -2.360767844303     -2.283246542251
   20     -0.038017076399      2.337404816486      2.373290213537
   20      2.311335665186      4.699129951411      2.318217039765
   20     -2.329633863923      0.043917215198      2.340090164491
   20      2.312366324504      2.331372921587      4.714717050601
   20      4.689661494253      4.685230939330      4.714717050601
   12      0.000000000000      0.000000000000      4.740707997417
   12     -2.406794574275      2.273895264834     -0.039353523440
   20     -0.048102099070      4.702657099249     -0.060350807980
   12     -4.640244441768     -0.020517207801     -0.041526716503
   12      0.026029363066     -2.378462991813     -2.319305472499
   20      2.338375355266      0.027793509033     -2.337259820562
   12     -2.201271621952     -4.655836016614     -2.283246542251
   12      2.406794574275     -2.273895264834     -0.039353523440
   12      4.640244441768      0.020517207801     -0.041526716503
   20      0.048102099070     -4.702657099249     -0.060350807980
   20     -2.340921078780     -2.370392914979     -4.664581445437
   20     -0.000000000000     -0.000000000000     -4.678291239593
   20     -4.661106739976     -4.646210945938     -4.664581445437
    8     -0.000000000000     -0.000000000000     -2.344044279043
    8      2.234473944940      2.469128130033     -2.319068410953
    8     -2.234473944938     -2.469128130032     -2.319068410953
    8      2.438891201690     -0.080543501530     -0.008062164486
    8      4.673584844685      2.239016485040     -0.096046889845
    8      0.127352893125     -2.339199627894     -0.060350817441
    8      4.668992182070      0.001487910369      2.255607311731
    8      6.994327320092      2.338453083128      2.416333562449
    8      2.339260940056     -2.329948730650      2.347930951648
    8     -0.127352893125      2.339199627894     -0.060350817441
    8      2.328442974071      4.777587375876     -0.096046889845
    8     -2.438891201690      0.080543501530     -0.008062164486
    8      2.339453960030      2.338441809542      2.332249392202
    8      4.662573858724      4.678162051373      2.332249392202
    8      0.000000000000      0.000000000000      2.404333156270
    8      4.772973659870      2.336661247185      4.741419432880
    8      7.077472564044      4.656138325174      4.669317388088
    8      2.228870978788     -0.107031601637      4.770333952357
    8      0.007700498664      4.678150777788      2.416333562449
    8      2.333035636685      7.015115950546      2.255607311732
    8     -2.339260940056      2.329948730650      2.347930951649
    8      2.229054158888      4.679942613733      4.741419432880
    8      4.773156839967      7.123635462552      4.770333952357
    8     -0.075444745287      2.360465535743      4.669317388088
    8      4.523332938273      4.711566485407      6.990237022355
    8      7.002027818754      7.016603860915      6.937033757919
    8      2.478694880487      2.305037375514      6.990237022355
    0    0
