   3   1   1 E -1.6031054204376E+04 DE 8.2E-11( 11)
  0.644192994645E-02  0.698754163516E+01  0.698754163516E+01
  0.701796998639E+01 -0.117620476537E-01  0.700571902077E+01
  0.701796998639E+01  0.700571902077E+01 -0.117620476537E-01
    2
  0.100000000000E+01  0.000000000000E+00  0.000000000000E+00
  0.000000000000E+00  0.100000000000E+01  0.000000000000E+00
  0.000000000000E+00  0.000000000000E+00  0.100000000000E+01
  0.000000000000E+00  0.000000000000E+00  0.000000000000E+00
  0.100000000000E+01  0.000000000000E+00  0.000000000000E+00
  0.000000000000E+00  0.000000000000E+00  0.100000000000E+01
  0.000000000000E+00  0.100000000000E+01  0.000000000000E+00
  0.000000000000E+00  0.000000000000E+00  0.000000000000E+00
   54
   20     -0.005399404301     -0.004120696273     -0.004120696273
   20      2.345419544018      2.334737191174     -0.008775672669
   20     -2.336498944114     -2.333136901048     -0.000451966012
   20      2.345419544018     -0.008775672669      2.334737191174
   20      4.696179164628      2.319565884843      2.319565884843
   20      0.012909584458     -2.347049857260      2.332123630284
   20     -2.336498944114     -0.000451966012     -2.333136901048
   20      0.012909584458      2.332123630284     -2.347049857260
   12     -4.680797226649     -2.332337881632     -2.332337881632
   20     -0.005705635312      2.329746875604      2.329746875604
   20      2.345501245077      4.678375935105      2.324163475694
   12     -2.437439541241     -0.016221700327      2.285240657698
   20      2.345501245077      2.324163475694      4.678375935105
   20      4.691121142024      4.665343378812      4.665343378812
   20      0.003168848324     -0.003101528158      4.682407885345
   12     -2.437439541241      2.285240657698     -0.016221700327
   20      0.003168848324      4.682407885345     -0.003101528158
   12     -4.661960892541      0.005827298428      0.005827298428
   12     -0.007148237352     -2.308135762949     -2.308135762949
   20      2.342544728910      0.005447719746     -2.341874040863
   20     -2.344489862015     -4.667445144653     -2.327143463880
   20      2.342544728910     -2.341874040863      0.005447719746
   12      4.680910893111      0.020447541647      0.020447541647
   12      0.008756293031     -4.661021051855      0.046789268108
   20     -2.344489862015     -2.327143463880     -4.667445144653
   12      0.008756293031      0.046789268108     -4.661021051855
   12     -4.677166677000     -4.681763931245     -4.681763931245
    8      0.002027422071     -0.011325011486     -2.348037051451
    8      2.342358717909      2.341189885867     -2.350369755918
    8     -2.343575582254     -2.330636194118     -2.330636194118
    8      2.346561128041     -0.004178580113     -0.004178580113
    8      4.693608053547      2.322219610354     -0.013906494190
    8      0.002027422071     -2.348037051451     -0.011325011486
    8      4.693608053547     -0.013906494190      2.322219610354
    8      7.045995340871      2.305494878903      2.305494878903
    8      2.342358717909     -2.350369755918      2.341189885867
    8     -0.000755433692      2.335177681653     -0.003955419433
    8      2.343977862758      4.683126035455     -0.013511783462
    8     -2.349536218595      0.014651102102      0.014651102102
    8      2.344235459285      2.329717491025      2.329717491025
    8      4.691488275089      4.673007786861      2.323496331641
    8     -0.000755433692     -0.003955419433      2.335177681653
    8      4.691488275089      2.323496331641      4.673007786861
    8      7.034150947528      4.665791085112      4.665791085112
    8      2.343977862758     -0.013511783462      4.683126035455
    8     -0.000284168231      4.679825067578      2.333044350196
    8      2.351124995041      7.019679634054      2.308420920885
    8     -2.375669903419      2.312296443633      2.312296443633
    8      2.342229696107      4.660929496857      4.660929496857
    8      4.684760480032      6.998142429288      4.657727842929
    8     -0.000284168231      2.333044350196      4.679825067578
    8      4.684760480032      4.657727842929      6.998142429288
    8      7.019938366200      7.031088809344      7.031088809344
    8      2.351124995041      2.308420920885      7.019679634054
    0    0
