   3   1   1 E -1.6031078155303E+04 DE 2.9E-10( 11)
 -0.151167993408E-01  0.697319682467E+01  0.697169447817E+01
  0.697109673487E+01 -0.220268113004E-01  0.697311493907E+01
  0.698367237384E+01  0.698061880971E+01 -0.281421575739E-01
    1
  0.100000000000E+01  0.000000000000E+00  0.000000000000E+00
  0.000000000000E+00  0.100000000000E+01  0.000000000000E+00
  0.000000000000E+00  0.000000000000E+00  0.100000000000E+01
  0.000000000000E+00  0.000000000000E+00  0.000000000000E+00
   54
   20      0.021934593822     -0.016210577995     -0.063923190633
   20      2.340829628149      2.346976930158     -0.039822943294
   20     -2.345954118893     -2.362748259743     -0.050492218703
   20      2.306144287333     -0.019105452581      2.349597219182
   20      4.628493561223      2.322721632166      2.327245455253
   20      0.030319681071     -2.335897878687      2.366213722697
   20     -2.350530596488     -0.013938884717     -2.332509392359
   12      0.046637237141      2.380441378095     -2.362227327465
   12     -4.738215003844     -2.395695830498     -2.355199236412
   20      0.032148455124      2.355159147645      2.383703282895
   12      2.270105678805      4.595322073763      2.325757112821
   20     -2.322736547970      0.002518938522      2.374652610552
   12      2.253730597713      2.474135702331      4.672686885356
   20      4.630574602846      4.645426363150      4.688224184543
   12      0.021783996590      0.036870499041      4.726060551932
   20     -2.344645917791      2.359732858633     -0.030784245222
   20      0.018734120075      4.666143295520     -0.033613914353
   20     -4.698109522858     -0.016283268401     -0.052439564217
   12      0.149717969255     -2.395255752505     -2.306048579564
   20      2.336785567660     -0.023726578963     -2.312589306586
   12     -2.283899945946     -4.630090872858     -2.260636773081
   12      2.487944999720     -2.222024090403      0.049015916246
   12      4.643156648135     -0.027964435488     -0.003513634650
   20     -0.002562066470     -4.665252956288     -0.086592895577
   20     -2.331125303465     -2.328170012353     -4.616770619285
   20      0.001368025292     -0.011294984708     -4.651201487266
   20     -4.652882658748     -4.614371120280     -4.614839223733
    8      0.008695872684     -0.010241604834     -2.335684702515
    8      2.317949750290      2.404028894450     -2.340499589394
    8     -2.344805961599     -2.413230711419     -2.334376279664
    8      2.381422937139     -0.055796878416     -0.022848348547
    8      4.646535883392      2.268810125104     -0.105374552899
    8      0.077201878817     -2.348514867167     -0.094040536816
    8      4.623683708591     -0.019633646297      2.305400381639
    8      6.984146363096      2.317471466015      2.340286376032
    8      2.314532193668     -2.344193202785      2.358327414767
    8      0.019203354450      2.347190403629     -0.048501756402
    8      2.304271020690      4.636010365008     -0.057674585571
    8     -2.343036753312     -0.010591060297     -0.041248740407
    8      2.326028733807      2.400903614414      2.377419075462
    8      4.613710003975      4.644516330317      2.345529229555
    8      0.013918939114     -0.000206325554      2.379801096219
    8      4.624289565605      2.325806964724      4.639922974671
    8      7.057462150846      4.638648614401      4.645246633344
    8      2.217856281149     -0.041029804553      4.643985326621
    8      0.060343554033      4.655306712515      2.384950304618
    8      2.315291312733      6.928429798975      2.316030372161
    8     -2.336747567105      2.341351954570      2.365379012102
    8      2.200588114310      4.531069120939      4.725954226836
    8      4.707571832343      7.034818495396      4.716684907491
    8      0.016666944608      2.337423253743      4.651812657470
    8      4.583204274996      4.683873338496      6.964441302327
    8      6.893197967149      6.954224140620      6.862504811882
    8      2.295505069206      2.379186349271      6.891623268464
    0    0
