   3   1   1 E -1.6031087229734E+04 DE-2.2E-09( 10)
  0.308443450397E-02  0.702489843392E+01  0.701737964202E+01
  0.702672431415E+01 -0.734837391776E-02  0.702159983973E+01
  0.702882366583E+01  0.702519147567E+01 -0.342010791890E-02
    1
  0.100000000000E+01  0.000000000000E+00  0.000000000000E+00
  0.000000000000E+00  0.100000000000E+01  0.000000000000E+00
  0.000000000000E+00  0.000000000000E+00  0.100000000000E+01
  0.000000000000E+00  0.000000000000E+00  0.000000000000E+00
   54
   20      0.039072645480     -0.014480694753     -0.079057178817
   20      2.339829378383      2.354865699644     -0.077105323710
   20     -2.359340988030     -2.363508620805     -0.040360271732
   20      2.326804810596     -0.017332366833      2.408173731407
   20      4.662168080219      2.363504488548      2.359279428019
   20      0.021721758166     -2.337143942015      2.392467681916
   20     -2.343593528710     -0.007099243954     -2.341487657259
   12      0.101927407928      2.345961727322     -2.371916709950
   12     -4.774170713300     -2.434626099718     -2.356031534647
   20      0.024198975459      2.360082395446      2.427006703391
   12      2.295925550553      4.624812088804      2.492446886511
   20     -2.362120480425      0.009995707072      2.399910230175
   12      2.257361203693      2.441679351993      4.711031740972
   20      4.633523230570      4.697222717704      4.680796953215
   12      0.094985516482      0.054264399283      4.702204846222
   20     -2.366442632092      2.367414747615     -0.034040008161
   20      0.037090183047      4.680879498275     -0.041922761540
   20     -4.700244999767     -0.012584499559     -0.050659581425
   12      0.169179121506     -2.394977699489     -2.337425860571
   12      2.235047151121     -0.018673562450     -2.378697476304
   12     -2.373362178506     -4.677503425672     -2.331025134314
   12      2.396050866628     -2.328400429166     -0.056869880900
   20      4.665011112638     -0.000721493062     -0.057347130973
   20      0.022449831438     -4.670126246041     -0.085250505248
   20     -2.354017448743     -2.367726357925     -4.623915496849
   20      0.035782957946     -0.012565352874     -4.637078352714
   20     -4.688565493526     -4.669107159953     -4.633241585776
    8      0.120285587104      0.006219815907     -2.347906163670
    8      2.296945260270      2.363120288836     -2.345928883969
    8     -2.360604769162     -2.451921445115     -2.336881328407
    8      2.345108833969     -0.089829576384     -0.107493408187
    8      4.679998311975      2.343746669654     -0.101235332859
    8      0.091303717522     -2.340943209114     -0.070322217224
    8      4.679789321330     -0.006776445050      2.361961927016
    8      7.031812793316      2.343379029683      2.416410547069
    8      2.338413197382     -2.345858657659      2.398284856765
    8      0.008530570106      2.345094663809     -0.087739034354
    8      2.341238519283      4.677077805707     -0.046628628112
    8     -2.343034998010     -0.001273586858     -0.037133132302
    8      2.344823898661      2.430024768755      2.418095412109
    8      4.602695696671      4.687114255506      2.377688617640
    8      0.011168996401      0.006248343501      2.409701318343
    8      4.657796379320      2.347552046784      4.675411929046
    8      7.132873960487      4.670453244499      4.678582700896
    8      2.226296226563     -0.013321420075      4.681527499142
    8      0.090468969548      4.681351206980      2.444504867748
    8      2.330541402079      6.941169265698      2.408993812090
    8     -2.348168660173      2.346279543056      2.396707800567
    8      2.256692339629      4.649815240948      4.720533162013
    8      4.662178942381      7.141543571774      4.686304208036
    8      0.058314536436      2.354546597685      4.670107903087
    8      4.613824078673      4.683803491003      6.998580790623
    8      7.025185276295      7.016929627954      6.921229594937
    8      2.333096158370      2.432686145619      6.936772613234
    0    0
