   3   1   1 E -1.6031093474435E+04 DE-9.6E-10( 10)
 -0.148516588642E-01  0.702620128051E+01  0.701221833260E+01
  0.696176341034E+01  0.781652799780E-02  0.699651033478E+01
  0.696777559522E+01  0.702251167224E+01 -0.415977650435E-02
    1
  0.100000000000E+01  0.000000000000E+00  0.000000000000E+00
  0.000000000000E+00  0.100000000000E+01  0.000000000000E+00
  0.000000000000E+00  0.000000000000E+00  0.100000000000E+01
  0.000000000000E+00  0.000000000000E+00  0.000000000000E+00
   54
   20     -0.021690739262     -0.030223803418     -0.007374057404
   20      2.309267284539      2.370340042297     -0.042402069634
   20     -2.360619119554     -2.303061702152     -0.012625746396
   20      2.360628347654     -0.035180565876      2.373755777301
   20      4.630081940751      2.328282518970      2.315325697529
   20      0.052812552378     -2.352433136086      2.378582469526
   20     -2.371535491572     -0.046881158548     -2.349084371056
   20      0.030531027121      2.368324529957     -2.333669678410
   12     -4.642617806200     -2.403373734352     -2.320418454038
   20     -0.046525871024      2.385413829039      2.337775586595
   20      2.307285070984      4.723586411282      2.297255923128
   12     -2.432264948328     -0.006365677037      2.285423451631
   12      2.299574562115      2.397763747005      4.654334304451
   20      4.649739634140      4.717540490813      4.714551561785
   20      0.007650754782     -0.010150153181      4.714694341675
   20     -2.374742431993      2.345961660430      0.090635412154
   12     -0.119992067275      4.752671729851     -0.066937745746
   12     -4.635771478128      0.016148546595     -0.119486298241
   12      0.054692516249     -2.351566772235     -2.339226307574
   20      2.364910762247     -0.003400456334     -2.356869551521
   20     -2.340445015826     -4.653445711885     -2.394941653084
   20      2.381765213567     -2.388077818154      0.020059491554
   12      4.599706020290     -0.036595595895      0.009588019499
   20      0.060113067802     -4.708091852069     -0.011448379106
   12     -2.271130093334     -2.305923770003     -4.655432241589
   20      0.030196068527     -0.056024903285     -4.713700426135
   12     -4.616475888515     -4.692653064148     -4.619717532473
    8      0.007724877317     -0.079271366070     -2.347602312371
    8      2.315398016704      2.411252457960     -2.418785907814
    8     -2.318866132266     -2.329634514504     -2.379296145501
    8      2.389738488971     -0.024253332753     -0.019874493616
    8      4.643344310767      2.294833570213     -0.025020097031
    8      0.017809310630     -2.352140361597     -0.036626573480
    8      4.639848860860     -0.093250288383      2.237523845615
    8      7.042604883098      2.335499411714      2.326678826871
    8      2.495941636683     -2.461227558123      2.481700074685
    8     -0.022705583911      2.401978475702      0.014390624189
    8      2.227550282434      4.794549309377     -0.064664013760
    8     -2.444100668403     -0.003288193223      0.054009042811
    8      2.296972270887      2.351800017275      2.342781172296
    8      4.632408312813      4.739932281980      2.342888765806
    8     -0.051417680799     -0.012549303852      2.368883510092
    8      4.554216252111      2.348974700873      4.674436920002
    8      7.089025047240      4.691007077562      4.770919991677
    8      2.313303166012      0.013568989627      4.770060190484
    8     -0.099709450614      4.691006576119      2.318018483108
    8      2.455742388599      7.120652343553      2.316539554138
    8     -2.469417852868      2.361195106810      2.344077124765
    8      2.249042940663      4.632973382517      4.652597499027
    8      4.645248545173      7.030936945332      4.661037199763
    8      0.089490288401      2.420910523748      4.680982060144
    8      4.733258416433      4.786395842452      7.108718977731
    8      6.956761482867      6.945661950367      6.982640868006
    8      2.321736778214      2.214284987102      7.014897296859
    0    0
