   3   1   1 E -1.6031098849248E+04 DE-2.0E-08(  7)
  0.817246721750E-02  0.701635971411E+01  0.700012139031E+01
  0.702630934443E+01 -0.411399764299E-02  0.700442164894E+01
  0.702479461957E+01  0.701445033487E+01  0.252432172233E-02
    1
  0.100000000000E+01  0.000000000000E+00  0.000000000000E+00
  0.000000000000E+00  0.100000000000E+01  0.000000000000E+00
  0.000000000000E+00  0.000000000000E+00  0.100000000000E+01
  0.000000000000E+00  0.000000000000E+00  0.000000000000E+00
   54
   20      0.027727991204     -0.027318552355     -0.036927885570
   20      2.350116186027      2.379814042650     -0.034828195868
   20     -2.363499718050     -2.339105306259     -0.036230774749
   20      2.320617831195     -0.052797853109      2.361187486357
   20      4.683645223920      2.347235056554      2.367784718843
   20      0.028264219237     -2.344631293173      2.371952236602
   20     -2.370370645955     -0.044876427013     -2.320223162817
   20      0.028798984400      2.407631320759     -2.334584867246
   12     -4.723299335724     -2.371857556167     -2.301772434795
   20     -0.029904778682      2.367081867726      2.365033064726
   20      2.331232094321      4.701792848157      2.324108041777
   20     -2.356526008258      0.026155385912      2.378858828477
   20      2.296641314568      2.346506020452      4.715554175978
   12      4.655106509636      4.674020652752      4.726889040363
   12     -0.035400572058     -0.122808316412      4.676105606180
   20     -2.367281110994      2.378777306408     -0.026346237087
   12      0.127067855810      4.753367707487     -0.099704878865
   12     -4.717536201884     -0.071205423732     -0.017870296483
   12     -0.019180769828     -2.368053327410     -2.289462918484
   20      2.379548735786     -0.002434333815     -2.337515624485
   12     -2.341185173625     -4.576401310104     -2.345314938703
   12      2.334771647253     -2.336233952825     -0.065827713655
   20      4.713401185536     -0.050829211023     -0.047190462271
   20      0.035859789214     -4.692495390595     -0.037030095660
   20     -2.383074959958     -2.376518443406     -4.650422951965
   20      0.030056398971     -0.022056429891     -4.688258225947
   12     -4.645452152994     -4.640311741520     -4.664746924564
    8      0.012593321080     -0.054236041529     -2.339507306577
    8      2.447925686537      2.462483022026     -2.422020112703
    8     -2.344648333659     -2.428094429608     -2.321789887959
    8      2.349276020629     -0.053507875467     -0.015576293695
    8      4.680192086988      2.334541361686     -0.068251184586
    8      0.058687944654     -2.345669119866     -0.065507210392
    8      4.674048537682     -0.023377780290      2.341468544945
    8      7.094018489346      2.336664291615      2.343958930067
    8      2.324096538968     -2.430625969353      2.344222456699
    8      0.010061257022      2.414477788259     -0.003788275508
    8      2.249873367928      4.764753870574     -0.102825385779
    8     -2.401104760526     -0.004461361149     -0.000797722139
    8      2.331286733939      2.347475932194      2.361042558725
    8      4.680051046567      4.677627912461      2.389551777182
    8      0.010252280450     -0.006428036651      2.410311754025
    8      4.676970376938      2.404408315025      4.675601571107
    8      7.068673503450      4.760650381072      4.766130571530
    8      2.253331184847     -0.111005192024      4.759382778356
    8      0.003103933652      4.680892639192      2.351075924463
    8      2.342642105654      7.087708845590      2.291128219772
    8     -2.397788672286      2.354825496792      2.374988776872
    8      2.372996387081      4.680610750718      4.765622987823
    8      4.790776336855      6.975691782059      4.675948070569
    8     -0.101981600137      2.404162741957      4.672147197580
    8      4.625192374315      4.670591290510      6.929157731247
    8      7.123574851154      6.896310817301      6.912049466727
    8      2.342498402252      2.381213457835      7.054862575937
    0    0
