   3   1   1 E -1.6031068220405E+04 DE 1.3E-09( 11)
  0.377680706634E-01  0.698543746192E+01  0.700991711461E+01
  0.696535468230E+01  0.501858593999E-01  0.699099182574E+01
  0.699648114511E+01  0.699165041218E+01  0.252634675607E-01
    1
  0.100000000000E+01  0.000000000000E+00  0.000000000000E+00
  0.000000000000E+00  0.100000000000E+01  0.000000000000E+00
  0.000000000000E+00  0.000000000000E+00  0.100000000000E+01
  0.000000000000E+00  0.000000000000E+00  0.000000000000E+00
   54
   20      0.068158418904      0.000745603816     -0.050829831095
   20      2.334140086858      2.335968908838     -0.052369477929
   20     -2.316316691501     -2.378659787002     -0.059065465362
   20      2.323056306556      0.003214573501      2.373539797608
   20      4.686126674246      2.321003544481      2.362828141221
   20      0.043829610952     -2.372858183314      2.365340443820
   20     -2.307945278998     -0.002981673829     -2.331885163385
   12      0.057376889498      2.289684626414     -2.252928276126
   12     -4.732231820110     -2.437702189291     -2.331160615484
   20      0.032189023225      2.357694867654      2.338470773104
   20      2.304899704887      4.675232913213      2.370331318137
   20     -2.341857302035      0.023589153105      2.353543008284
   12      2.252896425053      2.430908790961      4.751398426321
   20      4.665996260475      4.654785996340      4.724390570843
   20      0.003020332103      0.037678647618      4.721055768242
   20     -2.338572880228      2.369724378822     -0.029264686092
   12      0.004128019126      4.584409109938      0.083754329669
   20     -4.698291261011      0.010622880006     -0.026324287241
   20      0.044895458947     -2.349682398858     -2.364672053371
   12      2.365072287686     -0.040682002019     -2.369646531947
   12     -2.359270789164     -4.626880527165     -2.261161238368
   12      2.256422350888     -2.504192912628     -0.103592690392
   20      4.670109968608      0.026916312955     -0.005336618919
   12     -0.151150117783     -4.570031502804     -0.100511349935
   20     -2.338720352185     -2.339928238991     -4.662684984247
   12      0.088031456951      0.109149228600     -4.765633977695
   20     -4.711680115759     -4.667010823806     -4.636164130479
    8      0.129396812101      0.077147962267     -2.410591683822
    8      2.313083603353      2.304977298715     -2.327405331498
    8     -2.349896469953     -2.409525060095     -2.366375763769
    8      2.348222307087     -0.038536624204     -0.058664030105
    8      4.716226929655      2.329606734332     -0.049818746789
    8      0.095109846544     -2.415384772989     -0.023669675734
    8      4.689651964988      0.026051956102      2.355171780411
    8      7.000081585471      2.254553748030      2.385608001193
    8      2.302057757981     -2.325711091323      2.370147538749
    8      0.035450977208      2.389352603041     -0.080532924213
    8      2.263333377090      4.644429431971     -0.049825255340
    8     -2.312447948966      0.003445524511     -0.037604078538
    8      2.323422914717      2.352928450369      2.367938020203
    8      4.675259876221      4.648635105980      2.372931933070
    8      0.021692796380      0.005131098323      2.345808254338
    8      4.640160228761      2.360176500258      4.667634833780
    8      7.074043587048      4.602915592026      4.803857847552
    8      2.305786354896      0.037684265215      4.685704209434
    8      0.036245121622      4.700404076901      2.281805468623
    8      2.276725301357      7.001958388848      2.368512030305
    8     -2.312407009749      2.342443413980      2.354327298384
    8      2.330051611791      4.632245753925      4.712874434757
    8      4.619830656311      7.062533826727      4.704121242727
    8      0.028200989767      2.360123394208      4.704443134542
    8      4.654026593278      4.687848821382      6.993287465684
    8      7.004667033044      7.064633546358      7.082575186132
    8      2.185928077148      2.481942559332      6.924093446339
    0    0
