   3   1   1 E -1.6031072180957E+04 DE 5.1E-09(  8)
 -0.630099922832E-03  0.702741130150E+01  0.702688420755E+01
  0.702744094880E+01  0.000000000000E+00  0.702611468171E+01
  0.702807104872E+01  0.702741130150E+01 -0.769525842203E-03
    2
  0.100000000000E+01  0.000000000000E+00  0.000000000000E+00
  0.000000000000E+00  0.100000000000E+01  0.000000000000E+00
  0.000000000000E+00  0.000000000000E+00  0.100000000000E+01
  0.000000000000E+00  0.000000000000E+00  0.000000000000E+00
  0.100000000000E+01  0.000000000000E+00  0.000000000000E+00
  0.000000000000E+00 -0.100000000000E+01  0.000000000000E+00
  0.000000000000E+00  0.000000000000E+00  0.100000000000E+01
  0.000000000000E+00  0.000000000000E+00  0.000000000000E+00
   54
   20     -0.040487990874     -0.000000000000     -0.024094682856
   20      2.350883112614      2.402148520363     -0.012236913790
   20     -2.342045716456     -2.294935805874      0.010370484706
   20      2.364613464975     -0.000000000000      2.339456415125
   20      4.691572718736      2.322386282111      2.341693722642
   20      0.005622452807     -2.350924931876      2.332526201326
   20     -2.392912621099      0.000000000000     -2.348986736784
   20      0.019753469589      2.337180908070     -2.357987689997
   12     -4.695294650285     -2.343097987328     -2.290038432661
   20      0.005622452807      2.350924931876      2.332526201326
   20      2.339985997420      4.715130320638      2.340770323713
   12     -2.354288099752     -0.000000000000      2.341316459576
   12      2.332146298512      2.343097987328      4.736076249048
   20      4.684382193384      4.697789466873      4.713339566110
   20      0.005710949858      0.000000000000      4.733014165718
   20     -2.342045716456      2.294935805874      0.010370484706
   12      0.007432792484      4.705281032765      0.018730944252
   12     -4.693535471847      0.000000000000      0.016451605124
   20      0.019753469589     -2.337180908070     -2.357987689997
   12      2.362052130300      0.000000000000     -2.317827014168
   20     -2.343058755413     -4.697789466873     -2.312775115600
   20      2.350883112614     -2.402148520363     -0.012236913790
   12      4.695803309584     -0.000000000000      0.025972664138
   12      0.007432792484     -4.705281032765      0.018730944252
   20     -2.335868230061     -2.322386282111     -4.684420959068
   12      0.005835511313     -0.000000000000     -4.691927948899
   20     -4.687454951378     -4.715130320638     -4.685344357997
    8      0.022648602889      0.000000000000     -2.435550773953
    8      2.343328651983      2.352716337752     -2.325197273446
    8     -2.382026812011     -2.344779418937     -2.330372023749
    8      2.370133623920     -0.000000000000     -0.091814895959
    8      4.710887255973      2.321862552066      0.009692480875
    8      0.005517816639     -2.381313615413     -0.060948598778
    8      4.687943401258     -0.000000000000      2.297289337749
    8      7.041701821194      2.299556522008      2.314326932513
    8      2.349209772545     -2.353152880709      2.382787933642
    8      0.005517816639      2.381313615413     -0.060948598778
    8      2.304884573473      4.736118165339     -0.019031420036
    8     -2.363644420310      0.000000000000     -0.005629546792
    8      2.349209772545      2.353152880709      2.382787933642
    8      4.691856964862      4.739546336829      2.324702255314
    8     -0.043432059822     -0.000000000000      2.289939104654
    8      4.645414136786      2.344779418937      4.695742657961
    8      7.063642971189      4.688144367374      4.718249430323
    8      2.332629333162     -0.000000000000      4.718478937292
    8      0.013630772474      4.727854779491      2.315096458351
    8      2.348564092859      7.027411301499      2.342345530931
    8     -2.336214083857      2.287864964670      2.325471781153
    8      2.342698552062      4.674694963747      4.701686934103
    8      4.642811797795      7.027411301499      4.693724953824
    8      0.035571922468      2.339266934125      4.719018956160
    8      4.710257156052      4.705548749433      7.036576688425
    8      7.027476607371      7.027411301499      7.073272196278
    8      2.304254473552      2.291293136160      7.007852787514
    0    0
