   3   1   1 E -1.6031098492192E+04 DE 7.6E-10( 10)
  0.803801813005E-02  0.701286315015E+01  0.700976255850E+01
  0.699692581771E+01  0.935525707672E-03  0.700863251866E+01
  0.699720702114E+01  0.700738641092E+01  0.581811738553E-02
    1
  0.100000000000E+01  0.000000000000E+00  0.000000000000E+00
  0.000000000000E+00  0.100000000000E+01  0.000000000000E+00
  0.000000000000E+00  0.000000000000E+00  0.100000000000E+01
  0.000000000000E+00  0.000000000000E+00  0.000000000000E+00
   54
   20     -0.001956901147      0.008210965279     -0.000843013952
   20      2.367804686946      2.329088036494     -0.038261005862
   20     -2.335408963481     -2.337644101377      0.007935116375
   20      2.343486726164     -0.010386794751      2.381698143119
   20      4.705600468255      2.304244960436      2.321677382823
   20      0.031145364234     -2.376075062254      2.331381407688
   20     -2.349426010448      0.012326875994     -2.310695822104
   20      0.044580208484      2.337445385453     -2.332275055796
   12     -4.685751578262     -2.386021419658     -2.385217906171
   20     -0.024236406745      2.326698713956      2.320638129989
   20      2.331430920350      4.730444910571      2.370614461807
   12     -2.349268500028     -0.015555468193      2.372841029007
   12      2.353125694419      2.359911703694      4.711375525461
   20      4.619150377258      4.694975448625      4.680667760393
   20     -0.005153797767      0.018098132825      4.695750577305
   12     -2.393989482311      2.276138125005      0.007471658590
   20     -0.028840203932      4.714212679782      0.002292505111
   20     -4.679105185814      0.057585916584      0.001069396886
   20      0.038290241984     -2.339006966706     -2.331179490613
   12      2.340419272133      0.035540208295     -2.398843656238
   20     -2.372206617587     -4.703004024432     -2.367231416748
   20      2.368977101615     -2.383234059661     -0.025372660164
   12      4.707817765852      0.063556474178      0.047436229399
   12      0.028237484370     -4.750492525589      0.026223075167
   20     -2.345379914616     -2.350810671016     -4.694397590873
   12     -0.017359328462      0.070949984015     -4.758788356207
   12     -4.704441046257     -4.719009667291     -4.606294567834
    8      0.124049606758      0.014018264862     -2.361069831905
    8      2.334066643537      2.359154077712     -2.421810184504
    8     -2.406032722960     -2.343699017197     -2.322897357958
    8      2.406094205419      0.005985779255     -0.065577439206
    8      4.738503495945      2.241003363289     -0.002796591180
    8      0.001484872018     -2.420784175241      0.001088644051
    8      4.729093382977      0.004752152179      2.297094109644
    8      7.104841874467      2.225187821992      2.241843358366
    8      2.347878763510     -2.436432378663      2.437735468569
    8     -0.037970082074      2.342355486755      0.008730878510
    8      2.344110071823      4.695748545695     -0.016098958814
    8     -2.334846154651      0.086916297649      0.084514859453
    8      2.348801127344      2.335739631446      2.372109356578
    8      4.670865586739      4.731219180624      2.338850395722
    8     -0.062563481001     -0.010969813202      2.349475397187
    8      4.575560164240      2.332083579529      4.755784114258
    8      7.073457914534      4.678200184686      4.665576855318
    8      2.329067394571      0.024634509165      4.686875884416
    8      0.004580559598      4.752450176030      2.330076344859
    8      2.334958663473      7.113334031407      2.428404994543
    8     -2.446073805408      2.237205508858      2.223537494067
    8      2.335860479722      4.666010284429      4.665349028367
    8      4.563879521600      7.012319742866      4.640643968391
    8      0.055205200532      2.338665943135      4.674862296912
    8      4.669640140607      4.682252902095      7.004139791940
    8      6.881807259222      7.124251370374      7.094577571212
    8      2.335905798666      2.335541680527      6.968267070077
    0    0
