   3   1   1 E -1.6031082068315E+04 DE 2.9E-10( 11)
  0.287244297349E-01  0.697759608053E+01  0.699881672716E+01
  0.699098275482E+01  0.384779329203E-01  0.698130137239E+01
  0.701148662983E+01  0.697478581174E+01  0.239725044085E-01
    1
  0.100000000000E+01  0.000000000000E+00  0.000000000000E+00
  0.000000000000E+00  0.100000000000E+01  0.000000000000E+00
  0.000000000000E+00  0.000000000000E+00  0.100000000000E+01
  0.000000000000E+00  0.000000000000E+00  0.000000000000E+00
   54
   20     -0.023077469097     -0.009051860132     -0.007058581572
   20      2.347082855112      2.337062087157     -0.010266626665
   20     -2.349767700566     -2.311843614083     -0.020213347614
   20      2.349879619266     -0.039514404286      2.357402845842
   20      4.681452176882      2.314635111165      2.311976653563
   20      0.015296136872     -2.344105859309      2.327417276795
   20     -2.340851872510     -0.049990443609     -2.317370824489
   20      0.019293536888      2.321781169458     -2.326641753918
   12     -4.663865617097     -2.330064419197     -2.388638490360
   20     -0.050544186692      2.359082473284      2.334092495261
   20      2.350135649610      4.694384153511      2.313012066955
   12     -2.436395353836      0.062868090591      2.254509261250
   20      2.331066858381      2.311911456320      4.722140618867
   20      4.672946351762      4.676235156328      4.695596683881
   20     -0.019714573923      0.023775622460      4.676674417116
   12     -2.325948379257      2.401632545550      0.020654252115
   20     -0.001933724659      4.678750253656      0.011313471241
   12     -4.595415123046      0.039248461135     -0.022556855437
   12     -0.012977806688     -2.437011350693     -2.368432113025
   20      2.352015446586      0.010414675371     -2.332007030131
   20     -2.372975690670     -4.626782612417     -2.370417660674
   20      2.348030030687     -2.381900337617      0.040894697120
   12      4.693582368459      0.046872362824      0.056136561050
   12     -0.100635951046     -4.676788433287      0.042704188482
   12     -2.270350748064     -2.341442011620     -4.688061518950
   20      0.005821859896      0.000980405096     -4.684224491551
   12     -4.577379484662     -4.666179076062     -4.739954462482
    8      0.007066140650     -0.038409141163     -2.330417635543
    8      2.348320731881      2.372767202189     -2.372164349194
    8     -2.344274329200     -2.326379079614     -2.341443150680
    8      2.366566121439     -0.018810184797      0.017258071525
    8      4.699779388771      2.291606769207     -0.012201362486
    8     -0.006184910606     -2.394947817123     -0.015288058395
    8      4.666528948357     -0.052118492633      2.290442783325
    8      7.037790851026      2.339471433034      2.297270252662
    8      2.420811340273     -2.422219532838      2.393187451857
    8     -0.029317163054      2.334822262203      0.003116614416
    8      2.350993554964      4.703589978761     -0.033281079733
    8     -2.406714731908      0.063755441374      0.049245465237
    8      2.333065673359      2.331711290448      2.331968778066
    8      4.678172704294      4.691325146742      2.334576123942
    8     -0.035561352426     -0.003994347590      2.328877237828
    8      4.666904020548      2.325150672817      4.699070370819
    8      7.031605535171      4.679059378649      4.681153970604
    8      2.325269085087     -0.047339074034      4.708088337319
    8     -0.032484658244      4.682381195079      2.319678708841
    8      2.427477260705      7.045574545277      2.283556071394
    8     -2.417474286959      2.355339314817      2.245142891348
    8      2.319961523650      4.650178973021      4.687583997192
    8      4.668816313474      7.005716001118      4.673750810671
    8     -0.025455196884      2.372479344263      4.706895636038
    8      4.673443505741      4.675595679199      7.063687799090
    8      6.990724628869      7.087163106006      6.995942236270
    8      2.399772257175      2.190439547376      7.124028012705
    0    0
