   3   1   1 E -1.6031097897986E+04 DE 1.0E-09( 11)
  0.948298463671E-02  0.698955980059E+01  0.700894535501E+01
  0.698291029880E+01  0.187387585234E-02  0.702221040591E+01
  0.696068926017E+01  0.698802725605E+01  0.161650639123E-01
    1
  0.100000000000E+01  0.000000000000E+00  0.000000000000E+00
  0.000000000000E+00  0.100000000000E+01  0.000000000000E+00
  0.000000000000E+00  0.000000000000E+00  0.100000000000E+01
  0.000000000000E+00  0.000000000000E+00  0.000000000000E+00
   54
   20      0.013054704698     -0.017867069730     -0.003327715731
   20      2.335649866365      2.366493821270     -0.013252575619
   20     -2.345116381127     -2.355153787548     -0.040151985960
   20      2.336769097774     -0.059417226708      2.341644055213
   20      4.675877909836      2.330617173319      2.339245565944
   20      0.091437374168     -2.357829657510      2.341925784576
   20     -2.363001344698     -0.042715005138     -2.333869146286
   20      0.048091735794      2.370134239222     -2.309275439890
   12     -4.659330146414     -2.351438658314     -2.325764505449
   20     -0.045152139269      2.342560737158      2.337892143785
   20      2.295357974633      4.676437956583      2.328553889471
   20     -2.335872742328      0.033073906189      2.339227820380
   20      2.274539737967      2.307897070676      4.742615460669
   20      4.684429611878      4.691197451662      4.716087024119
   12      0.038833893273      0.001967400322      4.757337122877
   20     -2.384172771182      2.373255897869      0.030532292906
   12      0.086176721520      4.700128615421     -0.028547849501
   12     -4.760839890924     -0.097738171567     -0.046827287016
   20     -0.053656116751     -2.372026157641     -2.340434602241
   20      2.343579924189      0.031008277212     -2.334334247159
   12     -2.355705600031     -4.630469861003     -2.363543479807
   12      2.261951413424     -2.319982926853     -0.001981838173
   20      4.712614291145      0.001664000194      0.002419296812
   12      0.038373088719     -4.657419693501     -0.017333706087
   12     -2.380269435750     -2.356184033020     -4.711771689662
   20      0.026478137970     -0.000706530076     -4.720423428485
   12     -4.660666706928     -4.604922632240     -4.686632527167
    8      0.005590145123     -0.002818985451     -2.326598653011
    8      2.381703819362      2.404936407769     -2.368099327139
    8     -2.414770057748     -2.408925318594     -2.408301468832
    8      2.351024804013     -0.030086629516     -0.006275010426
    8      4.684638344440      2.340188238199     -0.038717715343
    8      0.049243864708     -2.402859143139     -0.018385546604
    8      4.670887218509     -0.040210511502      2.331095347969
    8      7.045874472779      2.338011418001      2.314930381398
    8      2.473186143420     -2.445486695959      2.308099992953
    8     -0.003931663187      2.382017849968      0.007731523432
    8      2.257449720309      4.712361044310     -0.051689305290
    8     -2.380340800842     -0.003428187014     -0.001541402991
    8      2.317751800918      2.324384005912      2.350740258704
    8      4.658167898302      4.664181547789      2.347055162634
    8      0.012602897375     -0.010889484789      2.342103852330
    8      4.642754167943      2.340438958607      4.714139431776
    8      7.084091718808      4.743794584669      4.728053545899
    8      2.245788823172     -0.099404557437      4.761947083428
    8     -0.031021155818      4.656824288959      2.318709770681
    8      2.314450820334      7.025161400454      2.297728125281
    8     -2.422509002086      2.434048303801      2.388485314258
    8      2.311066464168      4.657017311336      4.709182747110
    8      4.718496433883      7.050465538390      4.682721482670
    8     -0.087108574242      2.247544930053      4.734328598889
    8      4.665180340470      4.675591527491      7.070180637867
    8      7.117766256494      6.974721364766      6.900695763621
    8      2.201404337688      2.377429852906      7.124614687953
    0    0
