   3   1   1 E -1.6031055783636E+04 DE 2.1E-10( 11)
 -0.308277467484E-02  0.699768510094E+01  0.699817533517E+01
  0.700313504821E+01 -0.136214186397E-01  0.700133964421E+01
  0.701540875658E+01  0.700662883349E+01 -0.191640252193E-01
    1
  0.100000000000E+01  0.000000000000E+00  0.000000000000E+00
  0.000000000000E+00  0.100000000000E+01  0.000000000000E+00
  0.000000000000E+00  0.000000000000E+00  0.100000000000E+01
  0.000000000000E+00  0.000000000000E+00  0.000000000000E+00
   54
   20      0.003210676421     -0.003818471707     -0.000688365146
   20      2.336557557338      2.332550533674     -0.016900747530
   20     -2.341501111479     -2.331664740019      0.006480264624
   20      2.324982048983     -0.012035191130      2.337821922444
   20      4.672811990099      2.330575364230      2.336681494198
   20     -0.001198226520     -2.337557521046      2.346766706084
   20     -2.342752911371      0.004172654207     -2.337650067726
   20      0.010325544572      2.341850138916     -2.347200303776
   12     -4.682947689230     -2.349650400374     -2.320382893054
   20     -0.000113738810      2.326707209143      2.338548016663
   20      2.349454492410      4.684402078663      2.344201488470
   12     -2.339538228039      0.011865116024      2.375134494203
   12      2.320251902218      2.389078614243      4.672473869946
   12      4.593890459083      4.681108776955      4.640250511280
   12     -0.005827048552     -0.028174334260      4.649835277536
   20     -2.351397338617      2.343750390776     -0.003859517457
   20     -0.000139833507      4.684058067190     -0.017097615457
   20     -4.678910787046      0.014370412986      0.006213702579
   20      0.017377690429     -2.335478990752     -2.332351780968
   12      2.397501276624      0.041466584109     -2.317817576300
   20     -2.349382099281     -4.689180968922     -2.347530983109
   12      2.417802817483     -2.390021586426      0.008467957941
   20      4.663530203003     -0.017750536770     -0.018298495217
   20      0.005625628943     -4.680839829662      0.005489499221
   20     -2.346743836914     -2.333385270752     -4.668447260071
   12      0.021502070337      0.029245512274     -4.662172872742
   12     -4.672048725522     -4.678617656889     -4.637425805074
    8      0.018425379938      0.000689962032     -2.341467241990
    8      2.335708026232      2.332310812684     -2.368051454756
    8     -2.344710790102     -2.336245642860     -2.334162145682
    8      2.329229685886     -0.019145494871     -0.018956677809
    8      4.671339146811      2.326085787241     -0.016187024956
    8      0.010249754208     -2.338597747536      0.005149660701
    8      4.669547710892     -0.011370664712      2.332958705772
    8      7.021679519028      2.317139284733      2.327812041773
    8      2.323943229105     -2.355816342680      2.340753099454
    8      0.002320354522      2.338544413348     -0.008814670033
    8      2.340062884134      4.681632172364     -0.016241826839
    8     -2.339748060479      0.006980127893      0.008807991444
    8      2.338524076952      2.331837904338      2.342625324892
    8      4.679132995416      4.685669712380      2.339254076380
    8     -0.012524159583     -0.004848724229      2.347053625363
    8      4.654368329599      2.339537222541      4.663143502861
    8      7.009898275516      4.682838025311      4.646707083374
    8      2.309293038637     -0.007189156336      4.668867697761
    8      0.003295605271      4.680104128338      2.333347761886
    8      2.357374893948      7.042705529740      2.352253368872
    8     -2.357592953344      2.318284333456      2.327195350557
    8      2.382444472283      4.658685754666      4.683587348806
    8      4.663100269461      6.951554367210      4.616337214973
    8      0.008517897660      2.308167300031      4.662918376578
    8      4.639371769823      4.662252381378      6.982096112767
    8      7.009389905392      6.994512218440      6.985080685423
    8      2.324610595273      2.344772701465      7.008970384576
    0    0
