   3   1   1 E -1.6031090103736E+04 DE 1.4E-09( 11)
  0.198757941037E-01  0.700949715378E+01  0.699673785558E+01
  0.698808808300E+01  0.777413334663E-02  0.700098877601E+01
  0.700703786601E+01  0.702684915602E+01 -0.500946281340E-02
    1
  0.100000000000E+01  0.000000000000E+00  0.000000000000E+00
  0.000000000000E+00  0.100000000000E+01  0.000000000000E+00
  0.000000000000E+00  0.000000000000E+00  0.100000000000E+01
  0.000000000000E+00  0.000000000000E+00  0.000000000000E+00
   54
   20      0.019848242678     -0.008399128579     -0.007800410946
   20      2.363899409908      2.339016258664     -0.085193341243
   20     -2.360668083719     -2.362600042558     -0.040658316504
   20      2.343373024237     -0.025933920718      2.313917983201
   20      4.686003597961      2.331697265279      2.304546347349
   20      0.027295327760     -2.353958035052      2.334709206252
   20     -2.365982604971     -0.006930563774     -2.293312168231
   20      0.046309091789      2.359174159644     -2.275895313142
   12     -4.657180390824     -2.293939292546     -2.266614512649
   20     -0.019847869262      2.354989465046      2.305123623477
   20      2.320899494703      4.715390471252      2.301133744763
   20     -2.372365252559      0.031900423771      2.327983731463
   20      2.328352140617      2.342631180691      4.732804998996
   20      4.662379389058      4.711376898112      4.742754922325
   20     -0.020020158573      0.008637895793      4.736518268770
   12     -2.375325144590      2.350867309773     -0.029346796770
   12      0.027875656898      4.695612361994     -0.042736543678
   12     -4.666954792871     -0.038847569374     -0.015119106832
   20     -0.014867102511     -2.358971813426     -2.316925453266
   12      2.417790545342     -0.058057537549     -2.258969997088
   12     -2.368736889498     -4.724894755855     -2.281149607153
   12      2.361063694000     -2.331967851869     -0.019461897002
   12      4.644568179838      0.044830134604     -0.036274394478
   12     -0.042668338166     -4.690316967616      0.001207292405
   20     -2.362459600683     -2.361756766444     -4.711269720833
   20      0.021526917807      0.005117010191     -4.700794164852
   20     -4.651761769758     -4.680520713579     -4.682737129862
    8      0.055866423816     -0.002656980619     -2.301641863426
    8      2.441342309825      2.342655852802     -2.334009110277
    8     -2.425033487675     -2.402371958669     -2.337389947375
    8      2.424374059161     -0.081964059344     -0.067277437901
    8      4.749257316126      2.265442185947     -0.095064988128
    8      0.050089917188     -2.401923429757      0.001174017472
    8      4.655834719924      0.005100765503      2.297125213821
    8      7.000628289818      2.351054658327      2.291936312932
    8      2.319452128628     -2.334957116520      2.318738860593
    8     -0.029898456344      2.391001718764     -0.014234512819
    8      2.252273134688      4.760206127226     -0.096443328171
    8     -2.405216675493      0.044268810342     -0.001131636959
    8      2.341029056075      2.342727297144      2.312502170685
    8      4.664296781913      4.687601269547      2.318719608886
    8     -0.008189749776      0.001199622409      2.321468949603
    8      4.670968363960      2.353261465252      4.745625178327
    8      7.076131455300      4.699896684726      4.744164885956
    8      2.319502096313     -0.052350850465      4.735743211322
    8      0.001400187052      4.677202585982      2.274383022279
    8      2.349639196938      7.017307998841      2.312172561969
    8     -2.334855114257      2.332204774695      2.303780357395
    8      2.342516740798      4.730562055726      4.732374886383
    8      4.582645276341      7.099713188618      4.749147805054
    8     -0.047676676967      2.334984279769      4.724795620879
    8      4.663818751551      4.676606368572      6.995186772642
    8      7.022929082977      7.029032338746      7.001832011886
    8      2.342036001525      2.338590464688      6.997107391989
    0    0
