   3   1   1 E -1.6031086293901E+04 DE-4.0E-10( 11)
 -0.867935072692E-02  0.700911331357E+01  0.702206732286E+01
  0.701728285683E+01 -0.404144080362E-02  0.702286026616E+01
  0.699877734086E+01  0.699777202980E+01  0.789295918228E-02
    1
  0.100000000000E+01  0.000000000000E+00  0.000000000000E+00
  0.000000000000E+00  0.100000000000E+01  0.000000000000E+00
  0.000000000000E+00  0.000000000000E+00  0.100000000000E+01
  0.000000000000E+00  0.000000000000E+00  0.000000000000E+00
   54
   20      0.043544267186     -0.020696543653     -0.060895645416
   20      2.322742114394      2.356951620851     -0.052680904053
   20     -2.356867937809     -2.316360278804     -0.025068268557
   20      2.321211468140     -0.037406060868      2.363398233756
   20      4.676292312106      2.324993987424      2.369243353428
   20      0.040172418700     -2.346362188310      2.385517200176
   20     -2.339390527301     -0.026899052802     -2.338305895362
   12      0.055607990266      2.318512664753     -2.364628861943
   12     -4.746892990462     -2.295932052465     -2.321313633131
   20      0.011324953242      2.370377327319      2.367868142674
   12      2.282859465705      4.779871150508      2.394185315913
   20     -2.369272577016     -0.030338969710      2.351123375096
   20      2.275972941779      2.356142298697      4.723565054276
   20      4.661356345589      4.700080257391      4.688081521723
   12      0.080480015320     -0.022492542550      4.674757391502
   20     -2.368398414130      2.339091346782     -0.012113033950
   20      0.056554872274      4.727951858549     -0.032551285309
   12     -4.753534172783     -0.100179629341     -0.033180529342
   12      0.077072610863     -2.254803794738     -2.450375668849
   12      2.253525032088      0.066401143585     -2.386081329860
   20     -2.338280464692     -4.675325749209     -2.349700884781
   12      2.295660236627     -2.282381728871     -0.051179816822
   20      4.694941153787     -0.025667390597     -0.010123897327
   20      0.048339717121     -4.696484832401     -0.023107143014
   20     -2.339640791050     -2.322144751190     -4.659079189241
   12      0.086746808123     -0.099616429752     -4.546058447791
   20     -4.714556651313     -4.724081708398     -4.647543715000
    8      0.076040597835     -0.008613957264     -2.442698130992
    8      2.256658835684      2.321095873333     -2.344704970745
    8     -2.346420598488     -2.327015551965     -2.344089086553
    8      2.341800715018     -0.076948575738     -0.072589630621
    8      4.671243498554      2.324259745653     -0.013968003225
    8      0.075807299743     -2.343180251759     -0.047147885730
    8      4.719132244158     -0.019326892688      2.367049826352
    8      7.004364606619      2.249074637201      2.440150509194
    8      2.333003657642     -2.349052553287      2.369648499149
    8      0.011384616441      2.351080529198     -0.074615772448
    8      2.331885499123      4.780014544330     -0.026023534488
    8     -2.381520104788     -0.021181673067     -0.026163325401
    8      2.320613169362      2.380793741078      2.356774666882
    8      4.617193787594      4.670074004659      2.363678833899
    8      0.020016814245     -0.008630464322      2.379960335793
    8      4.705063684388      2.335323895721      4.690634372861
    8      7.115112347839      4.699541156708      4.689718891828
    8      2.237716888375     -0.109888282693      4.760835240741
    8      0.067092965933      4.795180295524      2.429991118362
    8      2.246181147097      6.841727158942      2.399049329971
    8     -2.356755115769      2.331117243909      2.352279602296
    8      2.253995783740      4.785483282337      4.646831269937
    8      4.669103519832      6.989006626206      4.686156609797
    8      0.002310595250      2.333423302473      4.685361516266
    8      4.632642552580      4.691409272870      7.001619965554
    8      7.135345150588      7.002332306447      7.032533097491
    8      2.316629455991      2.332498195562      7.023667681956
    0    0
