   3   1   1 E -1.6031063223921E+04 DE 1.5E-09( 11)
  0.211726827861E-02  0.701198267704E+01  0.697500876530E+01
  0.696822969447E+01  0.658866708571E-03  0.697082550728E+01
  0.695626943032E+01  0.699477978274E+01  0.146047978573E-01
    1
  0.100000000000E+01  0.000000000000E+00  0.000000000000E+00
  0.000000000000E+00  0.100000000000E+01  0.000000000000E+00
  0.000000000000E+00  0.000000000000E+00  0.100000000000E+01
  0.000000000000E+00  0.000000000000E+00  0.000000000000E+00
   54
   20      0.009155348734     -0.010772676086     -0.073005053160
   20      2.300458042377      2.368000831705     -0.042883956050
   20     -2.324077528632     -2.280423868330     -0.020120552537
   20      2.288410010396     -0.023419507389      2.349511413806
   20      4.661005836713      2.330954192362      2.367711667092
   20      0.034941112579     -2.305480350158      2.360199166228
   20     -2.364031291277     -0.017701160396     -2.322822163673
   12      0.079803279493      2.322297245031     -2.322430851918
   12     -4.725491910090     -2.322404485464     -2.245573189589
   20      0.006891296109      2.333709101881      2.367958761447
   20      2.285185236366      4.719423633834      2.356765872083
   12     -2.137211947632      0.016254763203      2.341593666582
   12      2.191429195684      2.223163038594      4.703213673379
   20      4.657187916297      4.689756897285      4.648363821624
   12      0.177167016492      0.008745575030      4.609372978111
   20     -2.368062931043      2.324944549562     -0.029641602486
   20      0.051683761253      4.734991570895     -0.036901088219
   12     -4.637161102078     -0.236806187568      0.084107675113
   12     -0.016241099799     -2.354430489544     -2.369318263819
   20      2.233532288053     -0.011317454725     -2.348747605782
   20     -2.291555672807     -4.666285021787     -2.358964538799
   12      2.237463495723     -2.368058165597     -0.057821302737
   20      4.661366492624     -0.011674872332      0.003529835083
   20      0.075601609044     -4.680576690038     -0.038313474674
   20     -2.332210695786     -2.319983149456     -4.628087385291
   12      0.061664802699      0.021395069828     -4.538666740496
   20     -4.675348409905     -4.678407865923     -4.654091456074
    8     -0.028981734904     -0.009474399851     -2.424598414889
    8      2.248624374476      2.395818824211     -2.350356605944
    8     -2.326396661650     -2.324128132035     -2.339955541600
    8      2.298338383430     -0.034899837381     -0.026457335627
    8      4.656918942832      2.337026079449     -0.012595272121
    8      0.060905149854     -2.324608102220     -0.043608751111
    8      4.657980899838     -0.007154315755      2.361340926115
    8      6.986643286590      2.278214210609      2.387378951334
    8      2.289175357029     -2.329861780586      2.345451628271
    8     -0.004406393323      2.356209305726     -0.077544780158
    8      2.312713985529      4.775855362625     -0.052729318227
    8     -2.311134690184      0.004630649259     -0.002260528295
    8      2.322090661651      2.346361580338      2.376019707739
    8      4.644874492697      4.742654135143      2.357430287863
    8     -0.026051472815      0.006073269023      2.344369730925
    8      4.616301159075      2.336028967871      4.651617642612
    8      7.090394053696      4.728352270498      4.659308335966
    8      2.179455699444     -0.085883166077      4.773678217578
    8      0.010245824150      4.754231460973      2.401691279459
    8      2.184531949177      7.006270211682      2.281544811105
    8     -2.322775018336      2.293181939582      2.323483490090
    8      2.208647345394      4.601602005572      4.717051779811
    8      4.657792117611      7.003640275560      4.583197897443
    8      0.124621643939      2.336307518108      4.633334247333
    8      4.602402061453      4.696670649855      6.952255618342
    8      7.096671460153      7.016886599157      6.987793784647
    8      2.298636740394      2.327495863442      6.910194723040
    0    0
