   3   1   1 E -1.6031098659536E+04 DE 1.3E-09( 10)
  0.162091406001E-01  0.704841343312E+01  0.704242393546E+01
  0.698476326409E+01  0.978473370105E-02  0.704148813633E+01
  0.698514400684E+01  0.704264567895E+01  0.149857657352E-01
    1
  0.100000000000E+01  0.000000000000E+00  0.000000000000E+00
  0.000000000000E+00  0.100000000000E+01  0.000000000000E+00
  0.000000000000E+00  0.000000000000E+00  0.100000000000E+01
  0.000000000000E+00  0.000000000000E+00  0.000000000000E+00
   54
   20      0.001206047784     -0.029234996162     -0.019098405161
   20      2.309900599447      2.351812374455     -0.049383834515
   20     -2.320703241592     -2.318597448245      0.005776489134
   20      2.341295391497     -0.027042722822      2.415457677355
   20      4.641727237432      2.374747759187      2.397878317992
   20      0.029245379418     -2.331990059597      2.344602446512
   20     -2.361473607160     -0.041124765106     -2.371527981022
   20      0.017263058590      2.367180196429     -2.352940565902
   12     -4.611169062026     -2.330539822891     -2.317429005302
   20     -0.023488809754      2.372176078295      2.389696707714
   20      2.348428819420      4.720392907960      2.404040368020
   12     -2.387269424103     -0.082587003448      2.390133667440
   12      2.310617326798      2.457842800819      4.746207794955
   12      4.552264665940      4.716198768725      4.681781090557
   20      0.011414415288     -0.009544114299      4.700934211198
   20     -2.393507118495      2.368057917417     -0.011207684342
   20     -0.018871045355      4.708565288329      0.008126447178
   12     -4.605698665243     -0.032667519715     -0.122180574422
   12      0.083864645243     -2.361592336408     -2.322613004678
   12      2.330817063405     -0.090637739771     -2.365130960108
   20     -2.344188650443     -4.684042838503     -2.392514780279
   12      2.385892449044     -2.303981420568     -0.147455196628
   20      4.614928189217     -0.046096469919     -0.006360878577
   20      0.060331548371     -4.665937347676     -0.056823374172
   12     -2.394069654161     -2.336162240391     -4.625614488106
   20      0.034886281470     -0.034020155825     -4.672163505302
   20     -4.620467148995     -4.704882682846     -4.725202140297
    8      0.101124960954     -0.110868101698     -2.341367947656
    8      2.322816045157      2.382862597312     -2.340516646646
    8     -2.321167100521     -2.356322959906     -2.390645933241
    8      2.319174710257     -0.076707898105     -0.060694067374
    8      4.653461477413      2.352433105488     -0.001610704092
    8      0.099895111765     -2.340005691440     -0.056797942048
    8      4.656445907106     -0.074576809963      2.350074410165
    8      6.994561577625      2.356389541318      2.345625391099
    8      2.455749642878     -2.340161442984      2.389075002583
    8     -0.007168236580      2.351208823381     -0.005923001579
    8      2.332890904890      4.782263976728     -0.046868217370
    8     -2.460538882466     -0.008127806956      0.025439097399
    8      2.320629497494      2.357899609803      2.416372583766
    8      4.661584019014      4.785059099540      2.436198360676
    8     -0.064098949343      0.005934807254      2.385390886555
    8      4.565570882756      2.454868708675      4.694073881361
    8      6.991940811796      4.700670618701      4.713086709100
    8      2.329577538523     -0.076787991004      4.787871831349
    8     -0.054117497235      4.697676590483      2.413367610130
    8      2.447989687814      7.034559142637      2.429393065382
    8     -2.320720562703      2.380075656253      2.349100772213
    8      2.334048988786      4.679219238326      4.759556612120
    8      4.550554852626      6.937495942209      4.608491170901
    8      0.119700776544      2.472991361735      4.690713002311
    8      4.524727042538      4.713485345838      7.029991315387
    8      7.062688682876      7.052004847380      7.034046262066
    8      2.327025270892      2.333964587524      6.904607925050
    0    0
