   3   1   1 E -1.6031106970436E+04 DE-4.8E-09(  9)
  0.195780536790E-02  0.701426078660E+01  0.700542504505E+01
  0.700521367284E+01  0.476879989624E-02  0.700867289290E+01
  0.699752544186E+01  0.701618278104E+01  0.607185750000E-02
    1
  0.100000000000E+01  0.000000000000E+00  0.000000000000E+00
  0.000000000000E+00  0.100000000000E+01  0.000000000000E+00
  0.000000000000E+00  0.000000000000E+00  0.100000000000E+01
  0.000000000000E+00  0.000000000000E+00  0.000000000000E+00
   54
   20     -0.019308742502     -0.000104222180     -0.025139976304
   20      2.334882421252      2.328050536375     -0.027137691974
   20     -2.354622799209     -2.309092423436     -0.026637280563
   20      2.366479991496     -0.023848600926      2.413528129506
   20      4.693613287548      2.317723620740      2.356153356828
   20      0.035446842151     -2.353525669821      2.364541604742
   20     -2.333224219996     -0.011627443561     -2.320692305074
   12      0.119311558318      2.426223324661     -2.372605548959
   12     -4.727480763358     -2.428768463233     -2.347523694152
   20     -0.046890882727      2.360717094144      2.384596742288
   20      2.315307637142      4.703904620756      2.329542873610
   12     -2.392268238421      0.009456698693      2.255421909367
   12      2.306870772853      2.376331300548      4.676915235833
   20      4.665044238854      4.683826859560      4.669338093330
   20      0.006289861255      0.003975755626      4.683977835520
   20     -2.381273879322      2.333122407623      0.029991609376
   20     -0.014023793533      4.701288511203     -0.025843699683
   12     -4.628290967849      0.077336372072     -0.024698399479
   12      0.063686209323     -2.397752413361     -2.354771675025
   20      2.337098811690      0.011783228865     -2.347655437271
   20     -2.350489268096     -4.679003615827     -2.377709816998
   20      2.359553880380     -2.373123762876      0.008537591524
   12      4.653507688085     -0.027827580716      0.071869612952
   20      0.030788267893     -4.703444182012     -0.037124280854
   12     -2.366478391521     -2.310804198954     -4.608930341414
   20      0.011468697919      0.001234758255     -4.660094178548
   12     -4.621998317327     -4.689935690877     -4.627801859922
    8      0.017565479400     -0.014094628068     -2.332320142846
    8      2.232506988012      2.419072738056     -2.416263639345
    8     -2.382946158985     -2.350394619477     -2.441980869139
    8      2.422158115840     -0.011305271349      0.026805377842
    8      4.666243478897      2.252047740633     -0.007830082996
    8      0.010991659315     -2.343388592589     -0.032334772205
    8      4.670396478065     -0.089390428405      2.282737558489
    8      7.116296982666      2.343270545706      2.424760896611
    8      2.435023317912     -2.435949155664      2.423875708132
    8      0.009367604005      2.338763910156     -0.031458311910
    8      2.338391476721      4.753632138409     -0.101872357622
    8     -2.405723457932      0.003191666757      0.083220931164
    8      2.330860025754      2.336170918080      2.395631709126
    8      4.659811133504      4.750341825289      2.337070801568
    8     -0.070109540748      0.003815108969      2.332504936476
    8      4.641983686057      2.353279857155      4.672646831589
    8      7.099000110128      4.579568839403      4.663025939601
    8      2.326162957353      0.069797188339      4.770573729526
    8     -0.096087580758      4.677358642031      2.383144940849
    8      2.455618585843      7.104086963535      2.227745628869
    8     -2.453082591777      2.314765683848      2.340151212848
    8      2.231073685033      4.586947480808      4.661852381783
    8      4.658820762287      7.006003939754      4.651148556372
    8      0.084763050684      2.451270544396      4.669863882539
    8      4.669366298390      4.780099681577      7.077530052100
    8      6.963691633682      7.014713551275      6.989379115590
    8      2.325992058666      2.238662563938      6.981105655900
    0    0
