   3   1   1 E -1.6031035284126E+04 DE 2.4E-09(  2)
  0.502999788149E-02  0.702793424688E+01  0.702814185507E+01
  0.703278782512E+01 -0.343082400502E-02  0.702940930005E+01
  0.703539120555E+01  0.702633390583E+01 -0.287985009525E-03
    1
  0.100000000000E+01  0.000000000000E+00  0.000000000000E+00
  0.000000000000E+00  0.100000000000E+01  0.000000000000E+00
  0.000000000000E+00  0.000000000000E+00  0.100000000000E+01
  0.000000000000E+00  0.000000000000E+00  0.000000000000E+00
   54
   20      0.000000000000      0.000000000000      0.000000000000
   20      2.345130401848      2.342111301942     -0.000095995003
   20     -2.345130401848     -2.342111301942      0.000095995003
   20      2.344262608375     -0.001143608002      2.343136433351
   20      4.689393010223      2.340967693941      2.343040438348
   20     -0.000867793474     -2.343254909944      2.343232428354
   20     -2.344262608375      0.001143608002     -2.343136433351
   12      0.000867793474      2.343254909944     -2.343232428354
   12     -4.689393010223     -2.340967693941     -2.343040438348
   20      0.001676665960      2.342644748960      2.342713951691
   12      2.346807067809      4.684756050902      2.342617956688
   20     -2.343453735888      0.000533447018      2.342809946694
   20      2.345939274335      2.341501140958      4.685850385042
   20      4.691069676184      4.683612442901      4.685754390039
   12      0.000808872487     -0.000610160984      4.685946380045
   20     -2.342585942414      2.343788356962     -0.000422481660
   20      0.002544459434      4.685899658904     -0.000518476663
   20     -4.687716344263      0.001677055019     -0.000326486657
   12     -0.001676665960     -2.342644748960     -2.342713951691
   12      2.343453735888     -0.000533447018     -2.342809946694
   20     -2.346807067809     -4.684756050902     -2.342617956688
   12      2.342585942414     -2.343788356962      0.000422481660
   12      4.687716344263     -0.001677055019      0.000326486657
   20     -0.002544459434     -4.685899658904      0.000518476663
   12     -2.345939274335     -2.341501140958     -4.685850385042
   20     -0.000808872487      0.000610160984     -4.685946380045
   20     -4.691069676184     -4.683612442901     -4.685754390039
    8     -0.000404436243      0.000305080492     -2.342973190023
    8      2.344725965607      2.342416382436     -2.343069185026
    8     -2.345534838092     -2.341806221450     -2.342877195020
    8      2.343858172131     -0.000838527510      0.000163243328
    8      4.688988573981      2.341272774434      0.000067248325
    8     -0.001272229717     -2.342949829452      0.000259238332
    8      4.688120780505     -0.001982135511      2.343299676679
    8      7.033251182355      2.340129166433      2.343203681675
    8      2.342990378656     -2.344093437454      2.343395671681
    8      0.001272229717      2.342949829452     -0.000259238332
    8      2.346402631568      4.685061131396     -0.000355233335
    8     -2.343858172131      0.000838527510     -0.000163243328
    8      2.345534838092      2.341806221450      2.342877195020
    8      4.690665239942      4.683917523395      2.342781200016
    8      0.000404436243     -0.000305080492      2.342973190023
    8      4.689797446465      2.340662613449      4.686013628369
    8      7.034927848315      4.682773915393      4.685917633366
    8      2.344667044616     -0.001448688494      4.686109623372
    8      0.002948895678      4.685594578411      2.342454713358
    8      2.348079297529      7.027705880356      2.342358718355
    8     -2.342181506171      2.343483276469      2.342550708362
    8      2.347211504052      4.684450970409      4.685591146710
    8      4.692341905903      7.026562272354      4.685495151706
    8      0.002081102204      2.342339668467      4.685687141713
    8      4.691474112424      4.683307362408      7.028727580058
    8      7.036604514276      7.025418664352      7.028631585055
    8      2.346343710576      2.341196060466      7.028823575062
    0    0
