   3   1   1 E -1.6031104028864E+04 DE-3.9E-09(  9)
 -0.544057579135E-02  0.699659369463E+01  0.701959375878E+01
  0.701674945423E+01 -0.140957023433E-01  0.702121333903E+01
  0.701572629440E+01  0.699048836077E+01 -0.606193886124E-02
    1
  0.100000000000E+01  0.000000000000E+00  0.000000000000E+00
  0.000000000000E+00  0.100000000000E+01  0.000000000000E+00
  0.000000000000E+00  0.000000000000E+00  0.100000000000E+01
  0.000000000000E+00  0.000000000000E+00  0.000000000000E+00
   54
   20     -0.022543149877     -0.001469227048     -0.032545773104
   20      2.361756804619      2.359972405836     -0.050283085839
   20     -2.348918323022     -2.323719519998     -0.045432895386
   20      2.308544006182     -0.032649365932      2.393609606875
   20      4.694232122983      2.321486566580      2.369133955424
   20      0.011720514770     -2.352811101488      2.386287435060
   20     -2.361476546245     -0.020621191462     -2.318449365278
   20      0.017196137602      2.358600488865     -2.364667525580
   12     -4.679983653734     -2.287730999274     -2.343642925346
   20     -0.071009334037      2.339233876714      2.401104828506
   20      2.323071159364      4.720120243532      2.347457205737
   20     -2.366447430916      0.038196256495      2.363035857653
   20      2.307637563334      2.322421518369      4.727017124032
   12      4.700302706112      4.615561114513      4.737218219272
   12      0.001901670844     -0.100561392359      4.680910684495
   12     -2.397110681251      2.327931747856     -0.034888089497
   20     -0.003227906560      4.699957933813     -0.031966197788
   12     -4.689204225416      0.086971260726      0.032449445436
   12     -0.028965972921     -2.299376963941     -2.385741473641
   20      2.359195807138      0.011547763359     -2.388138091988
   12     -2.302903132292     -4.589638738090     -2.331260852025
   20      2.352439510061     -2.387482907035      0.009970805765
   20      4.737010117881     -0.020058487859     -0.037117224699
   20      0.023299850306     -4.710177122212     -0.023541888099
   20     -2.332924448095     -2.368146108035     -4.656142557716
   12      0.043157169915     -0.006934574849     -4.664261987315
   12     -4.624225496993     -4.660011010773     -4.685483325894
    8     -0.005504903246     -0.072121187762     -2.415036021821
    8      2.447343596286      2.434315372942     -2.426069919992
    8     -2.309136664874     -2.418296713108     -2.355582983842
    8      2.352087864991     -0.011138947743     -0.020894126233
    8      4.686364537162      2.325608792910     -0.068084264064
    8     -0.002135748300     -2.341711056714     -0.028420393020
    8      4.723735618193     -0.016143903824      2.352857027497
    8      7.089922652370      2.221681999891      2.339840621598
    8      2.339243249035     -2.424228641237      2.422275178524
    8     -0.062681508765      2.336479265958     -0.039571269114
    8      2.341960761935      4.746902216210     -0.081905012696
    8     -2.415196182155      0.084974796261     -0.007601236512
    8      2.320038955987      2.333789128012      2.371160213493
    8      4.682827175520      4.659628063221      2.388071850803
    8     -0.005136209819     -0.007301280134      2.397299855161
    8      4.677030071495      2.408267328421      4.750770555508
    8      6.995753618034      4.745312770294      4.675628514293
    8      2.216232409344     -0.117082433255      4.765112665834
    8      0.001391886481      4.760190963813      2.425204914629
    8      2.244022793228      7.099618025878      2.269448177449
    8     -2.454482234908      2.333725725514      2.348234987949
    8      2.330046128207      4.663195845269      4.678824533122
    8      4.791075423472      6.974742547904      4.686920633885
    8     -0.122518247079      2.353921167695      4.674262229905
    8      4.672370222985      4.552256022086      6.918993043724
    8      7.119609120434      6.985438811890      7.003739686102
    8      2.454869052020      2.225801442031      7.076241843997
    0    0
