   3   1   1 E -1.6031088387669E+04 DE-8.0E-10( 10)
  0.107642081471E-01  0.699493615771E+01  0.703507568823E+01
  0.697370003882E+01  0.603390143501E-02  0.703351978158E+01
  0.700131694656E+01  0.701360811374E+01 -0.143160106825E-01
    1
  0.100000000000E+01  0.000000000000E+00  0.000000000000E+00
  0.000000000000E+00  0.100000000000E+01  0.000000000000E+00
  0.000000000000E+00  0.000000000000E+00  0.100000000000E+01
  0.000000000000E+00  0.000000000000E+00  0.000000000000E+00
   54
   20      0.059938891056     -0.033560041880     -0.008311604471
   20      2.330235326306      2.341517202055     -0.079624579656
   20     -2.331441984014     -2.374503469167     -0.015575848602
   20      2.355450295669     -0.067546808739      2.386015663275
   20      4.716303588248      2.334126775125      2.368404598744
   20      0.048857009014     -2.343669559370      2.414273785823
   20     -2.327036184602     -0.041256583347     -2.372268747873
   20      0.044555413091      2.397292537020     -2.296317664489
   12     -4.612043356155     -2.277766642392     -2.339176842571
   20     -0.025699609552      2.355192773805      2.309329223462
   20      2.271636108503      4.719839111360      2.341135257071
   20     -2.345818165321     -0.037004175230      2.384880607908
   20      2.292905872603      2.370849014010      4.708392924872
   12      4.626660405578      4.766696477366      4.715762491980
   12      0.026605250298     -0.093460271808      4.759829217865
   20     -2.338400301565      2.416320367185     -0.015623979122
   12      0.009653757127      4.737504391027     -0.051025844030
   20     -4.759097538184     -0.023949033277     -0.019414119220
   20      0.008548072178     -2.315659694276     -2.370210851653
   12      2.327421994752     -0.061064426040     -2.289974585967
   20     -2.333836675131     -4.712396692748     -2.349226499235
   12      2.330887177921     -2.308668780982     -0.034130296782
   20      4.699091306868     -0.081680886993     -0.024336532965
   12      0.009610070767     -4.661509910685     -0.034280352212
   12     -2.331161409609     -2.301782866536     -4.750953401387
   12     -0.100612314157     -0.025590528950     -4.759693289364
   20     -4.690234754280     -4.650894551579     -4.669409741390
    8      0.122040850025      0.009621369285     -2.350892694286
    8      2.341041890869      2.344873318518     -2.345676001066
    8     -2.381998769705     -2.364212850739     -2.351227308330
    8      2.348426577583     -0.092772549494     -0.046479571513
    8      4.743518251239      2.310582334792     -0.019703977029
    8      0.093221304834     -2.406517170539      0.009796783110
    8      4.743935994395     -0.083424087284      2.367875499149
    8      6.993086330812      2.276368127004      2.323653636118
    8      2.421699846852     -2.352348475432      2.403915499664
    8      0.018154428865      2.405693101233     -0.024876131594
    8      2.230984853713      4.661799511970     -0.097748884095
    8     -2.336833556736     -0.014001784635     -0.009556109357
    8      2.335041818182      2.347066400566      2.359595075807
    8      4.658553247401      4.671440478124      2.374530422709
    8      0.001517265354     -0.021131523122      2.363671485644
    8      4.660339495456      2.414877444906      4.699868675710
    8      7.017286061936      4.856210399830      4.777615745852
    8      2.240174169304     -0.072866303929      4.717509655380
    8     -0.102484472389      4.759380911009      2.264132292884
    8      2.213172272778      7.002473907104      2.361696020875
    8     -2.333291826491      2.393395072502      2.346546961763
    8      2.428497029199      4.805634889095      4.781609843389
    8      4.665057482971      6.849468634837      4.668614971832
    8      0.006288863094      2.268994406615      4.741258542271
    8      4.669675624875      4.661968367242      7.005265020486
    8      6.978822990810      6.968140698441      6.989955421185
    8      2.197109098225      2.437513425128      7.024837699500
    0    0
