   3   1   1 E -1.6031082210643E+04 DE-2.4E-09(  8)
  0.000000000000E+00  0.699268566854E+01  0.701682668523E+01
  0.699268566854E+01  0.000000000000E+00  0.701682668523E+01
  0.699268566854E+01  0.699268566854E+01  0.000000000000E+00
    8
  0.100000000000E+01  0.000000000000E+00  0.000000000000E+00
  0.000000000000E+00  0.100000000000E+01  0.000000000000E+00
  0.000000000000E+00  0.000000000000E+00  0.100000000000E+01
  0.000000000000E+00  0.000000000000E+00  0.000000000000E+00
 -0.100000000000E+01  0.000000000000E+00  0.000000000000E+00
  0.000000000000E+00 -0.100000000000E+01  0.000000000000E+00
  0.000000000000E+00  0.000000000000E+00  0.100000000000E+01
  0.000000000000E+00  0.000000000000E+00  0.000000000000E+00
  0.000000000000E+00  0.100000000000E+01  0.000000000000E+00
 -0.100000000000E+01  0.000000000000E+00  0.000000000000E+00
  0.000000000000E+00  0.000000000000E+00  0.100000000000E+01
  0.000000000000E+00  0.000000000000E+00  0.000000000000E+00
  0.000000000000E+00 -0.100000000000E+01  0.000000000000E+00
  0.100000000000E+01  0.000000000000E+00  0.000000000000E+00
  0.000000000000E+00  0.000000000000E+00  0.100000000000E+01
  0.000000000000E+00  0.000000000000E+00  0.000000000000E+00
 -0.100000000000E+01  0.000000000000E+00  0.000000000000E+00
  0.000000000000E+00  0.100000000000E+01  0.000000000000E+00
  0.000000000000E+00  0.000000000000E+00  0.100000000000E+01
  0.000000000000E+00  0.000000000000E+00  0.000000000000E+00
  0.100000000000E+01  0.000000000000E+00  0.000000000000E+00
  0.000000000000E+00 -0.100000000000E+01  0.000000000000E+00
  0.000000000000E+00  0.000000000000E+00  0.100000000000E+01
  0.000000000000E+00  0.000000000000E+00  0.000000000000E+00
  0.000000000000E+00  0.100000000000E+01  0.000000000000E+00
  0.100000000000E+01  0.000000000000E+00  0.000000000000E+00
  0.000000000000E+00  0.000000000000E+00  0.100000000000E+01
  0.000000000000E+00  0.000000000000E+00  0.000000000000E+00
  0.000000000000E+00 -0.100000000000E+01  0.000000000000E+00
 -0.100000000000E+01  0.000000000000E+00  0.000000000000E+00
  0.000000000000E+00  0.000000000000E+00  0.100000000000E+01
  0.000000000000E+00  0.000000000000E+00  0.000000000000E+00
   54
   20     -0.000000000000     -0.000000000000     -0.015245387536
   20      2.403335157833      2.403335157833     -0.023924961553
   20     -2.403335157833     -2.403335157833     -0.023924961553
   20      2.299252904072      0.000000000000      2.310763753429
   20      4.679974026323      2.312711642222      2.339950636385
   20      0.000000000000     -2.299252904072      2.310763753429
   20     -2.390416107404     -0.000000000000     -2.292515541824
   20     -0.000000000000      2.390416107404     -2.292515541824
   12     -4.644049807902     -2.348635860643     -2.293959751412
   20     -0.000000000000      2.299252904072      2.310763753429
   20      2.312711642222      4.679974026323      2.339950636385
   20     -2.299252904072      0.000000000000      2.310763753429
   12      2.348635860643      2.348635860643      4.722866933819
   12      4.644049807902      4.644049807902      4.722866933819
   20     -0.000000000000      0.000000000000      4.719275627493
   20     -2.403335157833      2.403335157833     -0.023924961553
   12      0.000000000000      4.715319413258     -0.045344797546
   12     -4.715319413258      0.000000000000     -0.045344797546
   20     -0.000000000000     -2.390416107404     -2.292515541824
   20      2.390416107404     -0.000000000000     -2.292515541824
   12     -2.348635860643     -4.644049807902     -2.293959751412
   20      2.403335157833     -2.403335157833     -0.023924961553
   12      4.715319413258     -0.000000000000     -0.045344797546
   12     -0.000000000000     -4.715319413258     -0.045344797546
   20     -2.312711642222     -2.312711642222     -4.676876048846
   12      0.000000000000     -0.000000000000     -4.761445296895
   20     -4.679974026323     -4.679974026323     -4.676876048846
    8     -0.000000000000     -0.000000000000     -2.396441016662
    8      2.409968874247      2.409968874247     -2.342208356923
    8     -2.409968874248     -2.409968874248     -2.342208356923
    8      2.416549798497     -0.000000000000      0.004901016423
    8      4.751845755206      2.240839913339     -0.059182872805
    8     -0.000000000000     -2.416549798497      0.004901016423
    8      4.724893184370     -0.000000000000      2.323289243446
    8      6.992685668545      2.267792484175      2.323289243446
    8      2.362251502854     -2.362251502854      2.376084370008
    8      0.000000000000      2.416549798497      0.004901016423
    8      2.240839913339      4.751845755206     -0.059182872805
    8     -2.416549798497      0.000000000000      0.004901016423
    8      2.362251502854      2.362251502854      2.376084370008
    8      4.630434165691      4.630434165691      2.376084370008
    8      0.000000000000      0.000000000000      2.235405594432
    8      4.582716794297      2.409968874248      4.674618328308
    8      6.992685668545      4.680572712665      4.758803661084
    8      2.312112955880      0.000000000000      4.758803661084
    8      0.000000000000      4.724893184370      2.323289243446
    8      2.267792484175      6.992685668545      2.323289243446
    8     -2.362251502854      2.362251502854      2.376084370007
    8      2.409968874248      4.582716794297      4.674618328308
    8      4.680572712665      6.992685668545      4.758803661084
    8     -0.000000000000      2.312112955880      4.758803661084
    8      4.751845755206      4.751845755206      6.957643812426
    8      6.992685668545      6.992685668545      7.075958310487
    8      2.240839913339      2.240839913339      6.957643812426
    0    0
