   3   1   1 E -1.6031049179931E+04 DE 2.7E-10( 11)
 -0.627886526708E-02  0.701711301850E+01  0.700125524863E+01
  0.701365997429E+01 -0.847025055415E-03  0.700265418542E+01
  0.699161542921E+01  0.700319455663E+01  0.144991433507E-01
    1
  0.100000000000E+01  0.000000000000E+00  0.000000000000E+00
  0.000000000000E+00  0.100000000000E+01  0.000000000000E+00
  0.000000000000E+00  0.000000000000E+00  0.100000000000E+01
  0.000000000000E+00  0.000000000000E+00  0.000000000000E+00
   54
   20      0.000787077455     -0.001509774044     -0.003731499788
   20      2.340517287249      2.340333592447     -0.003633235065
   20     -2.331415824195     -2.336957854830     -0.003223821837
   20      2.333368789151     -0.004225291310      2.343102602467
   20      4.666757388535      2.335859620756      2.344714324145
   20      0.010939319664     -2.332791947842      2.334064331860
   20     -2.356028778368     -0.010260678501     -2.329427690170
   20     -0.002324901511      2.340151117943     -2.333869198144
   12     -4.620437885620     -2.288036169347     -2.361463601615
   20     -0.003470361178      2.335921467207      2.342237802304
   20      2.330061775009      4.674854492507      2.345549934632
   20     -2.336787396094      0.006875813449      2.335627039796
   12      2.322488722094      2.322499698222      4.707153428757
   12      4.650950184233      4.679729095451      4.694613414234
   12      0.013400118542      0.008062641797      4.698227159308
   20     -2.346092948391      2.340655719657     -0.007192857849
   20     -0.002500390259      4.685414860895     -0.008564341695
   12     -4.692242900446      0.030219014312     -0.035076459187
   20     -0.003932569981     -2.354229954932     -2.325581921895
   12      2.362645977390      0.005161307176     -2.350221411276
   12     -2.299693609439     -4.644442289193     -2.357913270455
   20      2.344956728886     -2.342046051884     -0.009376770835
   20      4.677499878463      0.001572317309     -0.005660785532
   12      0.023907324334     -4.683336939482     -0.035243990310
   12     -2.418663067689     -2.420229288293     -4.654545589118
   20     -0.001680689369     -0.003158318704     -4.664714810587
   20     -4.661716371204     -4.671463928239     -4.671011701044
    8     -0.002934157225     -0.006374674077     -2.333989452009
    8      2.345998118581      2.337606178057     -2.332038016614
    8     -2.361907590605     -2.368806194409     -2.326093297884
    8      2.342417647160     -0.000214049491     -0.006512848924
    8      4.678249818578      2.341204231809      0.002223691168
    8      0.004136468788     -2.346283181900     -0.002475403670
    8      4.668670739644     -0.009047455711      2.338866648756
    8      7.007928911528      2.333125717835      2.338974982665
    8      2.353908365993     -2.337340350141      2.337672074617
    8     -0.001366994102      2.340430257610     -0.004958665026
    8      2.338780210510      4.686971683870     -0.000743268767
    8     -2.346464237144     -0.001221508694     -0.005415962809
    8      2.333508571472      2.334556001875      2.349087513161
    8      4.662878864334      4.674231202578      2.351723016694
    8      0.003391572279      0.001569464925      2.340970378429
    8      4.659747423540      2.341552974856      4.669015564511
    8      7.010785855773      4.687075221451      4.668875726265
    8      2.307735380352     -0.012452528340      4.693887684311
    8     -0.012351436846      4.672518684009      2.339210606280
    8      2.322421642942      7.013629871346      2.341578859015
    8     -2.338121830199      2.347196560439      2.338772876977
    8      2.339556271708      4.674523660880      4.669583802675
    8      4.663698627035      7.018179824445      4.672382743202
    8     -0.005071926951      2.309875853856      4.684238688712
    8      4.672385430476      4.679616158727      6.993800389319
    8      7.020150429850      7.030805821428      6.990754073860
    8      2.326059367293      2.330020775567      6.988609112244
    0    0
