   3   1   1 E -1.6031033709242E+04 DE-5.4E-10(  2)
  0.511387635701E-02  0.702972135996E+01  0.702584245406E+01
  0.703201914203E+01 -0.356082155318E-02  0.702705690501E+01
  0.703568332143E+01  0.702851215372E+01 -0.897196251445E-03
    1
  0.100000000000E+01  0.000000000000E+00  0.000000000000E+00
  0.000000000000E+00  0.100000000000E+01  0.000000000000E+00
  0.000000000000E+00  0.000000000000E+00  0.100000000000E+01
  0.000000000000E+00  0.000000000000E+00  0.000000000000E+00
   54
   20      0.000000000000      0.000000000000      0.000000000000
   20      2.345227773810      2.342837384574     -0.000299065417
   20     -2.345227773810     -2.342837384574      0.000299065417
   20      2.344006380675     -0.001186940518      2.342352301668
   20      4.689234154485      2.341650444056      2.342053236251
   20     -0.001221393135     -2.344024325091      2.342651367086
   20     -2.344006380675      0.001186940518     -2.342352301668
   20      0.001221393135      2.344024325091     -2.342651367086
   12     -4.689234154485     -2.341650444056     -2.342053236251
   20      0.001704625452      2.343240453319      2.341947484687
   20      2.346932399262      4.686077837893      2.341648419270
   20     -2.343523148358      0.000403068746      2.342246550104
   20      2.345711006127      2.342053512802      4.684299786356
   12      4.690938779937      4.684890897375      4.684000720938
   20      0.000483232317     -0.000783871772      4.684598851773
   12     -2.342301755223      2.344427393837     -0.000404816981
   12      0.002926018587      4.687264778411     -0.000703882398
   20     -4.687529529033      0.001590009264     -0.000105751564
   12     -0.001704625452     -2.343240453319     -2.341947484687
   12      2.343523148358     -0.000403068746     -2.342246550104
   12     -2.346932399262     -4.686077837893     -2.341648419270
   20      2.342301755223     -2.344427393837      0.000404816981
   12      4.687529529033     -0.001590009264      0.000105751564
   20     -0.002926018587     -4.687264778411      0.000703882398
   20     -2.345711006127     -2.342053512802     -4.684299786356
   20     -0.000483232317      0.000783871772     -4.684598851773
   12     -4.690938779937     -4.684890897375     -4.684000720938
    8     -0.000241616159      0.000391935886     -2.342299425886
    8      2.344986157651      2.343229320459     -2.342598491304
    8     -2.345469389969     -2.342445448688     -2.342000360469
    8      2.343764764516     -0.000795004632      0.000052875782
    8      4.688992538326      2.342042379942     -0.000246189635
    8     -0.001463009294     -2.343632389205      0.000351941199
    8      4.687771145194     -0.001981945150      2.342405177453
    8      7.032998919004      2.340855439424      2.342106112036
    8      2.342543371384     -2.344819329723      2.342704242870
    8      0.001463009294      2.343632389205     -0.000351941199
    8      2.346690783104      4.686469773779     -0.000651006616
    8     -2.343764764516      0.000795004632     -0.000052875782
    8      2.345469389969      2.342445448688      2.342000360469
    8      4.690697163779      4.685282833261      2.341701295052
    8      0.000241616159     -0.000391935886      2.342299425886
    8      4.689475770646      2.341258508170      4.684352662140
    8      7.034703544456      4.684095892743      4.684053596723
    8      2.344247996836     -0.001578876404      4.684651727557
    8      0.003167634746      4.686872842525      2.341595543488
    8      2.348395408557      7.029710227099      2.341296478071
    8     -2.342060139064      2.344035457951      2.341894608905
    8      2.347174015421      4.685685902007      4.683947845156
    8      4.692401789231      7.028523286581      4.683648779739
    8      0.001946241611      2.342848517433      4.684246910574
    8      4.691180396097      4.684498961489      7.026300146826
    8      7.036408169909      7.027336346063      7.026001081409
    8      2.345952622288      2.341661576916      7.026599212244
    0    0
