   3   1   1 E -1.6031082760897E+04 DE 7.1E-09(  9)
  0.879537959847E-02  0.698600237102E+01  0.704118320018E+01
  0.700065664820E+01  0.932904666509E-02  0.704581312485E+01
  0.699132250807E+01  0.698907011671E+01  0.105381468410E-01
    1
  0.100000000000E+01  0.000000000000E+00  0.000000000000E+00
  0.000000000000E+00  0.100000000000E+01  0.000000000000E+00
  0.000000000000E+00  0.000000000000E+00  0.100000000000E+01
  0.000000000000E+00  0.000000000000E+00  0.000000000000E+00
   54
   20     -0.024458843980      0.004444436516     -0.043483008063
   20      2.327027763409      2.346672581592     -0.027445522518
   20     -2.345779168874     -2.298523763722     -0.008407555586
   20      2.335221102073     -0.035656439122      2.365847537697
   20      4.682660541592      2.336341860264      2.369602302558
   20     -0.004982562487     -2.301809163126      2.396287589762
   20     -2.342964221627     -0.031209437847     -2.363804855646
   12     -0.004084257367      2.413976920659     -2.355804606340
   12     -4.712019130694     -2.290480717775     -2.347354479693
   20     -0.035051925829      2.331628907907      2.391113850446
   20      2.342409832233      4.695073258125      2.366939746787
   12     -2.298599206989     -0.047560812786      2.317677004969
   20      2.329738744417      2.320878562781      4.711303406498
   12      4.725633527356      4.732582802128      4.684708211006
   12     -0.043035708104     -0.057811104194      4.736627535136
   20     -2.322244789196      2.352052303177     -0.010516037371
   20     -0.021509812429      4.707433690973     -0.041342426190
   12     -4.632890316409     -0.029137696212     -0.049171523336
   12     -0.021462896605     -2.317406796609     -2.354076687862
   20      2.362768451099     -0.022629225376     -2.340523246313
   20     -2.322781140057     -4.680045358534     -2.357806879052
   20      2.365175671674     -2.308534531083     -0.014421945047
   12      4.567999655738     -0.196500400137      0.031840459733
   20      0.002215414676     -4.689182641430     -0.044188691652
   12     -2.359984549677     -2.295359847419     -4.631610339794
   20     -0.013712516733     -0.018540746046     -4.677295602837
   20     -4.639617400561     -4.658536673903     -4.683208874951
    8     -0.006894730597     -0.017165167669     -2.357603846287
    8      2.290031430609      2.387633645083     -2.352445053057
    8     -2.327269522220     -2.325810139781     -2.360522550835
    8      2.376836372702     -0.003273537551     -0.019458097176
    8      4.659749988950      2.290354336063     -0.004560605313
    8     -0.005985721816     -2.320570183130     -0.043578359301
    8      4.665746165807     -0.076241955198      2.313680582759
    8      7.000983021211      2.332690564177      2.402695649880
    8      2.413263951625     -2.316951231230      2.367384076880
    8     -0.014075130226      2.354126169696     -0.041982966728
    8      2.320041541356      4.741525095508     -0.038730033444
    8     -2.387755168903     -0.004348977044     -0.012071806927
    8      2.328860708727      2.330489812235      2.365912963164
    8      4.670525738369      4.741023322892      2.407458914406
    8     -0.074001373374     -0.007874160525      2.391082539460
    8      4.737934424322      2.384718440564      4.683409259139
    8      6.985949570410      4.698786977730      4.697192000855
    8      2.283477356235     -0.101452293080      4.746425933653
    8     -0.057708953664      4.676832782243      2.388170794849
    8      2.423882230284      6.979835002064      2.371214676578
    8     -2.325489865701      2.331502759840      2.355700681893
    8      2.351503305072      4.665991937529      4.692985877671
    8      4.788226368965      6.841790208523      4.701729487076
    8     -0.004866996623      2.320128529391      4.698357947209
    8      4.675952316073      4.788704709585      7.033598616294
    8      6.985086522485      6.989854682340      7.005723339605
    8      2.353809604678      2.285345605721      7.025649738741
    0    0
