   3   1   1 E -1.6031093183194E+04 DE 6.6E-09(  9)
  0.388070498714E-01  0.694958895971E+01  0.702426794368E+01
  0.701724893908E+01  0.213575391240E-01  0.703386433711E+01
  0.703981462594E+01  0.697514970398E+01  0.542336594649E-02
    1
  0.100000000000E+01  0.000000000000E+00  0.000000000000E+00
  0.000000000000E+00  0.100000000000E+01  0.000000000000E+00
  0.000000000000E+00  0.000000000000E+00  0.100000000000E+01
  0.000000000000E+00  0.000000000000E+00  0.000000000000E+00
   54
   20     -0.000375450994     -0.019469833810      0.002014754592
   20      2.392429571193      2.348848445393     -0.031813965012
   20     -2.373200464785     -2.338049273357     -0.051874930604
   20      2.387741263380     -0.058243517672      2.402295303246
   20      4.722621231704      2.282908446658      2.335293875883
   20      0.010436727953     -2.362041101738      2.384236104550
   20     -2.330916066713     -0.100619427957     -2.387286254073
   20      0.039192752586      2.324421137229     -2.373196951283
   12     -4.602357504438     -2.396623206379     -2.365350151716
   20     -0.048273503641      2.398402850304      2.394143555173
   20      2.332733735964      4.711443710577      2.308273837923
   20     -2.401978841384      0.036997310918      2.380468936402
   20      2.340705090402      2.340471756303      4.713350644711
   12      4.676346833626      4.685592906348      4.684259342590
   20     -0.033572868074     -0.015098439777      4.730109232104
   20     -2.361395175060      2.349564180491      0.021894528375
   20     -0.013378042170      4.727201305683     -0.000857386270
   12     -4.632288442067     -0.036527815006     -0.007780775086
   12     -0.014193643913     -2.343107220436     -2.408528292556
   20      2.348387536335      0.024886139841     -2.386181545625
   12     -2.425796296579     -4.541464034294     -2.364288756217
   20      2.367107749354     -2.309581824428      0.022601157187
   12      4.652679786853     -0.048216225283     -0.004566567590
   20     -0.028029647479     -4.680410337823      0.003114161707
   12     -2.244922759037     -2.332518054622     -4.590330194630
   12     -0.023121456723     -0.039472401993     -4.734316431152
   12     -4.669421043938     -4.671587808427     -4.655035562396
    8      0.000114946986     -0.084994494059     -2.414387396195
    8      2.458545296011      2.420273994861     -2.420139559791
    8     -2.330961873108     -2.441199876550     -2.429554377217
    8      2.412365953686      0.002018962551     -0.003205080103
    8      4.674476498041      2.273640990882     -0.066035784358
    8     -0.007355122127     -2.330049298768      0.002846337701
    8      4.765640479119     -0.134698826989      2.237704792557
    8      7.096495825487      2.239232634695      2.353921392426
    8      2.435849786648     -2.448789551452      2.450189681601
    8     -0.001022469876      2.351688677027      0.000829310853
    8      2.355167673492      4.731833749051     -0.074365965832
    8     -2.403566867469     -0.010420906168     -0.016531646309
    8      2.351252593043      2.334861850320      2.354896717569
    8      4.677162484818      4.657489883619      2.360457436825
    8     -0.012626613997     -0.000279066574      2.389467559828
    8      4.692994606764      2.360328329565      4.689080208486
    8      7.003223310062      4.657331868316      4.688254487340
    8      2.343298493458     -0.103634721705      4.752148576080
    8     -0.073584265953      4.770466350082      2.420234131878
    8      2.286230391343      7.062557846299      2.260467143852
    8     -2.457467890594      2.469109354472      2.452216541569
    8      2.393884187103      4.662718437726      4.676994880422
    8      4.682586113175      6.966861544580      4.746125463769
    8     -0.083824387616      2.415531864611      4.701865000189
    8      4.684104704646      4.778656863836      7.029846174020
    8      7.060176524620      6.979725844489      7.034324992318
    8      2.361096316920      2.239462941220      7.087701720592
    0    0
