   3   1   1 E -1.6031101926753E+04 DE-3.8E-09(  9)
 -0.106033797147E-03  0.699391469827E+01  0.699391469827E+01
  0.699380866448E+01  0.137240053371E-17  0.699380866448E+01
  0.699380866448E+01  0.699380866448E+01  0.137021116091E-17
    6
  0.100000000000E+01  0.000000000000E+00  0.000000000000E+00
  0.000000000000E+00  0.100000000000E+01  0.000000000000E+00
  0.000000000000E+00  0.000000000000E+00  0.100000000000E+01
  0.000000000000E+00  0.000000000000E+00  0.000000000000E+00
  0.000000000000E+00  0.000000000000E+00 -0.100000000000E+01
 -0.100000000000E+01  0.000000000000E+00  0.000000000000E+00
  0.000000000000E+00  0.100000000000E+01  0.000000000000E+00
  0.000000000000E+00  0.000000000000E+00  0.000000000000E+00
  0.000000000000E+00 -0.100000000000E+01  0.000000000000E+00
  0.000000000000E+00  0.000000000000E+00  0.100000000000E+01
 -0.100000000000E+01  0.000000000000E+00  0.000000000000E+00
  0.000000000000E+00  0.000000000000E+00  0.000000000000E+00
  0.000000000000E+00 -0.100000000000E+01  0.000000000000E+00
 -0.100000000000E+01  0.000000000000E+00  0.000000000000E+00
  0.000000000000E+00  0.000000000000E+00  0.100000000000E+01
  0.000000000000E+00  0.000000000000E+00  0.000000000000E+00
  0.100000000000E+01  0.000000000000E+00  0.000000000000E+00
  0.000000000000E+00  0.000000000000E+00  0.100000000000E+01
  0.000000000000E+00  0.100000000000E+01  0.000000000000E+00
  0.000000000000E+00  0.000000000000E+00  0.000000000000E+00
  0.000000000000E+00  0.000000000000E+00 -0.100000000000E+01
  0.000000000000E+00  0.100000000000E+01  0.000000000000E+00
 -0.100000000000E+01  0.000000000000E+00  0.000000000000E+00
  0.000000000000E+00  0.000000000000E+00  0.000000000000E+00
   54
   20     -0.007700390611      0.007700390611      0.007700390611
   20      2.358956800696      2.331990048389     -0.006881264280
   20     -2.331990048389     -2.358956800696     -0.006881264280
   20      2.358956800696     -0.006881264280      2.331990048389
   20      4.695047569952      2.298761094525      2.298761094525
   20      0.006881264280     -2.358956800696      2.331990048389
   20     -2.331990048389     -0.006881264280     -2.358956800696
   20      0.006881264280      2.331990048389     -2.358956800696
   20     -4.659355953620     -2.334452710857     -2.334452710857
   20     -0.080622605620      2.355197520375      2.355197520375
   20      2.281141681730      4.712666982748      2.307244659304
   20     -2.355197520375      0.080622605620      2.355197520375
   20      2.281141681730      2.307244659304      4.712666982748
   20      4.686564005174      4.712666982748      4.712666982748
   12     -0.015316512181      0.015316512181      4.722959400227
   20     -2.355197520375      2.355197520375      0.080622605620
   12     -0.015316512181      4.722959400227      0.015316512181
   12     -4.722959400227      0.015316512181      0.015316512181
   20      0.002799107439     -2.335592839925     -2.335592839925
   20      2.335592839925     -0.002799107439     -2.335592839925
   12     -2.303004173731     -4.690804490747     -2.318112124600
   20      2.335592839925     -2.335592839925     -0.002799107439
   12      4.847671525267      0.021457165236      0.021457165236
   12     -0.021457165236     -4.847671525267      0.021457165236
   12     -2.303004173731     -2.318112124600     -4.690804490747
   12     -0.021457165236      0.021457165236     -4.847671525267
   12     -4.675696539877     -4.690804490747     -4.690804490747
    8      0.007509928210     -0.007509928210     -2.349944714223
    8      2.403098101912      2.324650156527     -2.403098101913
    8     -2.324650156528     -2.403098101913     -2.403098101913
    8      2.349944714223     -0.007509928210     -0.007509928210
    8      4.786872539662      2.206936124815     -0.065600353979
    8      0.007509928210     -2.349944714223     -0.007509928210
    8      4.786872539662     -0.065600353979      2.206936124815
    8      7.059409018456      2.206936124815      2.206936124815
    8      2.403098101912     -2.403098101913      2.324650156527
    8     -0.011385396327      2.402333540096      0.011385396327
    8      2.249845532846      4.743963131631     -0.000273713890
    8     -2.402333540096      0.011385396327      0.011385396327
    8      2.323433777748      2.330559398331      2.330559398331
    8      4.663249266148      4.670374886731      2.330559398331
    8     -0.011385396327      0.011385396327      2.402333540096
    8      4.663249266148      2.330559398331      4.670374886731
    8      6.994082378368      4.743963131631      4.743963131631
    8      2.249845532846     -0.000273713890      4.743963131631
    8     -0.067736011754      4.738392352836      2.267363242882
    8      2.255416311641      7.061544676231      2.267363242882
    8     -2.413818979084      2.413818979081      2.413818979081
    8      2.330386408259      4.663422256216      4.663422256216
    8      4.726445421596      7.061544676231      4.738392352836
    8     -0.067736011754      2.267363242882      4.738392352836
    8      4.726445421596      4.738392352836      7.061544676231
    8      7.003754167681      6.983863161273      6.983863161273
    8      2.255416311641      2.267363242882      7.061544676231
    0    0
