   3   1   1 E -1.6031099849640E+04 DE 5.3E-09(  9)
 -0.804173512640E-02  0.696901322220E+01  0.696901322220E+01
  0.704229177070E+01 -0.206023692217E-01  0.698165344234E+01
  0.704229177070E+01  0.698165344234E+01 -0.206023692217E-01
    2
  0.100000000000E+01  0.000000000000E+00  0.000000000000E+00
  0.000000000000E+00  0.100000000000E+01  0.000000000000E+00
  0.000000000000E+00  0.000000000000E+00  0.100000000000E+01
  0.000000000000E+00  0.000000000000E+00  0.000000000000E+00
  0.100000000000E+01  0.000000000000E+00  0.000000000000E+00
  0.000000000000E+00  0.000000000000E+00  0.100000000000E+01
  0.000000000000E+00  0.100000000000E+01  0.000000000000E+00
  0.000000000000E+00  0.000000000000E+00  0.000000000000E+00
   54
   20      0.002603211243     -0.005842791032     -0.005842791032
   20      2.306165324678      2.330973634039     -0.062547390202
   20     -2.350421503722     -2.312980319463      0.013283507798
   20      2.306165324678     -0.062547390202      2.330973634039
   20      4.720469157735      2.301851841752      2.301851841752
   20      0.030662187795     -2.323131168844      2.357748884764
   20     -2.350421503722      0.013283507798     -2.312980319463
   20      0.030662187795      2.357748884764     -2.323131168844
   12     -4.744223652063     -2.277865168590     -2.277865168590
   20     -0.060917705457      2.309330445456      2.309330445456
   20      2.319709715511      4.726662432974      2.313017703586
   12     -2.331061407986      0.006189872766      2.407765969660
   20      2.319709715511      2.313017703586      4.726662432974
   20      4.724998977539      4.675986895679      4.675986895679
   12      0.032171503823     -0.015840035695      4.703369563534
   12     -2.331061407986      2.407765969660      0.006189872766
   12      0.032171503823      4.703369563534     -0.015840035695
   20     -4.716774379139      0.027472486074      0.027472486074
   20      0.035612362018     -2.316979413902     -2.316979413902
   12      2.366195922112     -0.035140000081     -2.383826332736
   20     -2.341884685842     -4.711531971409     -2.326390870739
   12      2.366195922112     -2.383826332736     -0.035140000081
   20      4.704850146427     -0.044264915459     -0.044264915459
   12      0.070384918793     -4.660348972461      0.008027358126
   20     -2.341884685842     -2.326390870739     -4.711531971409
   12      0.070384918793      0.008027358126     -4.660348972461
   20     -4.711090147182     -4.665737703054     -4.665737703054
    8      0.074895204967      0.010677776648     -2.418616177640
    8      2.343171323164      2.334261314712     -2.344008004291
    8     -2.403386391234     -2.328352193854     -2.328352193854
    8      2.361674277973     -0.098742179281     -0.098742179281
    8      4.761864429751      2.311158011716     -0.020480595843
    8      0.074895204967     -2.418616177640      0.010677776648
    8      4.761864429751     -0.020480595843      2.311158011716
    8      7.022997195906      2.227387006524      2.227387006524
    8      2.343171323164     -2.344008004291      2.334261314712
    8     -0.069563709662      2.396513850903     -0.015175960793
    8      2.256062306337      4.681944800044     -0.106069309769
    8     -2.345491323603      0.089433921927      0.089433921927
    8      2.318531034658      2.321427442934      2.321427442934
    8      4.717253096566      4.717692593557      2.322791597681
    8     -0.069563709662     -0.015175960793      2.396513850903
    8      4.717253096566      2.322791597681      4.717692593557
    8      7.181911650903      4.788013662686      4.788013662686
    8      2.256062306337     -0.106069309769      4.681944800044
    8     -0.010529216088      4.747097301177      2.205197220724
    8      2.311823652520      6.979900628895      2.441389446282
    8     -2.351439555587      2.210740450743      2.210740450743
    8      2.330879628993      4.738241963832      4.738241963832
    8      4.618695725251      6.965368848552      4.522380287902
    8     -0.010529216088      2.205197220724      4.747097301177
    8      4.618695725251      4.522380287902      6.965368848552
    8      7.062044063152      6.965862080420      6.965862080420
    8      2.311823652520      2.441389446282      6.979900628895
    0    0
