   3   1   1 E -1.6031080529397E+04 DE 1.3E-09( 11)
  0.110093895931E-01  0.698673069759E+01  0.701180345128E+01
  0.701258074099E+01  0.393917586930E-02  0.701261635450E+01
  0.702311911973E+01  0.699215923570E+01 -0.634714792534E-03
    1
  0.100000000000E+01  0.000000000000E+00  0.000000000000E+00
  0.000000000000E+00  0.100000000000E+01  0.000000000000E+00
  0.000000000000E+00  0.000000000000E+00  0.100000000000E+01
  0.000000000000E+00  0.000000000000E+00  0.000000000000E+00
   54
   20      0.033889874682     -0.041704138202     -0.069057879728
   20      2.367126768930      2.360447606570     -0.054786275349
   20     -2.383410951799     -2.344100062362     -0.054858770903
   20      2.360554725606     -0.041110250696      2.359112737211
   20      4.679352236191      2.359127994256      2.361615974928
   20      0.003572457843     -2.363566468173      2.372082149877
   20     -2.329653927054     -0.033502593695     -2.314618538526
   12     -0.034192631934      2.461652499498     -2.321523458506
   12     -4.670156471405     -2.390883984537     -2.309766822223
   20      0.008975156221      2.372996274606      2.365685737289
   12      2.475685695250      4.697111703907      2.370485004708
   20     -2.377189118550     -0.036908941205      2.375920580505
   20      2.341334449884      2.398360143110      4.721448064077
   12      4.595863975601      4.675586397888      4.606970212919
   20     -0.020636275083     -0.034846060258      4.727938951242
   20     -2.355757268051      2.363510551974     -0.036316924341
   20      0.017308769115      4.691771056913     -0.052812259342
   12     -4.646816131725     -0.145708200459     -0.021410255738
   12      0.072266621181     -2.388465121674     -2.284861896273
   20      2.372006318548     -0.045099294819     -2.326980918482
   12     -2.311975748233     -4.571653499843     -2.280221326801
   12      2.242305932855     -2.266323370190     -0.043823798771
   12      4.616078323465      0.012725642825     -0.029132994290
   20     -0.002617171142     -4.654093036400     -0.042894445716
   20     -2.366088392568     -2.331928776522     -4.663578200814
   20      0.023350287689     -0.020884732120     -4.649375236155
   20     -4.677658565518     -4.640864765856     -4.659484337223
    8      0.025720504750     -0.038293576774     -2.336455721495
    8      2.351509925053      2.421165956653     -2.328259043055
    8     -2.372000084565     -2.430019654309     -2.337336369740
    8      2.436429474748     -0.095614201365     -0.009491004402
    8      4.666938794069      2.278075144807     -0.094871050159
    8      0.048212914077     -2.345702599942     -0.062754626985
    8      4.677153788809     -0.015258408814      2.355096465349
    8      7.020990894877      2.351112441971      2.388661603446
    8      2.344319571100     -2.340643790698      2.357917591249
    8      0.016635811039      2.347956876831     -0.075320020755
    8      2.341559618033      4.767853682025     -0.044692576002
    8     -2.390648298155     -0.017005613981     -0.033058371618
    8      2.349795044756      2.402281607416      2.350382972752
    8      4.584052333256      4.648219767553      2.369737696418
    8     -0.001782035114     -0.024817022675      2.358460818205
    8      4.729514372806      2.422130679615      4.696627468512
    8      7.016227715274      4.561695396991      4.693797281864
    8      2.335997869400     -0.074841755719      4.755896566554
    8      0.081766831798      4.659204649765      2.363074439640
    8      2.355453515541      6.886695271358      2.303852354723
    8     -2.339188532463      2.351963465934      2.361628714335
    8      2.353123780753      4.675602366500      4.686909417580
    8      4.666789287499      6.958246029292      4.753926334947
    8     -0.072259972660      2.419986691070      4.690096060933
    8      4.574038771418      4.761082202918      6.901251445537
    8      7.031584451572      6.981961896386      6.997096987236
    8      2.344736338746      2.368046913890      6.999102400800
    0    0
