   3   1   1 E -1.6031088813859E+04 DE-8.2E-10( 11)
  0.162398556896E-01  0.700144973287E+01  0.702509154175E+01
  0.702703366848E+01 -0.167233602892E-02  0.703415890589E+01
  0.703055037454E+01  0.700800596803E+01  0.102789514841E-02
    1
  0.100000000000E+01  0.000000000000E+00  0.000000000000E+00
  0.000000000000E+00  0.100000000000E+01  0.000000000000E+00
  0.000000000000E+00  0.000000000000E+00  0.100000000000E+01
  0.000000000000E+00  0.000000000000E+00  0.000000000000E+00
   54
   20      0.017313581082     -0.003149190482      0.004046966782
   20      2.353811715250      2.321352989596     -0.009332801597
   20     -2.346261228288     -2.345738324913      0.004032520770
   20      2.359907888799     -0.017777674266      2.307120466322
   20      4.732042588643      2.298251326489      2.324695531296
   20      0.014612818420     -2.357849202603      2.345823468759
   20     -2.349804365074      0.018618306263     -2.324630731181
   20      0.000442403602      2.334021417879     -2.307298361256
   20     -4.720771982382     -2.305419226413     -2.327282002262
   20     -0.021173613470      2.356801326324      2.311989525551
   20      2.307922038962      4.726746530718      2.324124370327
   20     -2.380411628027      0.017711721703      2.328729963423
   20      2.327056824993      2.320572490764      4.761449336485
   20      4.689180627258      4.711900305701      4.762380907097
   12      0.032065743438      0.037790283237      4.771896938526
   12     -2.329727925761      2.335478535230     -0.013099913467
   12      0.010909469076      4.767009436690      0.003316177931
   12     -4.751435825103     -0.005829212409     -0.008154142703
   20      0.027128140471     -2.328915357183     -2.310722433558
   12      2.316967732061     -0.076931327568     -2.259508809095
   20     -2.333648539819     -4.730680004563     -2.314609370584
   12      2.337734886732     -2.324284750133     -0.033575318300
   12      4.732846420055     -0.038623808322     -0.039916768258
   12      0.010853630441     -4.751009812593      0.000368908480
   20     -2.317840968145     -2.316456920803     -4.766763291801
   12      0.080218211038     -0.021358458511     -4.777779321681
   20     -4.710157410602     -4.708052345533     -4.743809255940
    8      0.100864314748     -0.001065112483     -2.319752150243
    8      2.339819637297      2.259313043938     -2.334595753559
    8     -2.345095050558     -2.337137692847     -2.337199263318
    8      2.424745474424     -0.088317430724     -0.071249936129
    8      4.774887641130      2.239018448280      0.007642673216
    8      0.078114774153     -2.420809766571      0.011401191829
    8      4.746762432621      0.000497335885      2.289600968374
    8      7.020933149941      2.223425530845      2.277826329581
    8      2.335284222414     -2.337541849460      2.270384061147
    8     -0.074950515754      2.417824149692      0.000572711916
    8      2.257095990125      4.758824781328     -0.009253875014
    8     -2.421573983451      0.071686413070     -0.006456231398
    8      2.353040059670      2.340053040977      2.347725979500
    8      4.679354632544      4.669818190143      2.328671457204
    8     -0.004658665703      0.003816666809      2.329075754395
    8      4.694190887410      2.341330128125      4.785754792332
    8      7.026447814064      4.786448019858      4.727008427880
    8      2.252173368765     -0.002538132077      4.756030865636
    8      0.015407841419      4.773350244055      2.288327205406
    8      2.245886392126      6.999515873327      2.302654600820
    8     -2.345622440056      2.333727937035      2.255865068213
    8      2.358158619008      4.764858912438      4.803248524874
    8      4.680883578158      7.007416408323      4.739442370956
    8     -0.005588239835      2.223812283413      4.720392417530
    8      4.720489868441      4.694265595665      7.039915931402
    8      7.012510852214      7.110687315830      7.024171974797
    8      2.322863655243      2.288565752761      7.030553885133
    0    0
