   3   1   1 E -1.6031087234270E+04 DE-1.9E-09( 11)
 -0.357514327885E-02  0.701361989128E+01  0.699468388784E+01
  0.698855112860E+01 -0.292563670284E-02  0.698822779965E+01
  0.700199648656E+01  0.701334449744E+01 -0.929936117934E-02
    1
  0.100000000000E+01  0.000000000000E+00  0.000000000000E+00
  0.000000000000E+00  0.100000000000E+01  0.000000000000E+00
  0.000000000000E+00  0.000000000000E+00  0.100000000000E+01
  0.000000000000E+00  0.000000000000E+00  0.000000000000E+00
   54
   20      0.024935012184     -0.017077741423     -0.005647997911
   20      2.359319823872      2.379423227175     -0.055737469864
   20     -2.377570837773     -2.339765886575     -0.027285006302
   20      2.386823255834     -0.075773699362      2.306974527967
   20      4.667407925490      2.339571644841      2.311260335215
   20      0.069374762417     -2.367678323022      2.367773704291
   20     -2.378065001523     -0.041019271317     -2.344715836077
   20      0.051640921465      2.411059178788     -2.292547691992
   12     -4.625446194985     -2.386383325097     -2.277480815869
   20     -0.059971137727      2.381130368251      2.300371377336
   20      2.331477474872      4.708882268845      2.308787054858
   20     -2.375188805488      0.029976594042      2.377325570029
   20      2.340101594173      2.347714022945      4.741058517416
   12      4.649545568686      4.715220891166      4.762263873183
   20     -0.008666613775     -0.064718143470      4.747167282537
   20     -2.375890136901      2.415165280182      0.009619239493
   12     -0.000380206035      4.763068258288     -0.023038018243
   12     -4.640807775981     -0.075252937330     -0.052772103201
   20     -0.021112862865     -2.365734428567     -2.332660214327
   20      2.423566566510      0.010185149879     -2.320800285160
   12     -2.362607120454     -4.616643517194     -2.450239885645
   12      2.397404878373     -2.302706805284      0.028160456502
   12      4.474383949236     -0.133290680580     -0.107189379702
   20      0.021419906181     -4.720549744440      0.012521440647
   12     -2.420682059194     -2.363953604316     -4.614666367618
   20      0.007946084498     -0.030342640373     -4.720521424621
   12     -4.677578275071     -4.598900301891     -4.683986359525
    8      0.003948097306     -0.008335008379     -2.346101963676
    8      2.502770518050      2.467679393041     -2.430417015236
    8     -2.466464636788     -2.423051431045     -2.394814644471
    8      2.435128329807     -0.052948121864     -0.015334287117
    8      4.655966407867      2.259995130477     -0.083328011511
    8      0.057430689490     -2.358216563424      0.002491932248
    8      4.655157481142     -0.090180596961      2.244451072669
    8      7.066927059925      2.331202578107      2.329083670524
    8      2.485364582953     -2.452753366323      2.301872559089
    8      0.001529301744      2.422545205736     -0.014056225152
    8      2.242579069891      4.802295682132     -0.128361418215
    8     -2.414215892248      0.003430942837     -0.007794630781
    8      2.326817233683      2.351043923859      2.308764522349
    8      4.668881836027      4.689884313669      2.378380663016
    8      0.010702642691     -0.021223445875      2.351760246877
    8      4.652566105061      2.405527467495      4.694873339333
    8      7.009602395417      4.670981753641      4.751418201380
    8      2.337715796886     -0.097801286316      4.726299133328
    8     -0.075115206131      4.680437082599      2.247472622944
    8      2.355311713584      7.092333316112      2.270484737070
    8     -2.445913644586      2.427217121734      2.419332634800
    8      2.433470463145      4.679881752058      4.753334513558
    8      4.670203984682      6.997552467019      4.774364073431
    8     -0.065740762473      2.323239903113      4.675899646260
    8      4.595755298290      4.789493304566      7.016787039648
    8      7.019332729613      6.880867998902      7.006969809324
    8      2.340283832397      2.335469033030      7.083428723310
    0    0
