   3   1   1 E -1.6031071154356E+04 DE 8.1E-10( 11)
  0.346232343949E-01  0.696411147793E+01  0.694495948948E+01
  0.702380121812E+01 -0.288308153060E-01  0.699929607727E+01
  0.701792978606E+01  0.700775990923E+01 -0.170895416303E-01
    1
  0.100000000000E+01  0.000000000000E+00  0.000000000000E+00
  0.000000000000E+00  0.100000000000E+01  0.000000000000E+00
  0.000000000000E+00  0.000000000000E+00  0.100000000000E+01
  0.000000000000E+00  0.000000000000E+00  0.000000000000E+00
   54
   20      0.026102439864     -0.023252166388     -0.020379538708
   20      2.360990339251      2.308646755510     -0.040411836702
   20     -2.353823186528     -2.337493216898     -0.012921565485
   20      2.371222472119     -0.048199583511      2.303668873235
   20      4.704887539858      2.303990366971      2.307103975286
   20      0.025307616604     -2.331594301323      2.361323868070
   20     -2.330668321481     -0.014716756125     -2.356637632550
   20      0.017079977306      2.340539052369     -2.337955463571
   20     -4.678789640547     -2.318434218695     -2.320560626382
   20     -0.031704892599      2.326324423349      2.310008647537
   20      2.312641171707      4.696987949686      2.309590425673
   20     -2.357487370595      0.011043184419      2.363248092829
   20      2.327261680582      2.300788684491      4.681154385889
   20      4.689914240494      4.707987205288      4.724933252248
   12     -0.078075083983     -0.048858558778      4.755620927345
   20     -2.346192659351      2.350826814876      0.022217922142
   12     -0.182470734922      4.776210656414     -0.064073528829
   12     -4.801230417201     -0.045386711262     -0.004423161675
   20     -0.016436121786     -2.313532053984     -2.339116294085
   12      2.363441834759      0.044925404342     -2.243711153443
   12     -2.239725553374     -4.670697091644     -2.278182981131
   12      2.398050783533     -2.277316229480      0.010813205846
   12      4.743558654974     -0.033384636057      0.030748795538
   20     -0.007447006744     -4.704600320452      0.009190439858
   12     -2.260564916353     -2.337500449337     -4.821832341548
   12      0.024109028925     -0.001200994202     -4.738945889967
   20     -4.682600822803     -4.658072396028     -4.634786272313
    8      0.047670161581      0.002237586660     -2.369393557383
    8      2.378822501870      2.307458389246     -2.333198925801
    8     -2.349994534324     -2.368299368805     -2.370455155633
    8      2.403126066209     -0.081697777698     -0.080048131108
    8      4.680060925303      2.286053761539     -0.054187444496
    8      0.015407126732     -2.338093070729     -0.009659117787
    8      4.749433056205     -0.061078829875      2.256948002415
    8      7.022799770466      2.294004302425      2.335487127090
    8      2.372815272058     -2.351292046194      2.310614149879
    8      0.008854024392      2.349348563362     -0.013080780877
    8      2.302139487571      4.708603782817     -0.024580283938
    8     -2.370085486283     -0.005227166755     -0.011074569291
    8      2.344674393408      2.309289894581      2.304896699796
    8      4.670373305936      4.682356981763      2.334574181699
    8     -0.004589196215     -0.016770213170      2.336627321091
    8      4.686682810321      2.314495858880      4.673281181430
    8      7.042693264247      4.713191595905      4.715303906234
    8      2.322560864120     -0.034816968731      4.688597397028
    8     -0.014291799647      4.696079991554      2.254228827818
    8      2.299253791852      7.008824097538      2.302400804956
    8     -2.339369783686      2.365954592041      2.352732172593
    8      2.344354570617      4.695555469819      4.702997005813
    8      4.683809827746      7.074601375440      4.731137919849
    8     -0.039010367170      2.273724731721      4.659035559810
    8      4.704835048392      4.703514646164      7.052535303712
    8      7.034951543706      6.918347245733      6.965198156446
    8      2.348266376503      2.293284334557      6.985644836570
    0    0
