   3   1   1 E -1.6031097837105E+04 DE-1.8E-09( 10)
  0.380509410714E-02  0.699887476273E+01  0.703402264963E+01
  0.700247343609E+01 -0.632257262888E-02  0.705102968627E+01
  0.698382023566E+01  0.700410312608E+01  0.532726533923E-02
    1
  0.100000000000E+01  0.000000000000E+00  0.000000000000E+00
  0.000000000000E+00  0.100000000000E+01  0.000000000000E+00
  0.000000000000E+00  0.000000000000E+00  0.100000000000E+01
  0.000000000000E+00  0.000000000000E+00  0.000000000000E+00
   54
   20      0.005002134620      0.004448720747     -0.023001041824
   20      2.347417887585      2.335550967270     -0.064043250781
   20     -2.354510044442     -2.334842432066     -0.038761443675
   20      2.311369340076     -0.033310784316      2.362718636337
   20      4.679446470724      2.327981850613      2.374690655710
   20      0.018400410525     -2.322420508612      2.387958656771
   20     -2.361013609659      0.006850890754     -2.321169105056
   20      0.014286387398      2.358853690432     -2.366904978123
   12     -4.638673556131     -2.221436058488     -2.307260812095
   20     -0.049568903171      2.319567481059      2.357356371249
   20      2.311550608824      4.722381988515      2.354858466712
   20     -2.367224945955      0.020024917147      2.382201184806
   20      2.338583024939      2.330257888514      4.774259726208
   12      4.571170617248      4.668782958531      4.738708787412
   12      0.025439508828     -0.030062625357      4.682740651342
   12     -2.426909127354      2.358607843052     -0.070406449485
   20     -0.020712219970      4.713616613419     -0.030709162080
   12     -4.658351381978     -0.025092428003     -0.039293643000
   20      0.010319914954     -2.326249958490     -2.363347219555
   12      2.373207202587     -0.075155046695     -2.297436261259
   12     -2.323944052399     -4.673908803990     -2.339709502695
   12      2.405898530480     -2.330829766723     -0.070287296973
   20      4.683876267715     -0.031690015736     -0.038924176140
   20      0.037776370001     -4.720076992546     -0.013996144633
   20     -2.366596447493     -2.354654007848     -4.701997867437
   12      0.123353451471      0.003875247817     -4.664835272924
   20     -4.647565616470     -4.685068564804     -4.672536929732
    8      0.078777002464      0.004523830504     -2.352989668656
    8      2.434262464367      2.336732297866     -2.346910622020
    8     -2.420277726574     -2.393002957052     -2.358349410787
    8      2.344256375943     -0.077699285063     -0.066712959552
    8      4.668585661973      2.318541564396     -0.058606773229
    8      0.073847442904     -2.345584218138     -0.008934460868
    8      4.699155762992     -0.013252582389      2.378834203336
    8      7.000323927021      2.253770243148      2.368967191395
    8      2.334255611119     -2.335445984894      2.370792315784
    8     -0.063178731235      2.348526279619     -0.036942915412
    8      2.321941701337      4.760009002505     -0.066606172423
    8     -2.431057115599      0.072854471276     -0.010367567850
    8      2.320022079827      2.333562077803      2.360358046586
    8      4.644134125405      4.672467951523      2.380402827033
    8     -0.002550691079     -0.000765147166      2.375035505289
    8      4.654907935714      2.398170796128      4.758682548414
    8      7.000554199447      4.786838527223      4.701188799288
    8      2.239817769757     -0.103559333479      4.782235264352
    8     -0.018266265013      4.741515447873      2.353902819175
    8      2.232322128169      7.004400200658      2.336516081368
    8     -2.336888315193      2.329219312752      2.374042796212
    8      2.421498441319      4.772974702822      4.763386810074
    8      4.647223435368      6.984607692977      4.706852550514
    8     -0.056192367518      2.242862682223      4.694802201811
    8      4.557195031380      4.567444041852      6.923917821327
    8      7.119593168185      6.994784965928      7.044005087751
    8      2.449153170881      2.324449277732      7.048333307570
    0    0
