   3   1   1 E -1.6031039101047E+04 DE 1.3E-09(  2)
 -0.549449504452E-02  0.703099604803E+01  0.702918721685E+01
  0.702678724764E+01  0.488234257199E-02  0.702591890784E+01
  0.702621709498E+01  0.703197858094E+01  0.778134589043E-03
    1
  0.100000000000E+01  0.000000000000E+00  0.000000000000E+00
  0.000000000000E+00  0.100000000000E+01  0.000000000000E+00
  0.000000000000E+00  0.000000000000E+00  0.100000000000E+01
  0.000000000000E+00  0.000000000000E+00  0.000000000000E+00
   54
   20      0.000000000000      0.000000000000      0.000000000000
   20      2.342072364994      2.343992860313      0.000259378196
   20     -2.342072364994     -2.343992860313     -0.000259378196
   20      2.342262415880      0.001627447524      2.341972969280
   20      4.684334780873      2.345620307837      2.342232347477
   20      0.000190050886     -2.342365412789      2.341713591084
   20     -2.342262415880     -0.001627447524     -2.341972969280
   12     -0.000190050886      2.342365412789     -2.341713591084
   12     -4.684334780873     -2.345620307837     -2.342232347477
   20     -0.001831498348      2.343665349344      2.343062405616
   12      2.340240866645      4.687658209656      2.343321783812
   20     -2.343903863342     -0.000327510969      2.342803027419
   20      2.340430917531      2.345292796868      4.685035374896
   20      4.682503282525      4.689285657180      4.685294753092
   12     -0.001641447462      0.001299936555      4.684775996700
   12     -2.344093914228      2.342037901820      0.001089436335
   20     -0.002021549234      4.686030762132      0.001348814531
   20     -4.686166279221     -0.001954958493      0.000830058139
   20      0.001831498348     -2.343665349344     -2.343062405616
   12      2.343903863342      0.000327510969     -2.342803027419
   20     -2.340240866645     -4.687658209656     -2.343321783812
   20      2.344093914228     -2.342037901820     -0.001089436335
   12      4.686166279221      0.001954958493     -0.000830058139
   12      0.002021549234     -4.686030762132     -0.001348814531
   12     -2.340430917531     -2.345292796868     -4.685035374896
   20      0.001641447462     -0.001299936555     -4.684775996700
   20     -4.682503282525     -4.689285657180     -4.685294753092
    8      0.000820723731     -0.000649968277     -2.342387998350
    8      2.342893088726      2.343342892036     -2.342128620153
    8     -2.341251641263     -2.344642828590     -2.342647376546
    8      2.343083139611      0.000977479247     -0.000415029069
    8      4.685155504605      2.344970339560     -0.000155650873
    8      0.001010774617     -2.343015381066     -0.000674407266
    8      4.685345555489      0.002604926770      2.341557940210
    8      7.027417920484      2.346597787084      2.341817318406
    8      2.343273190497     -2.341387933542      2.341298562015
    8     -0.001010774617      2.343015381066      0.000674407266
    8      2.341061590376      4.687008241378      0.000933785462
    8     -2.343083139611     -0.000977479247      0.000415029069
    8      2.341251641263      2.344642828590      2.342647376546
    8      4.683324006256      4.688635688903      2.342906754742
    8     -0.000820723731      0.000649968277      2.342387998350
    8      4.683514057142      2.346270276114      4.684620345827
    8      7.025586422136      4.690263136427      4.684879724023
    8      2.341441692149      0.002277415801      4.684360967630
    8     -0.002842272965      4.686680730411      2.343736812882
    8      2.339230092028      7.030673590723      2.343996191079
    8     -2.344914637959      2.342687870098      2.343477434686
    8      2.339420142914      4.688308177934      4.685709782162
    8      4.681492507908      7.032301038247      4.685969160359
    8     -0.002652222079      2.344315317622      4.685450403966
    8      4.681682558795      4.689935625458      7.027682751443
    8      7.023754923788      7.033928485771      7.027942129640
    8      2.339610193801      2.345942765145      7.027423373247
    0    0
