   3   1   1 E -1.6031035328898E+04 DE 1.6E-09(  2)
 -0.964794459381E-03  0.702661980845E+01  0.702665005966E+01
  0.703259001644E+01  0.136886447235E-02  0.702971321421E+01
  0.702650011717E+01  0.703133062987E+01 -0.492071326594E-03
    1
  0.100000000000E+01  0.000000000000E+00  0.000000000000E+00
  0.000000000000E+00  0.100000000000E+01  0.000000000000E+00
  0.000000000000E+00  0.000000000000E+00  0.100000000000E+01
  0.000000000000E+00  0.000000000000E+00  0.000000000000E+00
   54
   20      0.000000000000      0.000000000000      0.000000000000
   20      2.342166705725      2.343776876623     -0.000164023776
   20     -2.342166705725     -2.343776876623      0.000164023776
   20      2.344196672147      0.000456288157      2.343237738071
   20      4.686363377872      2.344233164780      2.343073714295
   20      0.002029966423     -2.343320588465      2.343401761846
   20     -2.344196672147     -0.000456288157     -2.343237738071
   20     -0.002029966423      2.343320588465     -2.343401761846
   12     -4.686363377872     -2.344233164780     -2.343073714295
   20     -0.000321598153      2.342206602818      2.342216686553
   20      2.341845107572      4.685983479441      2.342052662778
   12     -2.342488303878     -0.001570273805      2.342380710329
   20      2.343875073994      2.342662890976      4.685454424624
   20      4.686041779719      4.686439767598      4.685290400848
   20      0.001708368270     -0.001113985647      4.685618448399
   12     -2.344518270301      2.341750314661     -0.001021051517
   20     -0.002351564576      4.685527191283     -0.001185075293
   12     -4.686684976025     -0.002026561962     -0.000857027742
   12      0.000321598153     -2.342206602818     -2.342216686553
   20      2.342488303878      0.001570273805     -2.342380710329
   12     -2.341845107572     -4.685983479441     -2.342052662778
   12      2.344518270301     -2.341750314661      0.001021051517
   20      4.686684976025      0.002026561962      0.000857027742
   12      0.002351564576     -4.685527191283      0.001185075293
   20     -2.343875073994     -2.342662890976     -4.685454424624
   12     -0.001708368270      0.001113985647     -4.685618448399
   20     -4.686041779719     -4.686439767598     -4.685290400848
    8     -0.000854184135      0.000556992824     -2.342809224200
    8      2.341312521590      2.344333869446     -2.342973247975
    8     -2.343020889859     -2.343219883799     -2.342645200424
    8      2.343342488013      0.001013280981      0.000428513871
    8      4.685509193737      2.344790157604      0.000264490095
    8      0.001175782288     -2.342763595642      0.000592537646
    8      4.687539160158      0.001469569138      2.343666251940
    8      7.029705865882      2.345246445761      2.343502228163
    8      2.345372454434     -2.342307307484      2.343830275716
    8     -0.001175782288      2.342763595642     -0.000592537646
    8      2.340990923436      4.686540472263     -0.000756561422
    8     -2.343342488013     -0.001013280981     -0.000428513871
    8      2.343020889859      2.343219883799      2.342645200424
    8      4.685187595583      4.686996760421      2.342481176649
    8      0.000854184135     -0.000556992824      2.342809224200
    8      4.687217562006      2.343676171957      4.685882938494
    8      7.029384267728      4.687453048578      4.685718914717
    8      2.345050856282     -0.000100704666      4.686046962270
    8     -0.001497380441      4.684970198459      2.341624148906
    8      2.340669325282      7.028747075081      2.341460125132
    8     -2.343664086166      2.341193321836      2.341788172681
    8      2.342699291706      4.685426486617      4.684861886977
    8      4.684865997429      7.029203363239      4.684697863202
    8      0.000532585982      2.341649609993      4.685025910751
    8      4.686895963854      4.685882774775      7.028099625047
    8      7.029062669575      7.029659651396      7.027935601272
    8      2.344729258130      2.342105898151      7.028263648823
    0    0
