   3   1   1 E -1.6031097836490E+04 DE 3.2E-10( 11)
 -0.100052926520E-01  0.702124354188E+01  0.701297334288E+01
  0.703577551134E+01 -0.351085123280E-02  0.701246931649E+01
  0.702301952513E+01  0.701505756568E+01  0.204516831454E-02
    1
  0.100000000000E+01  0.000000000000E+00  0.000000000000E+00
  0.000000000000E+00  0.100000000000E+01  0.000000000000E+00
  0.000000000000E+00  0.000000000000E+00  0.100000000000E+01
  0.000000000000E+00  0.000000000000E+00  0.000000000000E+00
   54
   20      0.003645495214     -0.024267660604     -0.080919696732
   20      2.307662647477      2.325634316811     -0.080273029251
   20     -2.322718225877     -2.359913090127     -0.049493191064
   20      2.342618208271     -0.060134726141      2.349976645757
   20      4.724703652190      2.325783496065      2.354300996373
   20      0.053326921221     -2.356223368742      2.367285851526
   20     -2.319747437642     -0.024761030076     -2.331100851370
   12     -0.008580562897      2.343042545481     -2.333091918238
   12     -4.706267972714     -2.283794222018     -2.385016634632
   20     -0.044556389694      2.361745370417      2.389473384494
   20      2.318695444152      4.706376755167      2.364802162415
   20     -2.342095575245      0.033069706279      2.344098349010
   20      2.321618273959      2.362161583649      4.750437906279
   20      4.695444267352      4.674542078314      4.726548234448
   12      0.072974907569      0.001245911641      4.663564260120
   12     -2.320701789971      2.391206229397      0.011460210026
   20     -0.033683937838      4.672284175376     -0.065214382963
   20     -4.703402881334      0.056125071054     -0.039767488839
   12      0.050570016126     -2.343398824583     -2.292100709371
   12      2.253044087676     -0.061410261738     -2.292142816866
   20     -2.346702549521     -4.667833076039     -2.368699984898
   12      2.370984355179     -2.411439956944     -0.069280516726
   20      4.689030426670     -0.039444924639      0.007778179004
   12     -0.024395682191     -4.599345389688     -0.061989650345
   12     -2.350975331628     -2.346652619896     -4.639461357117
   20     -0.008653884219      0.002080035404     -4.641684126903
   20     -4.701479908164     -4.632741274923     -4.658534369732
    8      0.106590250203     -0.028966031229     -2.334210130406
    8      2.205517790505      2.338412226864     -2.335650751137
    8     -2.350795425702     -2.338345279446     -2.412357121252
    8      2.332935053229     -0.109096760881     -0.102136571812
    8      4.746239371333      2.332566637164     -0.029698628563
    8      0.091112374433     -2.467796955297     -0.091257124746
    8      4.688035812061     -0.076862952731      2.347382357125
    8      7.019125775917      2.340242707649      2.366592658529
    8      2.459671861910     -2.332890669286      2.441987080206
    8     -0.089214117880      2.337706302923     -0.070494930682
    8      2.336604691853      4.689115397103     -0.059424502659
    8     -2.336649805972      0.050471960309     -0.020609561330
    8      2.340926208877      2.335761702393      2.368612128085
    8      4.695419173397      4.678290274619      2.347725560190
    8      0.004252792161     -0.003071777375      2.382857826030
    8      4.803457979519      2.333203824657      4.761587753866
    8      7.135804733405      4.688599137358      4.674470993696
    8      2.246916868018     -0.072020467447      4.679107498826
    8     -0.069512869723      4.678586428613      2.395640019721
    8      2.332768325781      7.031107408767      2.360312694535
    8     -2.354728689215      2.430039551787      2.280118503730
    8      2.260522931647      4.759130149840      4.754151166923
    8      4.699208333161      7.013186436567      4.689438059155
    8     -0.006031689572      2.357872709031      4.768412173010
    8      4.594612718504      4.571665944370      7.058726663127
    8      7.031575831591      7.096372706414      6.953031751911
    8      2.324830993621      2.470338691871      7.008424204123
    0    0
