   3   1   1 E -1.6031083517364E+04 DE 1.6E-09(  9)
  0.206068155594E-01  0.695708322557E+01  0.701046808207E+01
  0.695646449085E+01  0.219791729596E-01  0.700212988867E+01
  0.698080992010E+01  0.696669986841E+01  0.414686280498E-02
    1
  0.100000000000E+01  0.000000000000E+00  0.000000000000E+00
  0.000000000000E+00  0.100000000000E+01  0.000000000000E+00
  0.000000000000E+00  0.000000000000E+00  0.100000000000E+01
  0.000000000000E+00  0.000000000000E+00  0.000000000000E+00
   54
   20     -0.030678036563      0.001683267751      0.005140365649
   20      2.341106292670      2.379226364220     -0.041607711735
   20     -2.374082252010     -2.299728163534     -0.006341187191
   20      2.334626363850     -0.051109488210      2.317463236035
   20      4.695013072450      2.311722538109      2.322284724434
   20      0.032176764572     -2.341246757170      2.324213118707
   20     -2.358382063778     -0.020053960197     -2.284133083036
   20      0.016230451669      2.343070913121     -2.297704933678
   12     -4.666302689432     -2.344530063996     -2.293071734630
   20     -0.041422448237      2.310545717927      2.285486260172
   20      2.306272376648      4.718020713829      2.288075396480
   12     -2.293072538467      0.051747708153      2.269859966323
   20      2.320003800685      2.318388990298      4.739977629072
   20      4.685444173069      4.648755142382      4.712364289345
   20      0.032087718138     -0.010561434490      4.719944787269
   12     -2.352376633338      2.358433271356      0.001487838100
   12      0.079736768990      4.668558327521     -0.004479806995
   12     -4.709429346167     -0.022201321874      0.072112527194
   20     -0.038639608694     -2.352799768615     -2.314080804881
   20      2.348902639441      0.018044523144     -2.326771973695
   12     -2.349577889779     -4.657722446915     -2.290844791738
   12      2.281494743369     -2.419065544557     -0.041517579911
   20      4.733691520019     -0.004556696181     -0.013674715012
   12      0.023041774849     -4.682555041597      0.023474460379
   20     -2.347270792500     -2.389442498512     -4.710936160283
   12     -0.066331620428      0.205132311647     -4.730680020405
   20     -4.631488195257     -4.685056428886     -4.730356051109
    8     -0.017225334870     -0.003890412721     -2.307369522852
    8      2.433209842509      2.400246785084     -2.357820597770
    8     -2.429980099110     -2.428897589643     -2.309731127837
    8      2.347752021574     -0.040726507740     -0.023676658193
    8      4.726452439970      2.331979757042     -0.046281917422
    8      0.051200569397     -2.400492808151      0.005549955253
    8      4.710727635606     -0.023658867591      2.321116543881
    8      6.984891266832      2.256777563400      2.279634538836
    8      2.316007829110     -2.352103148398      2.291236416068
    8     -0.071671396656      2.400235005811      0.014756781808
    8      2.201074906544      4.785388204660     -0.125487298858
    8     -2.455167838148      0.114417752906      0.132210473355
    8      2.325557848692      2.337474685313      2.304022559561
    8      4.659942833022      4.715757448229      2.324930798468
    8     -0.047975154791     -0.013068610580      2.294218522533
    8      4.643781844868      2.336421658890      4.737235652589
    8      7.085209059850      4.653500528992      4.733471719382
    8      2.312786790431     -0.068881234606      4.747348564294
    8     -0.013850664604      4.698981837900      2.281915154729
    8      2.290474670043      6.956541814330      2.274485141780
    8     -2.305859513134      2.183001528936      2.281552698745
    8      2.341404739363      4.651019959694      4.728533943393
    8      4.708718683187      7.031647526891      4.641185511837
    8     -0.064145006401      2.305570463245      4.723600309588
    8      4.662806888944      4.536538472483      7.005179779273
    8      7.122233714936      7.014382157580      7.134866886048
    8      2.321332596345      2.325066054531      6.992982877618
    0    0
