   3   1   1 E -1.6031053615734E+04 DE 2.7E-10( 11)
  0.649964293130E-02  0.701632615748E+01  0.701748181705E+01
  0.700699146576E+01 -0.201352615638E-02  0.701914901322E+01
  0.701411694490E+01  0.701859721038E+01 -0.253200800091E-02
    1
  0.100000000000E+01  0.000000000000E+00  0.000000000000E+00
  0.000000000000E+00  0.100000000000E+01  0.000000000000E+00
  0.000000000000E+00  0.000000000000E+00  0.100000000000E+01
  0.000000000000E+00  0.000000000000E+00  0.000000000000E+00
   54
   20      0.003834805928     -0.004192676310     -0.004118255063
   20      2.352192264337      2.338757535726     -0.010913821628
   20     -2.336447093269     -2.348147621202     -0.012967753494
   20      2.349564346423     -0.013405235124      2.335582047591
   20      4.684540385332      2.335821636177      2.333201374479
   20      0.006357946681     -2.343749269043      2.338265140709
   20     -2.340310987518     -0.007663831614     -2.339478151069
   20      0.002301571695      2.347005473382     -2.337246771375
   12     -4.653537408602     -2.324435163969     -2.354531166381
   20     -0.002924811194      2.343832655015      2.337331052610
   20      2.348448919903      4.680024569611      2.332122419192
   20     -2.335275529150      0.005355510975      2.338032506782
   20      2.349597096034      2.339181459175      4.692295691226
   12      4.567966341060      4.721819861565      4.706607204873
   20     -0.005621766180     -0.000724706758      4.690900954744
   12     -2.345845588100      2.379157836124     -0.004360338849
   20     -0.018871393614      4.683601993308     -0.001814412685
   12     -4.662670236432      0.013876431159     -0.018494299025
   20     -0.001952357979     -2.348671539690     -2.333615309221
   20      2.355289337332     -0.002145070840     -2.335539821395
   12     -2.327779423656     -4.645007124024     -2.324865719648
   12      2.397949787405     -2.346985698920      0.014541870845
   12      4.670665366054     -0.017534207116      0.008942510394
   12     -0.016061169358     -4.691041545364      0.005459145255
   12     -2.437048028394     -2.408655718660     -4.665358740020
   20     -0.000655574938      0.003189479729     -4.688437006569
   20     -4.658694848521     -4.665134098128     -4.681780787507
    8      0.003279904857     -0.002811676416     -2.335999356744
    8      2.359284445144      2.354501663378     -2.339114854095
    8     -2.353692661070     -2.362494063750     -2.352014273453
    8      2.359477017815     -0.013688110104     -0.004605241684
    8      4.698583645419      2.320366616000     -0.023195910115
    8      0.013424839564     -2.354869575393     -0.004946542986
    8      4.677421270918     -0.014241746967      2.326024586401
    8      7.014790828113      2.342395580117      2.329926043608
    8      2.360830319484     -2.340811328526      2.346588401936
    8     -0.007894285587      2.341693499881     -0.002897747279
    8      2.345039714519      4.687473309466     -0.015321335626
    8     -2.346466696016      0.004790640747     -0.005176722631
    8      2.349130255863      2.336983160896      2.335340978713
    8      4.681462341344      4.676800669525      2.334393165700
    8      0.001061053415     -0.002721474324      2.337918448723
    8      4.678231627129      2.347567629163      4.692541814614
    8      7.001076807859      4.679299356457      4.681981882442
    8      2.340123055927     -0.015898540916      4.691548268292
    8     -0.005491463608      4.678659924662      2.335048308187
    8      2.352495004712      7.021673192797      2.328038482035
    8     -2.330437199184      2.362948288692      2.340750995704
    8      2.365867487764      4.674950819598      4.691801141739
    8      4.681675425339      7.017535228967      4.690521599265
    8     -0.003019746542      2.337515089998      4.686676128140
    8      4.586218211549      4.669165013586      7.031802909668
    8      7.004664025535      7.032638354846      7.013378102784
    8      2.352089059606      2.344541830076      7.022675862130
    0    0
