   3   1   1 E -1.6031035894200E+04 DE 1.7E-09(  2)
  0.524253463345E-02  0.702864582906E+01  0.703275296166E+01
  0.702870210501E+01 -0.122820613037E-02  0.703269236028E+01
  0.703385593921E+01  0.702741797342E+01 -0.352001008687E-04
    1
  0.100000000000E+01  0.000000000000E+00  0.000000000000E+00
  0.000000000000E+00  0.100000000000E+01  0.000000000000E+00
  0.000000000000E+00  0.000000000000E+00  0.100000000000E+01
  0.000000000000E+00  0.000000000000E+00  0.000000000000E+00
   54
   20      0.000000000000      0.000000000000      0.000000000000
   20      2.344618646403      2.342472657808     -0.000011733367
   20     -2.344618646403     -2.342472657808      0.000011733367
   20      2.342900701670     -0.000409402043      2.344230786761
   20      4.687519348072      2.342063255764      2.344219053394
   20     -0.001717944733     -2.342882059851      2.344242520128
   20     -2.342900701670      0.000409402043     -2.344230786761
   12      0.001717944733      2.342882059851     -2.344242520128
   12     -4.687519348072     -2.342063255764     -2.344219053394
   12      0.001747511544      2.342881943020      2.344250987219
   12      2.346366157947      4.685354600828      2.344239253852
   20     -2.342871134858      0.000409285212      2.344262720586
   20      2.344648213214      2.342472540977      4.688481773980
   12      4.689266859617      4.684945198784      4.688470040613
   12      0.000029566811     -0.000000116831      4.688493507347
   20     -2.341153190125      2.343291345064      0.000020200458
   20      0.003465456278      4.685764002871      0.000008467091
   20     -4.685771836528      0.000818687256      0.000031933825
   12     -0.001747511544     -2.342881943020     -2.344250987219
   20      2.342871134858     -0.000409285212     -2.344262720586
   20     -2.346366157947     -4.685354600828     -2.344239253852
   12      2.341153190125     -2.343291345064     -0.000020200458
   20      4.685771836528     -0.000818687256     -0.000031933825
   12     -0.003465456278     -4.685764002871     -0.000008467091
   20     -2.344648213214     -2.342472540977     -4.688481773980
   20     -0.000029566811      0.000000116831     -4.688493507347
   20     -4.689266859617     -4.684945198784     -4.688470040613
    8     -0.000014783406      0.000000058416     -2.344246753674
    8      2.344603862996      2.342472716223     -2.344258487041
    8     -2.344633429808     -2.342472599392     -2.344235020307
    8      2.342885918264     -0.000409343628     -0.000015966912
    8      4.687504564667      2.342063314180     -0.000027700279
    8     -0.001732728139     -2.342882001436     -0.000004233545
    8      4.685786619933     -0.000818745671      2.344214819848
    8      7.030405266338      2.341653912138      2.344203086483
    8      2.341167973530     -2.343291403479      2.344226553215
    8      0.001732728139      2.342882001436      0.000004233545
    8      2.346351374540      4.685354659242     -0.000007499822
    8     -2.342885918264      0.000409343628      0.000015966912
    8      2.344633429808      2.342472599392      2.344235020307
    8      4.689252076211      4.684945257200      2.344223286940
    8      0.000014783406     -0.000000058416      2.344246753674
    8      4.687534131478      2.342063197349      4.688465807068
    8      7.032152777882      4.684535855157      4.688454073702
    8      2.342915485074     -0.000409460459      4.688477540434
    8      0.003480239683      4.685763944457      2.344255220765
    8      2.348098886084      7.028236602262      2.344243487397
    8     -2.341138406719      2.343291286650      2.344266954133
    8      2.346380941353      4.685354542412      4.688486007526
    8      4.690999587755      7.027827200218      4.688474274158
    8      0.001762294950      2.342881884605      4.688497740894
    8      4.689281643023      4.684945140368      7.032716794287
    8      7.033900289427      7.027417798175      7.032705060920
    8      2.344662996620      2.342472482561      7.032728527653
    0    0
