   3   1   1 E -1.6031043097927E+04 DE 4.8E-08(  8)
  0.227632558876E-01  0.701496843158E+01  0.700561306175E+01
  0.703113979506E+01 -0.496931352598E-02  0.702563848714E+01
  0.703003746102E+01  0.702901148037E+01  0.129848097560E-02
    1
  0.100000000000E+01  0.000000000000E+00  0.000000000000E+00
  0.000000000000E+00  0.100000000000E+01  0.000000000000E+00
  0.000000000000E+00  0.000000000000E+00  0.100000000000E+01
  0.000000000000E+00  0.000000000000E+00  0.000000000000E+00
   54
   20     -0.001009752207     -0.003248991140     -0.003861123887
   20      2.349094649807      2.335953864357     -0.008416362989
   20     -2.345096752129     -2.349794767983     -0.005912309034
   20      2.344416303696     -0.005368342452      2.341860753916
   20      4.685590018434      2.337077152138      2.341872985708
   20     -0.000683364392     -2.350037810703      2.340893400551
   20     -2.354305045052      0.004187781146     -2.336930359277
   20     -0.003133568445      2.344825577297     -2.338964998796
   12     -4.688377246115     -2.341092470558     -2.336744194345
   20      0.005835043765      2.336335434732      2.337753860902
   20      2.353951055695      4.677975184315      2.336675094632
   20     -2.342626413914     -0.002616913793      2.338636019678
   12      2.485950670243      2.285095619376      4.674074455472
   12      4.695393585489      4.654735184234      4.669626239379
   20      0.000074963321      0.004531751322      4.685305684986
   12     -2.383220056354      2.359143104532     -0.001326856044
   20      0.004376150573      4.683075899597     -0.008952959374
   12     -4.701400273518      0.077798348832     -0.001963501815
   20     -0.006930915246     -2.345458430577     -2.334443891789
   12      2.354629550528      0.007767752341     -2.326574777485
   12     -2.377569352624     -4.682038128556     -2.321346447220
   20      2.349143924458     -2.353441148341     -0.005466570060
   12      4.636098195940      0.130901565567      0.014753531048
   12     -0.006034599870     -4.709383681233     -0.006707758079
   20     -2.354036979852     -2.342689155127     -4.676584075065
   20     -0.007966713484      0.004903307668     -4.676756395246
   20     -4.689058702728     -4.689841132119     -4.678524509192
    8     -0.004010291713      0.000345174793     -2.337289888124
    8      2.345759412422      2.339813790901     -2.342218210846
    8     -2.355706513168     -2.347372173889     -2.336464460082
    8      2.348275848742     -0.007564100549     -0.007883165592
    8      4.695501974867      2.328471173165     -0.010236169046
    8     -0.001891145642     -2.352838536623     -0.002787237037
    8      4.680443455527     -0.003453086103      2.344068727107
    8      7.026262997806      2.335726966944      2.342964393226
    8      2.342486292592     -2.350024392916      2.344599526742
    8      0.000864792079      2.339832986859     -0.005074012790
    8      2.348863246704      4.684890366005     -0.009527840150
    8     -2.350167843601      0.000494505997     -0.000263380097
    8      2.348086968056      2.336541548625      2.339429099408
    8      4.688235294816      4.679285985943      2.340651094562
    8      0.001588744126     -0.002785619770      2.339323703127
    8      4.671983430310      2.348542297678      4.689165121478
    8      7.029982452567      4.682048995566      4.684839060297
    8      2.340313898976      0.007035822828      4.688716617984
    8      0.010019008251      4.675970850330      2.333351306639
    8      2.357686018833      7.019934434484      2.332697610002
    8     -2.335793278584      2.332157442850      2.333665181946
    8      2.367507835801      4.667992024593      4.667595828394
    8      4.670863508699      7.053123384339      4.686875065062
    8      0.013166001017      2.338236636110      4.684255761276
    8      4.701680166391      4.668567142998      7.006511584836
    8      7.038279533002      7.029493148631      7.020804894876
    8      2.394346118946      2.301784368264      7.006729984620
    0    0
