   3   1   1 E -1.6031097683511E+04 DE 3.7E-09(  9)
 -0.889196113241E-02  0.699411108632E+01  0.702343175534E+01
  0.699411108632E+01 -0.889196113241E-02  0.702343175534E+01
  0.699298670941E+01  0.699298670941E+01 -0.770324459817E-02
    2
  0.100000000000E+01  0.000000000000E+00  0.000000000000E+00
  0.000000000000E+00  0.100000000000E+01  0.000000000000E+00
  0.000000000000E+00  0.000000000000E+00  0.100000000000E+01
  0.000000000000E+00  0.000000000000E+00  0.000000000000E+00
  0.000000000000E+00  0.100000000000E+01  0.000000000000E+00
  0.100000000000E+01  0.000000000000E+00  0.000000000000E+00
  0.000000000000E+00  0.000000000000E+00  0.100000000000E+01
  0.000000000000E+00  0.000000000000E+00  0.000000000000E+00
   54
   20      0.015038355695      0.015038355695     -0.026191451881
   20      2.337687249036      2.337687249036     -0.072005377547
   20     -2.339686125820     -2.339686125820     -0.027469766877
   20      2.332590139670     -0.060310420093      2.342748838463
   20      4.718040696413      2.327086844208      2.354394760849
   20      0.062726466497     -2.393658555269      2.344004435968
   20     -2.342924216165      0.018862824041     -2.312360103080
   12      0.041940005198      2.343778295199     -2.353434257427
   12     -4.673492396284     -2.359564579729     -2.321052490825
   20     -0.060310420093      2.332590139670      2.342748838463
   20      2.327086844208      4.718040696413      2.354394760849
   20     -2.393658555269      0.062726466497      2.344004435968
   20      2.324278379035      2.324278379035      4.767908506006
   20      4.638281796718      4.638281796718      4.714364840902
   20      0.005951524640      0.005951524640      4.710653019339
   12     -2.387851086119      2.336188789420     -0.002813023751
   20      0.009950754896      4.656984423265     -0.032784413046
   12     -4.668174161099      0.065784386261     -0.020964069287
   20      0.018862824041     -2.342924216165     -2.312360103080
   12      2.343778295199      0.041940005198     -2.353434257427
   12     -2.359564579729     -4.673492396284     -2.321052490825
   12      2.336188789420     -2.387851086119     -0.002813023751
   20      4.656984423265      0.009950754896     -0.032784413046
   12      0.065784386261     -4.668174161099     -0.020964069287
   20     -2.389786433802     -2.389786433802     -4.691522665618
   20      0.068622115393      0.068622115393     -4.684044617312
   12     -4.658985508148     -4.658985508148     -4.712609598844
    8      0.112546792932      0.112546792932     -2.343830751585
    8      2.339914939105      2.339914939105     -2.400661688997
    8     -2.431437723655     -2.431437723655     -2.344986677383
    8      2.332818704496     -0.071702444381     -0.080610538577
    8      4.739132238079      2.329434917143     -0.076207309183
    8      0.107232551597     -2.433391242016      0.003760623707
    8      4.663706710029     -0.004684137372      2.343930804397
    8      7.085889032443      2.324526680669      2.340074576198
    8      2.336524699935     -2.436038228092      2.328561361988
    8     -0.071702444381      2.332818704496     -0.080610538577
    8      2.329434917143      4.739132238079     -0.076207309183
    8     -2.433391242016      0.107232551597      0.003760623707
    8      2.332387376772      2.332387376772      2.350520205571
    8      4.661095371685      4.661095371685      2.334512526124
    8     -0.000760762027     -0.000760762027      2.338000479411
    8      4.734196975858      2.324779922390      4.776497532420
    8      7.076793312669      4.573282849028      4.679260686577
    8      2.332506296907     -0.082850311830      4.757205921921
    8     -0.004684137372      4.663706710029      2.343930804397
    8      2.324526680669      7.085889032443      2.340074576198
    8     -2.436038228092      2.336524699935      2.328561361988
    8      2.324779922390      4.734196975858      4.776497532420
    8      4.573282849028      7.076793312669      4.679260686577
    8     -0.082850311830      2.332506296907      4.757205921921
    8      4.552901203601      4.552901203601      7.022600084261
    8      7.077186473309      7.077186473309      7.015958443427
    8      2.296574493363      2.296574493363      7.084599013710
    0    0
