   3   1   1 E -1.6031098553802E+04 DE-2.5E-10( 11)
  0.334001587602E-02  0.696627818387E+01  0.703505082406E+01
  0.701793356795E+01 -0.163998124936E-02  0.704614794129E+01
  0.701414308058E+01  0.698042708584E+01 -0.476779992065E-02
    1
  0.100000000000E+01  0.000000000000E+00  0.000000000000E+00
  0.000000000000E+00  0.100000000000E+01  0.000000000000E+00
  0.000000000000E+00  0.000000000000E+00  0.100000000000E+01
  0.000000000000E+00  0.000000000000E+00  0.000000000000E+00
   54
   20     -0.016948714235     -0.007166371760     -0.024483542759
   20      2.313196766277      2.371250179473     -0.010692603570
   20     -2.342405065248     -2.301096754428     -0.004402319134
   20      2.322948211854     -0.049519794412      2.349082677090
   20      4.701971781753      2.310840682103      2.350448255862
   20      0.042156060862     -2.319601242997      2.376518064364
   20     -2.335956671857     -0.030114868661     -2.338392384237
   20      0.021712102995      2.358928588612     -2.351668845832
   12     -4.748580960602     -2.313299320143     -2.403082205949
   20     -0.048502459627      2.336661859390      2.349469159999
   20      2.305148568571      4.719088116033      2.346309157286
   12     -2.296975535633      0.078234789982      2.332873778517
   20      2.327918726592      2.332606447662      4.738445234305
   20      4.727085127620      4.669021326185      4.706457752781
   12      0.017864880911     -0.074474809096      4.678977605250
   12     -2.380665481981      2.375824295615      0.069228087085
   12      0.046425635072      4.693492893281      0.001050808999
   20     -4.694881993118      0.011785098878      0.011251699549
   12      0.048499659488     -2.305993419495     -2.375153072389
   20      2.305272301296      0.003561629463     -2.367685294311
   20     -2.330974819592     -4.647284138997     -2.385518193924
   12      2.318210583368     -2.386413973070      0.000457425039
   20      4.709432190295     -0.060421430780      0.002873565446
   20      0.044620705795     -4.674902613945      0.003406753913
   20     -2.339387732634     -2.367443426206     -4.713088550420
   12     -0.062894043085     -0.054987579266     -4.676735442465
   12     -4.625630456443     -4.675434307809     -4.679417343478
    8     -0.017674524208     -0.069840264222     -2.385887060541
    8      2.325986708717      2.408839062811     -2.370491212701
    8     -2.325064617942     -2.331065266187     -2.355410289642
    8      2.335957362113     -0.061648125079     -0.008106479255
    8      4.691157701369      2.324422412017     -0.003811535054
    8      0.066850624024     -2.336364030241      0.012140511660
    8      4.741655315734     -0.026510181403      2.363742858666
    8      7.087021098738      2.243546577747      2.359129591636
    8      2.358155397348     -2.407250674869      2.358182736969
    8     -0.058777029887      2.409276289798     -0.043246902254
    8      2.238188484822      4.679745130314     -0.035494920197
    8     -2.348559188289      0.061742338533      0.054869763216
    8      2.322256868160      2.338405138947      2.355806595194
    8      4.695422591283      4.722618943482      2.333181286866
    8     -0.056550118610      0.002852898505      2.340160846269
    8      4.683855400042      2.325284598454      4.730174813797
    8      7.130979672292      4.755213393337      4.750959697835
    8      2.247489053002     -0.091186828110      4.690058920675
    8      0.000473261433      4.755430398620      2.376194671016
    8      2.298165750763      7.088756343763      2.341156712071
    8     -2.426143671316      2.197450428136      2.251683883762
    8      2.273216819126      4.653763456339      4.729125598281
    8      4.711280508437      6.970452748280      4.657528113266
    8      0.009733181744      2.325325920884      4.691161510072
    8      4.702204711826      4.530659255362      7.032257524332
    8      7.018771383698      6.850552074282      7.016019479163
    8      2.424662876731      2.439179902950      7.116322402331
    0    0
