   3   1   1 E -1.6031085068503E+04 DE 6.6E-09(  9)
 -0.514218085787E-02  0.700059577917E+01  0.695714166110E+01
  0.697544592086E+01 -0.132967465408E-01  0.697083590634E+01
  0.697073328359E+01  0.701685707869E+01 -0.156571339946E-01
    1
  0.100000000000E+01  0.000000000000E+00  0.000000000000E+00
  0.000000000000E+00  0.100000000000E+01  0.000000000000E+00
  0.000000000000E+00  0.000000000000E+00  0.100000000000E+01
  0.000000000000E+00  0.000000000000E+00  0.000000000000E+00
   54
   20     -0.019768737630      0.017756790304     -0.012197667861
   20      2.349955063612      2.350863501771     -0.048086793569
   20     -2.366787325811     -2.316968727526     -0.002993214943
   20      2.332600453109     -0.009591340512      2.371343670273
   20      4.663781702094      2.325083176946      2.338597095436
   20      0.008374792433     -2.346207256729      2.336364608355
   20     -2.368559363337      0.011383830708     -2.253016313590
   20      0.025654925433      2.330921586746     -2.349044060399
   12     -4.631818506755     -2.320792403253     -2.299970090845
   20     -0.009883210555      2.315977946456      2.345238044969
   20      2.321041804360      4.733656064394      2.337913490367
   12     -2.341637260708      0.085921730323      2.322667235015
   12      2.360773625505      2.254914094715      4.631121925835
   20      4.610221962663      4.688440597548      4.647210441006
   20      0.010581706774      0.044498990243      4.694052308876
   12     -2.355376745126      2.239108753267     -0.002754799558
   20      0.021187054325      4.709616040111      0.015155162518
   12     -4.644128179350      0.089585752559     -0.099453659169
   20     -0.004429025053     -2.356743162105     -2.319423728242
   12      2.285373137416      0.070838413374     -2.429395588913
   12     -2.524535680717     -4.688450835128     -2.382759386298
   20      2.329791046764     -2.394462201149     -0.078644467338
   20      4.682529199213      0.045257137726     -0.030509868783
   12      0.097011767304     -4.737190797544      0.025366644474
   20     -2.343034262954     -2.373376906689     -4.626173559934
   12      0.055009734966      0.047480241394     -4.694950928371
   20     -4.635497398683     -4.752916124157     -4.641479261578
    8      0.048440485765     -0.000330383036     -2.325503296002
    8      2.415071191834      2.336943426927     -2.345069344095
    8     -2.439232189400     -2.425421295772     -2.311908780896
    8      2.338062520863      0.003801110141     -0.046881318330
    8      4.723182229678      2.361663541015     -0.050325433377
    8     -0.012083970939     -2.393751942153     -0.003752731359
    8      4.692667517697     -0.008939600198      2.356956372066
    8      6.978290603710      2.267017612960      2.262280590761
    8      2.333531187897     -2.382952278021      2.349705724290
    8     -0.036268186929      2.343957215286     -0.022518180486
    8      2.325459448747      4.758666905061     -0.078657851387
    8     -2.398722305672      0.080967398683      0.068156376988
    8      2.335396299856      2.338128257902      2.369479808596
    8      4.640904137950      4.735870439671      2.321480305335
    8     -0.044891928742      0.009900839200      2.330537726775
    8      4.580960110246      2.334110052286      4.704669590488
    8      7.036396084124      4.692682340156      4.653738209968
    8      2.320990050360     -0.002925614259      4.761048061766
    8     -0.015148290819      4.724320928024      2.350419782950
    8      2.347252938016      7.008930384965      2.348815717654
    8     -2.335725581034      2.213482550214      2.333132444359
    8      2.320384210287      4.670547676888      4.636766604130
    8      4.511659178310      7.103085460228      4.536656434147
    8      0.075834161951      2.335671177210      4.777167290553
    8      4.640063338997      4.610914003535      6.947446562941
    8      7.099243624349      7.090423370859      7.034060581249
    8      2.344517459763      2.147334029381      6.853363463682
    0    0
