   3   1   1 E -1.6031074280463E+04 DE 6.0E-10( 11)
 -0.355891793599E-02  0.698583921781E+01  0.696087756492E+01
  0.698904026056E+01 -0.675996068513E-02  0.696404423078E+01
  0.698228029987E+01  0.698228029987E+01  0.264390364025E-18
    2
  0.100000000000E+01  0.000000000000E+00  0.000000000000E+00
  0.000000000000E+00  0.100000000000E+01  0.000000000000E+00
  0.000000000000E+00  0.000000000000E+00  0.100000000000E+01
  0.000000000000E+00  0.000000000000E+00  0.000000000000E+00
  0.000000000000E+00 -0.100000000000E+01  0.000000000000E+00
 -0.100000000000E+01  0.000000000000E+00  0.000000000000E+00
  0.000000000000E+00  0.000000000000E+00  0.100000000000E+01
  0.000000000000E+00  0.000000000000E+00  0.000000000000E+00
   54
   20      0.021187327777     -0.021187327777     -0.036586092001
   20      2.321971788558      2.349994046547     -0.058567313630
   20     -2.349994046547     -2.321971788558     -0.058567313630
   20      2.340879683687     -0.001117668180      2.346354759612
   20      4.651257587508      2.331022712358      2.329513611671
   20      0.001117668180     -2.340879683687      2.346354759612
   20     -2.351543807856     -0.014673766049     -2.307901582148
   20      0.014673766049      2.351543807856     -2.307901582148
   12     -4.702299277634     -2.279981022232     -2.205077124328
   20      0.019955822249      2.363121452503      2.335787987262
   20      2.301126167303      4.681154132563      2.325624404070
   20     -2.363121452503     -0.019955822249      2.335787987262
   12      2.331998297059      2.334728783611      4.716065190166
   12      4.647551516255      4.650282002807      4.716065190166
   20      0.018030587630     -0.018030587630      4.740614695560
   20     -2.352843711121      2.352843711121     -0.064990653069
   12      0.149033570410      4.701146154194     -0.037667640968
   12     -4.701146154194     -0.149033570410     -0.037667640968
   12      0.053239592195     -2.377798585714     -2.309955541797
   12      2.377798585714     -0.053239592195     -2.309955541797
   20     -2.321524514087     -4.660755785779     -2.280218876919
   20      2.330952302827     -2.330952302827     -0.096089655157
   12      4.650210310006      0.001611774529     -0.048117153416
   12     -0.001611774529     -4.650210310006     -0.048117153416
   20     -2.326117547894     -2.303791278923     -4.661299716938
   20      0.015225211394     -0.015225211394     -4.648157540659
   20     -4.678489020943     -4.656162751972     -4.661299716938
    8      0.057686339940     -0.057686339940     -2.321945122028
    8      2.329358513476      2.359815462242     -2.321299871263
    8     -2.359815462244     -2.329358513478     -2.321299871263
    8      2.381709924293     -0.009292214529     -0.046123018244
    8      4.692505447961      2.289774851906     -0.022153516284
    8      0.009292214529     -2.381709924293     -0.046123018244
    8      4.659653000989     -0.006552563908      2.315437101383
    8      6.988832863777      2.322627298880      2.315437101383
    8      2.327965018818     -2.327965018818      2.336664520397
    8      0.001775936630      2.374100933138     -0.030637912970
    8      2.236715789631      4.745564510234     -0.064065852231
    8     -2.374100933138     -0.001775936630     -0.030637912970
    8      2.328060564093      2.345093505000      2.345144527549
    8      4.637186794868      4.654219735775      2.345144527549
    8      0.005667843252     -0.005667843252      2.352378273352
    8      4.601575099926      2.380705199941      4.633639108745
    8      7.008827642093      4.657545152762      4.717835831508
    8      2.324735147103     -0.026547342229      4.717835831508
    8      0.000998248676      4.668131982697      2.328294409941
    8      2.314148317171      6.981282051192      2.328294409941
    8     -2.337704414445      2.337704414446      2.309417706712
    8      2.312978015967      4.669302283900      4.604639907623
    8      4.560685074693      6.893704807452      4.774395682691
    8      0.088575492412      2.421595225171      4.774395682691
    8      4.724018277585      4.744262341254      6.825388312808
    8      6.998060197012      6.966500402725      7.002672182053
    8      2.238017958614      2.258262022283      6.825388312808
    0    0
