   3   1   1 E -1.6031090708805E+04 DE-1.4E-10( 11)
  0.214732037408E-01  0.699877252751E+01  0.699110713675E+01
  0.704900332652E+01 -0.202445657299E-01  0.702362702410E+01
  0.703464029598E+01  0.701300341556E+01 -0.118564647030E-02
    1
  0.100000000000E+01  0.000000000000E+00  0.000000000000E+00
  0.000000000000E+00  0.100000000000E+01  0.000000000000E+00
  0.000000000000E+00  0.000000000000E+00  0.100000000000E+01
  0.000000000000E+00  0.000000000000E+00  0.000000000000E+00
   54
   20     -0.006765060158      0.020028650370     -0.017890942439
   20      2.396455343353      2.332456774378     -0.074832776165
   20     -2.357279589157     -2.391023211520     -0.070639409969
   20      2.378080595467     -0.057429661390      2.333211925940
   20      4.746131836711      2.289928483254      2.302205003511
   20      0.013293269131     -2.381836079404      2.361758142807
   20     -2.357506623698     -0.016017820084     -2.388022458151
   20      0.030207343809      2.362004652735     -2.356164742522
   12     -4.604495227384     -2.306205118272     -2.364767619488
   20     -0.059918137891      2.374360889705      2.355212734380
   20      2.355599233039      4.720366417448      2.363561564287
   20     -2.367122346939      0.022874876868      2.410753804508
   20      2.375186193751      2.350728834218      4.717034186778
   12      4.698511089944      4.627862046767      4.699081802304
   20     -0.059544079721     -0.018204584943      4.744094444572
   12     -2.314738129628      2.401573300267     -0.041440421833
   20     -0.044130854701      4.734017091137      0.010831377397
   20     -4.700024754452      0.041541771392     -0.002996004710
   20     -0.020775536771     -2.326901526246     -2.330637335395
   12      2.441315751357     -0.047417373657     -2.357799031264
   12     -2.379256772743     -4.641951743217     -2.310399880146
   20      2.441627408655     -2.356824217120      0.010039323702
   12      4.771010019337      0.065273410745     -0.002991717086
   12     -0.176872467792     -4.792557414245     -0.116634073824
   12     -2.347506987478     -2.327082960535     -4.648888928587
   12     -0.130614091520     -0.067348055358     -4.657828157245
   20     -4.660052987863     -4.644459218295     -4.635198268223
    8      0.050732684540      0.013477528260     -2.398387264985
    8      2.444603105840      2.378510540064     -2.334377432776
    8     -2.489215846440     -2.445017065875     -2.452091955473
    8      2.416066816414     -0.000288894502     -0.079798391706
    8      4.741836934493      2.218312690337     -0.147130359377
    8      0.000153060701     -2.407032317318     -0.024729314358
    8      4.759966127260     -0.128571782593      2.264587867678
    8      7.056269361754      2.232667064119      2.259824983309
    8      2.462561505847     -2.344297788342      2.439629365990
    8     -0.058833536872      2.363281359187      0.017429293753
    8      2.340578235801      4.696324255957     -0.070637138237
    8     -2.347254975035      0.054673553686     -0.011014771864
    8      2.376660617465      2.334922841391      2.342222388233
    8      4.685170751329      4.658513809943      2.369471860111
    8     -0.019392109310     -0.007112374091      2.363869922416
    8      4.724526713366      2.406929509442      4.761510673215
    8      7.038470214271      4.669623653185      4.691041249527
    8      2.353546516959     -0.065324467796      4.692706900565
    8     -0.086684774379      4.781229099354      2.337876277441
    8      2.265708804799      7.011976867140      2.428248480035
    8     -2.313801257164      2.447887586256      2.378388505885
    8      2.477315270825      4.753223670014      4.690927177652
    8      4.576750380231      6.954130211919      4.790272400609
    8     -0.113431403012      2.329896497126      4.754944263888
    8      4.721596136828      4.618023839366      6.981625217137
    8      6.949696426608      7.139813663876      7.071556138914
    8      2.398615518307      2.328359432936      7.012349433983
    0    0
