   3   1   1 E -1.6031101302569E+04 DE 2.0E-08(  8)
  0.207993545969E-01  0.699535329665E+01  0.701584617185E+01
  0.701773078153E+01 -0.171646135751E-02  0.702916177968E+01
  0.701236407003E+01  0.699881317816E+01  0.873384990985E-02
    1
  0.100000000000E+01  0.000000000000E+00  0.000000000000E+00
  0.000000000000E+00  0.100000000000E+01  0.000000000000E+00
  0.000000000000E+00  0.000000000000E+00  0.100000000000E+01
  0.000000000000E+00  0.000000000000E+00  0.000000000000E+00
   54
   20     -0.014087181520     -0.005499231510      0.005328815767
   20      2.363046633709      2.333427303917     -0.026351842007
   20     -2.322646047248     -2.351204982921     -0.031779765631
   20      2.337375891498     -0.057584484387      2.305527583834
   20      4.700285764720      2.350418106253      2.358935735347
   20      0.033214235242     -2.348288022318      2.363645727745
   20     -2.376215856224      0.001694528992     -2.332777578026
   20     -0.031421630352      2.364977197845     -2.340069822717
   20     -4.662489377111     -2.325553138866     -2.381404469582
   20     -0.075781808231      2.338225681869      2.339649542518
   20      2.360503479256      4.702343218117      2.320228664972
   20     -2.351124306136      0.075533501572      2.356844912946
   20      2.327306114362      2.318682556193      4.778153977223
   12      4.647845285791      4.587701778329      4.742086252974
   12     -0.037128087993      0.062352071719      4.733692615470
   12     -2.422160978828      2.476576037051     -0.034711627094
   20     -0.052613094586      4.700602255117     -0.038488692922
   12     -4.684329386828      0.050627919896     -0.005385313706
   20     -0.012115986074     -2.405254393698     -2.284179748652
   20      2.401237864472     -0.004078252302     -2.315682408378
   12     -2.311690837376     -4.642215817738     -2.327065571285
   12      2.400853935113     -2.409817712302      0.045108005242
   20      4.714770736443     -0.044977743280     -0.042498358742
   12      0.019083755579     -4.778014910456     -0.045812126562
   12     -2.421351691830     -2.412416669764     -4.663172260477
   20      0.028141995440      0.022221375809     -4.700281993091
   12     -4.608181829936     -4.661552032632     -4.745901962611
    8     -0.000380971534     -0.007146597471     -2.312137399445
    8      2.442714301169      2.335567942911     -2.407576719028
    8     -2.339184950408     -2.441908066876     -2.419187240851
    8      2.354744145571     -0.071964174589     -0.007101968671
    8      4.771781555757      2.323096075745     -0.072165570339
    8      0.101075451944     -2.438457235195      0.020922166797
    8      4.681756171094     -0.069518056440      2.324239023856
    8      7.091111275517      2.341819372401      2.295318272124
    8      2.433191894755     -2.443260500291      2.298136584796
    8     -0.078418467048      2.345229880678     -0.010256997530
    8      2.348712516992      4.743787583915     -0.014476663646
    8     -2.454516783970      0.099018224210     -0.008508033428
    8      2.339863313114      2.330965554750      2.312879371799
    8      4.682774441128      4.679837903966      2.393675918095
    8     -0.004776156410      0.007104372166      2.351637774396
    8      4.665326929142      2.433905306824      4.782773820494
    8      6.930649312023      4.752787816758      4.689252449846
    8      2.264987240682      0.006312176431      4.751054164828
    8     -0.073375754123      4.663229800081      2.327634659260
    8      2.357078544551      7.109046552197      2.327574637931
    8     -2.439483757400      2.472362993555      2.304787551100
    8      2.457877926816      4.645851648428      4.792030914001
    8      4.824850694407      7.014168892197      4.687525222347
    8     -0.112137347894      2.220836338153      4.759656606581
    8      4.572193677882      4.523732293570      6.988651101335
    8      7.133360342855      7.109122273260      6.943503159732
    8      2.326920789740      2.341570548706      7.108357007540
    0    0
