   3   1   1 E -1.6031063169403E+04 DE 9.9E-10( 11)
  0.102475688756E-01  0.700781759552E+01  0.696185891992E+01
  0.697335229202E+01  0.262916541496E-02  0.697410223872E+01
  0.696827095829E+01  0.702329191442E+01 -0.101446814595E-02
    1
  0.100000000000E+01  0.000000000000E+00  0.000000000000E+00
  0.000000000000E+00  0.100000000000E+01  0.000000000000E+00
  0.000000000000E+00  0.000000000000E+00  0.100000000000E+01
  0.000000000000E+00  0.000000000000E+00  0.000000000000E+00
   54
   20      0.006350969213      0.013299071242     -0.037765594777
   20      2.363408848619      2.309527118184     -0.066797475405
   20     -2.345982874341     -2.369205791799     -0.051941363391
   20      2.325705359107     -0.003947007787      2.365810975165
   20      4.632631525544      2.321989043876      2.350394710753
   20      0.006017711420     -2.326018272357      2.370708219509
   20     -2.358937020510      0.011181171645     -2.300137396073
   20      0.006944448010      2.350460483998     -2.340363820491
   12     -4.584773090683     -2.328058520105     -2.308766946094
   20     -0.022411100251      2.304695372615      2.345148692303
   20      2.320923532234      4.695802353012      2.366492967633
   20     -2.324421513838      0.011433475356      2.395792949120
   12      2.349301046722      2.357453407753      4.624943273141
   12      4.508110209958      4.873984907009      4.709126351735
   12     -0.109168610837      0.089189867710      4.661446173677
   12     -2.230488390247      2.337779892851     -0.065292730815
   20     -0.059874143460      4.725230837884     -0.043307961308
   20     -4.686860197688      0.009247422040     -0.052193034965
   20      0.018556070445     -2.367979372058     -2.356598013049
   12      2.391712073736     -0.020707738021     -2.256849801488
   12     -2.372624997800     -4.746388147874     -2.229817182675
   20      2.386237981532     -2.333352516971     -0.066762222500
   12      4.721450900729      0.036747943764     -0.141434215874
   20     -0.011340286477     -4.748067712298     -0.023302478694
   20     -2.336641441984     -2.354582429472     -4.663409728074
   12      0.058885906999     -0.015070620991     -4.592264651179
   20     -4.615730707555     -4.710692840149     -4.600592910596
    8      0.034962196734      0.000030262344     -2.383873729282
    8      2.438418525602      2.319916068157     -2.322180492455
    8     -2.404086520616     -2.403347933271     -2.352772694255
    8      2.396855338730     -0.000285405464     -0.059991632866
    8      4.643400225748      2.256391214617     -0.080871716921
    8      0.007394332022     -2.353940240413     -0.039942436027
    8      4.690492634709      0.009496618875      2.347747909595
    8      6.966059350457      2.281959355632      2.347398092987
    8      2.347053861212     -2.338232954249      2.371305165830
    8     -0.045714429569      2.336622563535     -0.051291244935
    8      2.304970843340      4.682514611364     -0.081243753958
    8     -2.341867002837      0.029262863625     -0.017819477904
    8      2.336009362746      2.323964836189      2.370093775578
    8      4.651707875541      4.683746532564      2.376737857614
    8      0.004882372680     -0.000614429785      2.393163299309
    8      4.571274194802      2.388321968799      4.699389965654
    8      6.955424152003      4.790454581029      4.631527907303
    8      2.233907742678      0.012594639885      4.647541573910
    8     -0.016216340804      4.711762784379      2.320707327474
    8      2.298859950435      7.012225943189      2.388788642425
    8     -2.327472959890      2.305259795758      2.346512258369
    8      2.443946362546      4.670093390225      4.622013243479
    8      4.655911308688      7.042061890540      4.877983549304
    8     -0.009086242229      2.218645389937      4.625961553791
    8      4.618915603808      4.696896469720      6.893554722170
    8      6.881668930487      7.031339802125      6.933419930907
    8      2.408764808727      2.320732020711      6.911133724575
    0    0
