   3   1   1 E -1.6031086239920E+04 DE-2.5E-10( 11)
  0.230109392097E-03  0.703473208426E+01  0.699511203141E+01
  0.699926751061E+01  0.697978904038E-02  0.699298645364E+01
  0.699424981626E+01  0.703600255056E+01  0.326674321700E-02
    1
  0.100000000000E+01  0.000000000000E+00  0.000000000000E+00
  0.000000000000E+00  0.100000000000E+01  0.000000000000E+00
  0.000000000000E+00  0.000000000000E+00  0.100000000000E+01
  0.000000000000E+00  0.000000000000E+00  0.000000000000E+00
   54
   20      0.007154758662      0.018401030090     -0.028074227534
   20      2.369936019249      2.323283279529     -0.061576260909
   20     -2.349052524828     -2.368653578497     -0.046163879971
   20      2.331856134855     -0.000722055007      2.376419522481
   20      4.655315915923      2.332111380336      2.353647426704
   20      0.008225026363     -2.325645570772      2.379188475670
   20     -2.367675419147      0.015868911547     -2.298066621897
   20      0.004604044872      2.362790375752     -2.340000987175
   12     -4.627902319545     -2.336483013058     -2.334349454516
   20     -0.023048610771      2.323440852557      2.359416712743
   20      2.326134527507      4.717324974384      2.384134262333
   20     -2.332682731074      0.013942739454      2.402565927447
   12      2.384601392107      2.357763528481      4.674494301567
   12      4.602948272390      4.759280478577      4.714287497023
   12     -0.073807894009      0.028777763110      4.668689419189
   12     -2.413259249606      2.337806913257     -0.081042225461
   20     -0.056441033649      4.740187437629     -0.030057247182
   20     -4.706298064895      0.016068545121     -0.043502473413
   20      0.025650290064     -2.366086234386     -2.359658139282
   12      2.438871275425     -0.007968407886     -2.293057145117
   12     -2.343760509967     -4.780397146951     -2.279364134233
   20      2.400704745565     -2.340594510768     -0.071881676499
   12      4.669354940160      0.066776146901     -0.130812557466
   20     -0.003403161075     -4.752074132044     -0.025287823877
   20     -2.334879442729     -2.356174380927     -4.686790566218
   12      0.033402052670     -0.015300155148     -4.596860258434
   20     -4.631749083524     -4.718871351435     -4.615065511823
    8      0.049543246533      0.005064219559     -2.387349754168
    8      2.448790331676      2.327493375481     -2.318675808652
    8     -2.414560629834     -2.408771504580     -2.355620857326
    8      2.401467758260      0.004218176980     -0.061754170959
    8      4.667126741116      2.264914475118     -0.086431518184
    8      0.010005804151     -2.352633012396     -0.035271122765
    8      4.710567634854      0.019065317049      2.345540294424
    8      6.995701991751      2.280025582810      2.351557702181
    8      2.352736885131     -2.341984373538      2.378115603980
    8     -0.059309975396      2.349025971376     -0.040471249773
    8      2.314990490907      4.696070497470     -0.077643273952
    8     -2.343173476888      0.044040150465     -0.005101746230
    8      2.343871090658      2.342055149340      2.384846323798
    8      4.673522234626      4.697322194678      2.384383530923
    8      0.001875839532      0.003997484661      2.407797538441
    8      4.554250683955      2.401904679103      4.714227033214
    8      6.986112402115      4.810178481649      4.659184953930
    8      2.241282223965      0.017180925691      4.668016690419
    8     -0.011232533307      4.746374001737      2.335137676880
    8      2.294775545280      7.030496064081      2.413080474132
    8     -2.327119694548      2.322773661845      2.357446575744
    8      2.449726944338      4.699050568693      4.654703468124
    8      4.663563684140      7.030608540828      4.827460189642
    8     -0.009192942660      2.238606069942      4.659676529506
    8      4.661304432038      4.693927095901      6.905042572852
    8      6.897242738204      7.041604788192      6.958387093196
    8      2.423194661557      2.342252505422      6.933626423683
    0    0
