   3   1   1 E -1.6031033681206E+04 DE-1.3E-11(  2)
  0.226959596606E-02  0.702686708513E+01  0.703029842144E+01
  0.702694017773E+01 -0.518935620256E-02  0.703156898220E+01
  0.703142896101E+01  0.702557372854E+01 -0.259922580625E-02
    1
  0.100000000000E+01  0.000000000000E+00  0.000000000000E+00
  0.000000000000E+00  0.100000000000E+01  0.000000000000E+00
  0.000000000000E+00  0.000000000000E+00  0.100000000000E+01
  0.000000000000E+00  0.000000000000E+00  0.000000000000E+00
   54
   20      0.000000000000      0.000000000000      0.000000000000
   20      2.343809653669      2.341857909514     -0.000866408602
   20     -2.343809653669     -2.341857909514      0.000866408602
   20      2.342313392575     -0.001729785401      2.343856327400
   20      4.686123046244      2.340128124113      2.342989918798
   20     -0.001496261094     -2.343587694915      2.344722736002
   20     -2.342313392575      0.001729785401     -2.343856327400
   20      0.001496261094      2.343587694915     -2.344722736002
   12     -4.686123046244     -2.340128124113     -2.342989918798
   20      0.000756531989      2.342289028375      2.343432807146
   20      2.344566185658      4.684146937889      2.342566398544
   12     -2.343053121681      0.000431118861      2.344299215748
   20      2.343069924564      2.340559242974      4.687289134546
   20      4.686879578233      4.682417152488      4.686422725944
   12     -0.000739729105     -0.001298666540      4.688155543148
   12     -2.341556860586      2.344018813776     -0.000423520254
   12      0.002252793083      4.685876723290     -0.001289928856
   20     -4.685366514256      0.002160904262      0.000442888349
   12     -0.000756531989     -2.342289028375     -2.343432807146
   20      2.343053121681     -0.000431118861     -2.344299215748
   20     -2.344566185658     -4.684146937889     -2.342566398544
   20      2.341556860586     -2.344018813776      0.000423520254
   12      4.685366514256     -0.002160904262     -0.000442888349
   20     -0.002252793083     -4.685876723290      0.001289928856
   12     -2.343069924564     -2.340559242974     -4.687289134546
   12      0.000739729105      0.001298666540     -4.688155543148
   20     -4.686879578233     -4.682417152488     -4.686422725944
    8      0.000369864553      0.000649333270     -2.344077771574
    8      2.344179518221      2.342507242783     -2.344944180176
    8     -2.343439789117     -2.341208576244     -2.343211362972
    8      2.342683257128     -0.001080452131     -0.000221444174
    8      4.686492910797      2.340777457383     -0.001087852776
    8     -0.001126396541     -2.342938361645      0.000644964428
    8      4.684996649705     -0.002810237532      2.343634883228
    8      7.028806303376      2.339047671983      2.342768474626
    8      2.341186996035     -2.344668147046      2.344501291829
    8      0.001126396541      2.342938361645     -0.000644964428
    8      2.344936050211      4.684796271159     -0.001511373030
    8     -2.342683257128      0.001080452131      0.000221444174
    8      2.343439789117      2.341208576244      2.343211362972
    8      4.687249442787      4.683066485759      2.342344954370
    8     -0.000369864553     -0.000649333270      2.344077771574
    8      4.685753181693      2.339478790843      4.687067690373
    8      7.029562835364      4.681336700359      4.686201281772
    8      2.341943528023     -0.002379118671      4.687934098975
    8      0.001882928530      4.685227390021      2.342787842720
    8      2.345692582200      7.027085299535      2.341921434117
    8     -2.341926725139      2.343369480508      2.343654251323
    8      2.344196321105      4.683497604620      4.686644170119
    8      4.688005974776      7.025355514135      4.685777761516
    8      0.000386667436      2.341639695107      4.687510578722
    8      4.686509713681      4.681767819218      7.030500497519
    8      7.030319367353      7.023625728734      7.029634088917
    8      2.342700060011      2.339909909705      7.031366906121
    0    0
