   3   1   1 E -1.6031094914766E+04 DE-7.7E-10(  8)
 -0.374814335067E-02  0.703426370299E+01  0.703319328855E+01
  0.698190486280E+01  0.664837661030E-02  0.701520276478E+01
  0.698544321807E+01  0.701415730419E+01  0.905541732037E-02
    1
  0.100000000000E+01  0.000000000000E+00  0.000000000000E+00
  0.000000000000E+00  0.100000000000E+01  0.000000000000E+00
  0.000000000000E+00  0.000000000000E+00  0.100000000000E+01
  0.000000000000E+00  0.000000000000E+00  0.000000000000E+00
   54
   20      0.006989771566     -0.030650898674     -0.018255728257
   20      2.356802384248      2.376179642904     -0.035909417747
   20     -2.326472591549     -2.341226423878     -0.036305044706
   20      2.356928142211     -0.048113253525      2.327498899805
   20      4.685943606011      2.343950278391      2.356986963208
   20      0.033684882399     -2.343451332637      2.330141888802
   20     -2.346073961815     -0.069261128750     -2.352882266521
   20      0.000234812306      2.379753768891     -2.331575765945
   12     -4.678456482333     -2.333353525423     -2.320048653945
   20     -0.034748647716      2.393477515601      2.362532487639
   20      2.312816970609      4.703365371470      2.350579846279
   20     -2.358250265838      0.016714001972      2.359393567262
   20      2.296719509026      2.365941698551      4.719584652673
   12      4.628088904367      4.679538158298      4.722235455143
   20     -0.010449153149     -0.020583057706      4.721733411796
   20     -2.366566926076      2.393785018486      0.020445430997
   12     -0.010166420529      4.659454018363     -0.037875624664
   12     -4.831351166341     -0.088118157045     -0.021788460137
   12     -0.010624981872     -2.390268876075     -2.284249742006
   20      2.364452286568     -0.042198009685     -2.307461913165
   12     -2.337042648802     -4.502517408632     -2.358496611537
   12      2.328040964243     -2.347685674634     -0.020074753147
   20      4.704892171556     -0.049807498053     -0.046238617387
   12      0.081058438418     -4.624006804381     -0.070236974157
   12     -2.312812396701     -2.343302457245     -4.694974282339
   20      0.010408530036     -0.050409449651     -4.716127288968
   20     -4.637286701474     -4.652399033692     -4.700899199586
    8      0.003620961892     -0.084264801564     -2.309563467082
    8      2.421461936893      2.448270840847     -2.323554618953
    8     -2.318506420660     -2.409362065406     -2.359845657127
    8      2.332309039878     -0.074717032960     -0.026443956662
    8      4.774672588907      2.341806869404     -0.051553979021
    8      0.102355758045     -2.397929468316     -0.067294554054
    8      4.665966467265     -0.082440991827      2.340405553036
    8      6.979343180171      2.348837631741      2.277436352240
    8      2.443482736629     -2.333315519418      2.305168359056
    8      0.010419222102      2.421838989533      0.014153040459
    8      2.230907251453      4.756357051355     -0.019947523937
    8     -2.418187083130      0.005947922300      0.004213437034
    8      2.325813486782      2.338503970684      2.340600322713
    8      4.664964136038      4.682558779282      2.380361947735
    8      0.002245491985      0.000411080932      2.345817714550
    8      4.645223298743      2.416491434268      4.687352087263
    8      7.014289052524      4.665949540499      4.770903522000
    8      2.330276598870     -0.122639698214      4.759863176334
    8     -0.107396180045      4.681744338539      2.324279479843
    8      2.318689412010      7.026828583059      2.305301788754
    8     -2.324884892386      2.449669021306      2.450687180241
    8      2.342430636150      4.671440416812      4.735566922764
    8      4.660304328725      6.942536767018      4.671473429976
    8     -0.111634456464      2.463307658391      4.759298768098
    8      4.625670720365      4.682191160006      6.993409340317
    8      7.107836047668      6.986146192836      7.019601229736
    8      2.207767369073      2.386837072696      7.013109463210
    0    0
