   3   1   1 E -1.6031101989277E+04 DE-5.6E-10( 11)
  0.264658760261E-02  0.700254230648E+01  0.701283178961E+01
  0.700900466303E+01 -0.114894739380E-01  0.701965732643E+01
  0.700584561097E+01  0.700099260777E+01 -0.278583079339E-02
    1
  0.100000000000E+01  0.000000000000E+00  0.000000000000E+00
  0.000000000000E+00  0.100000000000E+01  0.000000000000E+00
  0.000000000000E+00  0.000000000000E+00  0.100000000000E+01
  0.000000000000E+00  0.000000000000E+00  0.000000000000E+00
   54
   20     -0.004400584190     -0.002064408939     -0.054844465331
   20      2.324668844827      2.339777369768     -0.010327391869
   20     -2.320475695062     -2.301621715541     -0.007001823139
   20      2.336918818609     -0.059470170623      2.334361626604
   20      4.713507233286      2.294761654530      2.334340795259
   20      0.028362476684     -2.332133520895      2.394278628820
   20     -2.309957782619     -0.002210189927     -2.368285769216
   12      0.017096386336      2.333436221109     -2.389910750151
   12     -4.768212577870     -2.427929208469     -2.313446795972
   20     -0.049567524881      2.312785953614      2.369422632036
   20      2.318007508939      4.723758722872      2.344939132933
   12     -2.285807155703      0.063704754602      2.301805649969
   20      2.317967082168      2.347364229324      4.720552332448
   20      4.701229373197      4.698468656027      4.730767261151
   12     -0.048657323651     -0.033623492341      4.629242356011
   12     -2.318452295374      2.304359047705      0.026037640365
   20     -0.043659987885      4.691707221871     -0.036630661818
   20     -4.707329342872      0.020148698991     -0.018190711555
   12      0.062853827830     -2.288871097936     -2.344488736461
   20      2.323609931305     -0.004938198410     -2.324010686347
   20     -2.313863798157     -4.686120929259     -2.322184068399
   12      2.358394360507     -2.368940399662     -0.057128463885
   12      4.718253742902     -0.012025172517      0.024840926393
   20     -0.010021256423     -4.698063280473     -0.040180683119
   20     -2.348339491220     -2.328610740628     -4.713058490769
   12     -0.030502467722      0.022262044465     -4.599845709429
   20     -4.677188675541     -4.665823077427     -4.664075338022
    8      0.001846767543     -0.000810034796     -2.453681055401
    8      2.235149431428      2.445760081829     -2.325695011529
    8     -2.314625088462     -2.327677686644     -2.344432121039
    8      2.406837861154     -0.070244760906     -0.025684114780
    8      4.670786729992      2.270131235294     -0.003822191160
    8      0.114540652567     -2.335463283335     -0.084052109429
    8      4.766962077414     -0.007512183573      2.296493844284
    8      7.006169600711      2.231079636194      2.434549472084
    8      2.338982887069     -2.351307646266      2.354793239106
    8     -0.094871176672      2.338026569852     -0.024478439532
    8      2.343785593639      4.688239201522     -0.025316522097
    8     -2.331887266971      0.090977308866      0.059654865120
    8      2.329813444698      2.326711397516      2.338949085913
    8      4.687247944531      4.755081457925      2.347813526569
    8     -0.075047119366     -0.011743473082      2.399966932679
    8      4.771332544367      2.329205409065      4.732219131341
    8      7.101063668069      4.665659313012      4.690392346217
    8      2.236244839600     -0.102135096873      4.668260801196
    8     -0.003611123921      4.774185663269      2.428456087742
    8      2.329666985549      7.018287316662      2.343959985803
    8     -2.337224016826      2.224247856666      2.247489434471
    8      2.259418993890      4.668463832361      4.733067936159
    8      4.785269930589      7.007580841887      4.683109539555
    8      0.006572356970      2.321388980936      4.677007810259
    8      4.570248477380      4.674095799182      7.007286567125
    8      6.878228395967      6.992702070555      7.012405738928
    8      2.411398858854      2.409185702462      7.017971567489
    0    0
