   3   1   1 E -1.6031091296012E+04 DE-6.1E-10( 11)
  0.603422295556E-03  0.703778055973E+01  0.699575079637E+01
  0.702778606040E+01 -0.217377413175E-02  0.699120969518E+01
  0.703104876545E+01  0.703078406090E+01  0.396398702675E-03
    1
  0.100000000000E+01  0.000000000000E+00  0.000000000000E+00
  0.000000000000E+00  0.100000000000E+01  0.000000000000E+00
  0.000000000000E+00  0.000000000000E+00  0.100000000000E+01
  0.000000000000E+00  0.000000000000E+00  0.000000000000E+00
   54
   20      0.009057427084     -0.004348342108     -0.073883970297
   20      2.347781736900      2.348102988434     -0.068188764971
   20     -2.358576330124     -2.356310309773     -0.057187717930
   20      2.334311225477     -0.001172851429      2.415124694061
   20      4.707189308823      2.320074117013      2.358257891110
   20      0.009127604196     -2.345394449246      2.389397121295
   20     -2.339438334618     -0.014518106586     -2.332232895849
   12      0.059283007858      2.313926018668     -2.383559711148
   12     -4.750618831051     -2.337221896068     -2.316336446091
   20     -0.003674130951      2.348901737935      2.396823890157
   20      2.321255112044      4.728405357684      2.369565643925
   20     -2.379513079220      0.021282691690      2.365413599358
   12      2.272270983999      2.295525307471      4.701399240454
   20      4.694787294222      4.708205325017      4.662407941498
   12      0.079989434575      0.034474086389      4.692490148405
   20     -2.358480657460      2.325288601971     -0.030866410792
   20      0.039278050210      4.725568532772     -0.034812781611
   12     -4.781280032063      0.012352567192     -0.100282377595
   12      0.073243577252     -2.358237893154     -2.351375152765
   12      2.266375612098      0.052021321064     -2.342235549863
   12     -2.355086480952     -4.692401960970     -2.344060128657
   20      2.343826700814     -2.348388751759     -0.051331293089
   20      4.718763610424      0.020866907373     -0.029711386147
   20      0.014932232770     -4.723022785733     -0.054774065208
   20     -2.321643953813     -2.357463854452     -4.595619409108
   12      0.068520888175      0.056023996934     -4.573056390246
   20     -4.714987161417     -4.740164434132     -4.619420400584
    8      0.109450090256      0.013628778862     -2.428835606978
    8      2.297107541371      2.301482570975     -2.328472082987
    8     -2.345740289634     -2.451035212201     -2.331485988779
    8      2.338034855052      0.004727174593     -0.059794154854
    8      4.689004278009      2.335517460331     -0.077490934031
    8      0.005167690533     -2.353204636824     -0.072171463829
    8      4.740020245145     -0.011750898489      2.361881179978
    8      7.024528701866      2.260612607377      2.442944995797
    8      2.347816190558     -2.351643851599      2.423849646333
    8      0.002122681703      2.345540242037     -0.075646081198
    8      2.345242031324      4.768563863314     -0.088513079059
    8     -2.402531724129     -0.007463292482     -0.044227038889
    8      2.342160766515      2.340818519561      2.406495318578
    8      4.683346332300      4.695659866741      2.354691293634
    8      0.004592037243      0.004054642054      2.393119950086
    8      4.692160854573      2.338386091741      4.658189947847
    8      7.140154518760      4.708182489770      4.663765034860
    8      2.230451069752      0.014907299420      4.762259883595
    8      0.006327511494      4.778758305130      2.448415969512
    8      2.221441187449      7.025313430157      2.332240539568
    8     -2.349932170021      2.339506170625      2.382770242074
    8      2.239733343025      4.703414618708      4.662557023782
    8      4.696112554379      7.150231173726      4.662088158269
    8      0.045368338862      2.321673951853      4.661511560989
    8      4.699687677912      4.699778344647      6.977362300753
    8      7.135073457745      7.030427163647      6.974941277591
    8      2.333877529356      2.260298013348      6.888712795161
    0    0
