   3   1   1 E -1.6031080427002E+04 DE 6.0E-09(  9)
  0.309972589039E-01  0.700485590960E+01  0.699380773138E+01
  0.697798814142E+01  0.100506880888E-01  0.700690823421E+01
  0.697352243094E+01  0.700825872239E+01  0.200665018713E-01
    1
  0.100000000000E+01  0.000000000000E+00  0.000000000000E+00
  0.000000000000E+00  0.100000000000E+01  0.000000000000E+00
  0.000000000000E+00  0.000000000000E+00  0.100000000000E+01
  0.000000000000E+00  0.000000000000E+00  0.000000000000E+00
   54
   20     -0.005297642505      0.025856632969     -0.014564430105
   20      2.347242477395      2.367179443782     -0.084460970031
   20     -2.360034620386     -2.351482874598     -0.070185625223
   20      2.334237610294     -0.013419676410      2.339176369244
   20      4.672245119547      2.345035478857      2.324855889550
   20      0.001925551538     -2.345791797561      2.339742499957
   20     -2.375417516643     -0.005298430500     -2.297739046666
   20      0.004344812931      2.373752671666     -2.273841355037
   12     -4.610314411552     -2.284508850010     -2.238740216103
   20     -0.030385938458      2.355584183743      2.319990667450
   20      2.325543182536      4.712349348325      2.309014332113
   20     -2.380924978669      0.018990683365      2.337695454377
   20      2.359086421437      2.329597290219      4.721084342377
   12      4.632884068440      4.776817551413      4.742290454534
   20     -0.048004601201     -0.014276751876      4.754508916632
   12     -2.286661496703      2.327101273539     -0.021691687721
   12      0.035887657173      4.690910024749     -0.030431318608
   12     -4.679231313737     -0.070498356013     -0.032137730700
   20     -0.028554507162     -2.351142741956     -2.307435767306
   12      2.493741128491     -0.120595892871     -2.279864026809
   12     -2.405011267927     -4.694725764145     -2.269051308964
   20      2.393934894934     -2.338776250171     -0.031664429075
   12      4.695025328279      0.006734481741     -0.031689813786
   12     -0.081151156459     -4.755547867861     -0.074592396467
   20     -2.328812312761     -2.364323198413     -4.683344089453
   20      0.003527341025      0.003432321399     -4.694086664937
   20     -4.634629120153     -4.696690161036     -4.674856655102
    8      0.034698797759      0.009769630436     -2.289866128224
    8      2.422962198760      2.356760092856     -2.323367639076
    8     -2.411070133072     -2.410054343022     -2.333395091205
    8      2.419440240902      0.018556413253     -0.057253637241
    8      4.732291033327      2.250054744440     -0.118863199209
    8      0.000125901408     -2.375446582054     -0.018007603187
    8      4.629208413541      0.005942867172      2.290456486569
    8      6.965871389277      2.337047950407      2.311313000463
    8      2.358521516665     -2.332979661696      2.360259257102
    8     -0.064675621151      2.418659064665     -0.012016603936
    8      2.241590548152      4.774025064608     -0.148261879684
    8     -2.412508709723      0.058179005110     -0.008700303043
    8      2.335533352223      2.351119109936      2.318537100396
    8      4.642147311313      4.677597859627      2.358044025345
    8     -0.022344606604      0.003394194377      2.329731871412
    8      4.660455001622      2.384695165878      4.745180932464
    8      6.943916399332      4.679154518617      4.748926690395
    8      2.309507236549     -0.063368935469      4.738538606447
    8     -0.000501791850      4.675398109844      2.309810259029
    8      2.347528319215      7.001005221763      2.330479070258
    8     -2.327244931326      2.330159217128      2.324280079476
    8      2.420330445546      4.729885630319      4.671333992287
    8      4.535661058993      7.013691282226      4.805290073504
    8     -0.027543619216      2.332238380811      4.741774741141
    8      4.780519330813      4.671950087787      6.913111265330
    8      6.982317492271      7.016931048894      7.040824395660
    8      2.379353956252      2.263616030061      6.987379946989
    0    0
