   3   1   1 E -1.6031088518491E+04 DE 2.0E-10( 11)
  0.335248283914E-01  0.700391778273E+01  0.700106542543E+01
  0.701552271895E+01 -0.293311525180E-03  0.702611435031E+01
  0.702602153068E+01  0.703395520148E+01 -0.475308286485E-02
    1
  0.100000000000E+01  0.000000000000E+00  0.000000000000E+00
  0.000000000000E+00  0.100000000000E+01  0.000000000000E+00
  0.000000000000E+00  0.000000000000E+00  0.100000000000E+01
  0.000000000000E+00  0.000000000000E+00  0.000000000000E+00
   54
   20      0.023694794895      0.002070658946     -0.043187747295
   20      2.391496396660      2.301188736040     -0.044656972258
   20     -2.358722996490     -2.351424808335     -0.037085728545
   20      2.392619095985     -0.007673986037      2.375069831293
   20      4.680968589789      2.313486309096      2.338048426162
   20     -0.023346570230     -2.330920624942      2.383716951612
   20     -2.371244485404     -0.002899112194     -2.376899564944
   20     -0.009108642938      2.331449393789     -2.382620549933
   20     -4.671492483766     -2.322550832741     -2.329800329864
   20     -0.000512707350      2.327453378822      2.416318625649
   20      2.337340984401      4.731306307094      2.364646943111
   20     -2.364582836854     -0.008064961991      2.427298491503
   12      2.370645979664      2.250326475938      4.696772717315
   12      4.638415369415      4.718413556074      4.709598878787
   12     -0.157446840984      0.003312530599      4.746586636026
   20     -2.368630702493      2.368002510233     -0.022447488987
   20     -0.037457306559      4.787675657885     -0.020720932546
   12     -4.698570087402     -0.004024955504     -0.062562673864
   20      0.024307395659     -2.342910608492     -2.365879514212
   12      2.372380053472      0.049871095230     -2.277771305648
   12     -2.417150064902     -4.679908823477     -2.344656704998
   20      2.418503360432     -2.315279250879     -0.042559724733
   12      4.700591768269      0.003717463823     -0.081488661910
   20     -0.000044133809     -4.787013312093     -0.029287067900
   12     -2.297127690297     -2.261722126899     -4.702561366180
   12      0.018841778636      0.000391508290     -4.655125080714
   20     -4.666630874450     -4.733838905407     -4.636552180948
    8      0.086225303282      0.012417926800     -2.407949077423
    8      2.439074455701      2.244963570048     -2.338600777791
    8     -2.334536646079     -2.391543592848     -2.386298809660
    8      2.464238051598      0.006298304567     -0.068997532794
    8      4.678380564871      2.232502147661     -0.097570292016
    8      0.007318193486     -2.347598377476     -0.034341147351
    8      4.744202474633     -0.075120825643      2.323169821299
    8      7.011407681474      2.253315540802      2.355483842697
    8      2.387992001454     -2.339611609403      2.394074522523
    8     -0.007916650474      2.345278194749     -0.031471629221
    8      2.345495137418      4.772722006409     -0.031909599355
    8     -2.409284238676     -0.000354543334     -0.010221033137
    8      2.347492187551      2.332565200015      2.377373746838
    8      4.666247842751      4.695702486335      2.382400066637
    8     -0.016275094577     -0.009425140507      2.401885742384
    8      4.589160637958      2.396523110579      4.660906218433
    8      6.929887656667      4.799024255228      4.660649009797
    8      2.274505845948      0.070266628886      4.747237969509
    8     -0.070098258871      4.757734393072      2.327014783411
    8      2.311288905485      7.019557923085      2.358817724434
    8     -2.317774425545      2.402592177110      2.459526582745
    8      2.510304080899      4.699580839642      4.666934205022
    8      4.660874873044      6.996193387903      4.825663509261
    8     -0.001403735732      2.218051299415      4.676175486783
    8      4.703866646106      4.782412515170      6.984412103241
    8      7.045562262755      7.015523639683      6.974738729205
    8      2.363837954623      2.239103796268      6.929622046492
    0    0
