   3   1   1 E -1.6031091284603E+04 DE-7.5E-10( 11)
  0.302120880625E-02  0.699987351181E+01  0.703626862344E+01
  0.703257855806E+01 -0.730354663318E-02  0.703872356629E+01
  0.702739184275E+01  0.699111785220E+01  0.416059955662E-02
    1
  0.100000000000E+01  0.000000000000E+00  0.000000000000E+00
  0.000000000000E+00  0.100000000000E+01  0.000000000000E+00
  0.000000000000E+00  0.000000000000E+00  0.100000000000E+01
  0.000000000000E+00  0.000000000000E+00  0.000000000000E+00
   54
   20     -0.010017129726     -0.017814853716     -0.034277821754
   20      2.340345928078      2.359162807964     -0.048096372951
   20     -2.321675346878     -2.370669213177     -0.061094614357
   20      2.358616586071     -0.061788948773      2.346671921981
   20      4.696679283835      2.333819976935      2.347358113460
   20      0.041160735471     -2.350933616666      2.338258600393
   20     -2.351443618830     -0.038136713959     -2.350999513284
   20     -0.011073762758      2.386833973903     -2.302696955014
   12     -4.639593422135     -2.330581935923     -2.329456667080
   20     -0.062534071785      2.396851368141      2.358028908105
   20      2.312426550483      4.667707437415      2.352279942209
   20     -2.343520132174      0.026635174738      2.358842351836
   20      2.323723428735      2.379610562961      4.731174335496
   12      4.674933882459      4.607216283555      4.748416121282
   20     -0.032377570908     -0.015864081238      4.742923345262
   12     -2.291772536504      2.417113864898     -0.027408524121
   12     -0.057611023477      4.636090114821     -0.048952811755
   20     -4.702797683966      0.021779243757     -0.010420872451
   12      0.017680724975     -2.401500574967     -2.265530775006
   20      2.368736016699     -0.032478043593     -2.320604834375
   12     -2.303542461234     -4.558961186257     -2.325701637255
   12      2.388185517238     -2.382260857659     -0.047371824886
   20      4.710385952177     -0.070600114169     -0.017403422332
   12     -0.049417768748     -4.588827078994     -0.049047595779
   12     -2.344045832759     -2.352600729296     -4.590932858469
   20     -0.023033960207     -0.036188321641     -4.713055244164
   20     -4.639405161208     -4.587198128130     -4.700251008646
    8     -0.016810642043     -0.070440632810     -2.342515146964
    8      2.416205527488      2.421715931800     -2.337103834845
    8     -2.340893040716     -2.451095711515     -2.424877468727
    8      2.345334090721     -0.084541933824      0.004818183250
    8      4.761076675672      2.318065061423     -0.063153496876
    8      0.095885888106     -2.431724723900     -0.096938603563
    8      4.685873707511     -0.091739523203      2.343403493674
    8      7.025506205256      2.341387663194      2.296253335631
    8      2.439126076655     -2.330000444615      2.318971541820
    8     -0.074792616367      2.428186168672      0.013034026723
    8      2.278711938753      4.665869820017     -0.079877212749
    8     -2.337589206177      0.031864553499     -0.032730626739
    8      2.332927872219      2.342376365527      2.353919266989
    8      4.700988350033      4.653386662360      2.368294735367
    8     -0.006838972137     -0.004925483624      2.346705807781
    8      4.683842021639      2.423324476126      4.761744378474
    8      7.022740129589      4.651664256320      4.777513272691
    8      2.349650437727     -0.075006735850      4.720277172507
    8     -0.108065206329      4.662283072455      2.365549623365
    8      2.341781484116      7.003942400325      2.349935517757
    8     -2.352756499634      2.436591521143      2.369368050172
    8      2.313463695216      4.656796500680      4.736211927264
    8      4.685846455396      6.975252051398      4.708113497636
    8     -0.074814933970      2.425675043399      4.775244245013
    8      4.704876687184      4.579174640095      6.977787432689
    8      7.018995764763      6.979330079642      7.035000914188
    8      2.344177229637      2.432767688529      7.030587232921
    0    0
