   3   1   1 E -1.6031074953643E+04 DE 1.2E-09( 11)
  0.610419747508E-01  0.697609730411E+01  0.696555360653E+01
  0.699792003554E+01  0.764445050815E-02  0.700970081456E+01
  0.699051146372E+01  0.700808817372E+01  0.202658304592E-01
    1
  0.100000000000E+01  0.000000000000E+00  0.000000000000E+00
  0.000000000000E+00  0.100000000000E+01  0.000000000000E+00
  0.000000000000E+00  0.000000000000E+00  0.100000000000E+01
  0.000000000000E+00  0.000000000000E+00  0.000000000000E+00
   54
   20     -0.008154537229      0.026900692531      0.007334369030
   20      2.369002742604      2.331696699347     -0.015921039361
   20     -2.319923673159     -2.358300532892     -0.033375883550
   20      2.347615438907     -0.000662552804      2.341772250662
   20      4.709385233695      2.334051854696      2.319791615246
   20      0.006756711165     -2.343165177199      2.339486215954
   20     -2.354077734618      0.027921341758     -2.285737080965
   20     -0.004100361506      2.390776115390     -2.282342850957
   20     -4.695967003992     -2.321033926103     -2.314998543514
   20     -0.033334155575      2.320073885651      2.316525769936
   20      2.357750072589      4.674913744238      2.297812145617
   20     -2.307833365863      0.036916285760      2.338839988615
   20      2.358765375477      2.292596808103      4.741912840580
   12      4.740415866420      4.605471807858      4.676494801787
   12     -0.241137825491      0.046143473577      4.658890769799
   12     -2.331827040136      2.283929044639     -0.053231002765
   12     -0.057240251029      4.631491595732     -0.113876441010
   12     -4.612630730003      0.090433739123     -0.095159077955
   20     -0.042823267937     -2.378840743940     -2.285666176124
   20      2.401633028080      0.029158073686     -2.314349165555
   12     -2.364173735221     -4.650095596448     -2.249867081815
   20      2.363076874513     -2.387435768134      0.021034048656
   12      4.648017344778     -0.031002109762      0.003162944316
   12     -0.137679482966     -4.660854041960      0.029245699186
   20     -2.333550280983     -2.378661709103     -4.696187281173
   20     -0.000979187721      0.030206137859     -4.747016907026
   12     -4.673883008404     -4.660053139087     -4.650078740508
    8     -0.004233615664      0.023473641253     -2.322071945557
    8      2.405044474034      2.355352623893     -2.342670992375
    8     -2.345944713768     -2.379997562000     -2.324062177793
    8      2.416944580001      0.001334234265      0.003101291237
    8      4.790537180793      2.227516531773     -0.093211999295
    8     -0.006211433966     -2.387232007352      0.008014606743
    8      4.668989656422      0.013504144597      2.279105504825
    8      7.061979240579      2.351718696022      2.294078523663
    8      2.334316943356     -2.381734526384      2.342597823998
    8     -0.050203748548      2.405099079260      0.006247552073
    8      2.287890972613      4.720933303992     -0.006544008748
    8     -2.390398536430      0.070957251597      0.009312856873
    8      2.355565096041      2.324255263789      2.331905849640
    8      4.689950814770      4.668944099274      2.359752030345
    8      0.010750695074      0.010164572101      2.376163616232
    8      4.679102436672      2.410648110799      4.762854621094
    8      6.865248627257      4.778564264364      4.765557835542
    8      2.277900346911      0.008943394927      4.753612999364
    8      0.017003329852      4.637073711246      2.267619538325
    8      2.395440316684      7.077593332430      2.264042809501
    8     -2.387744601827      2.309231568615      2.302974631380
    8      2.415313050907      4.625108905004      4.679106259832
    8      4.817403302118      7.016230618120      4.767772605474
    8     -0.066892888075      2.227933201394      4.735820650449
    8      4.834189599948      4.608035524231      6.872023893609
    8      6.946586593362      7.046537766190      6.828311711122
    8      2.420999867525      2.210468931606      7.103928857348
    0    0
