   3   1   1 E -1.6031031163029E+04 DE-6.4E-10(  2)
  0.662831838754E-02  0.702966971176E+01  0.702892353885E+01
  0.703063286552E+01 -0.364260945431E-02  0.703142793813E+01
  0.703417296442E+01  0.703001599426E+01 -0.111787810681E-02
    1
  0.100000000000E+01  0.000000000000E+00  0.000000000000E+00
  0.000000000000E+00  0.100000000000E+01  0.000000000000E+00
  0.000000000000E+00  0.000000000000E+00  0.100000000000E+01
  0.000000000000E+00  0.000000000000E+00  0.000000000000E+00
   54
   20      0.000000000000      0.000000000000      0.000000000000
   20      2.344724321474      2.343338664754     -0.000372626036
   20     -2.344724321474     -2.343338664754      0.000372626036
   20      2.343544288506     -0.001214203151      2.343809312711
   20      4.688268609981      2.342124461603      2.343436686675
   20     -0.001180032968     -2.344552867906      2.344181938747
   20     -2.343544288506      0.001214203151     -2.343809312711
   20      0.001180032968      2.344552867906     -2.344181938747
   12     -4.688268609981     -2.342124461603     -2.343436686675
   20      0.002209439463      2.343223237252      2.342974512949
   20      2.346933760937      4.686561902006      2.342601886914
   20     -2.342514882012     -0.000115427502      2.343347138985
   12      2.345753727969      2.342009034101      4.686783825660
   12      4.690478049443      4.685347698855      4.686411199625
   20      0.001029406494     -0.001329630653      4.687156451696
   20     -2.341334849044      2.344437440404     -0.000834799762
   20      0.003389472431      4.687776105158     -0.001207425797
   20     -4.686059170518      0.001098775649     -0.000462173726
   20     -0.002209439463     -2.343223237252     -2.342974512949
   12      2.342514882012      0.000115427502     -2.343347138985
   12     -2.346933760937     -4.686561902006     -2.342601886914
   12      2.341334849044     -2.344437440404      0.000834799762
   20      4.686059170518     -0.001098775649      0.000462173726
   12     -0.003389472431     -4.687776105158      0.001207425797
   12     -2.345753727969     -2.342009034101     -4.686783825660
   20     -0.001029406494      0.001329630653     -4.687156451696
   12     -4.690478049443     -4.685347698855     -4.686411199625
    8     -0.000514703247      0.000664815327     -2.343578225848
    8      2.344209618225      2.344003480079     -2.343950851884
    8     -2.345239024722     -2.342673849428     -2.343205599812
    8      2.343029585259     -0.000549387825      0.000231086863
    8      4.687753906732      2.342789276929     -0.000141539173
    8     -0.001694736215     -2.343888052579      0.000603712899
    8      4.686573873765     -0.001763590976      2.344040399574
    8      7.031298195239      2.341575073777      2.343667773538
    8      2.341849552291     -2.345102255730      2.344413025610
    8      0.001694736215      2.343888052579     -0.000603712899
    8      2.346419057688      4.687226717331     -0.000976338934
    8     -2.343029585259      0.000549387825     -0.000231086863
    8      2.345239024722      2.342673849428      2.343205599812
    8      4.689963346195      4.686012514181      2.342832973777
    8      0.000514703247     -0.000664815327      2.343578225848
    8      4.688783313227      2.341459646276      4.687014912522
    8      7.033507634701      4.684798311030      4.686642286487
    8      2.344058991753     -0.001879018478      4.687387538558
    8      0.003904175678      4.687111289833      2.342370800053
    8      2.348628497151      7.030449954586      2.341998174017
    8     -2.340820145797      2.343772625079      2.342743426088
    8      2.347448464184      4.685897086681      4.686180112763
    8      4.692172785657      7.029235751434      4.685807486727
    8      0.002724142710      2.342558421926      4.686552738798
    8      4.690992752689      4.684682883528      7.029989425472
    8      7.035717074164      7.028021548283      7.029616799437
    8      2.346268431215      2.341344218774      7.030362051508
    0    0
