   3   1   1 E -1.6031051507741E+04 DE-5.8E-11( 11)
 -0.111812732609E-01  0.699750256983E+01  0.700570553068E+01
  0.700366578201E+01 -0.211129987428E-01  0.700903408669E+01
  0.701045725282E+01  0.700175379138E+01 -0.218341222739E-01
    1
  0.100000000000E+01  0.000000000000E+00  0.000000000000E+00
  0.000000000000E+00  0.100000000000E+01  0.000000000000E+00
  0.000000000000E+00  0.000000000000E+00  0.100000000000E+01
  0.000000000000E+00  0.000000000000E+00  0.000000000000E+00
   54
   20     -0.007297755145     -0.006187024021     -0.008960015737
   20      2.338007870444      2.334633610565     -0.014590968611
   20     -2.336634722855     -2.337276501864      0.004244561817
   20      2.339793954213     -0.012100516717      2.336158847559
   20      4.676155555439      2.322281420153      2.330002176971
   20     -0.000364471105     -2.344875525781      2.347853512012
   20     -2.339241209529      0.001042876179     -2.342162467035
   12      0.040884354710      2.375324749088     -2.330539159103
   12     -4.681444764169     -2.319095338977     -2.341746329570
   20     -0.005674106418      2.339434488075      2.336700795079
   20      2.334752936985      4.669329080279      2.329142474333
   12     -2.358027129963     -0.012497872933      2.329100568091
   12      2.213507759924      2.273263617030      4.678466737608
   20      4.665750833755      4.659563657822      4.666185080138
   20      0.005343010043      0.001944267248      4.685733809172
   20     -2.351298027881      2.332570279366     -0.003407858706
   20     -0.000029261657      4.681594115080     -0.009859699877
   12     -4.638793765688      0.071160451072      0.011301564932
   12     -0.003572458071     -2.430235859666     -2.347769252869
   20      2.337975515905     -0.000944143033     -2.341552375638
   20     -2.324332528250     -4.661504636642     -2.325939669054
   20      2.327212026823     -2.352806118125     -0.001615757572
   12      4.695259473051      0.009756453289      0.013199288020
   12      0.084850769050     -4.642091317563      0.001935826009
   12     -2.339729629130     -2.279056541947     -4.653828550246
   20      0.002576138672      0.010364598728     -4.677746929634
   20     -4.668262838522     -4.661898585984     -4.661005598785
    8     -0.003071288457     -0.001235185137     -2.342197373679
    8      2.333496591693      2.347088819753     -2.345978496411
    8     -2.328283751783     -2.334462884647     -2.335853025300
    8      2.339184504245     -0.008471694961     -0.011501932110
    8      4.687770833808      2.323991040684     -0.012679183235
    8     -0.005713134454     -2.359980792402     -0.003301470949
    8      4.669938757175     -0.024584825977      2.320511663381
    8      7.011976422317      2.323204114083      2.332175030720
    8      2.339856178148     -2.347529244802      2.340926967189
    8     -0.007782272041      2.336009110945     -0.015164347767
    8      2.337159126416      4.680163625782     -0.019034216420
    8     -2.350872312084     -0.002733393463      0.003987714008
    8      2.336240310975      2.330525682851      2.333180800294
    8      4.672750837374      4.668072449436      2.328544475419
    8     -0.006590458782     -0.003786948976      2.340869753962
    8      4.664973036092      2.317887011330      4.668343585047
    8      7.016287784567      4.652555679994      4.667262672190
    8      2.342076773554     -0.002247389424      4.683410007693
    8     -0.008575599599      4.674399763575      2.334520830162
    8      2.338231308506      7.002783760465      2.326912364792
    8     -2.343005772136      2.336262880202      2.339819154540
    8      2.317141473147      4.649112996822      4.661505902693
    8      4.669696146687      6.999728922941      4.662392718350
    8      0.024983537338      2.352130518963      4.682693988505
    8      4.658390843963      4.666735131124      7.009820360382
    8      7.009154325152      7.010031313157      7.001204138962
    8      2.290456194633      2.294300988029      7.006402036241
    0    0
