   3   1   1 E -1.6031097025423E+04 DE 9.8E-10( 11)
  0.423711761475E-02  0.699992107979E+01  0.702480046857E+01
  0.700872368090E+01  0.979633006674E-02  0.701250058338E+01
  0.701611701780E+01  0.698820673882E+01  0.913761345988E-02
    1
  0.100000000000E+01  0.000000000000E+00  0.000000000000E+00
  0.000000000000E+00  0.100000000000E+01  0.000000000000E+00
  0.000000000000E+00  0.000000000000E+00  0.100000000000E+01
  0.000000000000E+00  0.000000000000E+00  0.000000000000E+00
   54
   20     -0.006422779094      0.017803307686     -0.012441152683
   20      2.369972276162      2.314943052065     -0.063903797658
   20     -2.361043175912     -2.325920882134     -0.022342822380
   20      2.350581665362     -0.048080034715      2.345780386836
   20      4.690770426532      2.330279837877      2.332104621760
   20      0.010650717064     -2.313801367021      2.385359178281
   20     -2.383845326804     -0.022676343066     -2.329865473962
   20      0.005179327187      2.365914395894     -2.331556839789
   12     -4.628159766852     -2.236388041680     -2.314032645707
   20     -0.036316266091      2.340441646742      2.334799935042
   20      2.356617237555      4.710530617147      2.353897376943
   20     -2.360998903784      0.001553796894      2.353979504298
   20      2.347965889350      2.300189185919      4.736854524782
   12      4.673255018588      4.662240866146      4.708081405574
   12      0.051548145164     -0.027672867924      4.718615214840
   12     -2.346131330980      2.333671360490      0.015011715192
   20     -0.038613974279      4.741012648235     -0.054000948405
   12     -4.678502595444      0.046523698411     -0.048232542857
   20     -0.015575849029     -2.346675492445     -2.340275052299
   12      2.371970239307     -0.067652618861     -2.276762196614
   20     -2.348052631508     -4.723771396562     -2.322460125746
   20      2.409228233112     -2.347495429539     -0.020577174623
   12      4.634329272403     -0.028684785495     -0.019856396955
   12     -0.055225883470     -4.782968338652     -0.014528723080
   12     -2.376490029017     -2.267807766762     -4.685020240177
   20     -0.004239304622      0.008986634066     -4.706237610224
   20     -4.651418104088     -4.669888911910     -4.693051262931
    8      0.042089057865     -0.004668606090     -2.316453738731
    8      2.351662087372      2.308202557845     -2.338144264737
    8     -2.453886128295     -2.349950349148     -2.362359615340
    8      2.411910002395     -0.014486523896     -0.033048398505
    8      4.749156433047      2.245201368460     -0.001264400266
    8      0.001756525667     -2.378512863577     -0.003648160256
    8      4.672506045794     -0.082129241787      2.255642167102
    8      7.004985388898      2.338273503301      2.303737707113
    8      2.448787688992     -2.322799967036      2.417580658327
    8     -0.050320554312      2.353935800107     -0.036019529074
    8      2.342114922803      4.760040423725     -0.083867223317
    8     -2.420280550449      0.079741904114     -0.005192411681
    8      2.342378314160      2.326792897509      2.345211207819
    8      4.683360217873      4.674445731044      2.397591718298
    8      0.007516538570      0.008190104866      2.368456209723
    8      4.673885198725      2.395971594836      4.745203360496
    8      7.008064659395      4.800275855142      4.678704244398
    8      2.254752251973     -0.099154400279      4.773570963082
    8     -0.067127153011      4.687435857295      2.306525159220
    8      2.348161452329      6.991408435263      2.341344274093
    8     -2.337985493295      2.396736527599      2.275485115193
    8      2.419788994122      4.742002731751      4.691377087789
    8      4.655148733118      6.861956622841      4.782791656175
    8     -0.007721693343      2.248083539040      4.748910714704
    8      4.678236600935      4.700764501612      7.002102038821
    8      7.020314221508      7.131658695972      6.912431113346
    8      2.370563883745      2.226635197721      7.012967483111
    0    0
