   3   1   1 E -1.6031096886470E+04 DE-4.0E-10( 11)
  0.257792089529E-01  0.696285999848E+01  0.700448381430E+01
  0.701879777135E+01 -0.992076458928E-02  0.703161211042E+01
  0.703137808557E+01  0.699696519210E+01 -0.166105945052E-01
    1
  0.100000000000E+01  0.000000000000E+00  0.000000000000E+00
  0.000000000000E+00  0.100000000000E+01  0.000000000000E+00
  0.000000000000E+00  0.000000000000E+00  0.100000000000E+01
  0.000000000000E+00  0.000000000000E+00  0.000000000000E+00
   54
   20      0.008857991039      0.004861513564     -0.013174358487
   20      2.351678214453      2.324201151323     -0.045130937871
   20     -2.344078321601     -2.343380101108     -0.021968687956
   20      2.357756446561     -0.036618750322      2.324756904236
   20      4.702361195524      2.334904572372      2.328082274091
   20      0.024624374131     -2.321898438620      2.346550138160
   20     -2.366608790638      0.001139647786     -2.326743870695
   20      0.012161886324      2.347546984080     -2.333743735931
   20     -4.674636269550     -2.322194025808     -2.324094539408
   20     -0.059678101374      2.355426829062      2.323113205848
   20      2.319879036469      4.702806703147      2.321399889894
   20     -2.356202303555      0.063494608510      2.355544313324
   20      2.305786426175      2.312573400753      4.758099363998
   20      4.682869892056      4.695775499791      4.729093124040
   12      0.057760181202      0.041892723641      4.758018141583
   12     -2.387844806112      2.298130766731     -0.009223570475
   12      0.022994100788      4.644603539712     -0.026600658177
   12     -4.745593291742      0.007069884998     -0.052548791959
   20     -0.011173060358     -2.341645734358     -2.299796455073
   12      2.358207217521     -0.003205600848     -2.280585276919
   12     -2.244957040544     -4.736486757829     -2.270182489294
   12      2.319543701605     -2.378430164391      0.016041660906
   20      4.731322756009     -0.028041987920      0.006951226877
   12     -0.022184937150     -4.663647149026     -0.032221169220
   12     -2.339184198599     -2.459672324566     -4.731578861770
   20      0.022859517365     -0.004245644031     -4.731592667627
   20     -4.666026023545     -4.645246996386     -4.724453787685
    8      0.019892056520      0.003289639499     -2.331816912486
    8      2.418457467009      2.266463882438     -2.357449814204
    8     -2.344947778936     -2.403328037733     -2.387194530921
    8      2.355037502771     -0.064695351209     -0.067241530116
    8      4.760443139591      2.319177481134     -0.058634763230
    8      0.065073991570     -2.406387851508      0.007242339677
    8      4.692818489343     -0.056155806936      2.328738984739
    8      7.019551495517      2.335457281489      2.282470248366
    8      2.405466132522     -2.335955976922      2.304794674040
    8     -0.064647890775      2.415188869164     -0.029752745387
    8      2.288565286378      4.730717770910     -0.025103949344
    8     -2.415560402808      0.072124687740     -0.006906282749
    8      2.326271039355      2.335477700811      2.325856120745
    8      4.685526434924      4.689827657000      2.333368861629
    8      0.015691419063      0.016134805655      2.376915564120
    8      4.680595852008      2.343156590535      4.754343491711
    8      7.036992703723      4.751439300497      4.761721561297
    8      2.271777789081     -0.005161575557      4.754534968319
    8     -0.059794397795      4.654727471536      2.252716065019
    8      2.358989948546      6.998246742871      2.307029710988
    8     -2.344364197115      2.428195061781      2.305926241699
    8      2.343584984891      4.733840389596      4.774200547648
    8      4.703389624732      7.092584144619      4.699683019328
    8     -0.114925114960      2.221164998535      4.758692891087
    8      4.677096022429      4.518356468314      7.088485779621
    8      7.175158062356      6.947886720944      6.884580307093
    8      2.325162344041      2.323082701506      7.006472752820
    0    0
