   3   1   1 E -1.6031079261841E+04 DE-1.2E-09( 11)
  0.119341414316E-01  0.702794646299E+01  0.700463854155E+01
  0.698765513343E+01  0.134538955222E-01  0.699596828496E+01
  0.700723721357E+01  0.703324269375E+01 -0.280108486320E-03
    1
  0.100000000000E+01  0.000000000000E+00  0.000000000000E+00
  0.000000000000E+00  0.100000000000E+01  0.000000000000E+00
  0.000000000000E+00  0.000000000000E+00  0.100000000000E+01
  0.000000000000E+00  0.000000000000E+00  0.000000000000E+00
   54
   20     -0.003424853924     -0.016651302916     -0.005363608575
   20      2.365529127195      2.340557293895     -0.051927690284
   20     -2.397522815382     -2.343932087176     -0.055133812128
   20      2.416232157269     -0.089494061829      2.343032897205
   20      4.739816751658      2.300117430678      2.315257571815
   20      0.041054455586     -2.366130573668      2.378741813853
   20     -2.331846718832     -0.036007105861     -2.353595625396
   12     -0.059270263221      2.339220167204     -2.420618284340
   12     -4.472489646894     -2.378206738410     -2.340930889703
   20     -0.058802904733      2.338086269643      2.342764331539
   20      2.341844395905      4.769669968910      2.281198906250
   12     -2.287352758463     -0.015741576460      2.320418859569
   20      2.337567722610      2.338305346593      4.702337910054
   20      4.659816783942      4.737033004699      4.687179504152
   20     -0.022033133220     -0.020560518207      4.702426428783
   20     -2.369298467409      2.350296169999      0.089115165768
   20     -0.024669757568      4.748140433686      0.023197865914
   12     -4.633801393437     -0.069531969533      0.020811160298
   20     -0.054900865869     -2.339323215620     -2.379740291221
   20      2.358074211371      0.054640037109     -2.327913712902
   12     -2.299705947094     -4.709340602813     -2.303289233081
   12      2.340929878078     -2.258155293542     -0.033638515452
   12      4.576570384550      0.037567488104      0.024294996121
   20     -0.020871693087     -4.734900438181     -0.036204858328
   12     -2.304323925013     -2.222425165786     -4.589429336686
   12     -0.098309252192      0.015772870098     -4.671800759695
   20     -4.623819927371     -4.695136119048     -4.643261243825
    8     -0.013222628784      0.081328711834     -2.419992897527
    8      2.377415809409      2.436145925967     -2.338635539810
    8     -2.504436911356     -2.475935218469     -2.486710721447
    8      2.442064529555     -0.111275834216     -0.016731275325
    8      4.644420544213      2.273749122093     -0.078579368623
    8      0.048069451800     -2.350160588864     -0.017184807111
    8      4.759622988166     -0.103796695477      2.278250328922
    8      7.012134656733      2.269476873996      2.400758624046
    8      2.470413944788     -2.357308736231      2.380346104161
    8     -0.025892992627      2.350917495451      0.008203767150
    8      2.325186406921      4.770385641456     -0.084977742878
    8     -2.412418164387     -0.008520325317      0.032419118769
    8      2.359203947989      2.333723658971      2.305622503297
    8      4.685988194966      4.751543932467      2.315127820881
    8     -0.055628885466     -0.031490733237      2.344421002393
    8      4.733961592613      2.349390188753      4.696032886872
    8      7.045801151776      4.632809395457      4.690241027516
    8      2.354815078887     -0.102445158526      4.744134039041
    8     -0.109722256469      4.796320271899      2.338303719333
    8      2.313415377390      7.058796829980      2.236281664851
    8     -2.329492703893      2.319424401303      2.453016144578
    8      2.341961640469      4.720915646748      4.686937643221
    8      4.678496348086      7.120581638642      4.683854681076
    8     -0.074253336693      2.330992347334      4.651708527098
    8      4.502551242767      4.837177087389      7.132363986604
    8      7.002903111540      7.023409077752      7.036403813156
    8      2.342369515140      2.345869066460      7.011925631191
    0    0
