   3   1   1 E -1.6031055874174E+04 DE 2.3E-10( 11)
  0.290287237916E-01  0.699643085791E+01  0.701190513220E+01
  0.701369279296E+01  0.218357902994E-01  0.701171263371E+01
  0.704371430107E+01  0.701907515699E+01 -0.983983831602E-03
    1
  0.100000000000E+01  0.000000000000E+00  0.000000000000E+00
  0.000000000000E+00  0.100000000000E+01  0.000000000000E+00
  0.000000000000E+00  0.000000000000E+00  0.100000000000E+01
  0.000000000000E+00  0.000000000000E+00  0.000000000000E+00
   54
   20      0.000086817752     -0.003508189079     -0.005527635145
   20      2.346898215974      2.341620725420     -0.005733635984
   20     -2.348260687085     -2.340619848112     -0.012255691409
   20      2.349908151325     -0.009821516662      2.339537849009
   20      4.698339253801      2.330238106248      2.324301890951
   20      0.002950282553     -2.348030710939      2.331642614534
   20     -2.332415328046     -0.020660798256     -2.340505882361
   20      0.014114573961      2.328288377115     -2.341305321278
   12     -4.650721411841     -2.389371179211     -2.331729430939
   20     -0.004018421751      2.350311764058      2.337258363887
   20      2.346103971470      4.687562749486      2.328133527412
   20     -2.350511691896      0.009409466258      2.326987585608
   20      2.349316576100      2.332038429442      4.680717628933
   20      4.695426180320      4.679430551377      4.676352873331
   20     -0.001314574121      0.006363978635      4.681797844084
   12     -2.337440911159      2.311283203928      0.020186421725
   20      0.007661310914      4.684367093150      0.005429640254
   12     -4.677865713169     -0.000070610589      0.021052855020
   12     -0.040755980779     -2.290095552532     -2.331181073259
   20      2.333529666917      0.011143288578     -2.342432306877
   20     -2.365307088885     -4.658745584505     -2.342705946777
   20      2.339537691024     -2.343998928750      0.005415709081
   12      4.687487558560      0.029862410505      0.020687028777
   12     -0.019610069019     -4.680874481215      0.021162467956
   12     -2.347826395126     -2.338507355609     -4.656483272994
   12     -0.030393959920      0.050598805095     -4.669785232690
   12     -4.662782223927     -4.729929785541     -4.671062025238
    8      0.007035171336     -0.013756299921     -2.346942366936
    8      2.339608477187      2.353075727252     -2.346752291596
    8     -2.348148804286     -2.339894141970     -2.341606373634
    8      2.347377733024     -0.001857874728     -0.000161428175
    8      4.696319261533      2.333386750583     -0.012409894239
    8     -0.000667490085     -2.353863209397     -0.011007718835
    8      4.700341950712     -0.021363980515      2.323451402860
    8      7.048565731179      2.323762026787      2.319431671548
    8      2.354629037157     -2.359604945066      2.345238441896
    8     -0.000391006240      2.340856832963     -0.000046486273
    8      2.347932614118      4.692446754735     -0.011307134867
    8     -2.349124723632      0.003450661460     -0.010436670197
    8      2.347726925742      2.339575983725      2.333835813783
    8      4.695733952502      4.678978741333      2.325152840442
    8     -0.000414569118      0.000553011834      2.334450454030
    8      4.690680935825      2.337256362934      4.676360490439
    8      7.038677258831      4.686057462718      4.676042430495
    8      2.343131132292     -0.005242225742      4.684346723565
    8     -0.006056380023      4.699617205639      2.345983028794
    8      2.341724166205      7.034922245355      2.322432856736
    8     -2.355105441564      2.360772326247      2.319870186472
    8      2.353856999502      4.672411048993      4.673793979161
    8      4.701892535941      7.021922328817      4.677061007731
    8      0.002585969629      2.345921468579      4.684647924510
    8      4.694983565325      4.679762511923      7.023390665649
    8      7.028656963426      7.056278053527      7.024180004383
    8      2.365273419722      2.304328887027      7.022895616004
    0    0
