   3   1   1 E -1.6031090540288E+04 DE-6.2E-10( 10)
  0.514164737190E-01  0.701215188273E+01  0.706329813357E+01
  0.694312711281E+01  0.536873896114E-01  0.705423689424E+01
  0.700422043511E+01  0.705785698745E+01 -0.973262355352E-03
    1
  0.100000000000E+01  0.000000000000E+00  0.000000000000E+00
  0.000000000000E+00  0.100000000000E+01  0.000000000000E+00
  0.000000000000E+00  0.000000000000E+00  0.100000000000E+01
  0.000000000000E+00  0.000000000000E+00  0.000000000000E+00
   54
   20      0.004856422725     -0.010895448220     -0.041187431090
   20      2.318749789830      2.378251090788     -0.015346461171
   20     -2.325144352008     -2.364147257652     -0.011919181713
   20      2.293018648051     -0.001794280931      2.343590813916
   20      4.655281736275      2.384423796312      2.330443457111
   20     -0.012430124485     -2.356711787785      2.339562413647
   20     -2.299896620060     -0.038522081434     -2.351122873766
   12     -0.014064768799      2.409983025631     -2.396879416238
   12     -4.695598739859     -2.371769926302     -2.316155155344
   12      0.058003810125      2.351858336075      2.364834174231
   12      2.348663806165      4.683700919211      2.373191738522
   12     -2.332612198624     -0.026956674909      2.296886472450
   20      2.237336469238      2.431749879724      4.698798074068
   20      4.612004700730      4.750002602294      4.704336341138
   20     -0.055324842284      0.044590684100      4.697127359537
   20     -2.293573401847      2.331463572779      0.034790481899
   20      0.048057211727      4.659068540281      0.025802304157
   20     -4.647654194131     -0.056557898244      0.020471655178
   12      0.141134448212     -2.455955476996     -2.252809872546
   20      2.293123004528     -0.024696331897     -2.326870569072
   20     -2.303736762688     -4.694342844519     -2.356766528853
   12      2.323614249170     -2.336699778371     -0.018921370592
   12      4.655116424157      0.028827088385      0.031342379784
   12      0.046361553243     -4.638258281942     -0.032015823118
   20     -2.313670621958     -2.365734072734     -4.708225169651
   20      0.014792777179     -0.015738442512     -4.693513109401
   20     -4.682103117765     -4.684362825663     -4.715846412013
    8      0.008956467125     -0.017724373195     -2.346546642540
    8      2.249009250716      2.422448672070     -2.377814743044
    8     -2.305923867026     -2.363927814458     -2.353945054864
    8      2.394982031868     -0.066231115116      0.009850943483
    8      4.747338562989      2.293351938559      0.003130015438
    8      0.131822844269     -2.459951971263     -0.084870227567
    8      4.636461560688      0.026623518131      2.338218795863
    8      6.963907851925      2.389309458090      2.346813051841
    8      2.287288946881     -2.316841565675      2.355999450310
    8      0.024557249434      2.343565606332      0.002494369322
    8      2.343292731044      4.682470963359      0.004246477104
    8     -2.306249297822     -0.030140160133      0.011429766310
    8      2.215411085478      2.456796066605      2.331233416551
    8      4.580348985463      4.792060511764      2.325452422157
    8     -0.097649834028      0.054625717063      2.352185336251
    8      4.689150422379      2.400167796754      4.705985748444
    8      7.048085548811      4.679872003399      4.705153098319
    8      2.277895391523     -0.040395012406      4.694958923678
    8      0.171536443843      4.537748358477      2.445063735634
    8      2.444075112395      6.948395272073      2.366343465089
    8     -2.199219563993      2.261080455581      2.349456513363
    8      2.200515970043      4.713893617599      4.717580899121
    8      4.672375517407      7.045763653093      4.702707179554
    8      0.011521278799      2.437792623475      4.717659047202
    8      4.584086192817      4.780812529237      7.068616916832
    8      6.918988805075      7.135476671157      7.054825105673
    8      2.227567102409      2.438813623021      7.054701643939
    0    0
