   3   1   1 E -1.6031055219374E+04 DE 4.7E-10( 11)
  0.223189137381E-01  0.700322067235E+01  0.702149522047E+01
  0.698648167680E+01  0.326040676147E-01  0.700367346068E+01
  0.702737574191E+01  0.701935932757E+01 -0.123881712254E-02
    1
  0.100000000000E+01  0.000000000000E+00  0.000000000000E+00
  0.000000000000E+00  0.100000000000E+01  0.000000000000E+00
  0.000000000000E+00  0.000000000000E+00  0.100000000000E+01
  0.000000000000E+00  0.000000000000E+00  0.000000000000E+00
   54
   20      0.013951175113     -0.019686845186     -0.014198057737
   20      2.363086394481      2.327031190569     -0.006211621232
   20     -2.320338139950     -2.359961326939     -0.013528520338
   20      2.331489779007      0.007080916130      2.335298980371
   20      4.676630517831      2.344104236382      2.329659961058
   20     -0.006835898350     -2.334440854494      2.334090231945
   20     -2.336855276469     -0.010755099346     -2.337735608567
   20      0.009642063148      2.332917554671     -2.336578038245
   20     -4.671565281984     -2.343011529184     -2.330486595299
   20      0.009203664770      2.333004882031      2.348454808780
   20      2.362050310090      4.661332321274      2.340550951117
   20     -2.319493791461     -0.015980971175      2.348436942851
   12      2.218958667409      2.378054628967      4.670845460308
   12      4.610587246753      4.754013530720      4.664448635820
   12     -0.035127848747      0.123826538986      4.676873218702
   20     -2.351714706230      2.336718743774     -0.013668286054
   20      0.008120526588      4.693160974111     -0.009234381365
   12     -4.721264473869      0.045797616078     -0.009448734719
   12      0.005801411571     -2.374382613906     -2.307369891636
   20      2.365127675136     -0.023317630650     -2.323458430085
   12     -2.309567673713     -4.682040859074     -2.306468239845
   12      2.314167543249     -2.405347402353     -0.002706658065
   12      4.742808456587      0.015894064193      0.004309734333
   12     -0.041401677419     -4.664889466679      0.006497223695
   20     -2.339640514218     -2.340598673222     -4.671973100422
   20      0.009153668571     -0.003795471351     -4.675065071147
   20     -4.680980325554     -4.688095542199     -4.673749111530
    8      0.011931990761     -0.025625780063     -2.334712321377
    8      2.366062708332      2.327590457680     -2.332139681901
    8     -2.319577013317     -2.362493368537     -2.336323238634
    8      2.364289473333     -0.023108817482     -0.003147882190
    8      4.712590524171      2.305486119016     -0.026488032070
    8      0.033677253793     -2.372838011834     -0.017154362698
    8      4.659615536181      0.018083308249      2.328268656446
    8      7.006736708957      2.355046598232      2.329711531160
    8      2.318358360625     -2.320973706797      2.332610450659
    8      0.007559004425      2.335101889934     -0.011619317482
    8      2.360579612193      4.682789446723     -0.009230757540
    8     -2.339327033988     -0.014585809578     -0.009497513008
    8      2.347892462258      2.336204791049      2.337895730832
    8      4.695418575901      4.669940036068      2.338334038904
    8      0.003727438728     -0.004908417292      2.341194617453
    8      4.643544840989      2.373491889952      4.664206537533
    8      6.990471048388      4.719340191956      4.665319183164
    8      2.296335763865      0.043149398906      4.675195017065
    8      0.020989416642      4.665613860405      2.349185868393
    8      2.372262381528      6.995240826075      2.343329816250
    8     -2.324686932243      2.326650283766      2.349162691991
    8      2.367545983428      4.620028651005      4.699251021298
    8      4.748167268690      6.997455859818      4.706311485681
    8      0.000095320273      2.335183208247      4.717435069905
    8      4.631131798259      4.732349568555      6.993698386796
    8      7.010948292903      7.091176445023      6.996384373776
    8      2.270459218587      2.356306472686      6.992917215009
    0    0
