   3   1   1 E -1.6031100104207E+04 DE 5.3E-09(  9)
  0.936395850378E-02  0.701401065496E+01  0.702454578671E+01
  0.699232754841E+01  0.437036933972E-02  0.702262343281E+01
  0.700107337341E+01  0.701405863932E+01  0.236118938351E-02
    1
  0.100000000000E+01  0.000000000000E+00  0.000000000000E+00
  0.000000000000E+00  0.100000000000E+01  0.000000000000E+00
  0.000000000000E+00  0.000000000000E+00  0.100000000000E+01
  0.000000000000E+00  0.000000000000E+00  0.000000000000E+00
   54
   20      0.031521948671     -0.011098922586     -0.034700022521
   20      2.345659245132      2.349159028462     -0.072816009583
   20     -2.340144274392     -2.342474469606     -0.017851090248
   20      2.363339127610     -0.026609911981      2.337214849657
   20      4.686485284363      2.324930081057      2.322793232696
   20      0.014376877143     -2.356998855919      2.364717376177
   20     -2.331771053508     -0.054050558662     -2.372427809827
   20      0.026129767559      2.366624424423     -2.304324894863
   12     -4.679563434666     -2.264646187894     -2.290281013135
   20     -0.024745527670      2.404493644897      2.342383135286
   20      2.301279770527      4.715988042297      2.342372126219
   20     -2.383163845566      0.000319446745      2.350458568621
   20      2.299487984061      2.369605129780      4.694976045456
   12      4.682265816087      4.737116248764      4.699149339789
   20     -0.021611150350     -0.020460062552      4.751802373409
   20     -2.340774296254      2.388785481785     -0.013753785652
   12     -0.044603169983      4.708236430258     -0.056429046740
   12     -4.744925502976     -0.034146770739     -0.088167834694
   12     -0.060448670438     -2.357270749968     -2.254341487905
   12      2.350155247767     -0.126881219703     -2.305961143646
   20     -2.338388303809     -4.658104844353     -2.344143063915
   20      2.373095436218     -2.334647158243     -0.007008160538
   12      4.656568521302     -0.053662306859     -0.022148414437
   12      0.013104896526     -4.697635406996      0.020749338689
   12     -2.280630418213     -2.325243651240     -4.666774632421
   20      0.018360969015     -0.037981932010     -4.727282412395
   20     -4.679762486649     -4.684163724942     -4.674738553228
    8      0.093910514023     -0.125021235312     -2.347060389421
    8      2.336869457854      2.370878439434     -2.342933418991
    8     -2.276791998936     -2.329419637514     -2.361807356272
    8      2.417463922541     -0.003881849120     -0.067974404187
    8      4.764192762789      2.254656157340     -0.000582645025
    8      0.002331633230     -2.405516362807     -0.058948120823
    8      4.666839484128     -0.108663141729      2.238065653132
    8      6.988703166871      2.341653579274      2.277175770803
    8      2.445512091338     -2.332731714306      2.452869493055
    8      0.011332700905      2.402378303092     -0.007452538317
    8      2.232346456949      4.782635235406     -0.075111903279
    8     -2.394490455908      0.011771112247     -0.004841694185
    8      2.329344544073      2.349929477460      2.339975134923
    8      4.682955198668      4.680515710682      2.406019507711
    8     -0.003985098362      0.000429383204      2.353468620216
    8      4.658887562740      2.413091699784      4.681684417708
    8      7.007140888422      4.688941857120      4.757546268485
    8      2.333854744441     -0.074515407971      4.757683229262
    8     -0.110285962874      4.673969308879      2.288428206336
    8      2.341132109111      7.013298078068      2.345739675567
    8     -2.331210962934      2.413781294534      2.354383459223
    8      2.345584743138      4.760263957350      4.705856439668
    8      4.549914682924      6.888411035402      4.769173657690
    8     -0.007292161437      2.432383849492      4.759286614883
    8      4.778826691668      4.775524280149      6.995502210381
    8      7.032337308632      7.033600737476      7.017147293057
    8      2.225719179945      2.258433114450      7.016126648248
    0    0
