   3   1   1 E -1.6031053244293E+04 DE 5.3E-10( 11)
  0.241809484815E-01  0.700443881911E+01  0.701124971910E+01
  0.702493705658E+01  0.806710362735E-02  0.701834991282E+01
  0.703637145350E+01  0.701730500360E+01  0.276394247130E-02
    1
  0.100000000000E+01  0.000000000000E+00  0.000000000000E+00
  0.000000000000E+00  0.100000000000E+01  0.000000000000E+00
  0.000000000000E+00  0.000000000000E+00  0.100000000000E+01
  0.000000000000E+00  0.000000000000E+00  0.000000000000E+00
   54
   20      0.003604242602      0.000965211632     -0.005455755700
   20      2.345327293811      2.336961670297     -0.006391289444
   20     -2.349075270258     -2.331685391900     -0.001486120448
   20      2.350056532120     -0.008082873367      2.330312143305
   20      4.692604124263      2.332165399331      2.335527047466
   20      0.002148088316     -2.333398778766      2.340377600483
   20     -2.343867532115     -0.002824744362     -2.343927328983
   20      0.004427563021      2.335136716802     -2.335929769689
   20     -4.690420599432     -2.333483753145     -2.335511296105
   20     -0.001539851396      2.339581728989      2.325503924406
   20      2.340687101173      4.690090548498      2.331602560116
   20     -2.346664388329      0.004659090908      2.333030358307
   20      2.349825972266      2.331429490386      4.686405728074
   20      4.687911185244      4.684532338634      4.693050247456
   12      0.019978804775     -0.025672736132      4.698408357508
   12     -2.369909336629      2.369026524060     -0.002403045558
   12     -0.035715762337      4.711244664634     -0.004989443747
   12     -4.701571526846     -0.028219833186     -0.010291720967
   20     -0.007886200655     -2.326985406163     -2.341400226107
   12      2.323288844746      0.017434506994     -2.302803463010
   20     -2.351472861231     -4.678515655571     -2.328487834472
   12      2.404885735124     -2.329018195806      0.004861499607
   12      4.761727131921     -0.015931525174      0.069818098319
   20     -0.001561240988     -4.691113700373     -0.000249485919
   12     -2.366530993635     -2.319612767320     -4.749863321713
   12     -0.030239290848      0.014193154577     -4.700513825902
   20     -4.690049488086     -4.683415601226     -4.686198729998
    8      0.010879744967      0.001186361007     -2.340272819265
    8      2.345443496670      2.332424503533     -2.333643877393
    8     -2.346292672867     -2.334459380425     -2.336383237950
    8      2.357925515107     -0.017751911351     -0.021840543499
    8      4.688416180222      2.329533064773      0.001330987754
    8      0.004154927953     -2.336277296766     -0.003252021798
    8      4.701500945085     -0.018827522546      2.324631803449
    8      7.032675638742      2.331604264526      2.341272549771
    8      2.350779110436     -2.335982203942      2.330172505320
    8     -0.008830182244      2.347825795814     -0.006144044264
    8      2.335610747234      4.693568845282     -0.001127947363
    8     -2.356263511937      0.012757495228     -0.002356374852
    8      2.344447138959      2.336900772559      2.331075199896
    8      4.690512377132      4.684880979140      2.338258514303
    8      0.001397418178      0.000203542293      2.332801384980
    8      4.691224299456      2.338103696658      4.690217361441
    8      7.033009296937      4.697136291547      4.694017601507
    8      2.334310067037      0.001851893594      4.683261809110
    8     -0.010025580469      4.691657357521      2.318914021477
    8      2.342004641219      7.018636275769      2.327317762079
    8     -2.331756600521      2.337910958858      2.317415960676
    8      2.346206881352      4.686677109008      4.690228115444
    8      4.700952955770      7.018130291621      4.693797411760
    8      0.012405215921      2.322292610538      4.679444266599
    8      4.686093295591      4.664900664889      7.076973384299
    8      7.056943054747      6.946316889051      7.014815330945
    8      2.371009886261      2.323487737092      7.011716073075
    0    0
