   3   1   1 E -1.6031107500497E+04 DE-1.2E-09( 10)
 -0.173412419852E-02  0.698644276470E+01  0.699813700591E+01
  0.702104581461E+01  0.365624992299E-02  0.699867942898E+01
  0.701911675937E+01  0.699241319336E+01 -0.197531105197E-02
    1
  0.100000000000E+01  0.000000000000E+00  0.000000000000E+00
  0.000000000000E+00  0.100000000000E+01  0.000000000000E+00
  0.000000000000E+00  0.000000000000E+00  0.100000000000E+01
  0.000000000000E+00  0.000000000000E+00  0.000000000000E+00
   54
   20     -0.016520312583     -0.014239677031     -0.034484216607
   20      2.343233273206      2.352997047162     -0.036320487305
   20     -2.360526475817     -2.276033635781     -0.012976375134
   20      2.340351701920     -0.031699234646      2.363738521793
   20      4.693055456482      2.312431529901      2.344887932914
   20      0.044826120257     -2.341346547506      2.324052947903
   20     -2.383842553873     -0.013329134400     -2.285966531644
   20      0.009457229176      2.316345666671     -2.370950201693
   12     -4.709340628271     -2.371935324140     -2.295185416052
   20     -0.017633719708      2.333413544955      2.365553223967
   20      2.330105884585      4.722625945605      2.338324058757
   12     -2.355605479626      0.074680433979      2.265817469467
   12      2.348167279804      2.414772800443      4.724205698903
   20      4.646743049568      4.639228520154      4.673859055848
   20      0.040656237311      0.013788028046      4.676230782251
   12     -2.456079047329      2.294456360034      0.028876836824
   20      0.006615135310      4.675265167732      0.021306972068
   12     -4.676788821438      0.040577732209      0.042564533077
   12      0.093507742011     -2.360603485002     -2.315755275398
   20      2.318000648888     -0.017129988779     -2.388249693665
   20     -2.350016338520     -4.636427194405     -2.362921672455
   12      2.346116216355     -2.399771043273     -0.066347216172
   20      4.690942769942     -0.026830105112      0.006759362169
   20      0.095275707356     -4.650301062374     -0.001098480664
   20     -2.368823208852     -2.369876942576     -4.662045047821
   12      0.026894087213     -0.005870142524     -4.681098631237
   12     -4.653787955069     -4.697171762994     -4.698477832480
    8     -0.001985986332     -0.090100179118     -2.415548448282
    8      2.341686780751      2.420506650759     -2.418874573537
    8     -2.379024857250     -2.334214422749     -2.338208775776
    8      2.348649450032     -0.065998003533     -0.009357856667
    8      4.688461303401      2.335623392950     -0.002256029607
    8      0.071093059535     -2.328309178011     -0.063925852874
    8      4.720553046089     -0.005827392954      2.346597301412
    8      7.109942778617      2.230248517667      2.320123872055
    8      2.340787276113     -2.443518021063      2.327465742210
    8     -0.044781871050      2.330694156441     -0.001594170700
    8      2.339167912749      4.746576734578     -0.063200461262
    8     -2.441276813460      0.095051237658      0.102622057350
    8      2.348337201384      2.339501952650      2.398986105330
    8      4.675532587600      4.734617683522      2.333629264748
    8     -0.049825983094      0.001351259901      2.313516120859
    8      4.586485440058      2.324645263645      4.738557999269
    8      7.105264480633      4.662037595659      4.676022511837
    8      2.332273309346      0.007951644306      4.770088079584
    8      0.001494496127      4.744284172730      2.416817270496
    8      2.323681882400      7.105369514382      2.236265181554
    8     -2.433552229169      2.218140604618      2.251891342142
    8      2.269134627499      4.563318783558      4.750015130595
    8      4.666847376967      6.989028296474      4.606817563419
    8      0.084996782631      2.431322040825      4.676553499520
    8      4.581431910805      4.569565825948      7.007500113650
    8      7.129196640569      7.000836821990      7.085120337129
    8      2.433373422761      2.360582486780      6.966861415208
    0    0
