   3   1   1 E -1.6031056728174E+04 DE-1.2E-10( 11)
  0.393704045509E-02  0.701871286856E+01  0.702384459461E+01
  0.700388723350E+01  0.670511035292E-03  0.702082915449E+01
  0.701182050260E+01  0.701748626846E+01 -0.112463675985E-02
    1
  0.100000000000E+01  0.000000000000E+00  0.000000000000E+00
  0.000000000000E+00  0.100000000000E+01  0.000000000000E+00
  0.000000000000E+00  0.000000000000E+00  0.100000000000E+01
  0.000000000000E+00  0.000000000000E+00  0.000000000000E+00
   54
   20      0.004464337140     -0.001053023918     -0.008740623549
   20      2.334413475147      2.335971444250     -0.012619544821
   20     -2.348012733492     -2.331617595280      0.000379925673
   20      2.344372657001     -0.010057238203      2.340477211802
   20      4.669540876103      2.340272325604      2.348350353416
   20     -0.006783093955     -2.340002107563      2.348303438922
   12     -2.349806917178      0.015766907806     -2.343235729029
   12      0.004389510469      2.319475503038     -2.340453536199
   12     -4.677027280379     -2.332894426300     -2.340444985497
   20      0.000263289831      2.338272971983      2.340767154962
   12      2.414890850062      4.684867675643      2.401954993741
   12     -2.385791173249     -0.003790321318      2.396445050762
   20      2.352226515470      2.342895044497      4.677321123247
   12      4.614717792268      4.707885539574      4.676710402906
   20     -0.013642753828     -0.015006975356      4.678209614705
   20     -2.333691022687      2.341483481849     -0.013679356878
   20      0.000820334898      4.678295408727     -0.009529961448
   20     -4.658978938854     -0.007929110418      0.003561908002
   20      0.009892723541     -2.328117511660     -2.338524219547
   12      2.443171126690     -0.003879939272     -2.307006543953
   20     -2.356038975581     -4.688117544039     -2.341897308466
   12      2.358544951367     -2.313576189506     -0.022738498780
   12      4.599746866412     -0.002935770248     -0.059744516223
   20     -0.004229404070     -4.678994989410     -0.002230556756
   20     -2.346078310858     -2.331742975853     -4.684302185137
   20      0.006933278726     -0.000592044183     -4.673717882657
   20     -4.673525242443     -4.677371020924     -4.675820559894
    8      0.007440013123      0.013533743653     -2.343147691960
    8      2.316920891586      2.340411047396     -2.343708794776
    8     -2.352577679343     -2.324910107761     -2.342585171634
    8      2.357950228872     -0.019888631712     -0.019986540263
    8      4.665019017940      2.331040394945     -0.003192031145
    8      0.006987240875     -2.335623436182     -0.000486967003
    8      4.669704816606     -0.002253334835      2.343879023899
    8      7.007540003996      2.339736903259      2.350519123176
    8      2.332193919657     -2.338360397395      2.342717648045
    8     -0.000192032153      2.339148586023     -0.017004201941
    8      2.337964581037      4.678642912923     -0.005118706985
    8     -2.334285942748     -0.000920748887     -0.000065243409
    8      2.340621487573      2.343707290880      2.338160398146
    8      4.645550881424      4.686209009550      2.363037407561
    8     -0.011777447649     -0.006784296729      2.336053069676
    8      4.685814876070      2.345314642817      4.677149088441
    8      7.004842578165      4.662204837527      4.679421805437
    8      2.349417692311     -0.015565146597      4.682577996517
    8      0.013458864675      4.683220124058      2.345487060136
    8      2.370502917944      7.012451247066      2.367150428894
    8     -2.340162161390      2.334386579050      2.340429927495
    8      2.387011814699      4.692661073440      4.686644909777
    8      4.634056688801      6.983930624767      4.671939941092
    8     -0.000138054730      2.337735060467      4.680466391117
    8      4.645331973619      4.688350331250      6.993408716364
    8      7.001294776997      7.012319143654      7.018750537026
    8      2.343126808019      2.347708444119      7.015677712530
    0    0
