   3   1   1 E -1.6031033122655E+04 DE 8.1E-10(  2)
  0.743129560898E-02  0.703114414879E+01  0.702735187183E+01
  0.703392292454E+01 -0.328047654387E-02  0.702977826713E+01
  0.703442672812E+01  0.702984930437E+01  0.871803504500E-03
    1
  0.100000000000E+01  0.000000000000E+00  0.000000000000E+00
  0.000000000000E+00  0.100000000000E+01  0.000000000000E+00
  0.000000000000E+00  0.000000000000E+00  0.100000000000E+01
  0.000000000000E+00  0.000000000000E+00  0.000000000000E+00
   54
   20      0.000000000000      0.000000000000      0.000000000000
   20      2.344808909372      2.343283101455      0.000290601168
   20     -2.344808909372     -2.343283101455     -0.000290601168
   20      2.344640974848     -0.001093492181      2.343259422376
   20      4.689449884220      2.342189609274      2.343550023544
   20     -0.000167934524     -2.344376593637      2.342968821208
   20     -2.344640974848      0.001093492181     -2.343259422376
   20      0.000167934524      2.344376593637     -2.342968821208
   12     -4.689449884220     -2.342189609274     -2.343550023544
   20      0.002477098536      2.343714716262      2.342450623945
   20      2.347286007908      4.686997817717      2.342741225113
   20     -2.342331810836      0.000431614807      2.342160022777
   12      2.347118073384      2.342621224081      4.685710046321
   12      4.691926982756      4.685904325536      4.686000647489
   20      0.002309164012     -0.000661877375      4.685419445153
   12     -2.342163876311      2.344808208443     -0.000808798431
   20      0.002645033061      4.688091309898     -0.000518197263
   20     -4.686972785683      0.001525106988     -0.001099399599
   20     -0.002477098536     -2.343714716262     -2.342450623945
   12      2.342331810836     -0.000431614807     -2.342160022777
   12     -2.347286007908     -4.686997817717     -2.342741225113
   20      2.342163876311     -2.344808208443      0.000808798431
   12      4.686972785683     -0.001525106988      0.001099399599
   12     -0.002645033061     -4.688091309898      0.000518197263
   20     -2.347118073384     -2.342621224081     -4.685710046321
   20     -0.002309164012      0.000661877375     -4.685419445153
   12     -4.691926982756     -4.685904325536     -4.686000647489
    8     -0.001154582006      0.000330938687     -2.342709722576
    8      2.343654327368      2.343614040145     -2.342419121408
    8     -2.345963491378     -2.342952162768     -2.343000323744
    8      2.343486392842     -0.000762553494      0.000549699800
    8      4.688295302215      2.342520547962      0.000840300968
    8     -0.001322516530     -2.344045654949      0.000259098631
    8      4.688127367690     -0.001856045675      2.343809122176
    8      7.032936277062      2.341427055780      2.344099723345
    8      2.343318458318     -2.345139147130      2.343518521008
    8      0.001322516530      2.344045654949     -0.000259098631
    8      2.346131425906      4.687328756408      0.000031502537
    8     -2.343486392842      0.000762553494     -0.000549699800
    8      2.345963491378      2.342952162768      2.343000323744
    8      4.690772400753      4.686235264226      2.343290924913
    8      0.001154582006     -0.000330938687      2.342709722576
    8      4.690604466225      2.341858670587      4.686259746119
    8      7.035413375598      4.685141772043      4.686550347288
    8      2.345795556853     -0.001424430869      4.685969144951
    8      0.003799615067      4.687760371210      2.342191525313
    8      2.348608524444      7.031043472671      2.342482126482
    8     -2.341009294305      2.344477269756      2.341900924145
    8      2.348440589914      4.686666879030      4.685450947689
    8      4.693249499290      7.029949980489      4.685741548858
    8      0.003631680542      2.343383777575      4.685160346522
    8      4.693081564759      4.685573386850      7.028710370064
    8      7.037890474134      7.028856488308      7.029000971232
    8      2.348272655388      2.342290285394      7.028419768896
    0    0
