   3   1   1 E -1.6031062377972E+04 DE 4.3E-10( 11)
  0.465585891004E-01  0.698346804909E+01  0.693154892154E+01
  0.703353846289E+01 -0.591469293891E-02  0.697542395373E+01
  0.699026352589E+01  0.697901301044E+01  0.429997770332E-01
    1
  0.100000000000E+01  0.000000000000E+00  0.000000000000E+00
  0.000000000000E+00  0.100000000000E+01  0.000000000000E+00
  0.000000000000E+00  0.000000000000E+00  0.100000000000E+01
  0.000000000000E+00  0.000000000000E+00  0.000000000000E+00
   54
   20      0.009120217781     -0.009254343228     -0.025305490862
   20      2.361854164902      2.327014739071     -0.028593779220
   20     -2.316851010022     -2.353418688594     -0.045122411218
   20      2.327087797787     -0.024396719263      2.362483316980
   20      4.683909048622      2.335472167984      2.363345710023
   20      0.021111340170     -2.345828653965      2.337403154084
   20     -2.343072227208     -0.014812592842     -2.304167495187
   20      0.017893694053      2.350114458458     -2.323788647321
   12     -4.663256750808     -2.355385818628     -2.456617348997
   20     -0.022902472855      2.320251981720      2.356589675268
   20      2.333737541680      4.665799095008      2.358966386930
   20     -2.327051831407      0.008823534225      2.330023079333
   20      2.313731573765      2.331755001332      4.682123390473
   12      4.674030773370      4.652644415450      4.727248744606
   12     -0.028912638399     -0.078947435185      4.715996711969
   12     -2.184311370764      2.354876703421     -0.095090054721
   20      0.002083521328      4.654730890603     -0.035549593111
   20     -4.669662209787      0.017875886352     -0.038597224225
   12      0.007120816084     -2.323938937736     -2.320719491962
   12      2.353772323286     -0.002247414725     -2.367997743112
   12     -2.332149215754     -4.597375545894     -2.347169451968
   20      2.330600235718     -2.352784624732      0.016776244542
   20      4.677594110770      0.000560339313     -0.011104889791
   12     -0.076816271547     -4.633482964796     -0.047590193633
   20     -2.370580468212     -2.370997500004     -4.610508029845
   20     -0.015265063983      0.012873773589     -4.605139825362
   12     -4.695330273721     -4.506904772418     -4.744747844525
    8      0.033728587402     -0.022797739766     -2.319216147076
    8      2.397844636824      2.370316241071     -2.405532757653
    8     -2.333342599512     -2.398207036947     -2.323878511359
    8      2.348787213447     -0.011046263794     -0.006600227830
    8      4.699849911905      2.330364098003     -0.009891835721
    8      0.014385442921     -2.369263594319     -0.020655365286
    8      4.676425608412     -0.011371903462      2.363322782199
    8      7.017400557998      2.335492809743      2.340918520896
    8      2.343018041202     -2.380580741675      2.383042892239
    8     -0.006114402829      2.327039928217     -0.027263397601
    8      2.327878902676      4.649040312640     -0.037883030151
    8     -2.326710864883      0.016424212373     -0.025053360941
    8      2.330007206084      2.326085745398      2.360834344644
    8      4.663699946426      4.650058503763      2.370847220758
    8     -0.012353887692     -0.016902742010      2.350090884351
    8      4.683379159812      2.359876068260      4.701346379477
    8      7.028397027057      4.692286620899      4.659806033820
    8      2.315800724449     -0.032528768587      4.677546204193
    8      0.010808921408      4.647302247386      2.352181016999
    8      2.342426308025      7.027477232481      2.371558802343
    8     -2.375539485710      2.318424259832      2.285653591184
    8      2.348688570642      4.684591368028      4.676701228165
    8      4.695231835977      6.985167482857      4.646884782666
    8     -0.096993701417      2.322420739739      4.752341225999
    8      4.709788947780      4.601011315802      6.913999662939
    8      7.043855699079      7.018636641917      6.931578511577
    8      2.368788938109      2.322214637325      6.969050585366
    0    0
