   3   1   1 E -1.6031096668317E+04 DE 5.9E-09(  9)
  0.148331962179E-01  0.700103468295E+01  0.701808480943E+01
  0.699358631041E+01  0.785256776578E-02  0.701820114413E+01
  0.700860956066E+01  0.700979589459E+01 -0.693668386531E-03
    1
  0.100000000000E+01  0.000000000000E+00  0.000000000000E+00
  0.000000000000E+00  0.100000000000E+01  0.000000000000E+00
  0.000000000000E+00  0.000000000000E+00  0.100000000000E+01
  0.000000000000E+00  0.000000000000E+00  0.000000000000E+00
   54
   20      0.023524252708     -0.009966627564      0.000912494021
   20      2.367287659238      2.299594091409     -0.058323001957
   20     -2.332904977705     -2.338165404792      0.009367163146
   20      2.328357422248     -0.036316989064      2.361011637359
   20      4.665415720984      2.321712016733      2.326034639514
   20      0.026356411849     -2.308683141913      2.352546094016
   20     -2.390065432160      0.013789671881     -2.295051016974
   20      0.023230982045      2.342971342419     -2.325823781997
   12     -4.721915611324     -2.291659104807     -2.312220782444
   20     -0.014884034744      2.271096721589      2.368279026627
   20      2.365813340347      4.700363452279      2.402609903827
   12     -2.235238010118      0.022766910198      2.307431190613
   12      2.324354704903      2.318186903134      4.773665782105
   20      4.634573248910      4.728238107609      4.734129368963
   12      0.050254343819      0.020299756931      4.702820546844
   12     -2.348832144396      2.310280736757      0.004360846175
   20     -0.025787681332      4.710571223399     -0.035532248064
   20     -4.684117871830      0.066812104502     -0.051577654588
   20      0.055129888333     -2.377539121537     -2.284629700348
   12      2.360999416505     -0.007183186012     -2.294329438716
   20     -2.336262230210     -4.755930565131     -2.334655512241
   12      2.363880115803     -2.363774424320     -0.087237841926
   12      4.641600759144      0.027048825269     -0.054909450581
   12     -0.045378624809     -4.669265339260     -0.060854110428
   20     -2.386364677498     -2.355173193878     -4.718370520344
   20     -0.012469598995      0.026433053420     -4.708710844360
   20     -4.653916770232     -4.662415318529     -4.693657869423
    8      0.063123564603     -0.006063451890     -2.328015105985
    8      2.348391833186      2.314686318029     -2.353079613677
    8     -2.407786735039     -2.358898593026     -2.312462945548
    8      2.453203703273     -0.098627982980     -0.113094973782
    8      4.754086512782      2.233237829043     -0.003921457832
    8      0.101085753062     -2.420747934956      0.016298554097
    8      4.640262653072     -0.000561703635      2.292704853768
    8      6.999237456216      2.338368054813      2.279030790266
    8      2.333472317113     -2.334974642798      2.349566361574
    8     -0.058828535058      2.328359446860     -0.014221063617
    8      2.332511704665      4.692055406591     -0.054580459682
    8     -2.345821151512      0.110238034890      0.076774194870
    8      2.333379815188      2.328487725715      2.382544808957
    8      4.671140962447      4.767360227542      2.360411862749
    8     -0.069855142017     -0.005327343796      2.400219624009
    8      4.564123007106      2.346088790820      4.743618805519
    8      7.111924505096      4.789711131675      4.687343692033
    8      2.205085475876     -0.012823309917      4.676576448975
    8      0.005773986306      4.666002314130      2.338182939242
    8      2.426636218959      7.017148830811      2.360013445330
    8     -2.336594431651      2.206287575162      2.246486550716
    8      2.342288593268      4.690960730066      4.795315886159
    8      4.649778290751      7.004152369729      4.709027463783
    8      0.128923857202      2.209002435974      4.773252269238
    8      4.532087725036      4.670919510156      7.024920784041
    8      6.898282098580      7.137953133735      6.904770741600
    8      2.358076162785      2.466986750420      6.895195907634
    0    0
