   3   1   1 E -1.6031046770496E+04 DE 3.7E-10( 11)
  0.355745608592E-01  0.700665544380E+01  0.702702531968E+01
  0.699564581661E+01  0.199072683255E-01  0.703396769361E+01
  0.701829094481E+01  0.703087725934E+01  0.319529899603E-02
    1
  0.100000000000E+01  0.000000000000E+00  0.000000000000E+00
  0.000000000000E+00  0.100000000000E+01  0.000000000000E+00
  0.000000000000E+00  0.000000000000E+00  0.100000000000E+01
  0.000000000000E+00  0.000000000000E+00  0.000000000000E+00
   54
   20      0.002559404082     -0.003891086849     -0.001528137336
   20      2.338483800286      2.345890835539      0.000714158861
   20     -2.336508712979     -2.344755804643     -0.002928800227
   20      2.337666243068      0.000423038836      2.345079992931
   20      4.682689315050      2.345128793270      2.344668446083
   20     -0.002472890169     -2.342731537624      2.342427397927
   20     -2.326389342092     -0.012816385583     -2.346278394759
   20      0.009220192119      2.337556674002     -2.344974706868
   20     -4.674038287039     -2.347204689429     -2.345423336956
   20      0.000561263715      2.344205931574      2.345481593536
   20      2.339068169249      4.692627877294      2.341041359605
   20     -2.329709527726     -0.007821094475      2.339405050627
   20      2.338886907396      2.342326173523      4.686860490445
   12      4.704771541345      4.669687648696      4.677836688452
   12      0.035276324657     -0.054444047495      4.680533392683
   20     -2.323564431896      2.329248196334     -0.002340151337
   12     -0.013287222325      4.735804250800     -0.005213189151
   12     -4.695144164132      0.002881212725     -0.000792188574
   12     -0.033779899677     -2.310894153641     -2.331845143752
   20      2.329670269389      0.004087159215     -2.342006841744
   20     -2.342341470355     -4.681519339296     -2.346234329085
   20      2.327027389503     -2.338951231204      0.003899726024
   20      4.688065029524     -0.003464492593      0.000713876867
   12     -0.029253862613     -4.694695694911      0.013520970409
   12     -2.384761773643     -2.293131925869     -4.646437259055
   12     -0.029252491868      0.035541507924     -4.696207571589
   12     -4.712845434783     -4.684713723021     -4.694232811940
    8      0.005413589208     -0.007015799730     -2.345142275618
    8      2.339373014104      2.344642262340     -2.342675059191
    8     -2.332117102830     -2.347242682424     -2.344461362535
    8      2.337132488015     -0.000227403473      0.002591358993
    8      4.685787590041      2.345090865575      0.000989162267
    8     -0.001091540884     -2.346978643335     -0.002132182135
    8      4.684231877492     -0.002885633972      2.345128670191
    8      7.023062382289      2.343227527780      2.344269074714
    8      2.334387973245     -2.341755944552      2.347485155385
    8      0.004104516512      2.342684154502     -0.000655059167
    8      2.336678707697      4.696284199562     -0.002913284836
    8     -2.335049241558     -0.005168108749     -0.003576593641
    8      2.338605574784      2.345750786695      2.342973474798
    8      4.681701807941      4.686551184668      2.344135875227
    8      0.001876623116     -0.002994617574      2.344384808889
    8      4.673983824946      2.350160384090      4.686001912066
    8      6.996493635953      4.704456448715      4.690711927448
    8      2.326436756694      0.005930872300      4.687981264178
    8     -0.007866295697      4.704125990740      2.351829039577
    8      2.348225602689      7.032336500446      2.338000248529
    8     -2.328704136538      2.334117571921      2.340377681557
    8      2.351943357337      4.679345316231      4.685955814691
    8      4.707513418989      7.005542000344      4.685601613264
    8      0.010445204852      2.336717958981      4.688886480241
    8      4.704570365346      4.669089337150      7.030185748845
    8      7.092138026388      6.991479248529      7.021819323269
    8      2.342926592018      2.330842001694      7.035354306238
    0    0
