   3   1   1 E -1.6031060083749E+04 DE 5.1E-08(  8)
  0.242205428018E-01  0.700983447386E+01  0.701009887530E+01
  0.702003861386E+01  0.275624787176E-02  0.702323306172E+01
  0.701638654748E+01  0.701388851174E+01  0.121986668718E-01
    1
  0.100000000000E+01  0.000000000000E+00  0.000000000000E+00
  0.000000000000E+00  0.100000000000E+01  0.000000000000E+00
  0.000000000000E+00  0.000000000000E+00  0.100000000000E+01
  0.000000000000E+00  0.000000000000E+00  0.000000000000E+00
   54
   20      0.009818600034     -0.001274595972     -0.006370174766
   20      2.334538368972      2.342777219116     -0.007063456480
   20     -2.345298110192     -2.333731621215     -0.009421269756
   20      2.350425226242     -0.004087905823      2.343060794192
   20      4.684172511272      2.337307226417      2.344966085483
   20      0.008760231209     -2.342419696239      2.343241244630
   20     -2.327369316910     -0.006995186523     -2.339618257081
   20      0.006761023663      2.336283962230     -2.341981661459
   12     -4.717530347369     -2.339623942339     -2.364299095265
   20     -0.003084958350      2.349318980667      2.340668132851
   20      2.327066306518      4.694634957522      2.351051309790
   20     -2.350466233522      0.005672478714      2.343398188219
   20      2.350902380764      2.347062841494      4.684778927845
   12      4.674921384661      4.691181205780      4.721805712326
   20     -0.007081965256     -0.014874192714      4.689491551268
   12     -2.345999134378      2.361071205829     -0.006532712756
   12     -0.074091861264      4.671947303898      0.004638930211
   20     -4.684848002755     -0.000387184770     -0.000717900373
   12      0.019175198661     -2.311721354521     -2.349165735958
   12      2.364141618986     -0.015103372624     -2.358415370458
   20     -2.361153755359     -4.675215483480     -2.332305261575
   20      2.353095743141     -2.334610555577     -0.004585749346
   12      4.710951860504     -0.017286244275     -0.010394760496
   20     -0.011296250327     -4.680222016474      0.005344871294
   20     -2.333666600627     -2.336385855808     -4.685589324330
   12      0.051406041279     -0.046521944104     -4.695343153651
   12     -4.675082793554     -4.706916343010     -4.689775171849
    8      0.031669693417     -0.025234864646     -2.352736050514
    8      2.335167625313      2.334993698034     -2.345103976697
    8     -2.351487153275     -2.336625948256     -2.344954784201
    8      2.362137633885     -0.001496545475     -0.005408497772
    8      4.668935207465      2.333679499792      0.008106349565
    8      0.008901285960     -2.334458732565     -0.000294667149
    8      4.696910946648     -0.002783392408      2.339732439092
    8      7.030068153113      2.325544979772      2.347668911406
    8      2.354964256770     -2.348066759523      2.348092975553
    8     -0.010186963818      2.351986740022     -0.012922227700
    8      2.316771706920      4.682925375446     -0.009290546220
    8     -2.337246166102      0.006814554186     -0.004756269040
    8      2.338272376106      2.344383665893      2.345046996415
    8      4.673478225779      4.682317042532      2.350245562822
    8      0.001400017696     -0.001592797912      2.341922582163
    8      4.690380147149      2.351424047609      4.688349775680
    8      7.011743976959      4.671925823839      4.699586473240
    8      2.344343095059     -0.010797551732      4.685750954630
    8      0.004842608862      4.701052606493      2.339695182305
    8      2.314415308324      7.042711728608      2.365239232926
    8     -2.345688207694      2.343605599937      2.333596590325
    8      2.351417005639      4.700306514863      4.683670236486
    8      4.651316573178      6.990738906316      4.702224818714
    8      0.002712510847      2.345060964866      4.685638234122
    8      4.745184784374      4.674946851268      6.974456365362
    8      7.001949631627      6.990808294924      7.045066691587
    8      2.371364222423      2.335106362561      7.025397671858
    0    0
