   3   1   1 E -1.6031053547388E+04 DE 5.1E-10( 11)
  0.198763845875E-01  0.701253450137E+01  0.700893161870E+01
  0.702199247444E+01  0.240830352900E-02  0.701816451794E+01
  0.702608422380E+01  0.702085684941E+01  0.372600968667E-02
    1
  0.100000000000E+01  0.000000000000E+00  0.000000000000E+00
  0.000000000000E+00  0.100000000000E+01  0.000000000000E+00
  0.000000000000E+00  0.000000000000E+00  0.100000000000E+01
  0.000000000000E+00  0.000000000000E+00  0.000000000000E+00
   54
   20      0.011472855342     -0.011799989165     -0.006985166707
   20      2.346705624973      2.337846874145     -0.006874812610
   20     -2.345433471257     -2.335865742371     -0.009109523114
   20      2.350002480960     -0.010279827222      2.347987740543
   20      4.675459760477      2.343152471702      2.344324392985
   20      0.005341296355     -2.338385363311      2.342235028042
   20     -2.347286509238     -0.006730231052     -2.339017655347
   20      0.001309249147      2.342365247492     -2.340429103819
   12     -4.671568834826     -2.309013943988     -2.355898705502
   20      0.004022869861      2.347088933291      2.343528958106
   20      2.341325275471      4.686365916354      2.346109449463
   20     -2.346491679370     -0.004294478694      2.341061755313
   12      2.345421654312      2.364818245673      4.709343152420
   12      4.651698493965      4.691424098203      4.703424230161
   20      0.005792292531     -0.002923026809      4.682188061443
   20     -2.351384450978      2.349612498030     -0.009266802333
   20     -0.002868586716      4.692684765979     -0.009389148898
   12     -4.669342107815     -0.010574858360     -0.023093374365
   12      0.056112574190     -2.344977187833     -2.351184347933
   12      2.389617036886     -0.092905049280     -2.327909343411
   20     -2.356378814140     -4.673972868549     -2.336140311393
   12      2.424376016739     -2.313240308564     -0.024216397065
   12      4.645337814244     -0.064447611338     -0.008793815300
   20     -0.001341381263     -4.674138385940     -0.005276103111
   12     -2.400817427448     -2.331092388068     -4.693889600254
   20     -0.009351118576     -0.004555500069     -4.673847640419
   20     -4.687647202954     -4.674954227014     -4.677897209565
    8      0.008704891494     -0.015336687267     -2.340819549068
    8      2.339792657532      2.342299327321     -2.337195477387
    8     -2.363550024869     -2.336729104528     -2.352648093608
    8      2.368287137209     -0.030634266363     -0.002617273480
    8      4.677645682698      2.338448864772     -0.001432456279
    8      0.017256372607     -2.341274746150     -0.005827613730
    8      4.672489501284     -0.016906577183      2.339412528593
    8      7.021271190399      2.344704632907      2.343541132385
    8      2.362759485214     -2.339254088370      2.344639572373
    8      0.001865571818      2.343316655674     -0.008249127926
    8      2.344674528629      4.694692808704     -0.010640097734
    8     -2.348790761981     -0.002289004204     -0.009193684481
    8      2.347048039152      2.344682376311      2.351568888013
    8      4.679000048168      4.685144306000      2.349258326220
    8      0.004828561975     -0.004902198309      2.342889666490
    8      4.667313225185      2.352756764809      4.674598094609
    8      7.025400758641      4.685744751508      4.681394018307
    8      2.342991880368     -0.000201933324      4.692810885966
    8     -0.000991652098      4.684695232607      2.339249821537
    8      2.348883198337      7.016774005604      2.340985818410
    8     -2.340756748301      2.347007026916      2.336700979073
    8      2.338868243117      4.686176658789      4.730362461960
    8      4.675988263342      7.005111519410      4.693221391266
    8      0.016769093829      2.351187998535      4.676190919495
    8      4.652667354762      4.715408557961      7.004257041082
    8      7.033237479710      7.019780067818      7.008115769347
    8      2.348051183639      2.339487431221      6.997142009688
    0    0
