   3   1   1 E -1.6031094820373E+04 DE 2.2E-10( 11)
  0.264377942679E-01  0.700804341271E+01  0.702283620287E+01
  0.700605075165E+01  0.148995255830E-01  0.702658073325E+01
  0.702419539224E+01  0.702379320264E+01  0.311717794551E-02
    1
  0.100000000000E+01  0.000000000000E+00  0.000000000000E+00
  0.000000000000E+00  0.100000000000E+01  0.000000000000E+00
  0.000000000000E+00  0.000000000000E+00  0.100000000000E+01
  0.000000000000E+00  0.000000000000E+00  0.000000000000E+00
   54
   20     -0.007384781614      0.004321009162     -0.034025309631
   20      2.322257015790      2.360808328614     -0.060777305252
   20     -2.393318590207     -2.291829580119     -0.001769020078
   20      2.366742917865     -0.017113303545      2.343292580621
   20      4.705035567260      2.315495001158      2.319703261690
   20      0.007081936515     -2.320976880305      2.362538383863
   20     -2.312109529416     -0.036671860694     -2.305346913934
   20      0.021285256541      2.319436628122     -2.334671441925
   12     -4.743389300156     -2.288937715266     -2.284362547216
   20     -0.038267208356      2.363642101784      2.339367964620
   20      2.301410243990      4.789454841271      2.351964099673
   12     -2.391921568349      0.005318875823      2.269389036713
   20      2.346012453711      2.335195137199      4.730097891114
   20      4.690844833314      4.734615269021      4.725527051154
   20     -0.025045659513     -0.045828531596      4.743151266771
   12     -2.321190954887      2.257032546158      0.089304552282
   12     -0.098613435390      4.769519913428     -0.053704482292
   12     -4.645644929489     -0.047472632334     -0.085743777208
   12      0.082548162596     -2.248216535667     -2.336378504275
   12      2.374368842951     -0.052343052820     -2.374959542015
   20     -2.387601639905     -4.697464591248     -2.336742320678
   20      2.370634461406     -2.315333693355     -0.039289966207
   12      4.650496910734     -0.004831426410      0.047385942542
   20     -0.009875756823     -4.734535901677      0.017589804859
   20     -2.282903705320     -2.319804292695     -4.712894061546
   12     -0.001838880234     -0.067321599913     -4.741478980094
   20     -4.654024610980     -4.759876230912     -4.678128341594
    8      0.143788821694     -0.143464238281     -2.433194856990
    8      2.330064203506      2.329058729439     -2.336207444776
    8     -2.348851931976     -2.333569981739     -2.334356178780
    8      2.434205200571      0.018764957182     -0.050341096690
    8      4.664486463963      2.278924129759      0.002235694527
    8     -0.029469004496     -2.329131642968     -0.063042009104
    8      4.753765752443      0.008916650575      2.282710829962
    8      7.018696660819      2.269553431929      2.340258452753
    8      2.347657502900     -2.335201439981      2.345912302578
    8     -0.101666041845      2.417510370454     -0.004604046457
    8      2.241614075412      4.799026632279     -0.071326029290
    8     -2.438330226756      0.083188161081      0.044048404149
    8      2.331023932086      2.356536986112      2.340862544090
    8      4.682109191169      4.788732460958      2.356599645293
    8     -0.068756119207     -0.003026681579      2.331552199315
    8      4.688427766399      2.341479177285      4.750388979504
    8      7.137919138305      4.690209597248      4.789620500951
    8      2.336469751184     -0.099966385926      4.777972832490
    8      0.021210034995      4.809498944166      2.347079701911
    8      2.366914262377      7.011327498953      2.362740139774
    8     -2.330933448854      2.250759316550      2.253181124069
    8      2.271232774687      4.770207317421      4.689340614119
    8      4.588987589831      7.021957492939      4.701033227073
    8      0.009985648190      2.370886469090      4.714915884018
    8      4.815839338920      4.706780340799      7.027145568496
    8      7.012753270719      6.911484305572      7.118643282647
    8      2.450345062664      2.213588211708      6.994193925685
    0    0
