   3   1   1 E -1.6031095696131E+04 DE 2.7E-10(  9)
 -0.180787950131E-02  0.703046812514E+01  0.700483281636E+01
  0.702398317089E+01  0.467707474689E-02  0.699821177252E+01
  0.702866024564E+01  0.702866024564E+01  0.370797591162E-18
    2
  0.100000000000E+01  0.000000000000E+00  0.000000000000E+00
  0.000000000000E+00  0.100000000000E+01  0.000000000000E+00
  0.000000000000E+00  0.000000000000E+00  0.100000000000E+01
  0.000000000000E+00  0.000000000000E+00  0.000000000000E+00
  0.000000000000E+00 -0.100000000000E+01  0.000000000000E+00
 -0.100000000000E+01  0.000000000000E+00  0.000000000000E+00
  0.000000000000E+00  0.000000000000E+00  0.100000000000E+01
  0.000000000000E+00  0.000000000000E+00  0.000000000000E+00
   54
   20      0.016342271177     -0.016342271177     -0.023373826244
   20      2.382916841568      2.326738239873     -0.046290343051
   20     -2.326738239873     -2.382916841568     -0.046290343051
   20      2.370392903180     -0.012728561681      2.364354372405
   20      4.697334254726      2.331325990914      2.337774223945
   20      0.012728561681     -2.370392903180      2.364354372405
   20     -2.357255594930     -0.018758861724     -2.320964804751
   20      0.018758861724      2.357255594930     -2.320964804751
   12     -4.653323413274     -2.375336832366     -2.346218967122
   20     -0.017748424432      2.362196312922      2.391011663192
   20      2.332353357104      4.696306888536      2.398389449207
   20     -2.362196312922      0.017748424432      2.391011663192
   12      2.348094580720      2.404632996889      4.744584367673
   12      4.624027248751      4.680565664920      4.744584367673
   20     -0.037799756455      0.037799756455      4.689249695880
   12     -2.355350049712      2.355350049712     -0.059700685758
   20     -0.040847868012      4.705731158086     -0.035428186168
   20     -4.705731158086      0.040847868012     -0.035428186168
   12      0.049719983316     -2.371647575101     -2.294435184628
   12      2.371647575101     -0.049719983316     -2.294435184628
   12     -2.445374870676     -4.583285374964     -2.290340346188
   20      2.374810332356     -2.374810332356     -0.097807272582
   12      4.697281672147      0.058247473265     -0.086386837062
   12     -0.058247473265     -4.697281672147     -0.086386837062
   20     -2.341251848965     -2.367023562896     -4.674915569680
   20      0.015091991468     -0.015091991468     -4.638597478808
   20     -4.661636682744     -4.687408396676     -4.674915569680
    8      0.087977193023     -0.087977193023     -2.320681662986
    8      2.461029806988      2.392153014421     -2.336711966206
    8     -2.392153014422     -2.461029806988     -2.336711966206
    8      2.429886586234      0.002492999304     -0.115718432212
    8      4.780213289677      2.248446955964     -0.125591426402
    8     -0.002492999304     -2.429886586234     -0.115718432212
    8      4.676364201267     -0.000265509452      2.292050409069
    8      7.028925755091      2.352296044373      2.292050409069
    8      2.345185788729     -2.345185788731      2.364292049151
    8     -0.055576811080      2.337861467721      0.007689317010
    8      2.355700548086      4.672959697553     -0.043253798358
    8     -2.337861467721      0.055576811080      0.007689317010
    8      2.344908922501      2.338760191794      2.407831728880
    8      4.689900053847      4.683751323140      2.407831728880
    8      0.004979698310     -0.004979698310      2.370627889651
    8      4.597003015922      2.431657229718      4.782575506437
    8      7.043097726272      4.693576434253      4.664543910259
    8      2.335083811386     -0.014437480633      4.664543910259
    8     -0.019434105622      4.688084227735      2.393351769409
    8      2.340576017903      7.048094351261      2.393351769409
    8     -2.343031809432      2.343031809431      2.354234396492
    8      2.359554649490      4.669105596149      4.658607710872
    8      4.558163200563      6.996863455181      4.769745426734
    8      0.031796790457      2.470497045074      4.769745426734
    8      4.688437662282      4.674467708845      6.883545753371
    8      6.918334127721      7.138986363557      6.987800404283
    8      2.354192536794      2.340222583356      6.883545753371
    0    0
