   3   1   1 E -1.6031053858354E+04 DE 3.0E-10( 11)
  0.912475458916E-02  0.699686813741E+01  0.700340480808E+01
  0.701290185635E+01 -0.670480581554E-03  0.700710109364E+01
  0.702744304674E+01  0.700779711592E+01 -0.796415018845E-02
    1
  0.100000000000E+01  0.000000000000E+00  0.000000000000E+00
  0.000000000000E+00  0.100000000000E+01  0.000000000000E+00
  0.000000000000E+00  0.000000000000E+00  0.100000000000E+01
  0.000000000000E+00  0.000000000000E+00  0.000000000000E+00
   54
   20      0.000427407140     -0.004649337306     -0.006303462337
   20      2.341132319249      2.337373768221     -0.010603637026
   20     -2.349903651422     -2.339649265918     -0.015655472929
   20      2.347061955791     -0.009411233317      2.340945143826
   20      4.685486278000      2.333601745548      2.326603613879
   20     -0.003720980190     -2.336879778741      2.346036885270
   20     -2.331751927201     -0.013540814397     -2.351835212056
   20      0.006313903011      2.339260975743     -2.338093622002
   12     -4.646751531549     -2.321860941061     -2.314386652943
   20     -0.009764891100      2.347687377081      2.342377045488
   20      2.330739368024      4.682964437152      2.324096003111
   20     -2.345700995443     -0.000322901845      2.342021106425
   20      2.341920915117      2.337410154073      4.671773521493
   12      4.696197900554      4.686983763932      4.685316708351
   20     -0.004754840260     -0.011174412604      4.694538125858
   20     -2.330248524110      2.343576337866     -0.003673977416
   12     -0.075892592805      4.662865892209      0.022855998652
   12     -4.751334765566      0.003052638750     -0.045352101219
   12     -0.008669135266     -2.354245341669     -2.369314306204
   20      2.343075548030      0.003107724736     -2.335234477105
   12     -2.353853480210     -4.638253137316     -2.306684244020
   20      2.347976215597     -2.325868016172     -0.000098260149
   12      4.701869472538     -0.028835138700     -0.005782317415
   20     -0.008658289602     -4.673828315556      0.004958256378
   12     -2.249065928194     -2.353553161934     -4.641215884876
   12     -0.002361131848     -0.029327397577     -4.694260468720
   20     -4.676370099870     -4.664824569843     -4.663389560283
    8      0.003461496750     -0.009836590755     -2.354915821205
    8      2.352742076420      2.344410747220     -2.338223382453
    8     -2.335639511133     -2.368544672730     -2.365128296053
    8      2.348293553387     -0.001300299421     -0.001145170469
    8      4.683360507698      2.325722872042     -0.017136921115
    8     -0.003247440484     -2.336008503972     -0.007003359396
    8      4.699586528852     -0.016688887263      2.320731256029
    8      7.020877948518      2.331460999054      2.330672953785
    8      2.350246003358     -2.334533860719      2.350662687660
    8      0.000652223360      2.343999600334     -0.004708393794
    8      2.316141987001      4.679417933874     -0.033928378062
    8     -2.343532566518     -0.003742553620     -0.009786391149
    8      2.337239393105      2.338881080376      2.332954047244
    8      4.676743533369      4.672579913924      2.332125645654
    8     -0.004052427524     -0.004501526801      2.343507476985
    8      4.684225126860      2.341712509548      4.668770956251
    8      7.020555670976      4.666632012412      4.686233300167
    8      2.344117664331     -0.017264933654      4.681596501305
    8     -0.028858346546      4.704945756889      2.344742748686
    8      2.338006853606      7.009954561325      2.320748198570
    8     -2.337963369573      2.346297312585      2.347819695485
    8      2.348854073138      4.675082797130      4.669500560869
    8      4.682474892530      7.006849533019      4.686946094669
    8     -0.010000058436      2.340425648828      4.683128635762
    8      4.711750036066      4.694915964693      7.005403855255
    8      7.024898897829      6.985455048114      7.031647739363
    8      2.348280194203      2.329992963598      7.006582889822
    0    0
