   3   1   1 E -1.6031086952288E+04 DE-5.9E-10( 11)
  0.417451231947E-02  0.695427259322E+01  0.705572612253E+01
  0.703885897800E+01  0.146840803129E-01  0.703751870862E+01
  0.705490050278E+01  0.694619795050E+01  0.490022501054E-02
    1
  0.100000000000E+01  0.000000000000E+00  0.000000000000E+00
  0.000000000000E+00  0.100000000000E+01  0.000000000000E+00
  0.000000000000E+00  0.000000000000E+00  0.100000000000E+01
  0.000000000000E+00  0.000000000000E+00  0.000000000000E+00
   54
   20     -0.001367857212     -0.004728023648     -0.028045147044
   20      2.360281588983      2.323552476318     -0.063519462936
   20     -2.359491800810     -2.300056071820     -0.035533381703
   20      2.359511147571     -0.040829421515      2.379398976612
   20      4.711469943593      2.338844489702      2.365340581606
   20      0.020014785452     -2.300933187372      2.385344802255
   20     -2.365543229392     -0.021530379876     -2.306750496799
   20      0.022417396281      2.354552784888     -2.345704564255
   12     -4.748632567894     -2.332998358214     -2.318170058465
   20     -0.035558438614      2.351281258873      2.386953260932
   20      2.348752497111      4.694520766353      2.369449998437
   20     -2.365256532881      0.022254342253      2.352395756780
   20      2.315999610175      2.317682180258      4.771426513787
   12      4.720774928161      4.655710169778      4.664143080910
   12      0.123228521151     -0.034676152644      4.770977560555
   12     -2.334931592200      2.380374606602     -0.020155526059
   20      0.008050422022      4.672793778975     -0.071598937970
   12     -4.799853748009      0.077056436991     -0.044606139504
   12      0.002184642518     -2.273094887909     -2.307284194559
   12      2.269557303745     -0.100558808727     -2.307258116734
   20     -2.339184882614     -4.638283877505     -2.363369308698
   20      2.369845139504     -2.363776912043     -0.037413833649
   20      4.725149375328     -0.062070702860     -0.070529313545
   12      0.018660577854     -4.796497964503     -0.102043397388
   12     -2.498431931217     -2.312538788517     -4.581437317964
   20      0.027207050534     -0.022233140969     -4.686769223891
   20     -4.673967521830     -4.643953302969     -4.707128888170
    8      0.075012707564     -0.087729311317     -2.336235566165
    8      2.363921262778      2.312736171725     -2.365045562905
    8     -2.400981320982     -2.305691607232     -2.344942960733
    8      2.353199540246     -0.039206315158     -0.062093687555
    8      4.767895201090      2.302174018301     -0.017697801581
    8      0.002949108239     -2.374979755564     -0.070073236191
    8      4.704925927262     -0.078121841096      2.356220973321
    8      7.040167602584      2.329149984138      2.316640575333
    8      2.473681372893     -2.317182479194      2.455237025850
    8     -0.038891951423      2.345221834799     -0.027513002263
    8      2.344218364695      4.718590544130     -0.069621894469
    8     -2.431163543765      0.097344139064     -0.012008994223
    8      2.344593234312      2.331157182058      2.372484914961
    8      4.716006446095      4.653286951874      2.392839875768
    8      0.021143360765      0.004320305449      2.392018102641
    8      4.699191604367      2.433859032018      4.767224620903
    8      7.067405805801      4.785183858722      4.694286480452
    8      2.245050709997     -0.115622251257      4.809698727773
    8     -0.052282169968      4.651084828249      2.406180578214
    8      2.355176499558      6.957666652698      2.366739909028
    8     -2.337930938556      2.417707933380      2.298681134332
    8      2.327803540196      4.742037861060      4.701180276436
    8      4.701344890394      6.815139279941      4.662287947812
    8     -0.001815447057      2.309312470263      4.779300432129
    8      4.719711070325      4.501030746411      6.955089977257
    8      7.138306330713      7.088742973000      6.931001346241
    8      2.361178933536      2.201119291768      7.041659337811
    0    0
