   3   1   1 E -1.6031095681759E+04 DE 5.5E-09(  9)
  0.383565316725E-01  0.696353480732E+01  0.699416122166E+01
  0.701321565658E+01  0.112617928870E-01  0.701283614003E+01
  0.703429663047E+01  0.699748586279E+01 -0.386562423587E-02
    1
  0.100000000000E+01  0.000000000000E+00  0.000000000000E+00
  0.000000000000E+00  0.100000000000E+01  0.000000000000E+00
  0.000000000000E+00  0.000000000000E+00  0.100000000000E+01
  0.000000000000E+00  0.000000000000E+00  0.000000000000E+00
   54
   20      0.017908532561     -0.020997206188     -0.049988752861
   20      2.364049550242      2.320027692882     -0.053989455544
   20     -2.344787275344     -2.334100730594     -0.050617645993
   20      2.383609191394     -0.047789848384      2.350554228968
   20      4.722779105088      2.267792689960      2.294933648268
   20      0.023630686935     -2.362764512983      2.336363270099
   20     -2.301098018225     -0.068594694567     -2.369512928537
   20      0.031319465211      2.296303179197     -2.354906914381
   12     -4.684755950987     -2.297993235858     -2.336798993607
   20     -0.034774157182      2.379872879371      2.344084772886
   20      2.292165028095      4.724176578569      2.318812894286
   20     -2.390289376163      0.014951042200      2.299604021030
   20      2.338200052959      2.308007449684      4.715901611405
   20      4.664996437724      4.673379459516      4.709631106845
   20      0.007378093846      0.009627243657      4.756869611431
   12     -2.317608396419      2.262606869126      0.033731547022
   20     -0.013166252108      4.727526847811      0.039597228169
   12     -4.701719950479      0.013552906422     -0.023166604674
   12     -0.024160920926     -2.280880833478     -2.346567063297
   12      2.278423329161     -0.022722748012     -2.320280198447
   20     -2.363320174999     -4.630257038778     -2.322994743167
   20      2.352027267192     -2.338183086302     -0.011290464643
   12      4.569463434973      0.086490642733      0.035222411037
   12     -0.048008562428     -4.750536055903      0.041083466103
   12     -2.182309697247     -2.255452923245     -4.682784916335
   12      0.009683578620      0.053582280866     -4.722365206453
   20     -4.705416350029     -4.691027810575     -4.691494568275
    8      0.124186630648     -0.076185679876     -2.436729954802
    8      2.339458847933      2.330836398802     -2.350957210244
    8     -2.288780667475     -2.321330103979     -2.356580767472
    8      2.393815369459     -0.012568313280     -0.043948588240
    8      4.752988685061      2.254343676459     -0.016377291344
    8     -0.003398583534     -2.395498344837     -0.062211615826
    8      4.740008876193     -0.102334679057      2.232869422999
    8      7.015609393960      2.255604280667      2.257541704465
    8      2.427266195636     -2.344745877004      2.425460859130
    8     -0.045720204469      2.337674752108     -0.017593400667
    8      2.334896324231      4.748580143315     -0.064233770273
    8     -2.389720030050      0.051291920431     -0.042648557591
    8      2.344265495344      2.326090415875      2.333176829900
    8      4.682642920920      4.661256070955      2.317334951473
    8      0.004049488400     -0.006590381953      2.341240929535
    8      4.705100900541      2.300170203602      4.716039316091
    8      7.077829535640      4.686005622939      4.709798962232
    8      2.354649467377     -0.105079560672      4.762791982076
    8     -0.085731772925      4.787769153877      2.438271351392
    8      2.278614159539      6.968932701511      2.295389639346
    8     -2.332702215567      2.391684287305      2.241863701545
    8      2.276572111207      4.723492277871      4.679734369786
    8      4.593515964198      6.983715510915      4.710708789900
    8      0.013138487098      2.369792871788      4.750556830614
    8      4.702810298375      4.694481201495      7.086722906027
    8      7.049824709679      7.145227011652      7.157385876765
    8      2.377000625386      2.186058485461      7.008854190394
    0    0
