   3   1   1 E -1.6031106870788E+04 DE-2.2E-09( 10)
 -0.398767891177E-02  0.701584783444E+01  0.699973436530E+01
  0.700665845257E+01 -0.301232669634E-02  0.699033538899E+01
  0.700028301477E+01  0.699422428974E+01  0.932986358773E-02
    1
  0.100000000000E+01  0.000000000000E+00  0.000000000000E+00
  0.000000000000E+00  0.100000000000E+01  0.000000000000E+00
  0.000000000000E+00  0.000000000000E+00  0.100000000000E+01
  0.000000000000E+00  0.000000000000E+00  0.000000000000E+00
   54
   20      0.006770816273     -0.006222702195     -0.042947992172
   20      2.352132511610      2.323210914423     -0.052738300594
   20     -2.330882129237     -2.334840290238     -0.040881632261
   20      2.372516698685     -0.031195887074      2.346132093477
   20      4.702570851036      2.281622596448      2.298678274590
   20      0.032356976535     -2.358999969707      2.333878968032
   20     -2.322132556464     -0.038887403341     -2.364788182689
   20      0.019357789849      2.311092973480     -2.340916998537
   12     -4.668622683040     -2.242879312223     -2.331240697426
   20     -0.040194984316      2.391073362903      2.342278689751
   20      2.273239372151      4.720305420898      2.327689769765
   20     -2.387283337767      0.034314068175      2.303583594131
   20      2.316784147611      2.337006416009      4.707887456992
   20      4.640606420280      4.673895436888      4.711668515465
   20      0.000188532278      0.012649633956      4.734351401075
   12     -2.326436735807      2.288137599251      0.038749589462
   20     -0.027892684397      4.722103296860      0.033642598058
   12     -4.696791062053      0.069074904620     -0.035342561221
   12      0.025693802508     -2.304347746375     -2.374700759045
   12      2.301320806099     -0.082996675251     -2.329460113819
   20     -2.333119010303     -4.646230540653     -2.332422205453
   20      2.367187941782     -2.360277543564     -0.015283707543
   12      4.689683538997      0.026592147183      0.039273967260
   12     -0.058677311764     -4.726135160635      0.023295533035
   12     -2.325297022785     -2.314719412441     -4.681409386638
   12      0.010320027856     -0.041776213754     -4.703322645412
   20     -4.665486836415     -4.680656041742     -4.680432143492
    8      0.110720955002     -0.085654736058     -2.410225856466
    8      2.333582233201      2.329635919571     -2.334042111222
    8     -2.297559714368     -2.334773591688     -2.355748104012
    8      2.408374334251     -0.008045318016     -0.045889743997
    8      4.742859751699      2.228492956965      0.004336483219
    8      0.008680098063     -2.407649374839     -0.063667962819
    8      4.748759580342     -0.087597998212      2.233771698840
    8      6.994682520904      2.255131051823      2.253410071484
    8      2.442875461930     -2.327882845697      2.443305570287
    8     -0.067171731090      2.340459731802     -0.005158639703
    8      2.329485838601      4.758584340040     -0.067456758231
    8     -2.399948267155      0.089080319576     -0.013278686229
    8      2.330199899717      2.335620691745      2.335159171872
    8      4.661743633618      4.661712788916      2.333531276749
    8     -0.000896194093      0.007488140114      2.337303773786
    8      4.678253979527      2.321957508995      4.717534283440
    8      7.068094892840      4.676249770237      4.686954868939
    8      2.331613404714     -0.093491437073      4.757081036534
    8     -0.108521200230      4.760637266170      2.432661485189
    8      2.245064014999      6.999802696301      2.313250936018
    8     -2.321609518059      2.428116828128      2.222255828880
    8      2.245104913227      4.747973202493      4.672192378847
    8      4.547724136116      6.991068218309      4.718899548482
    8      0.000194288773      2.411696677073      4.750940503540
    8      4.675051793580      4.692240142144      7.081935544286
    8      7.005631207348      7.095638399123      7.080035498904
    8      2.372387855272      2.224363868839      7.002983059073
    0    0
