   3   1   1 E -1.6031101297850E+04 DE 1.3E-08(  8)
  0.104128530051E-02  0.700127575674E+01  0.701765305087E+01
  0.700980071591E+01 -0.471707622107E-02  0.701579609509E+01
  0.701149170500E+01  0.699609626247E+01 -0.130417161730E-02
    1
  0.100000000000E+01  0.000000000000E+00  0.000000000000E+00
  0.000000000000E+00  0.100000000000E+01  0.000000000000E+00
  0.000000000000E+00  0.000000000000E+00  0.100000000000E+01
  0.000000000000E+00  0.000000000000E+00  0.000000000000E+00
   54
   20      0.006177178927     -0.013707448005     -0.049561618135
   20      2.349788148226      2.312788933750     -0.052833277864
   20     -2.323226457442     -2.341105136063     -0.027513212057
   20      2.354820348730     -0.036157979251      2.380985312110
   20      4.677639835047      2.303305517106      2.352465109465
   20      0.042800694903     -2.331425545341      2.357098139887
   20     -2.336744474816     -0.025912210329     -2.357670380765
   12      0.040479374042      2.401586326496     -2.343497576044
   12     -4.650138895382     -2.435594281303     -2.351250492058
   20     -0.042744445062      2.341412313429      2.400853511224
   20      2.329755607336      4.671773388222      2.372802984227
   12     -2.331840824448      0.022491605698      2.352624852874
   12      2.328163240060      2.412438782272      4.741553487498
   20      4.659330127004      4.682810664342      4.696822558829
   20     -0.031975092276      0.036963113942      4.666846575199
   20     -2.345775708592      2.362443061534      0.037427266439
   20     -0.029150898076      4.670003416136     -0.027702350381
   20     -4.665279356996      0.010244855944     -0.040626852321
   12      0.015288251018     -2.399257936119     -2.333317581121
   20      2.362004225273      0.008178544235     -2.329868641885
   12     -2.363752893729     -4.649418599253     -2.391771698033
   12      2.389839980149     -2.342864484224     -0.038950127033
   12      4.634712640355      0.006927075785      0.056109035809
   20     -0.010358376691     -4.657593441850     -0.061926452285
   12     -2.360797930673     -2.367366732348     -4.626144433000
   20     -0.027734285635     -0.014147048548     -4.650818131937
   20     -4.641912129769     -4.641442943629     -4.663795154246
    8      0.016155132924      0.001162805461     -2.351646934335
    8      2.308822391622      2.450354523042     -2.347458040895
    8     -2.372774022228     -2.464663844808     -2.419062877098
    8      2.438288497217     -0.102909750022      0.006012472407
    8      4.665445911170      2.243518774267     -0.088387514736
    8      0.098233398182     -2.321164330133     -0.074102134022
    8      4.664915580434     -0.083331378774      2.274021113989
    8      7.017561197885      2.329205408279      2.406212421790
    8      2.443671675454     -2.338918313050      2.371114476054
    8      0.008817001224      2.335601493910     -0.042347201688
    8      2.342555787506      4.658965736013     -0.046386012450
    8     -2.342031236014      0.004019673297      0.006334793802
    8      2.333388188196      2.330952793830      2.378523908258
    8      4.682321268367      4.751841977741      2.350540772830
    8     -0.106290513532     -0.003529044814      2.318453843354
    8      4.671945034715      2.348436131415      4.683521217695
    8      7.087006107737      4.552856356707      4.672828488136
    8      2.317284673058     -0.003904401348      4.683375365817
    8     -0.100237564653      4.670553661029      2.395834680343
    8      2.448858894082      7.000604695021      2.344620779144
    8     -2.339139037226      2.282566816888      2.452398287585
    8      2.253852422629      4.564861703602      4.750019069542
    8      4.676251364372      7.110108150868      4.657687462193
    8      0.028088137573      2.458939755901      4.679029631036
    8      4.569665276539      4.775580987854      7.099562958167
    8      6.924978814364      6.992318793904      7.005977395453
    8      2.333499414899      2.435544254770      6.909633107778
    0    0
