   3   1   1 E -1.6031082079866E+04 DE 1.6E-09( 11)
  0.426472867559E-01  0.698537772962E+01  0.698089220088E+01
  0.700952167026E+01 -0.200284148795E-03  0.701513691616E+01
  0.700671889167E+01  0.701168539525E+01  0.830099766978E-02
    1
  0.100000000000E+01  0.000000000000E+00  0.000000000000E+00
  0.000000000000E+00  0.100000000000E+01  0.000000000000E+00
  0.000000000000E+00  0.000000000000E+00  0.100000000000E+01
  0.000000000000E+00  0.000000000000E+00  0.000000000000E+00
   54
   20     -0.018137159008     -0.004734450055     -0.027822035831
   20      2.367115504301      2.316864528534     -0.012334356382
   20     -2.313902591892     -2.359237692950     -0.044252633117
   20      2.332355934955     -0.010433840250      2.350814135346
   20      4.718596206908      2.293188604432      2.311447587173
   20      0.017653231762     -2.360826257819      2.327714699363
   20     -2.324251213359     -0.012551825350     -2.340813166176
   20      0.008417227237      2.311499609132     -2.352639529609
   20     -4.669603178679     -2.342261311213     -2.335682307272
   20     -0.049557348769      2.341586919059      2.374814745805
   20      2.301122659130      4.698862320702      2.312612120742
   20     -2.354561876754      0.038925387490      2.321970834750
   20      2.283982335151      2.300644186252      4.716314763486
   20      4.695382143736      4.677104568683      4.699883218191
   12     -0.039967540200      0.026449358400      4.748538065553
   12     -2.371498413134      2.284290918337      0.024097134047
   20     -0.008855485715      4.708831458527     -0.002801018497
   12     -4.694615294035      0.122506127835      0.000328017791
   12      0.032160872517     -2.259299279923     -2.387205254247
   20      2.339031531265      0.023966887999     -2.332790827434
   12     -2.334846205642     -4.659273456297     -2.306986842476
   20      2.335132258167     -2.372929072493      0.040320338267
   12      4.747476755292      0.064958738789     -0.003794344177
   12      0.113227363858     -4.718155483511      0.083941766340
   20     -2.332846993039     -2.344166025585     -4.664162572085
   12      0.077534523171      0.011790939849     -4.766819915740
   12     -4.738382350574     -4.684967198824     -4.783778178908
    8      0.004412169664     -0.040716098216     -2.386746118353
    8      2.379082292609      2.336019425071     -2.363597121654
    8     -2.275532565504     -2.387013581261     -2.329519111286
    8      2.367189056870     -0.003869379128      0.008008296655
    8      4.758213939654      2.257495864329     -0.084229753018
    8      0.000525877592     -2.399233577313     -0.048955702812
    8      4.712855850680     -0.016284848227      2.303105762125
    8      7.086958389198      2.278648164774      2.284965417327
    8      2.335009155175     -2.375883574837      2.347831332287
    8     -0.037555909191      2.330504684175     -0.006360675007
    8      2.327305020314      4.711581757309     -0.017980695887
    8     -2.378241483220      0.039256386609     -0.026243517577
    8      2.331526111772      2.322461900422      2.353145851419
    8      4.683218356293      4.667127358581      2.321664906823
    8     -0.022243550586      0.005252391254      2.353589112667
    8      4.683740708109      2.310990850425      4.706071918706
    8      7.011916197404      4.698876280827      4.689776119618
    8      2.286773946169     -0.018780913772      4.731218640771
    8     -0.002668084382      4.725422095257      2.368449885390
    8      2.281367567504      7.057888004132      2.268137968115
    8     -2.398074630029      2.342449168467      2.287406086989
    8      2.317789172196      4.659977311154      4.687789216266
    8      4.761902445563      7.073134340481      4.743774591364
    8     -0.138687503275      2.374610107893      4.790155532859
    8      4.702229229082      4.658795933269      7.012200080777
    8      7.029324769856      7.089127748838      7.018666215708
    8      2.338495892913      2.195410323013      7.056246831036
    0    0
