   3   1   1 E -1.6031083548944E+04 DE-1.3E-09( 11)
  0.387810689566E-01  0.695744588224E+01  0.703721902841E+01
  0.706163351471E+01 -0.578519810421E-02  0.707357805630E+01
  0.706126028934E+01  0.698767950630E+01  0.160439755486E-03
    1
  0.100000000000E+01  0.000000000000E+00  0.000000000000E+00
  0.000000000000E+00  0.100000000000E+01  0.000000000000E+00
  0.000000000000E+00  0.000000000000E+00  0.100000000000E+01
  0.000000000000E+00  0.000000000000E+00  0.000000000000E+00
   54
   20     -0.009857696949     -0.047657281667     -0.040547431330
   20      2.383428317416      2.338938652016     -0.022564139828
   20     -2.324847045121     -2.301748164050     -0.026238438971
   20      2.362840838044     -0.064279894047      2.322579945101
   20      4.767166592390      2.273029224357      2.302186383229
   20      0.040550229322     -2.347250650767      2.309116721188
   20     -2.364292192602     -0.040614509791     -2.332803591346
   20      0.012326878745      2.326478176860     -2.360915152242
   12     -4.705490429593     -2.322957137180     -2.244781225494
   20     -0.026075182196      2.324390744615      2.364377680019
   20      2.385494037090      4.734288222110      2.351950970446
   12     -2.220175782819      0.091146956806      2.222121399968
   20      2.326746689229      2.327207718480      4.804950496691
   20      4.698754946359      4.683379489139      4.763851447099
   20     -0.014108689362      0.010803622671      4.777878614657
   12     -2.331537101513      2.262322559803      0.058835566955
   20      0.002520550430      4.751233870493      0.029030886681
   12     -4.793140706240     -0.025973338506      0.064299943398
   12      0.063820860575     -2.383466467476     -2.314855519280
   20      2.328861942645     -0.031238927843     -2.346044399315
   20     -2.344510785058     -4.652356883256     -2.332863311180
   12      2.325810039465     -2.341234843600     -0.089646796603
   12      4.620969826091      0.055754299042      0.038486309241
   12     -0.050862781665     -4.674116138763     -0.030825633191
   20     -2.369992128636     -2.321251181248     -4.739676191618
   12     -0.076302720829      0.082316406038     -4.701708435815
   20     -4.710628999992     -4.693065720711     -4.785763876706
    8     -0.020744876959     -0.075460441778     -2.416309432477
    8      2.353320630429      2.398779389196     -2.363836119379
    8     -2.356610394937     -2.319473328275     -2.331809477938
    8      2.425778971806     -0.117248046726      0.004800418537
    8      4.793483729688      2.240293834020      0.004664177552
    8      0.134564199949     -2.451952635578     -0.147503264730
    8      4.757236017145     -0.019687430360      2.277365767764
    8      7.063174767480      2.223812599845      2.229779608854
    8      2.347537340320     -2.344815149349      2.309647870696
    8     -0.038299836563      2.334799004390      0.010858401492
    8      2.371210336941      4.796641892302     -0.054245973329
    8     -2.394647512313      0.122772259902      0.058767805786
    8      2.352371074570      2.321148729722      2.347728246376
    8      4.750390766135      4.730947003426      2.339594007179
    8     -0.046319415026     -0.030718759115      2.314384757627
    8      4.722035121374      2.304254312242      4.796626322414
    8      7.147193945405      4.685801525467      4.748858558324
    8      2.343295336218     -0.139589754187      4.837561720859
    8      0.021145778519      4.751114722692      2.401352105338
    8      2.355482651532      6.971314361887      2.237484460249
    8     -2.327608681164      2.203538558196      2.259936692513
    8      2.310128291486      4.652962603883      4.772552310584
    8      4.714114332313      6.978037326246      4.729084012067
    8      0.005937538326      2.399524448846      4.792974144575
    8      4.598532637991      4.667423917057      7.063035721820
    8      6.960514911712      7.156380402603      7.190014883690
    8      2.406849760969      2.272350706905      7.045508911877
    0    0
