   3   1   1 E -1.6031089620238E+04 DE-6.1E-10( 11)
 -0.248775426723E-02  0.705753417033E+01  0.705124005986E+01
  0.699875815569E+01  0.923153093582E-02  0.704553167775E+01
  0.698850530415E+01  0.704825812568E+01  0.125876847301E-01
    1
  0.100000000000E+01  0.000000000000E+00  0.000000000000E+00
  0.000000000000E+00  0.100000000000E+01  0.000000000000E+00
  0.000000000000E+00  0.000000000000E+00  0.100000000000E+01
  0.000000000000E+00  0.000000000000E+00  0.000000000000E+00
   54
   20     -0.002587722680      0.009083713245     -0.053992639899
   20      2.291083523212      2.340269580260     -0.070700025060
   20     -2.333979018244     -2.334797065820     -0.043010375632
   20      2.326486403803     -0.031935337343      2.378963819647
   20      4.710632445419      2.319887057057      2.369015738046
   20      0.034661545673     -2.354923506371      2.381340444082
   20     -2.300332609021      0.001649824505     -2.342133099138
   12      0.026304448325      2.330222112972     -2.351205533719
   12     -4.737680472181     -2.263796289876     -2.318853770920
   20     -0.037391781493      2.357086616400      2.398988294846
   20      2.288327253169      4.750924722699      2.370065528025
   20     -2.377636022666      0.019975990451      2.333426433682
   20      2.352659447210      2.351102610331      4.780805767192
   20      4.655859137434      4.707277241742      4.722579716835
   12      0.071126505192     -0.041564169945      4.708240399348
   12     -2.340923389734      2.359429993537     -0.022968927767
   20     -0.012748884001      4.708055168838     -0.059736653598
   12     -4.704973655487     -0.031862971803     -0.043683286846
   12      0.047307553472     -2.332977616016     -2.326532647044
   12      2.197704208830     -0.075532614228     -2.293737230831
   20     -2.347788737803     -4.715026104052     -2.359957379151
   12      2.313046145888     -2.298083721519     -0.092931157764
   20      4.682668816984     -0.031914383524     -0.016240590324
   20      0.074026789277     -4.723149597172     -0.047681775593
   20     -2.343466400740     -2.369932512226     -4.703017290441
   12      0.127996075640      0.235964252048     -4.637109044115
   20     -4.691615202119     -4.742784638440     -4.682117469630
    8      0.138889723032      0.045023224757     -2.445827137609
    8      2.176892828509      2.288910815997     -2.336811865234
    8     -2.310098780554     -2.344248034598     -2.350900943500
    8      2.327079667236     -0.085719264786     -0.068348500286
    8      4.668659620748      2.335806322642     -0.020464705144
    8      0.122061263959     -2.341750211262     -0.050025526616
    8      4.736823301147     -0.005450275399      2.359582286634
    8      6.981220878682      2.254643539431      2.428886645571
    8      2.332117499691     -2.345111835251      2.383391881767
    8     -0.097182698313      2.350726868047     -0.057695931966
    8      2.323641042968      4.773839149289     -0.072413039609
    8     -2.428276548163      0.072443943123     -0.021563002653
    8      2.332359147859      2.347539582743      2.374727886575
    8      4.658403803624      4.700701223567      2.356895836425
    8     -0.002781619825     -0.003528580915      2.390145365393
    8      4.787631995391      2.351005194736      4.790418475419
    8      7.094230270023      4.738114694287      4.694679286289
    8      2.233310245188     -0.106395604236      4.786744808716
    8     -0.016496052170      4.773595312584      2.408413380760
    8      2.216534942215      7.028294670000      2.334998472249
    8     -2.344586524357      2.341856874355      2.340966765503
    8      2.209874698869      4.797467632310      4.772448259247
    8      4.671615549544      7.039461833700      4.713437888872
    8      0.017905731636      2.334369085590      4.704330904180
    8      4.550315820178      4.625358994651      7.037861620344
    8      7.114224347621      7.047868288855      7.012269018526
    8      2.468354117009      2.360135421261      7.048152026437
    0    0
