   3   1   1 E -1.6031082573479E+04 DE 1.0E-09( 11)
  0.152343318532E-01  0.700973907167E+01  0.700800488921E+01
  0.702246889246E+01  0.576830430657E-03  0.701415863115E+01
  0.702548440003E+01  0.701339489772E+01  0.344566063200E-02
    1
  0.100000000000E+01  0.000000000000E+00  0.000000000000E+00
  0.000000000000E+00  0.100000000000E+01  0.000000000000E+00
  0.000000000000E+00  0.000000000000E+00  0.100000000000E+01
  0.000000000000E+00  0.000000000000E+00  0.000000000000E+00
   54
   20      0.030017364007     -0.011903066348     -0.030420630040
   20      2.379348332536      2.315019415149     -0.072820803225
   20     -2.363864346395     -2.338039026493     -0.038123235085
   20      2.371440939942     -0.056778474308      2.314608749143
   20      4.739696125124      2.286809418478      2.279477935270
   20      0.069915774547     -2.394202956442      2.294380451444
   20     -2.357773220628     -0.002882757335     -2.312490300230
   20      0.063206971731      2.311033241414     -2.347660639242
   12     -4.680728981639     -2.329755878097     -2.302480964790
   20     -0.016888479070      2.338528946323      2.320857742900
   20      2.316849556021      4.761348246017      2.326095601542
   20     -2.424980202938      0.044693493989      2.302989104178
   20      2.354013868843      2.334859119949      4.777572417248
   20      4.644990483808      4.699925529672      4.741367945907
   20      0.025353171444      0.000962349528      4.764369298547
   12     -2.407965488107      2.273993935476      0.074073736105
   20     -0.020801126275      4.738933414825      0.007152136001
   12     -4.703585883976      0.050912184331      0.058552407172
   20      0.039414674565     -2.309149477128     -2.331822677381
   12      2.335879516808      0.028026385259     -2.258684927789
   20     -2.385785047609     -4.695858555100     -2.322023020111
   12      2.378910509906     -2.287046432487      0.033931150575
   12      4.615943734382      0.081685662439      0.064932710333
   12      0.049332822969     -4.928806902266     -0.006335557210
   20     -2.409896627286     -2.345716821035     -4.737975155395
   12      0.071232413121      0.114390829049     -4.724586299814
   12     -4.725329565805     -4.731477982072     -4.721129046460
    8      0.082089014785      0.008885544019     -2.378406518215
    8      2.341940571750      2.328367937453     -2.433610429530
    8     -2.415130611813     -2.335039908884     -2.344946501006
    8      2.436493932035     -0.072583871673     -0.095920049025
    8      4.756794651624      2.239348497161     -0.012824519937
    8      0.092879851168     -2.403320330170     -0.005288281149
    8      4.751573595763      0.003959802033      2.271121661587
    8      7.145740136852      2.214140240663      2.197900644361
    8      2.320909562262     -2.445261804518      2.310990400666
    8     -0.025088648285      2.334610310299     -0.015139471767
    8      2.325230325206      4.776196530494     -0.078481950498
    8     -2.422972930937      0.075069720138     -0.004466434077
    8      2.358560580284      2.330496209279      2.323864460835
    8      4.670239964541      4.680664901832      2.292943701590
    8      0.014697248182     -0.013832570365      2.327701239547
    8      4.694233277967      2.335474350381      4.762522014662
    8      7.102358104965      4.683759751912      4.694077519134
    8      2.338921734862     -0.083010882451      4.784221554435
    8      0.003117315453      4.756286433927      2.309422894270
    8      2.195270371876      7.144713996602      2.289969302729
    8     -2.422579151768      2.323497524038      2.287645557513
    8      2.363233818727      4.767621062615      4.768051315982
    8      4.563655362142      7.001174968048      4.723071561776
    8      0.016954782408      2.328535810658      4.722326772721
    8      4.556899671805      4.695487799165      6.991336879932
    8      7.061026823405      7.169891564941      7.151577911371
    8      2.389347664253      2.312061168801      7.121771946998
    0    0
