   3   1   1 E -1.6031031001743E+04 DE 1.5E-09(  2)
  0.604783117548E-02  0.702900804072E+01  0.702825827979E+01
  0.702799255273E+01 -0.463150632720E-02  0.703122506417E+01
  0.703185912588E+01  0.703009319778E+01 -0.228774228605E-02
    1
  0.100000000000E+01  0.000000000000E+00  0.000000000000E+00
  0.000000000000E+00  0.100000000000E+01  0.000000000000E+00
  0.000000000000E+00  0.000000000000E+00  0.100000000000E+01
  0.000000000000E+00  0.000000000000E+00  0.000000000000E+00
   54
   20      0.000000000000      0.000000000000      0.000000000000
   20      2.343953041962      2.343364399259     -0.000762580762
   20     -2.343953041962     -2.343364399259      0.000762580762
   20      2.342664184244     -0.001543835442      2.343741688056
   20      4.686617226206      2.341820563817      2.342979107294
   20     -0.001288857717     -2.344908234702      2.344504268818
   20     -2.342664184244      0.001543835442     -2.343741688056
   20      0.001288857717      2.344908234702     -2.344504268818
   12     -4.686617226206     -2.341820563817     -2.342979107294
   20      0.002015943725      2.343002680239      2.342752759931
   20      2.345968985687      4.686367079498      2.341990179169
   20     -2.341937098236     -0.000361719020      2.343515340693
   20      2.344680127969      2.341458844797      4.686494447987
   20      4.688633169931      4.684823244056      4.685731867225
   20      0.000727086008     -0.001905554463      4.687257028749
   12     -2.340648240519      2.344546515682     -0.000988928125
   20      0.003304801443      4.687910914941     -0.001751508887
   12     -4.684601282480      0.001182116422     -0.000226347363
   12     -0.002015943725     -2.343002680239     -2.342752759931
   12      2.341937098236      0.000361719020     -2.343515340693
   20     -2.345968985687     -4.686367079498     -2.341990179169
   12      2.340648240519     -2.344546515682      0.000988928125
   20      4.684601282480     -0.001182116422      0.000226347363
   12     -0.003304801443     -4.687910914941      0.001751508887
   20     -2.344680127969     -2.341458844797     -4.686494447987
   12     -0.000727086008      0.001905554463     -4.687257028749
   12     -4.688633169931     -4.684823244056     -4.685731867225
    8     -0.000363543004      0.000952777231     -2.343628514374
    8      2.343589498957      2.344317176490     -2.344391095136
    8     -2.344316584965     -2.342411622028     -2.342865933612
    8      2.342300641240     -0.000591058211      0.000113173681
    8      4.686253683200      2.342773341046     -0.000649407081
    8     -0.001652400721     -2.343955457470      0.000875754443
    8      4.684964825485     -0.002134893653      2.343854861738
    8      7.028917867442      2.341229505603      2.343092280974
    8      2.341011783524     -2.345499292913      2.344617442500
    8      0.001652400721      2.343955457470     -0.000875754443
    8      2.345605442683      4.687319856730     -0.001638335205
    8     -2.342300641240      0.000591058211     -0.000113173681
    8      2.344316584965      2.342411622028      2.342865933612
    8      4.688269626926      4.685776021286      2.342103352850
    8      0.000363543004     -0.000952777231      2.343628514374
    8      4.686980769209      2.340867786586      4.686607621667
    8      7.030933811168      4.684232185844      4.685845040904
    8      2.343027727248     -0.002496612674      4.687370202430
    8      0.003668344446      4.686958137709      2.341877005487
    8      2.347621386409      7.030322536971      2.341114424727
    8     -2.340284697515      2.343593738449      2.342639586249
    8      2.346332528691      4.685414302268      4.685618693544
    8      4.690285570652      7.028778701529      4.684856112783
    8      0.002379486729      2.342049903008      4.686381274305
    8      4.688996712933      4.683870466827      7.029360381599
    8      7.032949754893      7.027234866086      7.028597800837
    8      2.345043670972      2.340506067566      7.030122962361
    0    0
