   3   1   1 E -1.6031083929718E+04 DE 5.7E-08(  8)
 -0.156899018770E-01  0.697361586044E+01  0.698273192778E+01
  0.697571372151E+01 -0.180844209090E-01  0.699212232068E+01
  0.697076886769E+01  0.698388946354E+01 -0.185671855166E-01
    1
  0.100000000000E+01  0.000000000000E+00  0.000000000000E+00
  0.000000000000E+00  0.100000000000E+01  0.000000000000E+00
  0.000000000000E+00  0.000000000000E+00  0.100000000000E+01
  0.000000000000E+00  0.000000000000E+00  0.000000000000E+00
   54
   20      0.012578434637     -0.022409453495     -0.024829841911
   20      2.312351746390      2.333278673347     -0.059513039416
   20     -2.328210613278     -2.313111503654     -0.005785630706
   20      2.318546509581     -0.046481810466      2.331067447368
   20      4.633860024415      2.317357346631      2.337244396129
   20      0.037991561419     -2.346273645631      2.352972088166
   20     -2.339986637550     -0.008606332492     -2.305777445846
   20      0.029993642697      2.339142815874     -2.327584645322
   12     -4.698751200991     -2.391489484545     -2.323430005990
   20     -0.016715175512      2.335095367967      2.306728758074
   20      2.282249160308      4.667263843840      2.353398219417
   12     -2.383185620580      0.102979255706      2.323837673506
   12      2.265427483626      2.341198878623      4.681718872446
   20      4.600832780752      4.630124690818      4.677274259189
   20      0.017482097262     -0.016707206651      4.657962998454
   12     -2.376854673299      2.420717284496      0.024953175089
   12     -0.011691139235      4.610235392327     -0.134259571491
   20     -4.601751417021      0.051412488843      0.007513169554
   12      0.099901559723     -2.324519241149     -2.273212056831
   12      2.278710574491      0.022780609635     -2.325572451621
   20     -2.344929125670     -4.658181617894     -2.366743971948
   12      2.281477878883     -2.213754641177     -0.028701954800
   20      4.639974689570     -0.055667642358     -0.037138993745
   20      0.080217467677     -4.619800918123     -0.002195590910
   20     -2.340548072585     -2.385136442328     -4.677382459319
   20      0.055085194783     -0.022010543852     -4.643760564497
   12     -4.615100999592     -4.631411082756     -4.524633203779
    8      0.071284283414     -0.064944692713     -2.323438412959
    8      2.320263368553      2.340621093682     -2.423276274074
    8     -2.323435030367     -2.345536563621     -2.327006924921
    8      2.320466201539     -0.080767626788     -0.072737022824
    8      4.651850023367      2.324201009453     -0.030203074263
    8      0.051984556168     -2.336226970485     -0.010780490892
    8      4.645561439006     -0.040023158691      2.331354001613
    8      7.040365829666      2.317777505821      2.339149335161
    8      2.327072451857     -2.433027269736      2.335177294888
    8     -0.028887948524      2.379053134959     -0.039992018849
    8      2.281740512739      4.675765170564     -0.078758755081
    8     -2.314792477463      0.054914910249      0.041217904133
    8      2.316765142126      2.322431372484      2.350165988375
    8      4.626868100229      4.689171727324      2.345403329371
    8     -0.021046134504     -0.008929985318      2.314467666901
    8      4.579629788085      2.316332972203      4.709139465947
    8      7.049976590902      4.641146329972      4.709786839699
    8      2.334475899530     -0.009576358177      4.670380961204
    8     -0.006526913076      4.640570629366      2.314176755032
    8      2.408471081745      7.068076358389      2.434618906690
    8     -2.410283462766      2.260551340973      2.273952619660
    8      2.147056259234      4.611091138575      4.783139203458
    8      4.563345287447      6.956082676146      4.616890888703
    8      0.071182988236      2.377454898700      4.644909829766
    8      4.612624371075      4.550174696752      6.963918011571
    8      7.017810034837      6.935431595719      6.948503677669
    8      2.465788719002      2.469553046506      6.988982448000
    0    0
