   3   1   1 E -1.6031103116565E+04 DE-2.0E-09(  8)
  0.863927387794E-02  0.701922688884E+01  0.700459044210E+01
  0.699014840451E+01 -0.116706061716E-02  0.700754537631E+01
  0.698460077544E+01  0.701099790170E+01  0.101769299862E-01
    1
  0.100000000000E+01  0.000000000000E+00  0.000000000000E+00
  0.000000000000E+00  0.100000000000E+01  0.000000000000E+00
  0.000000000000E+00  0.000000000000E+00  0.100000000000E+01
  0.000000000000E+00  0.000000000000E+00  0.000000000000E+00
   54
   20      0.002017260364      0.004445241975     -0.013620377204
   20      2.324018929357      2.344259006839     -0.068589185747
   20     -2.343995637913     -2.336781758986      0.000173234385
   20      2.356150915586     -0.003079672676      2.371009926874
   20      4.658182317567      2.318917019367      2.323315607058
   20      0.008516022747     -2.346618135538      2.337810786706
   20     -2.376019414786      0.009725656968     -2.306355076669
   20      0.022538010962      2.330719461608     -2.316646684774
   12     -4.715852172086     -2.336303378733     -2.291713357862
   20     -0.013218182969      2.349159095370      2.292790960071
   20      2.333874395015      4.720677292213      2.397897498325
   12     -2.350756382794      0.010428559543      2.282037901731
   12      2.387003193076      2.371636754248      4.747966030110
   20      4.657550733827      4.691030400132      4.723057202466
   20     -0.007311110487     -0.000179729412      4.717256137362
   12     -2.307217541519      2.296224209499      0.013342945837
   12     -0.038592929577      4.654018372711      0.034368188458
   20     -4.698499865739      0.020543403907      0.015954161595
   20      0.039939216799     -2.330534657104     -2.361339660763
   12      2.368451264408     -0.029795036830     -2.396741417734
   20     -2.334191073821     -4.708542218039     -2.345409917129
   20      2.374324265285     -2.361120392098     -0.033307723475
   12      4.719310964907      0.057979909287      0.017955259636
   12     -0.014594479496     -4.689156465569     -0.007478147976
   20     -2.318950722579     -2.331526553526     -4.722692518051
   12     -0.149028781892     -0.005307260058     -4.699961870185
   20     -4.662989404896     -4.712821615123     -4.684344402740
    8      0.036764241771     -0.004594284353     -2.398954531623
    8      2.334311361338      2.340456263510     -2.345575602830
    8     -2.413493074228     -2.347054372673     -2.353736574572
    8      2.427918100018     -0.000914732333     -0.069139805288
    8      4.751084804982      2.270311045483     -0.000486912424
    8     -0.006445807772     -2.399362348616      0.001493960876
    8      4.719676821723      0.000986106967      2.284402761696
    8      6.977852759105      2.241079466785      2.253043630940
    8      2.325080040063     -2.345224398685      2.350943125551
    8     -0.094436618628      2.404219593327     -0.004494347361
    8      2.229788832966      4.680426866601     -0.070278401330
    8     -2.333952930082      0.072824469121      0.084852435275
    8      2.317873485302      2.345719472774      2.355305544213
    8      4.673572317603      4.762092816471      2.344533925873
    8     -0.043229295294     -0.001687483885      2.333131825274
    8      4.568301537301      2.327728009602      4.755986642763
    8      7.105529430917      4.673280188333      4.748471630433
    8      2.317864596832      0.000741248532      4.687684473918
    8      0.015346622584      4.778058347076      2.252828032902
    8      2.400642443327      7.009937667546      2.428711139415
    8     -2.319679044482      2.233396422912      2.225604959252
    8      2.340866683618      4.688176576075      4.679645967950
    8      4.572316880602      7.021387841585      4.716083488345
    8      0.128640071392      2.349641353011      4.771473434456
    8      4.787615485499      4.655665762244      7.006702361443
    8      6.869473034191      7.035543087666      7.120004245395
    8      2.315305472251      2.349927289610      6.915434456963
    0    0
