   3   1   1 E -1.6031063545895E+04 DE 9.3E-11( 11)
  0.274592336766E-01  0.696322053232E+01  0.698067367076E+01
  0.695351833524E+01 -0.133841336952E-01  0.701369719599E+01
  0.694206123059E+01  0.698028814492E+01  0.308902466532E-02
    1
  0.100000000000E+01  0.000000000000E+00  0.000000000000E+00
  0.000000000000E+00  0.100000000000E+01  0.000000000000E+00
  0.000000000000E+00  0.000000000000E+00  0.100000000000E+01
  0.000000000000E+00  0.000000000000E+00  0.000000000000E+00
   54
   20      0.005500415814     -0.026029329412     -0.051062169639
   20      2.303908545602      2.352738825892     -0.006607894024
   20     -2.301906155574     -2.327886710245     -0.013529959546
   20      2.293178934203     -0.040203429562      2.353140912732
   20      4.644501832760      2.333579978705      2.348650898258
   20      0.036538543212     -2.348775813561      2.343694396867
   20     -2.323919301031     -0.026299564601     -2.354731312412
   12      0.021177058587      2.325225589125     -2.308387114149
   12     -4.727044310287     -2.239071365436     -2.331149276121
   20     -0.008441910830      2.345014893728      2.364352627562
   12      2.372760368173      4.727974833428      2.359185450700
   12     -2.232944747801     -0.010795316198      2.405246518976
   20      2.282991527216      2.347119089496      4.684082753846
   20      4.649124295779      4.661365675365      4.649490866458
   12      0.179944419858      0.013826654261      4.669753383925
   20     -2.313453545401      2.348388694643      0.000885236304
   20      0.033204693882      4.660900614124      0.010147330601
   20     -4.636531589308     -0.010821076271     -0.005449817702
   12      0.073700920077     -2.382698539784     -2.370276412780
   20      2.304845907158     -0.009675523452     -2.346834643319
   20     -2.306235104112     -4.624556279479     -2.343882554981
   12      2.244721491571     -2.397180227985     -0.058034126420
   20      4.627570033799     -0.010689306921      0.018063586800
   12     -0.170917123395     -4.724244495472     -0.118641343040
   12     -2.445473065691     -2.348016196988     -4.644125168244
   20     -0.006707722618     -0.007565635426     -4.640915403616
   20     -4.642193396645     -4.613492434535     -4.662797470257
    8      0.005272116461     -0.016704850330     -2.353310209427
    8      2.258304327834      2.379333897764     -2.338641653504
    8     -2.322069515793     -2.328958634276     -2.349599977669
    8      2.297914825343     -0.038391675460     -0.010682414011
    8      4.660807968399      2.336344637991      0.004066459413
    8      0.051905935237     -2.402056940692     -0.079005282091
    8      4.611217113219     -0.042756013114      2.360677013494
    8      6.960009260456      2.328452438646      2.353081684118
    8      2.383385981799     -2.339010672055      2.355520444417
    8      0.003893987806      2.343648121567     -0.021179470318
    8      2.319343135069      4.661394952482      0.006592691902
    8     -2.306578461658     -0.010166948658     -0.004483667054
    8      2.306639468148      2.355416927235      2.355005873025
    8      4.625676394178      4.676142766100      2.334458629876
    8     -0.044802654809     -0.026667140044      2.351547802077
    8      4.661320049509      2.330829715045      4.655129079330
    8      7.034292181023      4.645548091399      4.680858559946
    8      2.250910879455     -0.051570449893      4.679956311628
    8      0.040848000453      4.654741486537      2.400388286682
    8      2.368518612986      6.936508890692      2.325239235550
    8     -2.300922816752      2.347375825469      2.328619521201
    8      2.261134969050      4.659750047019      4.620376430079
    8      4.707073119424      6.970018925926      4.646916460453
    8      0.001282286661      2.346155155119      4.715920502516
    8      4.614993050304      4.646884837831      7.019271505081
    8      6.968545384515      6.988193915873      6.991945194355
    8      2.276857984450      2.366969534331      7.009631203524
    0    0
