   3   1   1 E -1.6031106438557E+04 DE 2.8E-09(  8)
 -0.156417991424E-01  0.700782938845E+01  0.701569148608E+01
  0.699035435341E+01  0.183323589754E-02  0.699853579798E+01
  0.699218758931E+01  0.699218758931E+01  0.213290834145E-17
    2
  0.100000000000E+01  0.000000000000E+00  0.000000000000E+00
  0.000000000000E+00  0.100000000000E+01  0.000000000000E+00
  0.000000000000E+00  0.000000000000E+00  0.100000000000E+01
  0.000000000000E+00  0.000000000000E+00  0.000000000000E+00
  0.000000000000E+00 -0.100000000000E+01  0.000000000000E+00
 -0.100000000000E+01  0.000000000000E+00  0.000000000000E+00
  0.000000000000E+00  0.000000000000E+00  0.100000000000E+01
  0.000000000000E+00  0.000000000000E+00  0.000000000000E+00
   54
   20      0.020904741789     -0.020904741789     -0.044345395383
   20      2.363414314980      2.319148724628     -0.045656558808
   20     -2.319148724628     -2.363414314980     -0.045656558808
   20      2.350400398247     -0.038730700368      2.309230219671
   20      4.707374834339      2.284812754967      2.276564711175
   20      0.038730700368     -2.350400398247      2.309230219671
   20     -2.310511623642     -0.047622689421     -2.340920326508
   20      0.047622689421      2.310511623642     -2.340920326508
   12     -4.646257430291     -2.345930159015     -2.319744412830
   20     -0.046445304998      2.368793055884      2.364780665965
   20      2.288036391080      4.704151198226      2.388430117900
   20     -2.368793055884      0.046445304998      2.364780665965
   20      2.308651404670      2.370884608570      4.720716043246
   20      4.621302980736      4.683536184636      4.720716043246
   20     -0.043842206376      0.043842206376      4.703693271149
   12     -2.347886392676      2.347886392676     -0.017044436163
   20     -0.043764627498      4.703917899055      0.010927337786
   20     -4.703917899055      0.043764627498      0.010927337786
   12      0.076987249384     -2.337401231105     -2.307837252726
   12      2.337401231105     -0.076987249384     -2.307837252726
   12     -2.359636242540     -4.632551346766     -2.281938700354
   12      2.377961611642     -2.377961611642     -0.067389870768
   12      4.648127112767      0.078196793232     -0.052213152905
   12     -0.078196793232     -4.648127112767     -0.052213152905
   20     -2.329409250253     -2.344692771422     -4.686290661444
   12      0.051494707567     -0.051494707567     -4.635577242213
   20     -4.647494817885     -4.662778339053     -4.686290661444
    8      0.102263246362     -0.102263246362     -2.402578542714
    8      2.429702995057      2.382214306206     -2.328877709288
    8     -2.382214306206     -2.429702995057     -2.328877709288
    8      2.424975463629     -0.087571168456     -0.105478313298
    8      4.746300974425      2.245886614881     -0.091457235542
    8      0.087571168456     -2.424975463629     -0.105478313298
    8      4.723524158545     -0.000894830309      2.273555763477
    8      6.993082419617      2.268663430763      2.273555763477
    8      2.328675109533     -2.328675109531      2.320501348795
    8     -0.039815152854      2.337103576031      0.020603539483
    8      2.334292927385      4.657894661921     -0.028472506832
    8     -2.337103576031      0.039815152854      0.020603539483
    8      2.330350570201      2.330971082786      2.334196912686
    8      4.661216506520      4.661837019105      2.334196912686
    8     -0.007195212855      0.007195212855      2.337497545965
    8      4.677149452173      2.315038137135      4.743368971095
    8      7.068471247677      4.673255755969      4.671181327621
    8      2.318931833340     -0.076283658368      4.671181327621
    8     -0.008779179099      4.759859067100      2.424262371003
    8      2.232328522204      7.000966768404      2.424262371003
    8     -2.339073873198      2.339073873197      2.321256155286
    8      2.247783504258      4.744404085048      4.757152379713
    8      4.554552268506      7.091870774767      4.759853179012
    8     -0.099683185463      2.437635320799      4.759853179012
    8      4.561177034991      4.622209007951      6.988615765491
    8      6.879481148427      7.104894030186      7.082808319070
    8      2.369978581356      2.431010554316      6.988615765491
    0    0
