   3   1   1 E -1.6031032492568E+04 DE 2.2E-10(  2)
  0.897253344699E-02  0.703243783403E+01  0.702772100054E+01
  0.703160005187E+01 -0.272402490552E-02  0.703047310866E+01
  0.703288266197E+01  0.703210768139E+01  0.951798261645E-03
    1
  0.100000000000E+01  0.000000000000E+00  0.000000000000E+00
  0.000000000000E+00  0.100000000000E+01  0.000000000000E+00
  0.000000000000E+00  0.000000000000E+00  0.100000000000E+01
  0.000000000000E+00  0.000000000000E+00  0.000000000000E+00
   54
   20      0.000000000000      0.000000000000      0.000000000000
   20      2.344294220658      2.344035893797      0.000317266087
   20     -2.344294220658     -2.344035893797     -0.000317266087
   20      2.343866683956     -0.000908008302      2.343491036221
   20      4.688160904614      2.343127885495      2.343808302308
   20     -0.000427536701     -2.344943902099      2.343173770134
   20     -2.343866683956      0.000908008302     -2.343491036221
   20      0.000427536701      2.344943902099     -2.343173770134
   12     -4.688160904614     -2.343127885495     -2.343808302308
   20      0.002990844482      2.344145944675      2.342573666846
   20      2.347285065140      4.688181838473      2.342890932933
   20     -2.341303376175      0.000110050878      2.342256400758
   12      2.346857528439      2.343237936374      4.686064703067
   12      4.691151749096      4.687273830171      4.686381969154
   20      0.002563307781     -0.000797957423      4.685747436980
   20     -2.340875839474      2.345053952977     -0.000917369376
   20      0.003418381183      4.689089846774     -0.000600103288
   20     -4.685170060132      0.001018059180     -0.001234635463
   20     -0.002990844482     -2.344145944675     -2.342573666846
   12      2.341303376175     -0.000110050878     -2.342256400758
   12     -2.347285065140     -4.688181838473     -2.342890932933
   12      2.340875839474     -2.345053952977      0.000917369376
   12      4.685170060132     -0.001018059180      0.001234635463
   20     -0.003418381183     -4.689089846774      0.000600103288
   20     -2.346857528439     -2.343237936374     -4.686064703067
   12     -0.002563307781      0.000797957423     -4.685747436980
   12     -4.691151749096     -4.687273830171     -4.686381969154
    8     -0.001281653891      0.000398978712     -2.342873718490
    8      2.343012566765      2.344434872507     -2.342556452403
    8     -2.345575874548     -2.343636915085     -2.343190984577
    8      2.342585030066     -0.000509029590      0.000617317731
    8      4.686879250723      2.343526864207      0.000934583819
    8     -0.001709190592     -2.344544923387      0.000300051644
    8      4.686451714021     -0.001417037892      2.344108353952
    8      7.030745934679      2.342618855905      2.344425620039
    8      2.342157493364     -2.345452931689      2.343791087864
    8      0.001709190592      2.344544923387     -0.000300051644
    8      2.346003411248      4.688580817183      0.000017214443
    8     -2.342585030066      0.000509029590     -0.000617317731
    8      2.345575874548      2.343636915085      2.343190984577
    8      4.689870095205      4.687672808881      2.343508250664
    8      0.001281653891     -0.000398978712      2.342873718490
    8      4.689442558504      2.342728906784      4.686682020797
    8      7.033736779161      4.686764800581      4.686999286884
    8      2.345148337846     -0.001306987014      4.686364754710
    8      0.004700035074      4.688690868065      2.342273615203
    8      2.348994255731      7.032726761861      2.342590881291
    8     -2.339594185584      2.344654974268      2.341956349116
    8      2.348566719031      4.687782859762      4.685764651424
    8      4.692860939688      7.031818753559      4.686081917512
    8      0.004272498373      2.343746965965      4.685447385336
    8      4.692433402986      4.686874851460      7.029255687644
    8      7.036727623643      7.030910745257      7.029572953731
    8      2.348139182328      2.342838957662      7.028938421556
    0    0
