   3   1   1 E -1.6031102650510E+04 DE 1.5E-09( 10)
  0.117510665742E-01  0.700774271209E+01  0.701279450553E+01
  0.700526673903E+01 -0.414054612144E-02  0.701981779626E+01
  0.700615605570E+01  0.701120754167E+01  0.119393317628E-05
    1
  0.100000000000E+01  0.000000000000E+00  0.000000000000E+00
  0.000000000000E+00  0.100000000000E+01  0.000000000000E+00
  0.000000000000E+00  0.000000000000E+00  0.100000000000E+01
  0.000000000000E+00  0.000000000000E+00  0.000000000000E+00
   54
   20      0.050835190846     -0.019426657495     -0.010370310004
   20      2.371031967517      2.308367086114     -0.075833897788
   20     -2.339973645155     -2.361973993981     -0.000634034105
   20      2.367795312925     -0.044599688374      2.364884939422
   20      4.684139619212      2.312713323165      2.338183965436
   20      0.041081130764     -2.374019393699      2.354715570277
   20     -2.349707499130      0.004255508277     -2.338422308096
   20      0.058753978554      2.343244157690     -2.382281913367
   12     -4.621876335631     -2.408274713889     -2.338007191851
   20     -0.002942838188      2.335559243716      2.359320170162
   20      2.338158035470      4.706110453297      2.405228755512
   20     -2.387134679472      0.021718685742      2.430366194769
   12      2.370375615706      2.389116314035      4.679557871590
   12      4.576415145407      4.691437017568      4.746213140494
   20     -0.029551886589     -0.013711190629      4.699049713358
   20     -2.395733719778      2.392998183684     -0.050834368005
   20     -0.024583415227      4.719563735078     -0.007171479986
   20     -4.697457738029      0.041048914066     -0.001125218340
   20      0.038133036586     -2.339702624673     -2.348240704969
   12      2.371259142852      0.048277620491     -2.319141313520
   12     -2.447295880139     -4.639616049585     -2.357575813144
   12      2.363416989304     -2.384857436375     -0.086451152294
   12      4.630820815656     -0.036224882136     -0.069848557216
   20      0.013294451607     -4.699488245016     -0.017160123574
   20     -2.386277483980     -2.341872674278     -4.691095282605
   12      0.016657613730      0.034142888496     -4.676983008532
   12     -4.675697900715     -4.661752815244     -4.559431463481
    8      0.121400840525      0.000122976732     -2.378080433748
    8      2.446323102158      2.402537690153     -2.428528505181
    8     -2.433087160943     -2.416542396548     -2.342175424802
    8      2.426361309332     -0.111922513214     -0.104063850713
    8      4.655172384881      2.247576485192     -0.095700117452
    8      0.075957389393     -2.338506635417      0.003913327362
    8      4.767735104372      0.000001345677      2.313034759761
    8      7.103758016611      2.227866596284      2.339944559405
    8      2.326155108763     -2.452425020918      2.357785616654
    8      0.006342555146      2.339602437760     -0.021263875532
    8      2.338588330934      4.678259056157     -0.038253994958
    8     -2.353278797419      0.014646982969     -0.028294308137
    8      2.341403379565      2.326814587587      2.383951278259
    8      4.661929465835      4.672541693084      2.382457599232
    8      0.003219165333     -0.010999768182      2.359800033587
    8      4.606859248922      2.430209359339      4.659459142484
    8      7.024621880553      4.656981552983      4.683093630111
    8      2.341831826865     -0.007481902790      4.683908045494
    8      0.003112700143      4.741050560993      2.342026826931
    8      2.242644262191      7.114848766501      2.442709034515
    8     -2.403146301529      2.332772962786      2.427526781284
    8      2.456197755347      4.644500647651      4.765454186038
    8      4.535885660126      6.985029913635      4.773123424949
    8      0.010022511799      2.339137238838      4.667084846265
    8      4.575662794085      4.767879584512      6.944933603552
    8      6.937768638730      7.007165113627      7.061246182149
    8      2.350906180043      2.451943602968      6.944756183134
    0    0
