   3   1   1 E -1.6031033955436E+04 DE-8.2E-11(  2)
  0.856163429554E-02  0.702917485236E+01  0.702548629636E+01
  0.703455579530E+01 -0.252375072143E-02  0.702778938566E+01
  0.703698129333E+01  0.702905721667E+01  0.535564755140E-03
    1
  0.100000000000E+01  0.000000000000E+00  0.000000000000E+00
  0.000000000000E+00  0.100000000000E+01  0.000000000000E+00
  0.000000000000E+00  0.000000000000E+00  0.100000000000E+01
  0.000000000000E+00  0.000000000000E+00  0.000000000000E+00
   54
   20      0.000000000000      0.000000000000      0.000000000000
   20      2.345660431109      2.343019072222      0.000178521585
   20     -2.345660431109     -2.343019072222     -0.000178521585
   20      2.344851931766     -0.000841250240      2.342596461885
   20      4.690512362875      2.342177821982      2.342774983470
   20     -0.000808499344     -2.343860322462      2.342417940300
   20     -2.344851931766      0.000841250240     -2.342596461885
   20      0.000808499344      2.343860322462     -2.342417940300
   20     -4.690512362875     -2.342177821982     -2.342774983470
   20      0.002853878099      2.343058284120      2.341828765454
   20      2.348514309208      4.686077356342      2.342007287039
   20     -2.342806553011      0.000039211898      2.341650243869
   20      2.347705809864      2.342217033879      4.684425227339
   12      4.693366240974      4.685236106101      4.684603748924
   12      0.002045378755     -0.000802038343      4.684246705754
   20     -2.341998053667      2.343899534360     -0.000767696431
   12      0.003662377442      4.686918606582     -0.000589174846
   12     -4.687658484777      0.000880462138     -0.000946218016
   12     -0.002853878099     -2.343058284120     -2.341828765454
   20      2.342806553011     -0.000039211898     -2.341650243869
   12     -2.348514309208     -4.686077356342     -2.342007287039
   12      2.341998053667     -2.343899534360      0.000767696431
   12      4.687658484777     -0.000880462138      0.000946218016
   20     -0.003662377442     -4.686918606582      0.000589174846
   20     -2.347705809864     -2.342217033879     -4.684425227339
   20     -0.002045378755      0.000802038343     -4.684246705754
   12     -4.693366240974     -4.685236106101     -4.684603748924
    8     -0.001022689377      0.000401019171     -2.342123352877
    8      2.344637741734      2.343420091395     -2.341944831292
    8     -2.346683120487     -2.342618053051     -2.342301874462
    8      2.343829242388     -0.000440231069      0.000473109008
    8      4.689489673499      2.342578841154      0.000651630593
    8     -0.001831188721     -2.343459303291      0.000294587423
    8      4.688681174156     -0.001281481310      2.343069570895
    8      7.034341605266      2.341737590913      2.343248092480
    8      2.343020743047     -2.344300553531      2.342891049310
    8      0.001831188721      2.343459303291     -0.000294587423
    8      2.347491619832      4.686478375515     -0.000116065838
    8     -2.343829242388      0.000440231069     -0.000473109008
    8      2.346683120487      2.342618053051      2.342301874462
    8      4.692343551597      4.685637125274      2.342480396047
    8      0.001022689377     -0.000401019171      2.342123352877
    8      4.691535052254      2.341776802810      4.684898336348
    8      7.037195483364      4.684795875034      4.685076857934
    8      2.345874621145     -0.001242269412      4.684719814764
    8      0.004685066820      4.686517587411      2.341534178031
    8      2.350345497931      7.029536659635      2.341712699616
    8     -2.340975364290      2.343498515188      2.341355656445
    8      2.349536998585      4.685676337170      4.684130639916
    8      4.695197429697      7.028695409395      4.684309161502
    8      0.003876567476      2.342657264948      4.683952118331
    8      4.694388930352      4.684835086930      7.026727101803
    8      7.040049361463      7.027854159154      7.026905623388
    8      2.348728499243      2.341816014708      7.026548580217
    0    0
