   3   1   1 E -1.6031032488214E+04 DE 1.7E-09(  2)
  0.756317785894E-02  0.703056065699E+01  0.702676740321E+01
  0.703112664747E+01 -0.349261646417E-02  0.702968705180E+01
  0.703399930764E+01  0.703120746622E+01 -0.796471917929E-03
    1
  0.100000000000E+01  0.000000000000E+00  0.000000000000E+00
  0.000000000000E+00  0.100000000000E+01  0.000000000000E+00
  0.000000000000E+00  0.000000000000E+00  0.100000000000E+01
  0.000000000000E+00  0.000000000000E+00  0.000000000000E+00
   54
   20      0.000000000000      0.000000000000      0.000000000000
   20      2.344666435880      2.343735822073     -0.000265490639
   20     -2.344666435880     -2.343735822073      0.000265490639
   20      2.343708882491     -0.001164205488      2.343229017267
   20      4.688375318371      2.342571616585      2.342963526628
   20     -0.000957553389     -2.344900027561      2.343494507907
   20     -2.343708882491      0.001164205488     -2.343229017267
   20      0.000957553389      2.344900027561     -2.343494507907
   12     -4.688375318371     -2.342571616585     -2.342963526628
   20      0.002521059286      2.343520218997      2.342255801069
   20      2.347187495167      4.687256041070      2.341990310430
   20     -2.342145376594     -0.000215603076      2.342521291708
   12      2.346229941777      2.342356013509      4.685484818336
   12      4.690896377658      4.686091835581      4.685219327697
   20      0.001563505897     -0.001379808564      4.685750308976
   20     -2.341187823205      2.344684424485     -0.000973216199
   20      0.003478612676      4.688420246558     -0.001238706838
   20     -4.685854259085      0.000948602412     -0.000707725559
   20     -0.002521059286     -2.343520218997     -2.342255801069
   12      2.342145376594      0.000215603076     -2.342521291708
   12     -2.347187495167     -4.687256041070     -2.341990310430
   20      2.341187823205     -2.344684424485      0.000973216199
   12      4.685854259085     -0.000948602412      0.000707725559
   12     -0.003478612676     -4.688420246558      0.001238706838
   12     -2.346229941777     -2.342356013509     -4.685484818336
   20     -0.001563505897      0.001379808564     -4.685750308976
   12     -4.690896377658     -4.686091835581     -4.685219327697
    8     -0.000781752949      0.000689904282     -2.342875154488
    8      2.343884682933      2.344425726355     -2.343140645127
    8     -2.345448188829     -2.343045917791     -2.342609663849
    8      2.342927129543     -0.000474301206      0.000353862780
    8      4.687593565424      2.343261520867      0.000088372140
    8     -0.001739306338     -2.344210123279      0.000619353419
    8      4.686636012032     -0.001638506694      2.343582880045
    8      7.031302447912      2.342097315379      2.343317389405
    8      2.341969576152     -2.345374328767      2.343848370685
    8      0.001739306338      2.344210123279     -0.000619353419
    8      2.346405742218      4.687945945351     -0.000884844058
    8     -2.342927129543      0.000474301206     -0.000353862780
    8      2.345448188829      2.343045917791      2.342609663849
    8      4.690114624709      4.686781739863      2.342344173209
    8      0.000781752949     -0.000689904282      2.342875154488
    8      4.689157071319      2.341881712303      4.685838681115
    8      7.033823507198      4.685617534375      4.685573190475
    8      2.344490635439     -0.001854109770      4.686104171754
    8      0.004260365624      4.687730342277      2.341636447651
    8      2.348926801504      7.031466164349      2.341370957012
    8     -2.340406070256      2.343994520204      2.341901938290
    8      2.347969248115      4.686566136789      4.684865464918
    8      4.692635683995      7.030301958861      4.684599974279
    8      0.003302812235      2.342830314715      4.685130955557
    8      4.691678130606      4.685401931301      7.028094482185
    8      7.036344566484      7.029137753373      7.027828991546
    8      2.347011694726      2.341666109228      7.028359972825
    0    0
