   3   1   1 E -1.6031055707103E+04 DE 7.5E-10( 11)
 -0.467030591424E-02  0.701812301020E+01  0.702533859834E+01
  0.700803825094E+01  0.101202609112E-01  0.701736483841E+01
  0.701311501980E+01  0.702094111295E+01 -0.587231062384E-03
    1
  0.100000000000E+01  0.000000000000E+00  0.000000000000E+00
  0.000000000000E+00  0.100000000000E+01  0.000000000000E+00
  0.000000000000E+00  0.000000000000E+00  0.100000000000E+01
  0.000000000000E+00  0.000000000000E+00  0.000000000000E+00
   54
   20      0.000323894349     -0.004284135600      0.001994002614
   20      2.334842507899      2.346025650271     -0.009255512295
   20     -2.343591854831     -2.334862770619     -0.002345914961
   20      2.337217308586     -0.001002762641      2.350147332231
   20      4.678835976767      2.338651745666      2.338903791235
   20      0.007187964001     -2.351022450873      2.340322069217
   20     -2.344175067301     -0.007481924368     -2.338976132875
   20      0.016167321598      2.328327311239     -2.337121225034
   12     -4.694398679935     -2.348853906343     -2.331288825587
   20     -0.001145473665      2.340953922749      2.343617609284
   20      2.329058924485      4.710442772615      2.335730628150
   12     -2.361727777884      0.069290276245      2.392609492696
   12      2.341408406752      2.331858624441      4.708917215124
   20      4.670007483895      4.682907697948      4.678449876180
   20      0.011642897177     -0.003870848701      4.691310234814
   20     -2.352122238083      2.321791187308      0.008874948432
   12     -0.002729236376      4.735352604670     -0.029479017994
   12     -4.711443673784      0.001143115596      0.011154457886
   20      0.009225760545     -2.340106865238     -2.333151780578
   12      2.339028711626      0.009117095811     -2.379160737391
   20     -2.339334748405     -4.687981638853     -2.345127898620
   20      2.331312881722     -2.352374212588     -0.000673907129
   20      4.686850314746     -0.002572217177      0.002468094635
   12      0.036521663126     -4.692800155603      0.011870912099
   20     -2.338405542232     -2.350470541878     -4.678298587350
   12      0.014339060334      0.073248812989     -4.767786254944
   12     -4.660906303996     -4.762661338197     -4.683666772467
    8      0.020606843214     -0.006496385301     -2.337865459506
    8      2.341120075794      2.332306511971     -2.354589269171
    8     -2.347454067844     -2.344469569479     -2.340084392812
    8      2.337832680033     -0.003138178095     -0.006604872435
    8      4.686592710633      2.339058410216     -0.000673695222
    8      0.002364325569     -2.350558248764      0.001323950050
    8      4.679009728868      0.000050165165      2.342139451491
    8      7.027928797463      2.309772792739      2.326264651625
    8      2.336944887627     -2.357021324283      2.353964451757
    8      0.000049977277      2.342333543317      0.002054898155
    8      2.322689580222      4.711780847622     -0.022689699111
    8     -2.356497907081     -0.005082742504      0.006245872283
    8      2.333536703686      2.348641591001      2.342798239201
    8      4.674967603222      4.696085097174      2.336952660814
    8     -0.004895719815     -0.003478481469      2.344701545237
    8      4.663388194947      2.338950422536      4.680791467604
    8      7.024755264645      4.675236097666      4.679268020138
    8      2.339018287877      0.003324942385      4.694445338111
    8     -0.006826141109      4.697156995102      2.332958382468
    8      2.330913988268      7.096140450606      2.332727848787
    8     -2.354407217261      2.318173358229      2.345763909846
    8      2.331569176534      4.685207327942      4.684120068154
    8      4.674065800430      7.018399580812      4.677482743852
    8      0.008377000010      2.336582969394      4.691652421222
    8      4.674131840969      4.673736085625      7.024102888340
    8      7.046051255390      7.013757592381      7.057596064135
    8      2.294349191064      2.306114827422      7.014637343228
    0    0
