   3   1   1 E -1.6031100062231E+04 DE-8.1E-09(  9)
 -0.635283553919E-02  0.702161980987E+01  0.705167060079E+01
  0.698630535792E+01 -0.290622828419E-02  0.704265316494E+01
  0.699722978970E+01  0.701645831129E+01 -0.708480350962E-02
    1
  0.100000000000E+01  0.000000000000E+00  0.000000000000E+00
  0.000000000000E+00  0.100000000000E+01  0.000000000000E+00
  0.000000000000E+00  0.000000000000E+00  0.100000000000E+01
  0.000000000000E+00  0.000000000000E+00  0.000000000000E+00
   54
   20      0.030624610919     -0.040455014699     -0.066923684486
   20      2.342437052925      2.346926177856     -0.016141787173
   20     -2.321636114903     -2.373022008946     -0.014835460765
   20      2.325904234912     -0.062525376828      2.370127986980
   20      4.698096735282      2.321517638818      2.352194598757
   20      0.052995886891     -2.385041810023      2.386749731106
   20     -2.323334469990     -0.028634507473     -2.325620180014
   12      0.061256902013      2.400887099810     -2.346532531567
   12     -4.743124243280     -2.395855813515     -2.379485517958
   20      0.007445131520      2.357077370407      2.379557243098
   12      2.320851772442      4.655930018218      2.351174902714
   20     -2.347702732293     -0.003856327748      2.360921531134
   20      2.262865154420      2.364244939119      4.704815646784
   20      4.648407617912      4.698967397007      4.717776097923
   12     -0.071266858434     -0.000456358522      4.729368941651
   20     -2.369310798944      2.375196791185      0.003934215696
   20      0.023095327952      4.722060075203     -0.027281990473
   20     -4.719244681937      0.017514088906      0.005139697122
   12      0.074423759262     -2.372584828956     -2.308586827898
   20      2.329234436597     -0.015230397883     -2.388289528778
   20     -2.318836350814     -4.678989649552     -2.326293499747
   12      2.305843154776     -2.341677968290     -0.009312197508
   12      4.716479819839      0.023786565984     -0.078537021612
   12      0.014510495010     -4.671207981446     -0.091322663787
   20     -2.353466334791     -2.331909796809     -4.693597688311
   20      0.032339627935      0.026425317512     -4.679679827622
   12     -4.699884071439     -4.562500088349     -4.694486791675
    8      0.017898963914     -0.020457741797     -2.346989227187
    8      2.213666596590      2.451654771265     -2.413118892885
    8     -2.319570763921     -2.354889924567     -2.325965591488
    8      2.418130923477     -0.095155965476     -0.019721266946
    8      4.745307530779      2.246147550532      0.000227958760
    8      0.122237886706     -2.450493932666     -0.087247939237
    8      4.660340379944     -0.012155010512      2.350653115574
    8      7.105807967963      2.343746937486      2.402929665213
    8      2.320107334496     -2.448544846817      2.391711790358
    8      0.005509410446      2.347008204789     -0.046980768433
    8      2.333029249055      4.675861222379     -0.012954530811
    8     -2.336420855201     -0.006910748972      0.001878886629
    8      2.331485123133      2.389109693724      2.348554611127
    8      4.608101516178      4.660019818477      2.331409270322
    8      0.007189917288     -0.020101047974      2.383283708787
    8      4.701719067300      2.351526771980      4.717144944079
    8      7.071638794172      4.677932557722      4.702840827367
    8      2.214520605573     -0.078475842769      4.720660657842
    8      0.095546740040      4.689268374805      2.375324812408
    8      2.331394095981      7.005158555453      2.347442361824
    8     -2.411461150813      2.347891306422      2.359825628369
    8      2.223102103976      4.676446718705      4.689452293783
    8      4.763136433219      7.021026604665      4.717448953305
    8     -0.010918971944      2.360757254285      4.792098814931
    8      4.581225940020      4.775799125411      7.048661806398
    8      6.906455827599      7.124822935777      6.941691773198
    8      2.219134674625      2.454694624630      7.107478273079
    0    0
