   3   1   1 E -1.6031093492893E+04 DE-9.1E-10( 11)
  0.295349709838E-01  0.695781061412E+01  0.702818017852E+01
  0.704611581089E+01 -0.210330257213E-01  0.706926776946E+01
  0.703547402177E+01  0.698284255896E+01 -0.302549743184E-02
    1
  0.100000000000E+01  0.000000000000E+00  0.000000000000E+00
  0.000000000000E+00  0.100000000000E+01  0.000000000000E+00
  0.000000000000E+00  0.000000000000E+00  0.100000000000E+01
  0.000000000000E+00  0.000000000000E+00  0.000000000000E+00
   54
   20      0.015025332695     -0.034504462601     -0.043376406435
   20      2.357685204460      2.332384296731     -0.026256826284
   20     -2.314916040207     -2.355892441470     -0.025842442885
   20      2.360375929678     -0.045785320754      2.348738908333
   20      4.718295249061      2.304210042123      2.340679072825
   20      0.048812864844     -2.350827685818      2.358648706489
   20     -2.326355106051     -0.010474072997     -2.324796191918
   20     -0.012861221999      2.375764198620     -2.371805886092
   12     -4.746658450967     -2.275194854410     -2.306019521135
   20     -0.004264901127      2.334972361898      2.377359262229
   20      2.328487947064      4.674157926802      2.384455293641
   20     -2.317163099404     -0.014832384690      2.363446465802
   20      2.329246831024      2.352554544944      4.776628343901
   12      4.676281880235      4.633431832578      4.803455411562
   12      0.010202236502     -0.080605905438      4.699649253464
   12     -2.331434777700      2.371023117984     -0.066808578254
   20     -0.041862570382      4.728500339935     -0.031291666903
   20     -4.754472961878      0.039964657588     -0.021764106817
   12      0.069578608291     -2.415392746501     -2.313090544952
   20      2.349171724513     -0.043160091106     -2.313471863087
   20     -2.326278835056     -4.653938486334     -2.328919051153
   12      2.338810050755     -2.337329085619     -0.078883987912
   12      4.722409487002      0.034986928672     -0.009260992524
   12     -0.038003856584     -4.722361604087     -0.056901158146
   20     -2.358309084980     -2.289154501655     -4.735475882816
   12     -0.029521406185     -0.039345120400     -4.700191627276
   20     -4.717888366109     -4.612124945976     -4.732409096602
    8     -0.003438775600     -0.061758691608     -2.393311853057
    8      2.347042380083      2.397580114321     -2.354897058982
    8     -2.326467760033     -2.320597625304     -2.326831796791
    8      2.418294352298     -0.073024672640     -0.009944134237
    8      4.747233471883      2.255714510961     -0.015202142179
    8      0.104995177418     -2.441194356024     -0.072591735291
    8      4.774401834694     -0.007305259816      2.310296933090
    8      7.032819107611      2.247522395599      2.298328841284
    8      2.353940130314     -2.330311181587      2.339134040918
    8     -0.061237569047      2.353098343498     -0.019288287938
    8      2.328971107331      4.680426276453     -0.029167453789
    8     -2.341470596450      0.040714424230     -0.012462480777
    8      2.342202059651      2.325639685328      2.367408966668
    8      4.710410190589      4.639203456452      2.392677357184
    8      0.010041738199     -0.020676356238      2.372658101817
    8      4.687702942997      2.408148931918      4.758316220434
    8      7.076838481746      4.765538368251      4.718232744583
    8      2.263314497891     -0.106165893866      4.724358878223
    8      0.001721062462      4.745944889805      2.404904061778
    8      2.295042325353      6.977869773721      2.354814185405
    8     -2.328553803001      2.329854564885      2.292533486525
    8      2.315032508314      4.650289446662      4.760333959803
    8      4.820940459981      6.857730018834      4.781580904028
    8      0.003824569164      2.335474068401      4.797684438874
    8      4.620711728504      4.584624449775      6.894341884364
    8      6.921029209922      7.095705916960      7.064691430665
    8      2.380328116650      2.407218526126      7.059806647792
    0    0
