   3   1   1 E -1.6031090693553E+04 DE-7.0E-10( 11)
  0.316727776431E-01  0.700156379035E+01  0.701104421292E+01
  0.701707369391E+01  0.387976421909E-02  0.703006665969E+01
  0.701535167337E+01  0.701428168688E+01  0.107924350709E-01
    1
  0.100000000000E+01  0.000000000000E+00  0.000000000000E+00
  0.000000000000E+00  0.100000000000E+01  0.000000000000E+00
  0.000000000000E+00  0.000000000000E+00  0.100000000000E+01
  0.000000000000E+00  0.000000000000E+00  0.000000000000E+00
   54
   20      0.038818155726     -0.038677441119     -0.044753341057
   20      2.354884464416      2.365300834105     -0.054221112145
   20     -2.336627921336     -2.359266739790     -0.051636843221
   20      2.340385115354     -0.035688706412      2.348992258970
   20      4.692353398664      2.347651443626      2.342501572021
   20      0.062136058305     -2.369531609741      2.333736657238
   20     -2.346407194284     -0.047415681331     -2.325793814897
   20      0.071167383384      2.355008128416     -2.317718570974
   12     -4.682314120836     -2.333408541336     -2.313604020409
   20     -0.026011332928      2.378560032312      2.343891585969
   20      2.306809629554      4.733264232734      2.346499515029
   20     -2.375208314949      0.040262312102      2.350232006859
   20      2.288522093170      2.367431724388      4.765720830972
   20      4.664304134306      4.708314002622      4.727000970067
   20      0.016666642973      0.014563727754      4.735675044131
   20     -2.387805574457      2.352240507095     -0.002724100278
   12      0.080300456957      4.693803688629     -0.046719986429
   12     -4.715004253012     -0.101594363482     -0.041075125094
   12      0.033387577560     -2.451548833817     -2.309263776878
   12      2.355589429500     -0.016819164410     -2.300372860537
   12     -2.363418553010     -4.671264019000     -2.383730079477
   12      2.253737146518     -2.342820602184     -0.020781607881
   20      4.677075744009      0.008931259566     -0.021962656307
   12      0.021818051046     -4.758902590975     -0.029406143024
   20     -2.364601872555     -2.371205973242     -4.658525362117
   20      0.050850185145      0.007168192300     -4.693029405195
   12     -4.651234836287     -4.667364957656     -4.672509179148
    8      0.074279637161     -0.056406094936     -2.351172356499
    8      2.435683405780      2.366107272356     -2.421488796966
    8     -2.350615317768     -2.431790642609     -2.339236375247
    8      2.338938801141     -0.057143116099     -0.072673543845
    8      4.743694425044      2.352377864255     -0.041061930669
    8      0.102865044448     -2.428654975822     -0.081444724642
    8      4.674848320748     -0.003530933905      2.351101305479
    8      7.081698383532      2.347064123083      2.308444023952
    8      2.334579845633     -2.418924504718      2.352796569503
    8      0.018316575499      2.389737447833     -0.013006186099
    8      2.251193899391      4.769725659639     -0.110535755705
    8     -2.375922071552     -0.013576430297     -0.009665611564
    8      2.328589087702      2.360717848309      2.347176527553
    8      4.671750868318      4.689637358143      2.350061021909
    8      0.013131857415     -0.002093840375      2.339374839924
    8      4.666356879014      2.348616026639      4.711802366401
    8      7.088657075769      4.687645240950      4.745431550211
    8      2.338483672001     -0.056693669150      4.756825016609
    8      0.026735088027      4.677009567234      2.338031157841
    8      2.365076589117      7.107945215413      2.336757750692
    8     -2.416166681078      2.337409893167      2.358406612213
    8      2.251550001259      4.771728182031      4.773152827072
    8      4.615973754018      7.082551305080      4.687967395448
    8     -0.088033264527      2.444256925503      4.770172232027
    8      4.681275382276      4.678712423240      7.027063695329
    8      7.110723694238      7.000819483160      7.021792614324
    8      2.244605006654      2.338525097248      7.091070203103
    0    0
