   3   1   1 E -1.6031095093257E+04 DE 1.9E-09(  9)
  0.143851627015E-01  0.702046421430E+01  0.698978416799E+01
  0.703257941797E+01 -0.838241261677E-02  0.700598774633E+01
  0.703235506732E+01  0.703005540164E+01 -0.168527010490E-02
    1
  0.100000000000E+01  0.000000000000E+00  0.000000000000E+00
  0.000000000000E+00  0.100000000000E+01  0.000000000000E+00
  0.000000000000E+00  0.000000000000E+00  0.100000000000E+01
  0.000000000000E+00  0.000000000000E+00  0.000000000000E+00
   54
   20      0.041296816437     -0.019920679300     -0.067832146779
   20      2.346221061801      2.352432819963     -0.056189612344
   20     -2.325935839170     -2.380557437871     -0.050258375571
   20      2.343507976325     -0.025498307640      2.355500724883
   20      4.709055989614      2.330803684480      2.360055946463
   20      0.029665280609     -2.375489799425      2.346354963159
   20     -2.336040454098     -0.013874371733     -2.335780657800
   12      0.082128187687      2.406146433172     -2.299531081704
   12     -4.768138205070     -2.418579150805     -2.296738612750
   20      0.007695092257      2.370391439910      2.362991939614
   20      2.317184461502      4.686262124964      2.397543515849
   20     -2.358635945336      0.020005605595      2.369703332544
   12      2.296906950116      2.394439327251      4.742709468770
   20      4.675136405394      4.665587091222      4.708154523209
   20      0.003783331556      0.024661116838      4.707815527823
   20     -2.341725984360      2.386809770049     -0.032234823027
   12      0.063000830312      4.622076644623     -0.077974741397
   20     -4.718649545549      0.008499690649     -0.038001158505
   12      0.099028663637     -2.435361459155     -2.278820771986
   12      2.311908850620      0.020968791878     -2.322243617495
   12     -2.372834456500     -4.643477466595     -2.326411812526
   12      2.269211250475     -2.383962697716     -0.116868557790
   20      4.685377135721      0.000170014380     -0.032271705557
   12     -0.059204983001     -4.624054986028     -0.094470161575
   20     -2.344128174216     -2.351817091461     -4.643765822637
   20      0.010627388712      0.006514528292     -4.640637469622
   20     -4.714074745797     -4.655509491162     -4.650188232316
    8      0.131251073733      0.020481240025     -2.333527423595
    8      2.319780998725      2.392868336354     -2.337431494701
    8     -2.346070569004     -2.465210034180     -2.330976617751
    8      2.342134249575     -0.064305177402     -0.099638643277
    8      4.767077995844      2.349132818940     -0.069405023250
    8      0.085512377008     -2.434714879032     -0.082729063801
    8      4.689388770716     -0.008558496101      2.360975820608
    8      7.034110223886      2.351808397011      2.365507977256
    8      2.337134529043     -2.349299445651      2.352195433256
    8      0.017681508566      2.421859960854     -0.086565197505
    8      2.256086688539      4.678117788836     -0.087646957970
    8     -2.338679129534     -0.004446537545     -0.041316938744
    8      2.349785859318      2.348973301311      2.397101881234
    8      4.690343643531      4.683243266177      2.354191546267
    8      0.000876518602     -0.002519442969      2.339916402447
    8      4.692064823629      2.343750141906      4.671128094658
    8      7.147396436722      4.583120727705      4.768877065648
    8      2.333830843194      0.000176880162      4.674155692137
    8      0.020164873382      4.672779668729      2.356148260068
    8      2.356582945542      7.034363145457      2.399163927216
    8     -2.338414467935      2.342682949548      2.357958865486
    8      2.241258896947      4.641589626822      4.776523290553
    8      4.605844782803      7.109235031285      4.657021115420
    8      0.009845156041      2.436746459681      4.757317866044
    8      4.712601869618      4.678949598189      6.996202053723
    8      7.040349073663      7.021530560171      6.992853251305
    8      2.246631104148      2.439595384278      6.874778135277
    0    0
