   3   1   1 E -1.6031064571569E+04 DE 3.6E-09(  8)
  0.000000000000E+00  0.703568341534E+01  0.701982520217E+01
  0.703598728548E+01  0.000000000000E+00  0.701982520217E+01
  0.703598728548E+01  0.703568341534E+01  0.000000000000E+00
    4
  0.100000000000E+01  0.000000000000E+00  0.000000000000E+00
  0.000000000000E+00  0.100000000000E+01  0.000000000000E+00
  0.000000000000E+00  0.000000000000E+00  0.100000000000E+01
  0.000000000000E+00  0.000000000000E+00  0.000000000000E+00
 -0.100000000000E+01  0.000000000000E+00  0.000000000000E+00
  0.000000000000E+00 -0.100000000000E+01  0.000000000000E+00
  0.000000000000E+00  0.000000000000E+00  0.100000000000E+01
  0.000000000000E+00  0.000000000000E+00  0.000000000000E+00
 -0.100000000000E+01  0.000000000000E+00  0.000000000000E+00
  0.000000000000E+00  0.100000000000E+01  0.000000000000E+00
  0.000000000000E+00  0.000000000000E+00  0.100000000000E+01
  0.000000000000E+00  0.000000000000E+00  0.000000000000E+00
  0.100000000000E+01  0.000000000000E+00  0.000000000000E+00
  0.000000000000E+00 -0.100000000000E+01  0.000000000000E+00
  0.000000000000E+00  0.000000000000E+00  0.100000000000E+01
  0.000000000000E+00  0.000000000000E+00  0.000000000000E+00
   54
   20     -0.000000000000      0.000000000000     -0.020323038252
   20      2.323918540838      2.361451856103     -0.037524061945
   20     -2.323918540838     -2.361451856103     -0.037524061945
   20      2.326767342415      0.000000000000      2.353447258525
   20      4.683793322578      2.350430578600      2.365933301174
   20      0.000000000000     -2.362999113557      2.372506959015
   20     -2.345843121545     -0.000000000000     -2.357815840575
   12     -0.000000000000      2.383346130879     -2.336413482630
   12     -4.692721013476     -2.362060943546     -2.327842514989
   20     -0.000000000000      2.362999113557      2.372506959015
   20      2.352193962899      4.685252836741      2.365933301174
   20     -2.326767342415     -0.000000000000      2.353447258525
   12      2.343266272001      2.362060943546      4.691982687186
   12      4.692721013476      4.673622471795      4.691982687186
   12      0.000000000000      0.000000000000      4.698277369430
   20     -2.323918540838      2.361451856103     -0.037524061945
   12      0.000000000000      4.699935093121     -0.012400224166
   20     -4.714126003242      0.000000000000     -0.029129988722
   12     -0.000000000000     -2.383346130879     -2.336413482630
   20      2.345843121545      0.000000000000     -2.357815840575
   12     -2.343266272001     -4.673622471795     -2.327842514989
   20      2.323918540838     -2.361451856103     -0.037524061945
   20      4.714126003242     -0.000000000000     -0.029129988722
   12     -0.000000000000     -4.699935093121     -0.012400224166
   20     -2.352193962899     -2.350430578600     -4.653891901001
   20     -0.000000000000     -0.000000000000     -4.675110499394
   20     -4.683793322578     -4.685252836741     -4.653891901001
    8      0.000000000000     -0.000000000000     -2.314935297392
    8      2.345388836856      2.381236369596     -2.328305408978
    8     -2.345388836856     -2.381236369595     -2.328305408978
    8      2.330170120403     -0.000000000000     -0.026617643874
    8      4.727590845533      2.346751110472     -0.030546384442
    8      0.000000000000     -2.373332798241     -0.064221177510
    8      4.679373190328      0.000000000000      2.340563592394
    8      7.035987285477      2.344468064443      2.356717564569
    8      2.342219402919     -2.348050954336      2.379864284458
    8      0.000000000000      2.373332798241     -0.064221177510
    8      2.308396439945      4.688932304870     -0.030546384442
    8     -2.330170120403      0.000000000000     -0.026617643874
    8      2.342219402919      2.348050954336      2.379864284458
    8      4.693767882558      4.687632461005      2.379864284458
    8     -0.000000000000      0.000000000000      2.368711285855
    8      4.690598448621      2.381236369595      4.691519793196
    8      7.035987285477      4.683620600184      4.723502086969
    8      2.310699704106      0.000000000000      4.666771625978
    8     -0.000000000000      4.691215350898      2.356717564569
    8      2.356614095149      7.035683415341      2.340563592394
    8     -2.342219402919      2.348050954336      2.379864284458
    8      2.345388836856      4.654447045745      4.691519793196
    8      4.725287581371      7.035683415341      4.666771625978
    8     -0.000000000000      2.352062815157      4.723502086969
    8      4.727590845533      4.688932304870      6.989278817733
    8      7.035987285477      7.035683415341      6.982367869573
    8      2.308396439945      2.346751110472      6.989278817733
    0    0
