   3   1   1 E -1.6031085317592E+04 DE 1.0E-09( 11)
  0.324957032113E-01  0.694219944289E+01  0.696796353717E+01
  0.704410280849E+01  0.326129983160E-02  0.698884101766E+01
  0.704643538579E+01  0.696038505677E+01  0.625459012981E-02
    1
  0.100000000000E+01  0.000000000000E+00  0.000000000000E+00
  0.000000000000E+00  0.100000000000E+01  0.000000000000E+00
  0.000000000000E+00  0.000000000000E+00  0.100000000000E+01
  0.000000000000E+00  0.000000000000E+00  0.000000000000E+00
   54
   20      0.012098079947     -0.006857906308     -0.015521762096
   20      2.370387308568      2.316973096673     -0.066158718972
   20     -2.367935126122     -2.325965830676     -0.055527098940
   20      2.370251540794     -0.068017451265      2.324465545420
   20      4.704701818687      2.325415719895      2.325413465498
   20      0.056006386617     -2.358158534357      2.311692554978
   20     -2.375014123237     -0.027926257291     -2.306933556043
   20      0.030642457873      2.322329687745     -2.340578704322
   12     -4.644421607463     -2.386449321527     -2.380289428428
   20     -0.017974758570      2.349598901403      2.310715050354
   20      2.359641835715      4.696140269899      2.330177021364
   20     -2.385283026890      0.087584923936      2.311640233438
   20      2.346634453367      2.324289304792      4.743819592173
   20      4.680706782867      4.659759153784      4.695585897056
   20      0.025581681952      0.021503105619      4.693393190027
   12     -2.397441856312      2.382047102420      0.082093688661
   20      0.024943818160      4.645286198436     -0.013379847376
   12     -4.705518418274      0.030625938085     -0.004825592295
   20     -0.013611105293     -2.334426363546     -2.299331975475
   12      2.384080793358     -0.003205897752     -2.345390076239
   12     -2.440175035252     -4.745444799024     -2.329053467125
   12      2.350099464096     -2.401432971453      0.017091524281
   20      4.667964246927      0.003704367698     -0.015911008253
   12     -0.033250286954     -4.619456120239      0.054417233974
   12     -2.459960358242     -2.444256760595     -4.699450488423
   20      0.021512380023      0.037507833944     -4.667092597491
   12     -4.620624534762     -4.609867540788     -4.675487615028
    8      0.041327062887      0.003788529285     -2.319268858692
    8      2.405561578482      2.291950083650     -2.418389929767
    8     -2.417790174359     -2.405394470106     -2.409965459804
    8      2.342528599831     -0.068656273638     -0.069079227218
    8      4.727574270208      2.326118867918     -0.046111734659
    8      0.054882981680     -2.390424700511     -0.015483228886
    8      4.685901451540     -0.045015408576      2.325369626992
    8      7.089650272534      2.333911270245      2.284644452664
    8      2.462775351932     -2.467935423535      2.323483194647
    8     -0.014010538871      2.331662697032     -0.015155984805
    8      2.356116675873      4.700884110623     -0.072846635128
    8     -2.398722737736      0.061485802444     -0.019024221037
    8      2.358716604549      2.322102852106      2.327179996659
    8      4.690937703604      4.665941948682      2.324798308798
    8      0.014969621380      0.000263453493      2.311112848123
    8      4.691654536645      2.326339325819      4.724988774846
    8      7.108143519025      4.641089318628      4.672089931260
    8      2.349925493563     -0.056916608309      4.736232726102
    8     -0.003991475603      4.633907687563      2.311386392966
    8      2.354547648053      7.083155823088      2.319783084732
    8     -2.378745340738      2.453093755268      2.306879411946
    8      2.356316410718      4.683772875843      4.751706124741
    8      4.664128351917      7.029293469031      4.666023369284
    8     -0.042429033460      2.321425294408      4.679630698277
    8      4.660652916150      4.553318299249      7.023861373524
    8      7.123564053726      7.038275529923      6.980575876098
    8      2.325423923628      2.337568138586      7.163772179927
    0    0
