   3   1   1 E -1.6031080295465E+04 DE 6.2E-10( 11)
  0.217957403757E-01  0.695281752656E+01  0.696036965939E+01
  0.700696548410E+01 -0.148989588534E-01  0.698995396127E+01
  0.701950911285E+01  0.698846953673E+01 -0.206888303283E-01
    1
  0.100000000000E+01  0.000000000000E+00  0.000000000000E+00
  0.000000000000E+00  0.100000000000E+01  0.000000000000E+00
  0.000000000000E+00  0.000000000000E+00  0.100000000000E+01
  0.000000000000E+00  0.000000000000E+00  0.000000000000E+00
   54
   20     -0.018960491472     -0.007822144567     -0.042249119485
   20      2.364728394499      2.358613454813     -0.043404741410
   20     -2.333360137840     -2.347742678760     -0.057222022931
   20      2.362332859619     -0.038513926063      2.356218793398
   20      4.727288000191      2.320222841206      2.326312546609
   20      0.001544131782     -2.353193568305      2.334391079797
   20     -2.327869956771     -0.038942900723     -2.343456462428
   20     -0.001117566006      2.348965202482     -2.352914817111
   12     -4.642296598428     -2.382656155684     -2.325137718293
   20     -0.045930224844      2.378607380254      2.356679214157
   20      2.333262287002      4.691841829427      2.324768090791
   20     -2.341984854837      0.015816131096      2.326012091689
   20      2.352282484698      2.323817462511      4.693475365232
   12      4.703657350903      4.610985805161      4.688437655981
   20      0.011385296581     -0.004748007073      4.717436925234
   12     -2.332966714592      2.376392063970     -0.092431438718
   20      0.015596729703      4.688739265422      0.023774231555
   12     -4.662200847019      0.082074387149     -0.061369293209
   12     -0.113426397852     -2.351286967138     -2.348193103783
   20      2.353504681490     -0.001825034178     -2.327298057796
   12     -2.596054136167     -4.605060444728     -2.296118031691
   20      2.355469222963     -2.379325457498      0.005071984806
   20      4.711597673316     -0.005276394299     -0.003347685449
   12     -0.054788271196     -4.705668081713     -0.032843924020
   12     -2.290379086238     -2.363882015585     -4.564891351102
   12     -0.006586188419     -0.009075408077     -4.700859745232
   20     -4.684153451866     -4.648371355276     -4.677095094414
    8     -0.006592288099     -0.045066213792     -2.380136351764
    8      2.385692031871      2.402885914382     -2.369805521133
    8     -2.345291268763     -2.425345569839     -2.387884653435
    8      2.351822377670     -0.014249794415     -0.014311381629
    8      4.755148832455      2.321741562017     -0.049780230246
    8     -0.016710386951     -2.390352043107     -0.047957676277
    8      4.720100708750     -0.064969757121      2.355679722379
    8      7.006944313619      2.286743103847      2.275341489443
    8      2.382769134117     -2.362089204032      2.368399096139
    8     -0.036895061157      2.354822459396     -0.027313056055
    8      2.351866013982      4.721113884358     -0.057386135282
    8     -2.378530044193      0.031202712275     -0.048297168764
    8      2.346383780267      2.341864466752      2.341288331634
    8      4.685964738868      4.662105342079      2.325446104640
    8     -0.007748532067      0.000810707535      2.337102386648
    8      4.695412818179      2.350837043163      4.691532722860
    8      7.015941979022      4.658025479793      4.662224221658
    8      2.351838073412     -0.067129096057      4.713067075666
    8     -0.068885713877      4.755257406676      2.419692442221
    8      2.339989814797      6.977223144078      2.296764406460
    8     -2.332311953363      2.401168938310      2.330433519167
    8      2.366483710931      4.631602531905      4.661709425138
    8      4.710789747805      6.970093042516      4.652408355413
    8     -0.079097231196      2.400936221566      4.754930379454
    8      4.727366821235      4.551043379712      6.981630651376
    8      7.104308798773      7.051906586328      7.047589163866
    8      2.349881112685      2.213878937825      6.967243864766
    0    0
