   3   1   1 E -1.6031085332830E+04 DE-9.9E-10( 11)
  0.512839645901E-02  0.698971148349E+01  0.702273967645E+01
  0.698549467793E+01  0.482610595148E-02  0.701648951332E+01
  0.699761725667E+01  0.698907132862E+01 -0.787964938110E-03
    1
  0.100000000000E+01  0.000000000000E+00  0.000000000000E+00
  0.000000000000E+00  0.100000000000E+01  0.000000000000E+00
  0.000000000000E+00  0.000000000000E+00  0.100000000000E+01
  0.000000000000E+00  0.000000000000E+00  0.000000000000E+00
   54
   20     -0.005144346846     -0.021210772700     -0.038162503917
   20      2.329709497035      2.356015747814     -0.055788454801
   20     -2.339551876982     -2.330931290050     -0.037454232228
   20      2.319068278213     -0.023076075102      2.383710801985
   20      4.647085583134      2.330266819651      2.364500342590
   20      0.019867925067     -2.302591825256      2.366118962289
   20     -2.339418791419     -0.036444178193     -2.292260491433
   20      0.039997149441      2.347364022426     -2.298000931901
   12     -4.658717464338     -2.345125423806     -2.273869003430
   20     -0.043071151828      2.353786552514      2.347086732781
   20      2.303415583579      4.683179396145      2.357852663527
   12     -2.390395176992      0.085397107064      2.370408718938
   12      2.388782703692      2.392351345566      4.765977178204
   20      4.592539289736      4.657406009754      4.689977354863
   20     -0.032696278235      0.046315521844      4.678001016358
   12     -2.394576646632      2.384069510848     -0.072531543270
   12      0.056425273514      4.655707648623     -0.083489109497
   20     -4.620536519171      0.024894267411     -0.033457908632
   12      0.055354953659     -2.371755263136     -2.305102577354
   12      2.317764403897      0.017344727901     -2.328314443818
   12     -2.423102527839     -4.570721617317     -2.318098327444
   12      2.374060156336     -2.549870863290     -0.079623724829
   20      4.625336345735     -0.041707424283     -0.062917603767
   20      0.031535952894     -4.599936467124     -0.054150027842
   20     -2.330831968333     -2.426574272131     -4.674589632541
   20      0.045923058613     -0.062998034967     -4.663165132055
   20     -4.583952788926     -4.663188612392     -4.659312842643
    8      0.105365927804     -0.102250527547     -2.319448839556
    8      2.473164010197      2.354580189190     -2.341454023074
    8     -2.369012485018     -2.467293502175     -2.344269870240
    8      2.310256907149     -0.086693439720     -0.104193199565
    8      4.651053634678      2.347257439907     -0.060018724419
    8      0.103477427423     -2.327877492499     -0.051115586996
    8      4.652034189320     -0.033918795844      2.351507917211
    8      7.018480778832      2.335231372964      2.351490393809
    8      2.329381020044     -2.347928762597      2.372136316338
    8     -0.087118641392      2.426338717973     -0.026606199867
    8      2.270642104931      4.676223189533     -0.115575143629
    8     -2.330936042474      0.058713274419      0.047977095473
    8      2.324914344631      2.349500956206      2.394421258122
    8      4.643633953399      4.722408531783      2.358237327157
    8     -0.077544821466      0.009012321765      2.340125794212
    8      4.572318106883      2.330067346040      4.781874771662
    8      7.080188520285      4.687002508098      4.773043571687
    8      2.322230593310      0.005769230257      4.690602103369
    8      0.010246034875      4.642257658178      2.352988408154
    8      2.436469889396      6.998509558496      2.431645977197
    8     -2.329101235343      2.200425162290      2.346867231944
    8      2.219619147249      4.608184458052      4.811898811592
    8      4.485112378290      7.112570399327      4.605138611385
    8      0.028557183726      2.486351294116      4.676540666613
    8      4.652650645983      4.524614552457      6.995648691050
    8      6.999541556266      6.938348175064      6.962650152495
    8      2.466585743768      2.490869757725      6.897526719472
    0    0
