   3   1   1 E -1.6031032915668E+04 DE 1.4E-09(  2)
  0.684429252312E-02  0.702889751640E+01  0.702376632482E+01
  0.703762613445E+01 -0.438494020684E-02  0.702656756959E+01
  0.703945556974E+01  0.702839193154E+01 -0.624566645209E-03
    1
  0.100000000000E+01  0.000000000000E+00  0.000000000000E+00
  0.000000000000E+00  0.100000000000E+01  0.000000000000E+00
  0.000000000000E+00  0.000000000000E+00  0.100000000000E+01
  0.000000000000E+00  0.000000000000E+00  0.000000000000E+00
   54
   20      0.000000000000      0.000000000000      0.000000000000
   20      2.346485189915      2.342797310515     -0.000208188882
   20     -2.346485189915     -2.342797310515      0.000208188882
   20      2.345875378152     -0.001461646736      2.342189189863
   20      4.692360568066      2.341335663779      2.341981000981
   20     -0.000609811763     -2.344258957251      2.342397378745
   20     -2.345875378152      0.001461646736     -2.342189189863
   20      0.000609811763      2.344258957251     -2.342397378745
   12     -4.692360568066     -2.341335663779     -2.341981000981
   20      0.002281430841      2.342965838799      2.341255441607
   20      2.348766620756      4.685763149313      2.341047252725
   20     -2.344203759074      0.000168528284      2.341463630489
   12      2.348156808993      2.341504192063      4.683444631470
   12      4.694641998907      4.684301502578      4.683236442588
   20      0.001671619078     -0.001293118452      4.683652820352
   12     -2.343593947311      2.344427485534     -0.000933748256
   20      0.002891242604      4.687224796049     -0.001141937138
   20     -4.690079137225      0.001630175019     -0.000725559374
   12     -0.002281430841     -2.342965838799     -2.341255441607
   12      2.344203759074     -0.000168528284     -2.341463630489
   12     -2.348766620756     -4.685763149313     -2.341047252725
   20      2.343593947311     -2.344427485534      0.000933748256
   20      4.690079137225     -0.001630175019      0.000725559374
   12     -0.002891242604     -4.687224796049      0.001141937138
   20     -2.348156808993     -2.341504192063     -4.683444631470
   20     -0.001671619078      0.001293118452     -4.683652820352
   12     -4.694641998907     -4.684301502578     -4.683236442588
    8     -0.000835809539      0.000646559226     -2.341826410176
    8      2.345649380373      2.343443869738     -2.342034599058
    8     -2.347320999454     -2.342150751289     -2.341618221294
    8      2.345039568613     -0.000815087510      0.000362779687
    8      4.691524758524      2.341982223002      0.000154590805
    8     -0.001445621302     -2.343612398025      0.000570968569
    8      4.690914946764     -0.002276734245      2.342551969550
    8      7.037400136674      2.340520576266      2.342343780668
    8      2.344429756849     -2.345074044760      2.342760158432
    8      0.001445621302      2.343612398025     -0.000570968569
    8      2.347930811216      4.686409708538     -0.000779157451
    8     -2.345039568613      0.000815087510     -0.000362779687
    8      2.347320999454      2.342150751289      2.341618221294
    8      4.693806189366      4.684948061802      2.341410032412
    8      0.000835809539     -0.000646559226      2.341826410176
    8      4.693196377604      2.340689104553      4.683807411156
    8      7.039681567516      4.683486415065      4.683599222274
    8      2.346711187689     -0.002108205962      4.684015600037
    8      0.003727052143      4.686578236823      2.340684473038
    8      2.350212242058      7.029375547338      2.340476284157
    8     -2.342758137772      2.343780926308      2.340892661920
    8      2.349602430295      4.685116590089      4.682873662903
    8      4.696087620208      7.027913900602      4.682665474020
    8      0.003117240380      2.342319279574      4.683081851784
    8      4.695477808444      4.683654943354      7.025062852764
    8      7.041962998357      7.026452253867      7.024854663882
    8      2.348992618529      2.340857632839      7.025271041646
    0    0
