   3   1   1 E -1.6031098665271E+04 DE 1.2E-08(  9)
 -0.125246769994E-01  0.701777670380E+01  0.704593524411E+01
  0.698489991472E+01 -0.890335617396E-02  0.703461518932E+01
  0.697886868712E+01  0.699445775537E+01  0.323049014759E-02
    1
  0.100000000000E+01  0.000000000000E+00  0.000000000000E+00
  0.000000000000E+00  0.100000000000E+01  0.000000000000E+00
  0.000000000000E+00  0.000000000000E+00  0.100000000000E+01
  0.000000000000E+00  0.000000000000E+00  0.000000000000E+00
   54
   20      0.016874080188     -0.009318800877     -0.026644946454
   20      2.333091039259      2.325664652275     -0.025261953172
   20     -2.326372096185     -2.343693896771     -0.017198706417
   20      2.366815574108     -0.044445384846      2.335649808127
   20      4.674336251907      2.295683005305      2.338693185065
   20      0.046500099886     -2.319537032154      2.369823235573
   20     -2.330315726122     -0.025656768447     -2.326984104494
   20     -0.026443905073      2.367518999020     -2.360201143486
   12     -4.709740584553     -2.278340613691     -2.313146715828
   20     -0.034940182941      2.367001005580      2.372231434635
   20      2.292863220338      4.670705015761      2.378455121872
   20     -2.312358697063      0.017278505943      2.362492708988
   20      2.322230899415      2.370724111907      4.729201917751
   12      4.571727519603      4.659677584226      4.769903292443
   12     -0.009777160134     -0.142661615112      4.727492438186
   12     -2.359011201706      2.421148845420      0.032363483518
   20     -0.081666170438      4.691843820816      0.006684253417
   20     -4.711415492309      0.019416824371     -0.001530631318
   12     -0.020374002396     -2.296089026997     -2.382164024556
   20      2.347768490089     -0.060241284244     -2.335536607386
   20     -2.315578833283     -4.645296732745     -2.394006991775
   12      2.512745803756     -2.316440966282     -0.032857232895
   12      4.658573744590     -0.056116512024     -0.039017240002
   20      0.012041057004     -4.699629327093     -0.039214558371
   12     -2.297130533110     -2.271434664987     -4.722649765156
   12     -0.052156506431     -0.055825602301     -4.614065883280
   20     -4.642742375241     -4.620704006721     -4.721875493509
    8      0.002977856525     -0.084001047713     -2.376572045582
    8      2.315826101287      2.417911085761     -2.352514714568
    8     -2.321343599132     -2.328037728617     -2.360812181887
    8      2.456303244363     -0.066765124637     -0.035816028126
    8      4.643477646124      2.260426126947     -0.021316928840
    8      0.103898828937     -2.335619449011     -0.050869660165
    8      4.769390674893     -0.098594959112      2.307514288830
    8      6.980951359830      2.261947122536      2.348773942963
    8      2.449034856134     -2.327873587745      2.305222482766
    8     -0.100127458487      2.346186069524      0.003619777529
    8      2.298621138252      4.659874110292     -0.032567316925
    8     -2.348735343906      0.058012730599      0.008810538354
    8      2.328223060888      2.327934141522      2.357388261108
    8      4.632589695599      4.659152362736      2.359807303717
    8      0.004310952796      0.010173219583      2.371311886244
    8      4.635431747012      2.415699462152      4.743617689883
    8      6.989936480762      4.745414088702      4.698295635777
    8      2.221690743556     -0.135057580790      4.697824692571
    8     -0.084342483474      4.761039333227      2.466710888583
    8      2.236459120252      7.007336447622      2.367261909063
    8     -2.334032237436      2.455581501230      2.243886241447
    8      2.362337308867      4.667696302257      4.772549378345
    8      4.774851160733      6.884419479263      4.754590288601
    8     -0.005981328669      2.382519135759      4.679672942484
    8      4.558078294358      4.639538917061      7.002674471344
    8      6.855446017416      6.982834962050      7.002748611236
    8      2.429779511169      2.426012706981      7.044566919870
    0    0
