   3   1   1 E -1.6031099762059E+04 DE-4.1E-10( 10)
  0.493372808942E-02  0.698640282563E+01  0.703796324802E+01
  0.701517195578E+01 -0.347691941523E-02  0.703937539993E+01
  0.701331583869E+01  0.697941044748E+01  0.500479851953E-02
    1
  0.100000000000E+01  0.000000000000E+00  0.000000000000E+00
  0.000000000000E+00  0.100000000000E+01  0.000000000000E+00
  0.000000000000E+00  0.000000000000E+00  0.100000000000E+01
  0.000000000000E+00  0.000000000000E+00  0.000000000000E+00
   54
   20      0.007508830140     -0.009069408845     -0.008317457194
   20      2.335338496899      2.353838059217     -0.032190593054
   20     -2.332023958776     -2.336731476820     -0.035471487641
   20      2.376429816791     -0.062743185733      2.337710096969
   20      4.691468885978      2.293388428874      2.354428955298
   20      0.034835215725     -2.326655758481      2.364679922048
   20     -2.311197244447     -0.046746111674     -2.345363069212
   20     -0.011486325907      2.356201252688     -2.350301568323
   12     -4.645768837663     -2.348295031598     -2.325828048784
   20     -0.048608950803      2.407420978038      2.353705456706
   20      2.281706951526      4.679866963075      2.360467710940
   20     -2.351482118994      0.052696382326      2.375117289360
   20      2.347061647895      2.374234697696      4.713779959708
   12      4.682180033494      4.612638502785      4.698900592950
   20     -0.019872846106     -0.031502161895      4.708805312443
   12     -2.346577846599      2.438731581807     -0.042742806856
   12     -0.021364859202      4.652530790506     -0.022084073612
   20     -4.698951638003     -0.002622820846     -0.000010717175
   12     -0.041198819228     -2.312625225206     -2.375756661221
   20      2.339523423993     -0.044022666774     -2.330935262275
   12     -2.308019008729     -4.491843721559     -2.394874635855
   12      2.362937632652     -2.360542114400     -0.045053069275
   20      4.680448790440     -0.105053857566     -0.043521842314
   20      0.018126232221     -4.654890792154      0.000933991901
   12     -2.342115116469     -2.360618034646     -4.649332749842
   12     -0.050563554307     -0.108957521771     -4.705965919543
   20     -4.628857939844     -4.612287983503     -4.699349617614
    8      0.000584107138     -0.109659569321     -2.368312007172
    8      2.441277263503      2.447503286887     -2.342918048605
    8     -2.324754222382     -2.407538496218     -2.412608589384
    8      2.336952986302     -0.107964175285     -0.036280286064
    8      4.684255144629      2.304625161554     -0.049381092280
    8      0.043818502764     -2.331399424647     -0.055989919273
    8      4.777593661096     -0.107355359358      2.353651430172
    8      7.011476567341      2.255450986192      2.343140027197
    8      2.445451119597     -2.321436489914      2.376212610416
    8     -0.071893644949      2.435273247006     -0.017575319073
    8      2.280008790292      4.652322701699     -0.004870904366
    8     -2.339214423285      0.080049668501      0.007121316852
    8      2.335964188318      2.320067548694      2.347193048140
    8      4.685206810770      4.650205840311      2.422758471316
    8      0.009963167374      0.015596391791      2.355904105069
    8      4.673977298574      2.437696517573      4.769776889150
    8      7.010043170327      4.647094173332      4.776780377252
    8      2.353684500416     -0.105979810971      4.716059919127
    8     -0.114097591679      4.757553510441      2.352841448638
    8      2.246270243789      6.994988891854      2.369420712329
    8     -2.326114148246      2.463633517531      2.378962652081
    8      2.309758327754      4.640574574301      4.717409259246
    8      4.678397035061      6.923828881656      4.682748088494
    8     -0.108360001997      2.453831118181      4.689654256275
    8      4.668581481514      4.527038069824      7.002846880265
    8      7.005487167367      6.846649982899      7.101795890052
    8      2.436602457429      2.461523083569      7.032774584726
    0    0
