   3   1   1 E -1.6031089166357E+04 DE 4.5E-09(  9)
  0.127536140312E-01  0.703301203116E+01  0.702306616167E+01
  0.699482525363E+01  0.103289393352E-01  0.701844967562E+01
  0.700791560693E+01  0.703597453252E+01  0.297314505804E-02
    1
  0.100000000000E+01  0.000000000000E+00  0.000000000000E+00
  0.000000000000E+00  0.100000000000E+01  0.000000000000E+00
  0.000000000000E+00  0.000000000000E+00  0.100000000000E+01
  0.000000000000E+00  0.000000000000E+00  0.000000000000E+00
   54
   20     -0.004058940046     -0.029378397535     -0.080693993585
   20      2.322291255772      2.394098736317     -0.042071081595
   20     -2.316955481970     -2.377434950472     -0.061653177974
   20      2.349467343625     -0.068126333532      2.353525412942
   20      4.732640717299      2.348328868153      2.342049559789
   20      0.048268756466     -2.374612856676      2.350576891566
   20     -2.317019954195     -0.066313145655     -2.373356349660
   12     -0.046829410883      2.441049713165     -2.261041605809
   12     -4.709435048358     -2.425226797313     -2.345286867930
   20     -0.075967061983      2.389854387045      2.358336354166
   20      2.291183989176      4.715464844681      2.337730210351
   12     -2.328068636058     -0.036323474137      2.367316031322
   20      2.277547809918      2.396090758726      4.721151147842
   20      4.707682707499      4.700331609865      4.677458827096
   20     -0.024223092406     -0.000502108007      4.725415603028
   20     -2.322031686776      2.390840277018      0.041390402526
   12      0.034249912859      4.648226357322     -0.052331634935
   20     -4.679817821545     -0.026551239195     -0.020184839653
   12      0.013231896297     -2.450673228264     -2.252895662822
   20      2.310466490013      0.022557953182     -2.343827477120
   12     -2.211068900085     -4.586560278159     -2.289542621668
   12      2.303643606344     -2.364765153614     -0.065218744640
   20      4.689468856863     -0.023355999498     -0.009467106995
   12     -0.035630708452     -4.610085417618     -0.108560346299
   12     -2.329943523129     -2.355011223769     -4.612803274048
   20     -0.018276217138     -0.026008295127     -4.681805989306
   20     -4.650903517945     -4.638476706077     -4.679327956899
    8     -0.007937523051     -0.030627733183     -2.345241736841
    8      2.303979365979      2.495131997728     -2.350323361585
    8     -2.337304810580     -2.471056336139     -2.450091564552
    8      2.323498067200     -0.072103688410     -0.054286692193
    8      4.780741163585      2.351145556959     -0.070140475048
    8      0.129387373737     -2.431492957460     -0.084550390291
    8      4.665675805755     -0.078416060167      2.339126106989
    8      7.015909147716      2.360081834611      2.340439439469
    8      2.437873171473     -2.339608869382      2.379837291016
    8     -0.002654669351      2.422430193547     -0.067669958066
    8      2.220086941427      4.691281110551     -0.036776169405
    8     -2.313469781341     -0.026667639091      0.033679099157
    8      2.321198619960      2.362017429921      2.331359146693
    8      4.694850672538      4.751203796662      2.337857035627
    8     -0.087129423357     -0.020279203883      2.349473980631
    8      4.748802209265      2.361196552610      4.725273499713
    8      7.126499275315      4.592604471914      4.810136901081
    8      2.316865810364     -0.067434958655      4.699533925071
    8     -0.141350000603      4.686044749042      2.291311486393
    8      2.414124812772      7.040490702990      2.354465348289
    8     -2.325340040736      2.344286415090      2.433917241274
    8      2.260657074889      4.705544583536      4.744225847464
    8      4.678953352734      7.126097890117      4.630520020891
    8     -0.121237070677      2.444364541950      4.739572999336
    8      4.715845279432      4.696519413601      7.115792033959
    8      7.009529887686      7.035408559481      7.017148103677
    8      2.231757082384      2.441319508818      6.990729552083
    0    0
