   3   1   1 E -1.6031091631735E+04 DE 6.1E-09(  9)
  0.442415949325E-01  0.699013932453E+01  0.701755278170E+01
  0.698790451637E+01  0.149276753199E-01  0.703857992997E+01
  0.701240524234E+01  0.702980330530E+01 -0.315602837893E-02
    1
  0.100000000000E+01  0.000000000000E+00  0.000000000000E+00
  0.000000000000E+00  0.100000000000E+01  0.000000000000E+00
  0.000000000000E+00  0.000000000000E+00  0.100000000000E+01
  0.000000000000E+00  0.000000000000E+00  0.000000000000E+00
   54
   20      0.036407858574     -0.017012308258     -0.006577004945
   20      2.318108808870      2.335599006679     -0.038776127184
   20     -2.370558334509     -2.321902336020      0.005980177412
   20      2.335447563392     -0.052188535398      2.333298856138
   20      4.691788850932      2.339078505242      2.364952234559
   20      0.014587856329     -2.345687899092      2.361223558796
   20     -2.327400265814     -0.020486845623     -2.351144106141
   20      0.028844850851      2.335191109256     -2.355405824765
   20     -4.707408289950     -2.333255568660     -2.351306597681
   20     -0.036461373244      2.364179347524      2.334147295093
   20      2.275700141539      4.767439745763      2.323071224299
   20     -2.389565184300      0.000293672396      2.381943075728
   20      2.352114500799      2.356267391196      4.752593894533
   12      4.659566305659      4.745574261485      4.737056775073
   12      0.104371899953     -0.070258293048      4.714923203718
   20     -2.378645235699      2.392470824897      0.012245691759
   12     -0.030315989752      4.741963954581     -0.017276555102
   12     -4.709065036949     -0.026507941866      0.014338172681
   20      0.024775962751     -2.275782424741     -2.359426084730
   12      2.309611657053     -0.014916608849     -2.254011966272
   20     -2.375256517041     -4.698833167111     -2.375077750231
   12      2.358942155474     -2.328132022623      0.068591296893
   20      4.711844690179     -0.094192523164     -0.007177350955
   20      0.060874781905     -4.722661996947      0.023315390648
   12     -2.306203311652     -2.335560066006     -4.734395604547
   12      0.054771353358     -0.018940355234     -4.752761241683
   12     -4.720789193602     -4.713080437669     -4.835012620510
    8      0.080272003201      0.016437668444     -2.387924074870
    8      2.318092268880      2.260841403870     -2.418556139083
    8     -2.358095324292     -2.326756248368     -2.389376246149
    8      2.345474865918     -0.096941604986     -0.060910566088
    8      4.674504991609      2.320452923485     -0.004374388164
    8      0.059086488020     -2.334799241810      0.008160938485
    8      4.747130663962     -0.096919363911      2.352921905436
    8      7.091860032297      2.268642133856      2.349994992236
    8      2.426709693293     -2.442169288525      2.272815789127
    8      0.009460922955      2.411723307639     -0.020316291214
    8      2.227897204430      4.758210459842     -0.001100081596
    8     -2.404588780504     -0.001662645448      0.016545521456
    8      2.337926389403      2.349317843379      2.370600229381
    8      4.649096639147      4.697478345394      2.373894893737
    8      0.010560030324     -0.016270620573      2.387674094877
    8      4.666682316702      2.412398185789      4.699140323618
    8      6.927059533908      4.766517945090      4.725102153702
    8      2.240621404141     -0.005566467091      4.744372031790
    8     -0.058951388417      4.781079041951      2.321717187905
    8      2.264796850511      7.136064848255      2.262878081980
    8     -2.400056849622      2.406515852500      2.350876851964
    8      2.446146647740      4.793630857243      4.734969769222
    8      4.694338947988      6.923189096960      4.693664532898
    8      0.026932437163      2.275035727248      4.683384718094
    8      4.666733638955      4.674763964159      7.038795013667
    8      7.175826234810      6.888256696349      7.038905211899
    8      2.348872723766      2.348787063705      7.105206607908
    0    0
