   3   1   1 E -1.6031035581508E+04 DE 1.5E-09(  2)
  0.680644987461E-02  0.702678356738E+01  0.702852857871E+01
  0.703406687920E+01 -0.181245700154E-02  0.702928421101E+01
  0.703804166667E+01  0.702556248939E+01  0.444420203993E-03
    1
  0.100000000000E+01  0.000000000000E+00  0.000000000000E+00
  0.000000000000E+00  0.100000000000E+01  0.000000000000E+00
  0.000000000000E+00  0.000000000000E+00  0.100000000000E+01
  0.000000000000E+00  0.000000000000E+00  0.000000000000E+00
   54
   20      0.000000000000      0.000000000000      0.000000000000
   20      2.346013888890      2.341854163129      0.000148140068
   20     -2.346013888890     -2.341854163129     -0.000148140068
   20      2.344688959734     -0.000604152334      2.343094737003
   20      4.690702848624      2.341250010795      2.343242877071
   20     -0.001324929157     -2.342458315463      2.342946596935
   20     -2.344688959734      0.000604152334     -2.343094737003
   20      0.001324929157      2.342458315463     -2.342946596935
   12     -4.690702848624     -2.341250010795     -2.343242877071
   20      0.002268816625      2.342261189126      2.342842859571
   20      2.348282705515      4.684115352255      2.342990999639
   12     -2.343745072265      0.000407025997      2.342694719503
   20      2.346957776359      2.341657036792      4.685937596574
   20      4.692971665249      4.683511199921      4.686085736642
   20      0.000943887468     -0.000197126337      4.685789456506
   12     -2.342420143109      2.342865341460     -0.000251877432
   12      0.003593745782      4.684719504588     -0.000103737364
   12     -4.688434031999      0.001011178331     -0.000400017500
   12     -0.002268816625     -2.342261189126     -2.342842859571
   20      2.343745072265     -0.000407025997     -2.342694719503
   20     -2.348282705515     -4.684115352255     -2.342990999639
   12      2.342420143109     -2.342865341460      0.000251877432
   12      4.688434031999     -0.001011178331      0.000400017500
   20     -0.003593745782     -4.684719504588      0.000103737364
   20     -2.346957776359     -2.341657036792     -4.685937596574
   12     -0.000943887468      0.000197126337     -4.685789456506
   20     -4.692971665249     -4.683511199921     -4.686085736642
    8     -0.000471943734      0.000098563168     -2.342894728253
    8      2.345541945157      2.341952726298     -2.342746588185
    8     -2.346485832624     -2.341755599960     -2.343042868321
    8      2.344217016000     -0.000505589165      0.000200008750
    8      4.690230904890      2.341348573963      0.000348148818
    8     -0.001796872891     -2.342359752294      0.000051868682
    8      4.688905975733     -0.001109741499      2.343294745753
    8      7.034919864623      2.340744421630      2.343442885821
    8      2.342892086844     -2.342963904628      2.343146605686
    8      0.001796872891      2.342359752294     -0.000051868682
    8      2.347810761782      4.684213915424      0.000096271386
    8     -2.344217016000      0.000505589165     -0.000200008750
    8      2.346485832624      2.341755599960      2.343042868321
    8      4.692499721516      4.683609763090      2.343191008389
    8      0.000471943734     -0.000098563168      2.342894728253
    8      4.691174792357      2.341151447626      4.686137605323
    8      7.037188681247      4.683005610756      4.686285745390
    8      2.345160903468     -0.000702715502      4.685989465256
    8      0.004065689516      4.684620941421      2.342790990889
    8      2.350079578408      7.026475104552      2.342939130957
    8     -2.341948199375      2.342766778291      2.342642850820
    8      2.348754649249      4.684016789086      4.685885727892
    8      4.694768538142      7.025870952218      4.686033867961
    8      0.002740760359      2.342162625957      4.685737587824
    8      4.693443608981      4.683412636753      7.028980464894
    8      7.039457497872      7.025266799884      7.029128604962
    8      2.347429720092      2.341558473623      7.028832324826
    0    0
