   3   1   1 E -1.6031095405202E+04 DE-1.9E-10( 11)
  0.266053909477E-01  0.699926605281E+01  0.700728402660E+01
  0.698125451726E+01  0.138729144522E-02  0.702548914893E+01
  0.699670266917E+01  0.702685765928E+01 -0.761529548631E-02
    1
  0.100000000000E+01  0.000000000000E+00  0.000000000000E+00
  0.000000000000E+00  0.100000000000E+01  0.000000000000E+00
  0.000000000000E+00  0.000000000000E+00  0.100000000000E+01
  0.000000000000E+00  0.000000000000E+00  0.000000000000E+00
   54
   20      0.029111475055     -0.041463656299     -0.037238277958
   20      2.309808910231      2.369288541554     -0.072707185339
   20     -2.341474893531     -2.342237345542     -0.032698442483
   20      2.356900146766     -0.055299249969      2.316304469593
   20      4.683959957055      2.317536677495      2.330980435045
   20      0.042479800888     -2.365607514792      2.323330530307
   20     -2.300216374985     -0.059416912556     -2.348465113017
   20      0.036615468393      2.336604088943     -2.365266515745
   12     -4.706027483765     -2.273747081357     -2.243516137537
   20     -0.021258824269      2.387964519735      2.336566498931
   20      2.263840267551      4.727361765952      2.345187146635
   20     -2.380756912506     -0.003434834060      2.336525768036
   20      2.298090393007      2.338925724327      4.737975044343
   20      4.634454072696      4.690117579992      4.687398646959
   20      0.027107930506     -0.024082264068      4.749391156969
   20     -2.346577839812      2.362555664400      0.026024619759
   12      0.071406508934      4.721311682063      0.081019976180
   12     -4.758875261361     -0.055520206964      0.001663129980
   12      0.042096088842     -2.312151823379     -2.291777955401
   12      2.249690054936     -0.083936389861     -2.298482458254
   20     -2.342241882696     -4.631901582255     -2.342522621139
   12      2.258109644240     -2.333589398709     -0.050424495968
   20      4.688734094452     -0.022602373243      0.016893042038
   12      0.035199988599     -4.618297020634     -0.033585190067
   12     -2.296924894917     -2.292090359158     -4.677881197693
   12      0.077507886401     -0.038850697549     -4.774207875739
   20     -4.678651019290     -4.662760319325     -4.691918119973
    8      0.110555160585     -0.094274448737     -2.386754192568
    8      2.325580216775      2.377773003099     -2.350370165366
    8     -2.282102478600     -2.330472649484     -2.357804672080
    8      2.336045110259     -0.070716216165     -0.066097778625
    8      4.710367276713      2.355258066021     -0.008309163669
    8      0.094823624685     -2.422445298434     -0.077805087526
    8      4.736486442511     -0.077396056601      2.326233437950
    8      6.974183804779      2.290786166089      2.262561197051
    8      2.415905293352     -2.326002635354      2.297832852686
    8      0.008023260432      2.387989362787     -0.010739456719
    8      2.230968510682      4.783656203965     -0.062761940775
    8     -2.370830949563     -0.019499299867      0.005113634438
    8      2.312819580469      2.348178131005      2.329965391208
    8      4.646472057130      4.681856870568      2.331029075380
    8      0.005185291336     -0.023312894390      2.331608145317
    8      4.658552130003      2.330389204673      4.687632764599
    8      7.075150999101      4.682119953949      4.746617132475
    8      2.335507176449     -0.105813361020      4.744875301881
    8     -0.077615707702      4.758507284765      2.322157917945
    8      2.231730067428      7.014554875230      2.349287483841
    8     -2.323726818811      2.386412095906      2.332364006321
    8      2.234706824691      4.732829606699      4.739788701909
    8      4.623478398181      7.010676963622      4.683074842020
    8      0.029049597154      2.388777002840      4.734099452951
    8      4.678937713149      4.671811063956      7.066203853124
    8      7.130114511790      7.026533978630      7.102951995642
    8      2.238057203782      2.330945327435      7.011886852321
    0    0
