   3   1   1 E -1.6031086288727E+04 DE-9.0E-09(  9)
  0.235616057836E-01  0.698425300579E+01  0.700722577302E+01
  0.695943478550E+01  0.178516216554E-01  0.700711253296E+01
  0.697902186872E+01  0.699700280673E+01  0.492787910396E-02
    1
  0.100000000000E+01  0.000000000000E+00  0.000000000000E+00
  0.000000000000E+00  0.100000000000E+01  0.000000000000E+00
  0.000000000000E+00  0.000000000000E+00  0.100000000000E+01
  0.000000000000E+00  0.000000000000E+00  0.000000000000E+00
   54
   20      0.036251132080     -0.008374577268     -0.041285730279
   20      2.322005553769      2.356845186197     -0.076028080429
   20     -2.351489983585     -2.360943017956     -0.055981393826
   20      2.342672560105     -0.045278572828      2.326105460572
   20      4.678809498206      2.339198624225      2.338202015599
   20      0.053570793475     -2.373402185974      2.351976871519
   20     -2.339414072202     -0.035333702092     -2.354901968770
   12      0.104663419028      2.432904420034     -2.315099485329
   12     -4.653156502084     -2.358043964670     -2.315254175047
   20     -0.031092714530      2.366230085002      2.316551640826
   20      2.305637879204      4.699137357008      2.341070615216
   20     -2.353092432262      0.012047574809      2.357444410373
   20      2.282669044386      2.340180654699      4.735246303113
   20      4.665211728599      4.667338516595      4.742410874699
   20      0.024614928601     -0.025106766893      4.745774116743
   20     -2.342080961803      2.365282070807      0.016281529155
   12     -0.001368463261      4.613982583394      0.018454107159
   12     -4.792764550453     -0.085600711478     -0.045715652321
   20     -0.029596757011     -2.344458377272     -2.327651399868
   12      2.334541531494     -0.004559462348     -2.293112360280
   12     -2.275591287367     -4.654970571642     -2.363188680954
   12      2.390514153428     -2.289428938309     -0.035853274558
   20      4.661986290840     -0.008500142096      0.004508674397
   12      0.069651235471     -4.638133422566     -0.044940165714
   12     -2.415647366453     -2.356198489357     -4.759942643472
   20      0.031377587518      0.003907853080     -4.676990968833
   20     -4.664247630883     -4.637942609617     -4.659956633271
    8      0.061355182265      0.032665866248     -2.342394957444
    8      2.331021810507      2.356516307665     -2.352539382795
    8     -2.420942492432     -2.422996962511     -2.411131932190
    8      2.335201348014     -0.045736088178     -0.057747352413
    8      4.702641338996      2.340942549626     -0.057697454351
    8      0.060802405784     -2.401992758787     -0.023424399798
    8      4.651018419272     -0.035111546135      2.327742750345
    8      6.987469962552      2.350533071936      2.340365121873
    8      2.403426212106     -2.331627390952      2.334070115260
    8      0.017489521525      2.401399541232     -0.059315188869
    8      2.233909137614      4.751783367719     -0.092042088689
    8     -2.376568464457     -0.012179601481     -0.018953733624
    8      2.314577289785      2.346628887819      2.333887247538
    8      4.654336691226      4.662687044311      2.350222310341
    8      0.014240495223     -0.016222174006      2.348982546165
    8      4.673882388973      2.347317358556      4.709268575776
    8      7.054741141253      4.572658366113      4.781291488674
    8      2.300520313779     -0.067497520265      4.718218352558
    8     -0.044139213533      4.665690674736      2.283104206014
    8      2.335287860483      6.996658104865      2.347059474881
    8     -2.332444234106      2.403079001658      2.391839604418
    8      2.314135782828      4.721856753101      4.750767650497
    8      4.610299975912      7.037245039426      4.710682562509
    8     -0.075178369923      2.333914256797      4.715246600755
    8      4.642528011063      4.666957643145      7.074030821176
    8      7.098940186444      6.998328743760      7.029297376103
    8      2.225894854567      2.371705503878      7.027743511742
    0    0
