   3   1   1 E -1.6031077449414E+04 DE-7.8E-10( 11)
  0.584866535172E-01  0.694625063759E+01  0.703654848852E+01
  0.701917520846E+01  0.486760179596E-01  0.703885487435E+01
  0.705183348432E+01  0.697429941493E+01  0.233078559843E-01
    1
  0.100000000000E+01  0.000000000000E+00  0.000000000000E+00
  0.000000000000E+00  0.100000000000E+01  0.000000000000E+00
  0.000000000000E+00  0.000000000000E+00  0.100000000000E+01
  0.000000000000E+00  0.000000000000E+00  0.000000000000E+00
   54
   20      0.042541099137     -0.052540597977     -0.047570132187
   20      2.371056558607      2.292994471088     -0.030807015847
   20     -2.331808568305     -2.356082833623     -0.040380368278
   20      2.347697153316     -0.022314550899      2.356189671064
   20      4.699123731257      2.347656616806      2.357186436252
   20      0.017347732877     -2.318142451268      2.338951837641
   20     -2.340699248496     -0.033783186978     -2.329019702187
   20      0.033564347220      2.323829012864     -2.338065361640
   12     -4.672612864727     -2.285664468041     -2.346508689909
   20      0.000087724065      2.301527355455      2.361633175512
   20      2.344918743863      4.665281269314      2.372796885556
   20     -2.322495717802     -0.050027488174      2.354516888170
   20      2.334365593433      2.399460723575      4.763898419240
   12      4.710585946806      4.699950274745      4.775899409818
   12     -0.051923110409     -0.127708441507      4.714927085417
   12     -2.319320412426      2.356780491622     -0.006792600058
   20     -0.041550066904      4.664659787195     -0.061892806205
   20     -4.707082441214      0.015265614046     -0.042878237848
   12      0.045525014898     -2.275165190411     -2.277485766912
   12      2.470781252918     -0.080680984533     -2.244358802514
   20     -2.364357869135     -4.702366244195     -2.307229873209
   12      2.441098745628     -2.248593315117     -0.036240644395
   12      4.646022874094      0.051325558898     -0.052233590996
   12     -0.059953081046     -4.571308421803     -0.032475355409
   20     -2.392616259635     -2.341010099830     -4.722079767673
   20     -0.031773529561      0.008292927495     -4.700652510644
   20     -4.705250653148     -4.635969465473     -4.701331742977
    8      0.042422418209     -0.069184438365     -2.357988795168
    8      2.363199817317      2.308904348067     -2.329175763936
    8     -2.362893387493     -2.358304887857     -2.356023895205
    8      2.447048398862     -0.081142338491     -0.035304041211
    8      4.733657052923      2.259222986505      0.013434344530
    8      0.062077672979     -2.399211069240     -0.060437257979
    8      4.667162589394      0.028356213121      2.336247366710
    8      7.026472306768      2.369834677184      2.337172216441
    8      2.340009519441     -2.299319222015      2.345305943086
    8      0.002760619807      2.301711063707     -0.031239190644
    8      2.349287577278      4.654471759363     -0.035568130100
    8     -2.325689962767      0.000115277987     -0.028634651311
    8      2.344231730130      2.334624380498      2.369181149571
    8      4.709906625952      4.651780820081      2.381688531417
    8      0.013156027059     -0.041643614978      2.365137106969
    8      4.697463623072      2.426975221974      4.761418822336
    8      7.038884603338      4.760463326185      4.690321509913
    8      2.290885962067     -0.007677557052      4.710401908154
    8     -0.002904979866      4.635987921339      2.351559507422
    8      2.366720979246      6.951191466994      2.367005784140
    8     -2.325792152389      2.284174808932      2.331985238856
    8      2.303518200151      4.806019398012      4.771196604601
    8      4.732892367741      6.773822419732      4.809676637528
    8      0.014059490673      2.326559234190      4.788160444256
    8      4.568668414688      4.669258730476      6.891977362552
    8      6.949799492213      7.109979431672      6.943592577248
    8      2.372451356235      2.438880595852      7.035112314866
    0    0
