   3   1   1 E -1.6031095363113E+04 DE-8.6E-10( 11)
 -0.785323051312E-02  0.700884825011E+01  0.702516973480E+01
  0.703598424980E+01 -0.135453168046E-02  0.702629344910E+01
  0.703509872587E+01  0.701517005858E+01 -0.650082213993E-02
    1
  0.100000000000E+01  0.000000000000E+00  0.000000000000E+00
  0.000000000000E+00  0.100000000000E+01  0.000000000000E+00
  0.000000000000E+00  0.000000000000E+00  0.100000000000E+01
  0.000000000000E+00  0.000000000000E+00  0.000000000000E+00
   54
   20     -0.003012509123      0.000276699621     -0.004825628069
   20      2.353273452604      2.338635357567     -0.060545373514
   20     -2.363450103239     -2.313482883319      0.007052849658
   20      2.370713094228     -0.064111856398      2.330992087326
   20      4.702585787875      2.363691236356      2.350575254885
   20      0.043650554923     -2.342468463147      2.355555484147
   20     -2.380113426306      0.002178077137     -2.314836041947
   20      0.015628843992      2.367026578328     -2.342744157765
   12     -4.668001077139     -2.345104904978     -2.308349605767
   20     -0.055020502095      2.337869216309      2.319573146890
   20      2.378846888562      4.738563632741      2.345316857720
   12     -2.417074373368     -0.080714614242      2.340301869006
   20      2.351926052888      2.350014563972      4.753132087458
   12      4.611891798671      4.748309208293      4.731782843071
   20     -0.018790785489     -0.024202545085      4.703332533513
   12     -2.380975158534      2.394572700943      0.036334154902
   20     -0.042524328117      4.687226220469     -0.035342782674
   12     -4.691257645446      0.011702864277      0.019725904282
   20      0.012599782875     -2.346858531315     -2.319807642384
   12      2.415217904622     -0.047989529810     -2.311703803084
   20     -2.359250433896     -4.704846553242     -2.376489064613
   12      2.454500401589     -2.312047160823     -0.023686238453
   20      4.670527801554     -0.065449550212     -0.029721294747
   12      0.027420337697     -4.704803839702      0.042894622127
   12     -2.404979054479     -2.325319054981     -4.700529549879
   20      0.037227768353      0.012615654155     -4.698337540333
   20     -4.643723498086     -4.679563453770     -4.736582000997
    8      0.041216966199     -0.001036929628     -2.323929425815
    8      2.367037520756      2.343277144587     -2.364618613163
    8     -2.436388405279     -2.348454758276     -2.395194170509
    8      2.355262909939     -0.100097093430     -0.089560363662
    8      4.736795414130      2.323515007956     -0.014455704036
    8      0.076078132711     -2.414212261991      0.036120233648
    8      4.696808807485     -0.066963915993      2.332571827153
    8      7.038453779462      2.347244522507      2.277743289831
    8      2.508623250520     -2.345081157458      2.396448515068
    8     -0.037947278149      2.350243025850     -0.026652175062
    8      2.339380704866      4.772937119582     -0.081769801824
    8     -2.455293376731      0.097841510827      0.089488905743
    8      2.355987665843      2.345077505963      2.338210769545
    8      4.698641972634      4.764367822173      2.394717013164
    8     -0.039868585484     -0.009512823692      2.322611434293
    8      4.667894352703      2.438621078735      4.772648064591
    8      7.049020938122      4.692315116483      4.685732046714
    8      2.337596071497     -0.090060517159      4.768392870331
    8     -0.054007119139      4.688428767522      2.323527218773
    8      2.435756849825      7.004291901224      2.337320230432
    8     -2.340697122555      2.347373674734      2.224194241104
    8      2.415226666852      4.768684551035      4.781337123588
    8      4.564783799626      6.886158591334      4.582886138490
    8      0.005139351791      2.322032711412      4.740891435361
    8      4.542935825343      4.564778959895      6.989899506702
    8      7.094131809737      7.091320190641      7.027772115136
    8      2.304125375419      2.333178182551      7.002928931567
    0    0
