   3   1   1 E -1.6031100390830E+04 DE 3.0E-08(  8)
  0.132861400635E-01  0.694450818121E+01  0.699690804934E+01
  0.705701649577E+01 -0.161304292411E-01  0.701919866694E+01
  0.703771977151E+01  0.693997264138E+01  0.105023142097E-01
    1
  0.100000000000E+01  0.000000000000E+00  0.000000000000E+00
  0.000000000000E+00  0.100000000000E+01  0.000000000000E+00
  0.000000000000E+00  0.000000000000E+00  0.100000000000E+01
  0.000000000000E+00  0.000000000000E+00  0.000000000000E+00
   54
   20     -0.014295801764     -0.011587432040     -0.040485368906
   20      2.361299471898      2.311308222468     -0.030245749834
   20     -2.354986871270     -2.310925910042     -0.052112938499
   20      2.367254330729     -0.063751663717      2.373012868466
   20      4.710638848503      2.297235204076      2.324869994228
   20      0.023067502534     -2.348827415878      2.323994618388
   20     -2.366340028155     -0.026584139087     -2.332158316045
   20     -0.005703987165      2.367315866867     -2.342252396583
   12     -4.610567376380     -2.299185338607     -2.371335866532
   20     -0.042191377935      2.346063245839      2.349402806876
   20      2.358397691879      4.658731631548      2.339828635587
   20     -2.363326656966      0.032991785411      2.315947063691
   20      2.350134865730      2.317126807441      4.732756321894
   12      4.758457454862      4.597798390506      4.750569387869
   20      0.002616185717     -0.010982273839      4.734870121565
   12     -2.307278038717      2.369174782707      0.071589024500
   20     -0.051717576313      4.681361389910     -0.001304585284
   12     -4.664921493538      0.083736287688     -0.010088263662
   12     -0.007029080332     -2.382107134445     -2.333464743993
   20      2.361167964085     -0.023417610644     -2.358540825044
   20     -2.343090633017     -4.603950314395     -2.339127603423
   20      2.364185452336     -2.375738909477      0.007292699048
   12      4.718201332356     -0.060544252108      0.010430649741
   12     -0.012767031721     -4.649252618152     -0.005373056714
   12     -2.345246101487     -2.374832562204     -4.679602229393
   20     -0.030047887592      0.014022124211     -4.700201116598
   12     -4.671188861681     -4.579380973304     -4.735464364773
    8     -0.010437763998     -0.063384700868     -2.339057976485
    8      2.345866996766      2.389621596170     -2.374447934413
    8     -2.406078053021     -2.315841547216     -2.426535036098
    8      2.419355634460     -0.027375506003      0.005755484085
    8      4.761006523551      2.222744551715      0.003289810164
    8     -0.014467164625     -2.413159800190     -0.092071145085
    8      4.670947744875     -0.109053066720      2.320021391876
    8      7.107766993800      2.311049871119      2.257635970827
    8      2.430343461093     -2.426545954007      2.419255727571
    8     -0.053204640439      2.318388694754     -0.000746649986
    8      2.343312336156      4.716565215107     -0.054096188429
    8     -2.408354854671      0.089511282638     -0.013814917729
    8      2.346787541341      2.305034349555      2.339742238325
    8      4.713515160824      4.632461438401      2.332055000986
    8      0.001125664932     -0.003632884891      2.339954065086
    8      4.691038650792      2.431927635317      4.769296554035
    8      6.996989273622      4.631355039939      4.671542037368
    8      2.345823895819     -0.101887603155      4.768840129152
    8     -0.053056741863      4.631268230139      2.419529656826
    8      2.348977544793      7.025564558380      2.261817119974
    8     -2.411427333865      2.420537609980      2.215448412405
    8      2.363277573058      4.622035969373      4.685858789244
    8      4.706614733428      6.861649068507      4.736212130217
    8      0.011290774481      2.434234340722      4.759460850333
    8      4.686905113117      4.631510814877      7.003135529625
    8      6.999245511661      7.046147893508      7.015027734053
    8      2.368213960358      2.191052482205      7.093825086703
    0    0
