   3   1   1 E -1.6031096262268E+04 DE 3.3E-10( 11)
  0.337414480129E-01  0.699731131796E+01  0.698712751952E+01
  0.701149060107E+01 -0.917999329596E-03  0.701351635445E+01
  0.701011315562E+01  0.701739522013E+01  0.602728949334E-02
    1
  0.100000000000E+01  0.000000000000E+00  0.000000000000E+00
  0.000000000000E+00  0.100000000000E+01  0.000000000000E+00
  0.000000000000E+00  0.000000000000E+00  0.100000000000E+01
  0.000000000000E+00  0.000000000000E+00  0.000000000000E+00
   54
   20      0.003793416232     -0.029540156078     -0.028872101890
   20      2.351696526390      2.368678494193     -0.024994724441
   20     -2.304545673993     -2.365574199447     -0.082410669709
   20      2.376584076103     -0.067074648828      2.356974365913
   20      4.719286392587      2.304071415071      2.318837502418
   20      0.070183256729     -2.372807975780      2.298713026738
   20     -2.342702275175     -0.069116615530     -2.353862370628
   20      0.001839617331      2.332561385759     -2.348492189426
   12     -4.639704823684     -2.319446406892     -2.405122742513
   20     -0.056736535644      2.397087226672      2.388283347659
   20      2.299199505073      4.723655789667      2.327929052772
   20     -2.363906536662      0.037952434565      2.290599012367
   20      2.321656718133      2.344777891387      4.745108537208
   20      4.657708441384      4.642929810502      4.714922989219
   20      0.031423639433      0.007904614351      4.730369836411
   12     -2.389995142641      2.342897543898     -0.045894087480
   20      0.003529004913      4.704692718504      0.052521019665
   12     -4.685118223244      0.004600372243     -0.025101863124
   12     -0.010404307635     -2.352865401530     -2.281584283927
   20      2.305293780133     -0.011843490412     -2.307388764973
   12     -2.239272406992     -4.571844462701     -2.356181230465
   12      2.342279046495     -2.400900608653      0.017314258196
   20      4.690198787343     -0.008376927344      0.045599855504
   12     -0.065237416049     -4.642180938959     -0.086873758851
   12     -2.347705166010     -2.361428327217     -4.645033080684
   12     -0.005093711074      0.013090438094     -4.668096965639
   20     -4.680846871216     -4.644049367923     -4.728792718480
    8     -0.021265057211     -0.080206810380     -2.381614514693
    8      2.362048650886      2.408181470596     -2.356420436488
    8     -2.296501862429     -2.464852459289     -2.353057415981
    8      2.337569450827     -0.057428906377     -0.000622337036
    8      4.744263374795      2.327880515357     -0.068289832490
    8      0.122079888495     -2.428422096005     -0.109567011548
    8      4.746466221682     -0.092785795065      2.357909568193
    8      7.008400356337      2.277542607029      2.261523272955
    8      2.455194380179     -2.344332506693      2.357897091832
    8     -0.052406678694      2.350680165341      0.030806291314
    8      2.330970233355      4.748310187220     -0.061276084553
    8     -2.408786465003      0.054804306687     -0.030000861949
    8      2.323890479338      2.348456100335      2.347180646280
    8      4.686876866332      4.674799215873      2.306336211559
    8      0.002550672985     -0.004099397089      2.331659381324
    8      4.679839806000      2.317982614556      4.725692485693
    8      7.073381089815      4.672494097116      4.699063294835
    8      2.347192539702     -0.104637285995      4.766287433691
    8     -0.114314074524      4.802081808149      2.444325800414
    8      2.242530079106      7.021907128123      2.208348639745
    8     -2.336283485710      2.438198961316      2.307239670409
    8      2.253398087528      4.663648080775      4.738487883533
    8      4.683789852008      7.065922566753      4.687757381808
    8     -0.093125035483      2.433951475899      4.798572046291
    8      4.593865634453      4.564408947437      7.070109701453
    8      7.139540498183      7.124770548679      7.064477096588
    8      2.394484799922      2.334942276452      6.988723580585
    0    0
