   3   1   1 E -1.6031089551042E+04 DE-2.4E-09( 11)
  0.396806809709E-01  0.699082593420E+01  0.697243200654E+01
  0.700826761185E+01 -0.197906709633E-02  0.700580431242E+01
  0.700314711629E+01  0.701419224419E+01  0.870119003435E-02
    1
  0.100000000000E+01  0.000000000000E+00  0.000000000000E+00
  0.000000000000E+00  0.100000000000E+01  0.000000000000E+00
  0.000000000000E+00  0.000000000000E+00  0.100000000000E+01
  0.000000000000E+00  0.000000000000E+00  0.000000000000E+00
   54
   20      0.003337956321     -0.028406572603     -0.036365817658
   20      2.350664492937      2.368169214329     -0.025783973953
   20     -2.298118217223     -2.366313396743     -0.086893438977
   20      2.372982007414     -0.065592573894      2.353385252351
   20      4.714853930065      2.304426609114      2.316547791612
   20      0.070747667860     -2.373350724713      2.292304515773
   20     -2.339856066496     -0.068082729146     -2.351769023429
   20      0.002936808418      2.333631263252     -2.347102417199
   12     -4.619243685299     -2.308857330595     -2.429501631669
   20     -0.056454433045      2.397727448792      2.383817457264
   20      2.300206119723      4.721604236960      2.324229465749
   20     -2.358238309728      0.035376953167      2.282120745851
   20      2.318069648343      2.345347676215      4.739632077491
   20      4.656586601950      4.639388909595      4.709681338242
   20      0.033923244558      0.007046581066      4.727413199679
   12     -2.363633519379      2.319564213218     -0.024601682803
   20      0.006499018893      4.703783334047      0.053427113710
   12     -4.667554088647      0.005795182780     -0.039179924122
   12     -0.006177594667     -2.356320913934     -2.255942917897
   20      2.298556290978     -0.009353054170     -2.303668383306
   12     -2.192301171521     -4.576462106732     -2.347306829627
   12      2.314137642843     -2.388821284729      0.027615602152
   20      4.684887326143     -0.007805874691      0.051971473438
   12     -0.137276091971     -4.649378684824     -0.079817812074
   12     -2.354028029440     -2.354377994167     -4.631417636734
   12     -0.023023865088      0.010379353323     -4.676450046397
   20     -4.676932120627     -4.640620057851     -4.724467491418
    8     -0.022937427663     -0.077348313529     -2.377678812267
    8      2.366605222453      2.405472176119     -2.358777240284
    8     -2.279348509236     -2.464211013101     -2.344922892501
    8      2.332244101167     -0.053722451289      0.001009168850
    8      4.739302039995      2.324510555803     -0.065332811965
    8      0.110291864382     -2.433349724642     -0.117897209768
    8      4.739571729738     -0.089999208565      2.359028331665
    8      7.005289754170      2.278303731278      2.259419224400
    8      2.453103062098     -2.347090251761      2.353082621769
    8     -0.049157217935      2.353106124555      0.026787162547
    8      2.333450679287      4.744227150393     -0.062759122340
    8     -2.401467551388      0.050560716723     -0.039058184327
    8      2.320764988002      2.349223316429      2.344136040658
    8      4.685022229248      4.671685041222      2.301952822210
    8      0.002751430228     -0.004331885842      2.325469310317
    8      4.676673849316      2.318089173049      4.719650650425
    8      7.070246945685      4.669856227508      4.695596792362
    8      2.345719575503     -0.100614015259      4.762435424926
    8     -0.111746294716      4.802155303976      2.440841070755
    8      2.244716197394      7.018106411766      2.202630563129
    8     -2.333978265454      2.436404997742      2.296689960635
    8      2.252393105710      4.663277250441      4.729795830321
    8      4.683107624483      7.057743117396      4.683873939312
    8     -0.095692337958      2.432364222406      4.796989376103
    8      4.599011271883      4.559112583675      7.066168010733
    8      7.139218993550      7.117416887218      7.062566896914
    8      2.389220717717      2.334230200016      6.977644859845
    0    0
