   3   1   1 E -1.6031086109418E+04 DE 1.2E-09( 11)
  0.332807329925E-01  0.697552697772E+01  0.700539399664E+01
  0.699451804541E+01  0.131002019389E-01  0.701693035607E+01
  0.701957420267E+01  0.700650502872E+01 -0.598573066030E-02
    1
  0.100000000000E+01  0.000000000000E+00  0.000000000000E+00
  0.000000000000E+00  0.100000000000E+01  0.000000000000E+00
  0.000000000000E+00  0.000000000000E+00  0.100000000000E+01
  0.000000000000E+00  0.000000000000E+00  0.000000000000E+00
   54
   20     -0.002259351863     -0.002824637161     -0.027372316537
   20      2.374594221908      2.295598172549     -0.036960816448
   20     -2.329861676966     -2.342070570763     -0.028609888037
   20      2.351296768555     -0.023730304089      2.342589978626
   20      4.674465207800      2.314800103542      2.340586957018
   20      0.010318681700     -2.334021897894      2.358825615488
   20     -2.334101593985     -0.042779196769     -2.341957050190
   20      0.040189705730      2.301209679265     -2.339651078592
   20     -4.628871686452     -2.366051388400     -2.354694075511
   20     -0.066507901768      2.351585728451      2.349609890859
   20      2.332469861852      4.714586388274      2.354239301009
   20     -2.371413160938      0.086903719412      2.363085694801
   20      2.314255574861      2.305251347521      4.714064513673
   20      4.683627216196      4.731918585368      4.745943647927
   12      0.027696477047      0.002535853119      4.765855072133
   12     -2.246613936326      2.165290132838     -0.067091782602
   20     -0.003218291120      4.690543622252     -0.028280813404
   12     -4.614173812096     -0.045304256945     -0.043672621939
   12     -0.078350842422     -2.287508101394     -2.376138483394
   12      2.299967230946      0.077470479928     -2.321189542094
   12     -2.393774229346     -4.688391722684     -2.329005925021
   20      2.363491164938     -2.332355589764      0.024274080168
   12      4.602025689304      0.086082164700     -0.053728865185
   20     -0.021342502754     -4.706737186254     -0.021609387572
   12     -2.344598489688     -2.353543356378     -4.689649251815
   20      0.004837460190     -0.011019844239     -4.682105647284
   12     -4.623126504151     -4.686411277710     -4.670621193804
    8      0.047608919091     -0.067420372242     -2.344933632140
    8      2.434764421807      2.251252213717     -2.410019912096
    8     -2.266913380442     -2.411139841456     -2.402383360076
    8      2.381153642730      0.002447295609     -0.038505778575
    8      4.670229439463      2.275703797671     -0.053600130345
    8     -0.005034286016     -2.335346823311     -0.026134352092
    8      4.652947754564     -0.039721379602      2.294927542558
    8      7.046092821803      2.322380518759      2.338969088435
    8      2.398987585666     -2.390020387716      2.345419746029
    8     -0.033056904430      2.326843666356     -0.020478683989
    8      2.366016063254      4.702915571165     -0.025943245364
    8     -2.396211686240      0.045506531531     -0.019337569634
    8      2.330171457617      2.329605279865      2.351255255965
    8      4.667761477444      4.701474822188      2.347282430940
    8     -0.008463503279      0.016734783386      2.390571968937
    8      4.670345750153      2.328465189973      4.716723320310
    8      7.023102572358      4.719193249584      4.683567064241
    8      2.289482413728     -0.024780976481      4.717758972683
    8     -0.032602105546      4.671746598355      2.371702288923
    8      2.350036507358      7.090570191905      2.336496049860
    8     -2.470186971600      2.456565269674      2.265804862652
    8      2.306701510888      4.734504825521      4.718175770511
    8      4.683263615418      7.172576590061      4.778460482095
    8     -0.092534037991      2.305606982845      4.681586455553
    8      4.697665478309      4.690786279097      7.075603808982
    8      7.034338048878      6.991818482857      6.977667589250
    8      2.446490528677      2.208799931616      7.076151753353
    0    0
