   3   1   1 E -1.6031091719779E+04 DE 7.2E-09(  9)
 -0.736305429919E-02  0.696155860811E+01  0.698513416941E+01
  0.700273882700E+01 -0.247355059502E-01  0.700829467726E+01
  0.698941087020E+01  0.697818379865E+01 -0.181728656681E-01
    1
  0.100000000000E+01  0.000000000000E+00  0.000000000000E+00
  0.000000000000E+00  0.100000000000E+01  0.000000000000E+00
  0.000000000000E+00  0.000000000000E+00  0.100000000000E+01
  0.000000000000E+00  0.000000000000E+00  0.000000000000E+00
   54
   20      0.025443346276     -0.002301391167     -0.021587333544
   20      2.335741387045      2.350567379776     -0.036110407078
   20     -2.354247836675     -2.334730764071      0.005515526023
   20      2.330100321217     -0.018940547261      2.373930802779
   20      4.645850860296      2.345778743581      2.367511866786
   20      0.035509983946     -2.364234608114      2.332728208496
   20     -2.374703874398      0.046862301736     -2.301767256214
   20      0.014674655974      2.345935999306     -2.383325732095
   12     -4.652412767463     -2.306536977526     -2.320611321727
   20      0.023653125297      2.365715164935      2.346151563162
   12      2.351341035609      4.608295876240      2.390937458612
   20     -2.397713872154     -0.029187847011      2.359883941306
   12      2.406980608711      2.423944898991      4.702848442336
   12      4.551191532491      4.502608199287      4.598445024298
   20      0.027711600233     -0.000848448256      4.684453206567
   12     -2.334195845220      2.377395710035     -0.133812956882
   20     -0.012015170616      4.665346145364     -0.007998513029
   20     -4.704744157074      0.050025789563      0.006724458359
   20      0.093846917899     -2.312646342856     -2.298916467974
   12      2.358853386696     -0.088983513633     -2.297330297867
   20     -2.348088630133     -4.655519699489     -2.287508227677
   12      2.415191317507     -2.378849382280     -0.089068226340
   20      4.651415472780     -0.047966042352     -0.022281706189
   12      0.048081114840     -4.629550398605     -0.041212521850
   20     -2.358839336305     -2.323240808513     -4.691617193775
   12      0.046917724834     -0.001592335034     -4.661366759526
   20     -4.697321115268     -4.655809504931     -4.672046106832
    8      0.062707614296      0.005948937302     -2.336384289751
    8      2.323135043072      2.339868856922     -2.350011154096
    8     -2.393264025167     -2.313374875449     -2.312405073452
    8      2.331604985176     -0.085513795907     -0.076933052932
    8      4.708097054232      2.322168633810     -0.001059477490
    8      0.098314040500     -2.404165091968      0.001981317193
    8      4.691262438606     -0.012980476726      2.368010235582
    8      6.987235047216      2.235537523385      2.250949802917
    8      2.332184545386     -2.350648996671      2.348179482509
    8     -0.041582130000      2.353430354207     -0.041795299012
    8      2.310948371966      4.676694569657     -0.011199919040
    8     -2.361895122486      0.070339963152      0.008125606265
    8      2.340962165019      2.423630746294      2.406671569764
    8      4.592424406162      4.644928641181      2.339910441858
    8      0.016009565089     -0.008399120117      2.331884497041
    8      4.562860986728      2.458302746375      4.787795003655
    8      7.030637100232      4.639699870697      4.652746240985
    8      2.323753591290     -0.006246055979      4.693887202963
    8      0.070760915081      4.735372119668      2.340731984332
    8      2.176911924743      6.839073394506      2.433988676399
    8     -2.379420797665      2.318842540695      2.328085969910
    8      2.498480013686      4.624657883077      4.649364628531
    8      4.563397133239      6.864747092294      4.639918098763
    8      0.118682135727      2.338813919695      4.724259232766
    8      4.532521471447      4.484554968624      6.868336364200
    8      6.974799868402      7.049070325224      7.054232613339
    8      2.331789764722      2.441638781971      6.886811741156
    0    0
