   3   1   1 E -1.6031097728175E+04 DE 5.1E-10( 11)
  0.502411668104E-01  0.696824632036E+01  0.693749737414E+01
  0.703101504177E+01 -0.189519542212E-01  0.699722751152E+01
  0.703000860539E+01  0.702280451556E+01 -0.123150961890E-01
    1
  0.100000000000E+01  0.000000000000E+00  0.000000000000E+00
  0.000000000000E+00  0.100000000000E+01  0.000000000000E+00
  0.000000000000E+00  0.000000000000E+00  0.100000000000E+01
  0.000000000000E+00  0.000000000000E+00  0.000000000000E+00
   54
   20      0.032338302723     -0.050003245442     -0.032418885312
   20      2.380766357803      2.340599358509     -0.044326059307
   20     -2.321418949040     -2.382784531905     -0.094012963751
   20      2.412523609706     -0.069654210449      2.328761320166
   20      4.737383583468      2.286745358936      2.278892852267
   20      0.067482996572     -2.364813478916      2.309016865523
   20     -2.324988403383     -0.084618012510     -2.369051792200
   20      0.023186585230      2.348203764854     -2.359034498297
   12     -4.638592188488     -2.354487326989     -2.291119236851
   20     -0.026569405565      2.377026770973      2.373387245248
   20      2.331631771369      4.704961011804      2.299417529168
   20     -2.351296590408      0.002085745048      2.312131728202
   20      2.322767479375      2.332089033991      4.722058208285
   20      4.686064538749      4.684028596251      4.694032966588
   20      0.015488974184      0.011903333577      4.739749530857
   20     -2.373478363395      2.355627673900      0.014665282497
   20      0.007288208790      4.750172500036      0.022183868279
   12     -4.734220878198     -0.030888145893     -0.044161957308
   12      0.001430677947     -2.349701440885     -2.308461528270
   20      2.311372414534      0.008756024010     -2.306734856819
   12     -2.296309895936     -4.631592134217     -2.245366547880
   12      2.318706599432     -2.274566750164     -0.019570974809
   12      4.601084571127      0.041445103547      0.027866564533
   12     -0.087130047124     -4.695871797932     -0.021048347731
   12     -2.390183704357     -2.305260241868     -4.635574210642
   12     -0.048054123550     -0.009367150050     -4.707267331589
   20     -4.698522650119     -4.636685539486     -4.658644676354
    8     -0.009911049993     -0.064908409188     -2.379298190756
    8      2.399809159480      2.410331983361     -2.337734138723
    8     -2.402633829588     -2.489532964066     -2.469112613090
    8      2.401155353419     -0.056499732225      0.009012321273
    8      4.744231346625      2.268683804854     -0.082910264226
    8      0.118530419017     -2.451060385011     -0.109091952150
    8      4.787107080763     -0.104494066105      2.254828618223
    8      7.031636699674      2.296988516508      2.258796529342
    8      2.433728628990     -2.348328727240      2.356027065731
    8      0.004768203858      2.355618822027      0.004950747160
    8      2.366385970913      4.738790356534     -0.069443703193
    8     -2.368189407968     -0.034330048404     -0.051399174095
    8      2.350548158579      2.330477979283      2.328483575128
    8      4.708859442101      4.667099448673      2.288779234533
    8      0.018300952548     -0.017441744367      2.334675879562
    8      4.693920369400      2.313712688025      4.663167169668
    8      7.087453284713      4.690992558225      4.680436925768
    8      2.356397601378     -0.107586406992      4.732474693802
    8     -0.061995050535      4.770825174986      2.405770241560
    8      2.277795459021      7.008686652934      2.202573299962
    8     -2.328109083291      2.396349566105      2.363927686300
    8      2.296599183235      4.649521104087      4.706981577190
    8      4.704880478339      7.045682695853      4.707046522035
    8     -0.068608809403      2.432672720388      4.763111931596
    8      4.605796072231      4.758784337916      7.060231934402
    8      7.100805341029      7.086857257558      7.065171660505
    8      2.292678216856      2.323201515172      6.978016380616
    0    0
