   3   1   1 E -1.6031101614115E+04 DE 1.1E-09( 10)
 -0.381823674257E-02  0.698581119457E+01  0.702405917726E+01
  0.700099827151E+01 -0.190053136799E-01  0.703909807225E+01
  0.698199295782E+01  0.698199295782E+01 -0.117282365994E-17
    2
  0.100000000000E+01  0.000000000000E+00  0.000000000000E+00
  0.000000000000E+00  0.100000000000E+01  0.000000000000E+00
  0.000000000000E+00  0.000000000000E+00  0.100000000000E+01
  0.000000000000E+00  0.000000000000E+00  0.000000000000E+00
  0.000000000000E+00 -0.100000000000E+01  0.000000000000E+00
 -0.100000000000E+01  0.000000000000E+00  0.000000000000E+00
  0.000000000000E+00  0.000000000000E+00  0.100000000000E+01
  0.000000000000E+00  0.000000000000E+00  0.000000000000E+00
   54
   20      0.001398074259     -0.001398074259     -0.016305628969
   20      2.318137267066      2.349411615020     -0.052284724396
   20     -2.349411615020     -2.318137267066     -0.052284724396
   20      2.341026219245     -0.029270640974      2.404546136576
   20      4.651467984751      2.330524973071      2.378359251120
   20      0.029270640974     -2.341026219245      2.404546136576
   20     -2.354484221773     -0.024258498123     -2.355637333813
   20      0.024258498123      2.354484221773     -2.355637333813
   12     -4.659501598381     -2.322491359440     -2.332497865523
   20     -0.037636337296      2.398533943994      2.362177698349
   20      2.291288948785      4.690704009036      2.365274375173
   20     -2.398533943994      0.037636337296      2.362177698349
   12      2.334407126191      2.372436971755      4.684748364736
   12      4.609555986066      4.647585831631      4.684748364736
   20      0.032447814620     -0.032447814620      4.715485982028
   20     -2.379281841225      2.379281841225     -0.012373913434
   12     -0.022462635694      4.693320939736     -0.125683163707
   12     -4.693320939736      0.022462635694     -0.125683163707
   12      0.092281115250     -2.329509498573     -2.326022483232
   12      2.329509498573     -0.092281115250     -2.326022483232
   20     -2.354356438044     -4.627636519778     -2.368673481771
   20      2.376290775764     -2.376290775764     -0.032963012973
   20      4.683466256123     -0.073515229684     -0.004127291400
   20      0.073515229684     -4.683466256123     -0.004127291400
   12     -2.318557611732     -2.340299727582     -4.593481697669
   20      0.037782394446     -0.037782394446     -4.692833558686
   12     -4.641693230239     -4.663435346089     -4.593481697669
    8      0.132908375614     -0.132908375614     -2.330578677874
    8      2.329647460443      2.376585529972     -2.414161927942
    8     -2.376585529975     -2.329647460446     -2.414161927942
    8      2.316998449446     -0.001711719844     -0.055840565052
    8      4.661221895841      2.320771061982      0.008327307997
    8      0.001711719844     -2.316998449446     -0.055840565052
    8      4.665318353856     -0.105691722152      2.352955233147
    8      7.087684679978      2.316674603969      2.352955233147
    8      2.439515731301     -2.439515731301      2.419639142934
    8     -0.003046078457      2.425766597721     -0.006385416512
    8      2.232273194906      4.749719762913     -0.086790654834
    8     -2.425766597721      0.003046078457     -0.006385416512
    8      2.336934798825      2.325621278694      2.430750859318
    8      4.656371679131      4.645058159000      2.430750859318
    8     -0.004061605030      0.004061605030      2.341571992527
    8      4.553811211776      2.428181746046      4.691724539565
    8      7.011883680110      4.647218395491      4.770712058094
    8      2.334774562330     -0.029890722289      4.770712058094
    8     -0.101593137916      4.653993451185      2.368569124167
    8      2.327999506638      7.083586095739      2.368569124167
    8     -2.433709420082      2.433709420083      2.351311252923
    8      2.321418776673      4.660574181148      4.687608706090
    8      4.530757948930      6.859141323397      4.684724480689
    8      0.122851634421      2.451235008888      4.684724480689
    8      4.760586228820      4.652391671082      6.969305353810
    8      7.079906243391      6.884079672258      7.008192456219
    8      2.329601286738      2.221406729000      6.969305353810
    0    0
