   3   1   1 E -1.6031101175409E+04 DE 1.7E-10( 11)
 -0.138308048628E-01  0.701528421238E+01  0.701662912765E+01
  0.700242147426E+01 -0.207501761195E-02  0.701184015096E+01
  0.699295338499E+01  0.700624184378E+01  0.211560849257E-02
    1
  0.100000000000E+01  0.000000000000E+00  0.000000000000E+00
  0.000000000000E+00  0.100000000000E+01  0.000000000000E+00
  0.000000000000E+00  0.000000000000E+00  0.100000000000E+01
  0.000000000000E+00  0.000000000000E+00  0.000000000000E+00
   54
   20      0.006243082229     -0.010747835791     -0.085846661899
   20      2.321280524448      2.352548658070     -0.033437476561
   20     -2.338047875851     -2.345370974542     -0.024072702350
   20      2.321210008737     -0.042063219036      2.337295141605
   20      4.699306374752      2.342534579131      2.336471175586
   20      0.023276463850     -2.349792556745      2.361255643320
   20     -2.315108475956      0.000791311570     -2.303805121339
   12      0.019418827399      2.328931807223     -2.320973891799
   12     -4.714130491298     -2.295859491595     -2.335059081150
   20     -0.008332342569      2.351247854382      2.382278619226
   12      2.310654587538      4.721850856661      2.408089217680
   20     -2.357945863900      0.012730546939      2.346488905065
   20      2.325712637895      2.372330900434      4.689739097000
   20      4.644508001713      4.671826651035      4.680566906828
   12      0.053706015287      0.055837404035      4.699045307971
   12     -2.279339230436      2.372278880965     -0.048593081991
   20      0.005909903904      4.668946628445     -0.027583652021
   20     -4.680591205785      0.026913992471     -0.010742301217
   12      0.111809960228     -2.366264468823     -2.309024945765
   12      2.246324814932     -0.088738336476     -2.308254289532
   20     -2.325780582113     -4.677256848320     -2.324058269729
   12      2.306211267002     -2.392042232209     -0.008417974600
   20      4.667211478577     -0.018787559097     -0.050957468836
   12     -0.022338021044     -4.649040111587     -0.096677733454
   20     -2.354513343932     -2.361204780491     -4.687114378222
   20      0.022455189988      0.009997690003     -4.633445900879
   20     -4.681649425025     -4.658076198418     -4.659899992460
    8      0.098381100726     -0.001902680628     -2.341840563272
    8      2.186995173158      2.376823507008     -2.323935248728
    8     -2.357879915148     -2.322158972964     -2.358584449513
    8      2.334545205187     -0.108274437980     -0.116524363605
    8      4.753792031434      2.335993319853     -0.000827179017
    8      0.100427284324     -2.450903325054     -0.118327951665
    8      4.668172284566     -0.009244946288      2.332624058761
    8      6.990477868479      2.335372965169      2.362126097271
    8      2.337516735618     -2.329728376342      2.344045807901
    8     -0.099862383439      2.336029741475     -0.052986814651
    8      2.322707930391      4.688698893104     -0.021240862615
    8     -2.336392384975      0.083396361537     -0.006390199393
    8      2.342188508927      2.407562100032      2.342901813660
    8      4.562358715496      4.670880539601      2.346218832081
    8     -0.006035478214     -0.003773369103      2.372240283264
    8      4.786165671099      2.328239632693      4.760845277596
    8      7.107297042180      4.687542355676      4.680934497660
    8      2.217890531955     -0.075978712775      4.680440824683
    8      0.099927051782      4.674536745986      2.448869040430
    8      2.320843988987      6.905526086659      2.421609933898
    8     -2.337368580954      2.336796917746      2.337096683744
    8      2.242777803340      4.747795243254      4.705713667436
    8      4.671575300641      7.002081477399      4.686827552314
    8      0.001178968587      2.343949480852      4.769255712233
    8      4.578429714391      4.546405363963      6.999947546016
    8      6.992420323517      7.105679902694      6.917801087998
    8      2.330955472146      2.442660711677      6.995525817016
    0    0
