   3   1   1 E -1.6031097156203E+04 DE 5.9E-09(  9)
  0.213071495275E-01  0.698177242483E+01  0.702519437104E+01
  0.701460513738E+01 -0.397465418749E-02  0.704514462350E+01
  0.703040482415E+01  0.701028856760E+01 -0.126950124062E-01
    1
  0.100000000000E+01  0.000000000000E+00  0.000000000000E+00
  0.000000000000E+00  0.100000000000E+01  0.000000000000E+00
  0.000000000000E+00  0.000000000000E+00  0.100000000000E+01
  0.000000000000E+00  0.000000000000E+00  0.000000000000E+00
   54
   20     -0.017067424227     -0.008156711932     -0.035799981089
   20      2.373660506819      2.353902772387      0.004527663891
   20     -2.331323566658     -2.353640712297     -0.007249314235
   20      2.394236445451     -0.019174903132      2.406001717857
   20      4.697975908705      2.325406789901      2.352661562575
   20     -0.005026128943     -2.359406594617      2.360347602209
   20     -2.341038239850     -0.027204377310     -2.385073863699
   12      0.089211768282      2.401172473332     -2.302543643585
   12     -4.703940334653     -2.400561086525     -2.373212810794
   20      0.017187276919      2.393986594825      2.394155989387
   12      2.367106988004      4.644375979112      2.396404833688
   12     -2.395585009304     -0.102691774586      2.320652317502
   12      2.268656972757      2.473960832576      4.686225782576
   20      4.661795124701      4.655714258645      4.660385729842
   20     -0.002272161319      0.021207303178      4.721262854760
   20     -2.322599772744      2.346330811087      0.016803021272
   20      0.019832964918      4.682238001195      0.012385552095
   20     -4.671761000395     -0.020282769343     -0.008706019552
   12      0.004558727201     -2.406249213204     -2.385519638634
   20      2.333599652222     -0.015595614398     -2.371685442250
   20     -2.326046711239     -4.640160041760     -2.350591618610
   20      2.318301181364     -2.355702971245     -0.041624850300
   12      4.658858261736     -0.012006997492      0.044563917871
   12     -0.124741114652     -4.623323733964     -0.089191092815
   12     -2.392778642269     -2.282038561583     -4.637343792870
   20     -0.017862766694     -0.010127090279     -4.689222092515
   20     -4.690080403750     -4.645180586480     -4.677551051339
    8      0.003190299209     -0.010040670805     -2.361058614329
    8      2.278171307412      2.442258319433     -2.365699938930
    8     -2.317892623385     -2.340807512164     -2.375952990776
    8      2.384104965859     -0.011074114211     -0.038335432281
    8      4.783964018059      2.253473483583     -0.001925909149
    8      0.007747132909     -2.421301003546     -0.082294261206
    8      4.682465274517     -0.103379829456      2.281371272584
    8      7.026995238948      2.340451898587      2.355477781286
    8      2.408903700123     -2.343792471235      2.423067029236
    8      0.028941704363      2.354167362914     -0.026034476508
    8      2.355123580371      4.656564960320     -0.002695081525
    8     -2.350256646017     -0.020459110306      0.016889709590
    8      2.353275446764      2.430563280483      2.402471405545
    8      4.615887041108      4.737901816941      2.332555334124
    8     -0.036009327109      0.000353460561      2.399123960991
    8      4.695382930323      2.338760135560      4.689097439624
    8      7.100753951312      4.594256471382      4.694301977227
    8      2.343941103957     -0.021607513076      4.700949329420
    8      0.028286833869      4.665673130807      2.411164872321
    8      2.450961200588      6.910022969338      2.332332328996
    8     -2.325378630339      2.356893531232      2.352456562112
    8      2.235537343122      4.536697212290      4.541927214332
    8      4.689057159935      6.991294104692      4.668673688131
    8      0.101439779883      2.447607340141      4.786136793404
    8      4.673009328655      4.751079636631      7.086046894464
    8      6.943114694834      7.070599277017      7.038592286985
    8      2.274851688144      2.323440278869      6.979695410704
    0    0
