   3   1   1 E -1.6031092421071E+04 DE-1.2E-08(  9)
  0.940510632437E-02  0.702102595589E+01  0.704207139581E+01
  0.701893138869E+01  0.948958370715E-02  0.703500545049E+01
  0.702279461836E+01  0.701140512599E+01  0.122750743234E-01
    1
  0.100000000000E+01  0.000000000000E+00  0.000000000000E+00
  0.000000000000E+00  0.100000000000E+01  0.000000000000E+00
  0.000000000000E+00  0.000000000000E+00  0.100000000000E+01
  0.000000000000E+00  0.000000000000E+00  0.000000000000E+00
   54
   20      0.033923151959     -0.032670922023     -0.033752759626
   20      2.345601197341      2.356121574711     -0.051541721298
   20     -2.348442073829     -2.342099911479     -0.053850108288
   20      2.366782099927     -0.050326080719      2.377601765306
   20      4.684944499574      2.350716817751      2.362249966238
   20      0.041274861809     -2.334314651018      2.377323180153
   20     -2.343799134831     -0.060916872273     -2.355517816588
   20      0.025159159853      2.367014156780     -2.329535464268
   12     -4.611256661894     -2.310975403643     -2.355717386671
   20     -0.035263356911      2.399822143044      2.354740728810
   20      2.314346543524      4.707606629623      2.346786184179
   20     -2.379934960328      0.003614322426      2.380646071726
   20      2.341789487785      2.386420371035      4.751563638480
   12      4.637005974980      4.701598384800      4.728500864143
   20     -0.010712262887     -0.038173305166      4.729813977601
   20     -2.353035424406      2.405286996136      0.015691696779
   12      0.034155631974      4.713529283358     -0.027786421399
   12     -4.778584947673     -0.072069727525     -0.158725721833
   12      0.022415019424     -2.357459332567     -2.316444353509
   12      2.337155904604     -0.084251100171     -2.264133578110
   12     -2.346231653668     -4.540778279785     -2.411607158919
   12      2.330497340463     -2.282634757298     -0.090461455370
   20      4.666880534194     -0.069027967287     -0.031431138775
   20      0.017330993199     -4.662805304638     -0.037268486710
   12     -2.348698296413     -2.380489574797     -4.616483210821
   20      0.022278076915     -0.069885470960     -4.676362635048
   20     -4.649480487705     -4.658365588088     -4.676271784171
    8      0.078914027751     -0.099769939394     -2.330818760671
    8      2.432777899847      2.352087069643     -2.332443978044
    8     -2.338650947417     -2.413433981781     -2.384618472233
    8      2.338515348460     -0.075892079144     -0.071236661284
    8      4.681370531871      2.333768497247     -0.059841119163
    8      0.097462255896     -2.332099120147     -0.045482798473
    8      4.681056093904     -0.082227363355      2.362589164707
    8      7.028598033254      2.344159679648      2.355893752212
    8      2.443891770030     -2.325826273156      2.386085309122
    8      0.002198854378      2.410186034647     -0.026233354966
    8      2.259566130057      4.756598107936     -0.119605255295
    8     -2.412067898464     -0.007521338054     -0.010604450813
    8      2.340903615029      2.359413432872      2.362193059838
    8      4.684192641452      4.676726306281      2.401435092565
    8      0.000273259540     -0.001173868811      2.366360973001
    8      4.670924191060      2.411887819448      4.703189509798
    8      7.029312987352      4.677524182452      4.786473331819
    8      2.339456662419     -0.083052169384      4.753977669580
    8     -0.089537045592      4.666288577510      2.345524147077
    8      2.348977906641      7.006716711385      2.362316962438
    8     -2.332037773213      2.442385813003      2.453303805772
    8      2.336911382644      4.760333427471      4.750009263495
    8      4.578541005148      6.948418633840      4.696206673139
    8     -0.059554594653      2.443873071734      4.689259919499
    8      4.612094176318      4.685701349483      6.976242923059
    8      7.113974821307      6.909730892246      7.054167037403
    8      2.345923458184      2.379353091303      7.039713027212
    0    0
