   3   1   1 E -1.6031074436619E+04 DE-1.3E-11( 11)
  0.121886101342E-01  0.693760512986E+01  0.699265679796E+01
  0.699712973239E+01 -0.160833565158E-02  0.700014496606E+01
  0.702330640740E+01  0.696373667338E+01 -0.203471640916E-01
    1
  0.100000000000E+01  0.000000000000E+00  0.000000000000E+00
  0.000000000000E+00  0.100000000000E+01  0.000000000000E+00
  0.000000000000E+00  0.000000000000E+00  0.100000000000E+01
  0.000000000000E+00  0.000000000000E+00  0.000000000000E+00
   54
   20      0.000501108619     -0.012127571338     -0.015660401373
   20      2.328185135816      2.348897077364     -0.043270953812
   20     -2.339527356745     -2.316808715303     -0.028835891684
   20      2.341075552329     -0.061797629188      2.340458608671
   20      4.680092153893      2.338805045829      2.340124139824
   20      0.036783185760     -2.313106017698      2.373976559682
   20     -2.337680226018     -0.020164626277     -2.333395992102
   20      0.015083636926      2.398067604437     -2.293227546474
   12     -4.663628270843     -2.365929156370     -2.213251769197
   20     -0.037123752904      2.354009365044      2.335495653307
   20      2.316732432589      4.642292799070      2.321731247468
   20     -2.343083798001     -0.001455099852      2.340823219026
   20      2.331707538397      2.348948900689      4.685849730812
   12      4.656258615917      4.675803718263      4.734698258657
   12      0.057787596154     -0.110063211959      4.688006101717
   12     -2.375599214544      2.439145817032     -0.006767441090
   12      0.028645189611      4.697967123077      0.022073952378
   20     -4.677969805098     -0.007487971282     -0.005398497175
   12     -0.013555827709     -2.266185447459     -2.322192401494
   20      2.342196909730     -0.022873573990     -2.325189134387
   20     -2.336445905367     -4.607576695854     -2.362927611611
   12      2.211829706706     -2.329965604536     -0.056929055784
   20      4.695513295467     -0.098994206556     -0.037791850577
   20      0.031986080637     -4.630650940893     -0.028450232560
   12     -2.365945455561     -2.304225865298     -4.732931124926
   20      0.000061757819     -0.028058703103     -4.669199655694
   12     -4.639360244688     -4.663918236983     -4.652492231158
    8     -0.000411317395     -0.038520795213     -2.338821248069
    8      2.345717535083      2.402339707465     -2.385439132479
    8     -2.353491792934     -2.313958024362     -2.388790277685
    8      2.345212648205     -0.069915229368     -0.009721886720
    8      4.691425315216      2.325082864845     -0.039439372987
    8      0.047154226314     -2.319507839891     -0.015468897965
    8      4.671391505942     -0.071546326375      2.329600905250
    8      7.050052908104      2.341169965551      2.344134358271
    8      2.438559799519     -2.421378078355      2.326283451739
    8     -0.027766174113      2.392008840330     -0.019675204424
    8      2.296105597749      4.643460789472     -0.073624841859
    8     -2.340207945396      0.026638648849     -0.007556916606
    8      2.331302944839      2.330328477360      2.337016111512
    8      4.692028897767      4.648646217059      2.350144745937
    8      0.005260944468     -0.011799169126      2.367745426311
    8      4.671482758678      2.390151355792      4.722728871719
    8      7.025768422237      4.809568475891      4.752933940011
    8      2.289516063044     -0.057811941278      4.701400211731
    8     -0.073438649177      4.638439761898      2.302147964950
    8      2.344449546133      6.975415126668      2.330483883623
    8     -2.407020374840      2.375584584870      2.311926657707
    8      2.313172710812      4.642206592226      4.682628144739
    8      4.737961006773      6.864821088283      4.640035315286
    8      0.006806872375      2.325352286572      4.660913717511
    8      4.668583665017      4.398978120888      6.965190029910
    8      7.032875353108      6.853510155358      6.934925313241
    8      2.399798868255      2.386986771889      7.039018748559
    0    0
