   3   1   1 E -1.6031056928482E+04 DE 5.3E-08(  8)
  0.693321584053E-02  0.699689956596E+01  0.700378568661E+01
  0.699322087946E+01 -0.581534304231E-02  0.701101471446E+01
  0.701242145840E+01  0.701560603931E+01 -0.174145333003E-01
    1
  0.100000000000E+01  0.000000000000E+00  0.000000000000E+00
  0.000000000000E+00  0.100000000000E+01  0.000000000000E+00
  0.000000000000E+00  0.000000000000E+00  0.100000000000E+01
  0.000000000000E+00  0.000000000000E+00  0.000000000000E+00
   54
   20     -0.001530008763     -0.003479823504     -0.006905891543
   20      2.348000607388      2.335991982153     -0.014993836850
   20     -2.337264376761     -2.348453215245     -0.006983833606
   20      2.341644867159     -0.011966272367      2.337290552305
   20      4.672303420503      2.331504754096      2.328597418823
   20     -0.003914769941     -2.333502832341      2.347573519515
   20     -2.325337159242     -0.020939109124     -2.343750802327
   20      0.019119210921      2.342794467236     -2.332869892445
   12     -4.670619396177     -2.409972981883     -2.380205398787
   20     -0.016768000507      2.345436348585      2.334032818384
   20      2.338366515427      4.679963888414      2.339375173704
   12     -2.371296578918      0.027220926124      2.347647336945
   20      2.334722416408      2.335258054462      4.678233272898
   20      4.673145411014      4.688825674768      4.682472566301
   20     -0.021597670934     -0.003343886270      4.685359598451
   12     -2.336697010674      2.369149318179      0.012040359892
   12     -0.026770867459      4.666780878860     -0.012084851046
   20     -4.665968188464     -0.015140600844     -0.007370405658
   12     -0.020887642152     -2.314069023448     -2.334389254695
   12      2.315274662458      0.034808322750     -2.301320199373
   12     -2.383709287674     -4.647429639041     -2.333042702465
   20      2.344395385318     -2.327912305018     -0.003247001375
   12      4.698375446119     -0.009249777411     -0.018822872533
   20     -0.015450434747     -4.675795164716     -0.001021091231
   12     -2.353258727910     -2.330739085170     -4.696600687224
   20      0.004065859147     -0.011610032697     -4.677917152213
   20     -4.641193674613     -4.670271310375     -4.656280873041
    8      0.020421466127     -0.020334209217     -2.337336788777
    8      2.376241818302      2.342406390398     -2.338096338858
    8     -2.331118022599     -2.387210502307     -2.372673574607
    8      2.356282641367     -0.003368269212     -0.012940247637
    8      4.674143767988      2.324266530988     -0.024568087047
    8     -0.001779778162     -2.338829642882     -0.006511265421
    8      4.669862961473     -0.024209002888      2.324012126919
    8      7.007690828229      2.335417214644      2.332654570544
    8      2.350005516509     -2.335633184502      2.344800473244
    8     -0.005208862056      2.352406850084     -0.005831006840
    8      2.334461329280      4.670145787680     -0.015046430942
    8     -2.332772799681     -0.001641129251      0.000447596530
    8      2.335976113569      2.337197664037      2.332366033837
    8      4.674198047099      4.688571298640      2.333388428556
    8     -0.018518530805      0.000916333012      2.343912012129
    8      4.673687620940      2.332802552849      4.683963575713
    8      7.019748966192      4.683336808824      4.685005271969
    8      2.328562231931     -0.023426063552      4.672493780766
    8     -0.015179543301      4.671724885710      2.324234296274
    8      2.364755651093      6.999308756107      2.337300463916
    8     -2.325525905742      2.336126010297      2.338996863851
    8      2.331036645690      4.687512396947      4.676544425170
    8      4.645258202119      7.045485813629      4.691359390032
    8     -0.023720762375      2.345701643976      4.677443800155
    8      4.711868599502      4.678742439995      7.039212009423
    8      6.987798329998      6.985632127706      6.992521923310
    8      2.351263452014      2.323197122151      7.005767231936
    0    0
