   3   1   1 E -1.6031099068222E+04 DE-6.6E-10( 11)
  0.124676987729E-01  0.698945692318E+01  0.701615476135E+01
  0.699981726425E+01 -0.609281520617E-02  0.702664939564E+01
  0.700419626969E+01  0.699798351360E+01 -0.387348027443E-02
    1
  0.100000000000E+01  0.000000000000E+00  0.000000000000E+00
  0.000000000000E+00  0.100000000000E+01  0.000000000000E+00
  0.000000000000E+00  0.000000000000E+00  0.100000000000E+01
  0.000000000000E+00  0.000000000000E+00  0.000000000000E+00
   54
   20      0.005575985578     -0.005247906651     -0.001146120725
   20      2.360465690638      2.318305742110     -0.025568452042
   20     -2.345614696621     -2.343940435867     -0.021670961328
   20      2.370701239847     -0.005061158949      2.368183299804
   20      4.674566366764      2.300039065921      2.332648298310
   20      0.001149558967     -2.340986366700      2.365303220660
   20     -2.345358480079      0.005283772727     -2.354700011017
   20      0.008905889585      2.339630488714     -2.370991859859
   20     -4.668702702917     -2.312142552136     -2.347241402160
   20     -0.034865265209      2.333878407483      2.389606053231
   20      2.333817824707      4.689691817549      2.356699088289
   20     -2.356408855768      0.027476442561      2.414215969325
   12      2.410192564184      2.305721020251      4.728589660443
   12      4.676713351248      4.648058016995      4.709860669064
   12     -0.135343260810      0.034545666892      4.678156306371
   20     -2.393820598372      2.356872271414      0.003498655922
   20     -0.033337703691      4.754301980071      0.000959436380
   12     -4.716894990057      0.072692511754      0.041853688588
   20     -0.002767028733     -2.367972140192     -2.371921835264
   20      2.388366359069      0.010462187706     -2.372516456867
   12     -2.392536257968     -4.627888714471     -2.346661904990
   20      2.391933401418     -2.360881454597     -0.008863452498
   12      4.710867781598     -0.030723121654     -0.062870904923
   20      0.013983232382     -4.760220766424     -0.018619031765
   12     -2.334863929408     -2.341201591799     -4.613477958879
   12      0.032236877778      0.014617153625     -4.734263690713
   12     -4.713462693792     -4.684615779777     -4.691924321150
    8      0.006594253142     -0.001520723425     -2.396437096084
    8      2.431104468366      2.339730593986     -2.410398275312
    8     -2.339798232387     -2.408925943565     -2.423830090276
    8      2.417156226779     -0.000702051909      0.001752994289
    8      4.660103496913      2.229237384791     -0.106761531911
    8      0.012206182920     -2.351469929446     -0.004592899328
    8      4.782891776421     -0.099210656803      2.273593487998
    8      7.081571040670      2.235837254569      2.345225836489
    8      2.423348795807     -2.416421823313      2.350758799754
    8     -0.011771466281      2.341377944025      0.004584101400
    8      2.339740244327      4.753355524534     -0.005840444729
    8     -2.391235200554     -0.003756915541      0.012711460164
    8      2.328281549993      2.327438478752      2.367563895412
    8      4.667563298499      4.666085808354      2.370132300202
    8      0.008688240869     -0.002459946582      2.416915276256
    8      4.588224284671      2.404103159749      4.677984429057
    8      6.906321141918      4.747556818495      4.673359662984
    8      2.262351011447      0.099078401004      4.763604146462
    8     -0.074244135978      4.748819223244      2.352559834586
    8      2.230982498549      7.086015614846      2.238187088293
    8     -2.427756403025      2.409680016004      2.450873734056
    8      2.445185950431      4.573296438454      4.681161761820
    8      4.794815650825      7.010726821040      4.783917449017
    8     -0.003445631778      2.230181463184      4.676197562794
    8      4.685336280758      4.758325551800      7.003436749283
    8      7.018119540861      6.986864509016      7.023417899544
    8      2.326331022743      2.222126725261      7.007973930755
    0    0
