   3   1   1 E -1.6031100595896E+04 DE-3.3E-10( 11)
  0.721871852302E-02  0.701144905205E+01  0.702717048022E+01
  0.702026630261E+01 -0.922040397503E-03  0.702886254865E+01
  0.701806844832E+01  0.700448268080E+01  0.771171174295E-02
    1
  0.100000000000E+01  0.000000000000E+00  0.000000000000E+00
  0.000000000000E+00  0.100000000000E+01  0.000000000000E+00
  0.000000000000E+00  0.000000000000E+00  0.100000000000E+01
  0.000000000000E+00  0.000000000000E+00  0.000000000000E+00
   54
   20     -0.000816239256      0.016707239565     -0.046016421604
   20      2.346840366870      2.346215302116     -0.066993057348
   20     -2.377804400667     -2.322431752085     -0.007302815567
   20      2.357439713909     -0.048403507674      2.338417323840
   20      4.728705697238      2.291321823550      2.345645218157
   20      0.033570165205     -2.344908102928      2.371642052351
   20     -2.346428978618      0.002037157627     -2.305168306165
   12     -0.062116525070      2.331351770180     -2.365955564923
   12     -4.655390482509     -2.363806268648     -2.302160656524
   20     -0.061301709193      2.311545031501      2.324660519022
   20      2.346682145655      4.741123350100      2.315415825515
   12     -2.330246530109      0.061815924641      2.211162669156
   20      2.364597921217      2.333843579696      4.758619045162
   20      4.688010804013      4.698001880731      4.714939215066
   20     -0.024576077591      0.002348796245      4.721193787771
   12     -2.437261370596      2.249296374723     -0.050961019447
   20     -0.018191151101      4.699214379649      0.005302702150
   12     -4.615082305810     -0.016532712388      0.028182537411
   20      0.001443677944     -2.338690206715     -2.366192137700
   20      2.360068659430      0.041711302832     -2.362864282337
   12     -2.270206668640     -4.691402315314     -2.219111092575
   12      2.354686613587     -2.300007838803     -0.015848145896
   12      4.642477508141      0.023159442648      0.002332191727
   20      0.012764981886     -4.711172386623      0.038975834316
   20     -2.370868017092     -2.359662546248     -4.721285999663
   12     -0.031818789011      0.009748275762     -4.711067072151
   20     -4.646994511181     -4.696122354449     -4.690989336166
    8      0.002396183592      0.087349064873     -2.425596456058
    8      2.369146870475      2.426973159839     -2.326537933149
    8     -2.441760037280     -2.435500744211     -2.338320695570
    8      2.450711941850     -0.073413637589     -0.012589600881
    8      4.672062125680      2.247423687892     -0.050740291706
    8      0.061490429503     -2.336037785956     -0.001562394511
    8      4.757186420670     -0.014062738912      2.344937879037
    8      7.029797180191      2.239874722431      2.419492717644
    8      2.339729794689     -2.343338402608      2.329763946426
    8     -0.102597386480      2.334803911742     -0.101096447330
    8      2.330989259517      4.759738593508     -0.027329261642
    8     -2.423708426296      0.079922157281      0.075878615383
    8      2.347883611373      2.325633796689      2.339765570346
    8      4.695279853002      4.752836478333      2.345074941940
    8     -0.074398136939     -0.007461533221      2.321269917993
    8      4.778434662390      2.339487599453      4.785533143185
    8      7.092578860455      4.606283070637      4.705173359911
    8      2.330022560502     -0.093037603899      4.787652321616
    8     -0.011265814476      4.740634069238      2.340062084363
    8      2.326464375420      7.010930471620      2.232241776451
    8     -2.327320227726      2.232700514424      2.293329282579
    8      2.364285584232      4.691719787218      4.711016626585
    8      4.692101828777      7.124528018982      4.729351451109
    8     -0.068691913051      2.333023549119      4.699867805909
    8      4.549718539476      4.720891159113      7.024684941240
    8      7.005063176609      7.011952979318      7.118655311241
    8      2.471204797736      2.337387631016      7.022299707066
    0    0
