   3   1   1 E -1.6031049471435E+04 DE 3.5E-10( 11)
  0.159896344559E-01  0.700287081135E+01  0.699933203976E+01
  0.701785261835E+01 -0.164740153905E-02  0.701053239837E+01
  0.703324280106E+01  0.702218744389E+01 -0.963566684869E-02
    1
  0.100000000000E+01  0.000000000000E+00  0.000000000000E+00
  0.000000000000E+00  0.100000000000E+01  0.000000000000E+00
  0.000000000000E+00  0.000000000000E+00  0.100000000000E+01
  0.000000000000E+00  0.000000000000E+00  0.000000000000E+00
   54
   20     -0.005703886228     -0.003064263051     -0.006403521591
   20      2.340057558585      2.342429640798     -0.008747522306
   20     -2.340929265719     -2.344883154913     -0.003982380943
   20      2.340514788135     -0.009255571545      2.335910175378
   20      4.690381229130      2.328578936742      2.320521598616
   20     -0.003644171191     -2.345053982892      2.337156500648
   20     -2.331664700861     -0.013355116677     -2.344343592384
   20      0.005527263964      2.339778091385     -2.341295863405
   12     -4.682119520769     -2.336772370548     -2.337639927406
   20     -0.010802121125      2.346407120843      2.330590014293
   20      2.340120678184      4.683399051609      2.321269838128
   12     -2.353629627598      0.002732488362      2.324723154680
   20      2.342055562764      2.336011007511      4.671629107715
   20      4.692415518795      4.676915162463      4.670672322892
   20     -0.007340004235     -0.005636729966      4.685975967097
   12     -2.318256437655      2.333419802243      0.013869980677
   12      0.015587329347      4.751150156731      0.051436070962
   20     -4.676841609513     -0.004448691417      0.005421707097
   12      0.005573764614     -2.355715798329     -2.347886334401
   20      2.338382402913      0.003340154960     -2.338284116010
   20     -2.348349437275     -4.673414483537     -2.329308488043
   20      2.338870086772     -2.338200725030      0.006785847420
   12      4.688030960647      0.058473041760      0.111533721507
   12     -0.017472905798     -4.672760413006      0.006359639827
   12     -2.321117533607     -2.325047170831     -4.675710368032
   12     -0.009209031991     -0.089453531449     -4.761257603645
   20     -4.684738496950     -4.675042965607     -4.671436357915
    8      0.001886678263     -0.010630634777     -2.352580668477
    8      2.344164801162      2.349372297667     -2.341294886047
    8     -2.336786805745     -2.345231803618     -2.338688928019
    8      2.340934245228     -0.001538742523     -0.001830866416
    8      4.692188930629      2.332395231556     -0.011107611977
    8     -0.001076607319     -2.350594238737     -0.005558169178
    8      4.679439394053     -0.032823650594      2.306035240796
    8      7.029245566795      2.330139935137      2.320685769387
    8      2.342035844081     -2.340396251024      2.342461520394
    8     -0.010072882818      2.347309785483     -0.007398875607
    8      2.336077225806      4.682379770511     -0.019415267464
    8     -2.335311759000      0.000041663981      0.000763561865
    8      2.339505314767      2.338896454550      2.329059669336
    8      4.690165354388      4.680162238092      2.324254249573
    8     -0.010513376149     -0.002345872729      2.335777422292
    8      4.683125314864      2.331083151628      4.665266945898
    8      7.033131987127      4.676325969878      4.676987854164
    8      2.339094581647     -0.012087962571      4.676371352449
    8     -0.020382580545      4.706577515254      2.324650848405
    8      2.360044994426      7.013760464531      2.326279478016
    8     -2.336702104567      2.335692394824      2.321021722592
    8      2.346940833525      4.673862465513      4.665775486637
    8      4.693223996499      7.013338937779      4.667511960720
    8     -0.002982825372      2.344271593525      4.680997762383
    8      4.699901322044      4.680187032131      7.029307819901
    8      7.030204965534      7.024150510074      7.046792934155
    8      2.348701939757      2.330520899487      7.011343574119
    0    0
