   3   1   1 E -1.6031103650872E+04 DE 6.8E-10( 11)
  0.574955411578E-02  0.700056650123E+01  0.701213369709E+01
  0.700056650123E+01  0.574955411578E-02  0.701213369709E+01
  0.699811844192E+01  0.699811844192E+01  0.824331838341E-02
    2
  0.100000000000E+01  0.000000000000E+00  0.000000000000E+00
  0.000000000000E+00  0.100000000000E+01  0.000000000000E+00
  0.000000000000E+00  0.000000000000E+00  0.100000000000E+01
  0.000000000000E+00  0.000000000000E+00  0.000000000000E+00
  0.000000000000E+00  0.100000000000E+01  0.000000000000E+00
  0.100000000000E+01  0.000000000000E+00  0.000000000000E+00
  0.000000000000E+00  0.000000000000E+00  0.100000000000E+01
  0.000000000000E+00  0.000000000000E+00  0.000000000000E+00
   54
   20      0.004370713363      0.004370713363      0.004330417343
   20      2.357953096267      2.357953096267     -0.020498368396
   20     -2.338718783690     -2.338718783690     -0.043415758248
   20      2.336211144435     -0.047692558837      2.352313119885
   20      4.708638955297      2.325413204448      2.349773675386
   20      0.044669769956     -2.376738438018      2.334251597948
   20     -2.352372352968      0.002606034002     -2.308456835544
   20      0.017137956017      2.354043061466     -2.359596230220
   12     -4.599156296449     -2.347423625997     -2.312740783193
   20     -0.047692558837      2.336211144435      2.352313119885
   20      2.325413204448      4.708638955297      2.349773675386
   20     -2.376738438018      0.044669769956      2.334251597948
   20      2.338316838070      2.338316838070      4.767985182720
   12      4.604772418627      4.604772418627      4.738243545673
   20      0.000622056902      0.000622056902      4.729453104885
   12     -2.443627196648      2.297644298195     -0.046594701537
   20     -0.012692310479      4.695611138538     -0.007813071171
   12     -4.679359306975      0.070689914024      0.063423681236
   20      0.002606034002     -2.352372352968     -2.308456835544
   20      2.354043061466      0.017137956017     -2.359596230220
   12     -2.347423625997     -4.599156296449     -2.312740783193
   12      2.297644298195     -2.443627196648     -0.046594701537
   20      4.695611138538     -0.012692310479     -0.007813071171
   12      0.070689914024     -4.679359306975      0.063423681236
   20     -2.375433354253     -2.375433354253     -4.693787738962
   12      0.058313318972      0.058313318972     -4.745536787763
   12     -4.668803346319     -4.668803346319     -4.783142470655
    8      0.010854208384      0.010854208384     -2.399964440443
    8      2.443473617812      2.443473617812     -2.409652794882
    8     -2.413472179118     -2.413472179118     -2.364209381290
    8      2.339956146424     -0.039463327658      0.005119315715
    8      4.742038529478      2.331690897820     -0.064821683285
    8      0.099158086342     -2.417110024975      0.000489116093
    8      4.727851787813     -0.003776010723      2.343420842521
    8      7.073431279012      2.258295488011      2.254095568893
    8      2.332842682708     -2.421848396387      2.317414637700
    8     -0.039463327658      2.339956146424      0.005119315715
    8      2.331690897820      4.742038529478     -0.064821683285
    8     -2.417110024975      0.099158086342      0.000489116093
    8      2.334934009556      2.334934009556      2.359946634314
    8      4.673757730965      4.673757730965      2.349825296198
    8     -0.000276845843     -0.000276845843      2.347677796634
    8      4.667736041572      2.420090237989      4.741869419777
    8      7.003970432649      4.661880073008      4.684428223317
    8      2.334653366445     -0.085199881145      4.761707967729
    8     -0.003776010723      4.727851787813      2.343420842521
    8      2.258295488011      7.073431279012      2.254095568893
    8     -2.421848396387      2.332842682708      2.317414637700
    8      2.420090237989      4.667736041572      4.741869419777
    8      4.661880073008      7.003970432649      4.684428223317
    8     -0.085199881145      2.334653366445      4.761707967729
    8      4.560921977408      4.560921977408      6.915615988636
    8      7.103577767950      7.103577767950      7.114714261205
    8      2.304991194259      2.304991194259      7.062145997036
    0    0
