   3   1   1 E -1.6031075608912E+04 DE-1.3E-09( 11)
  0.913782497171E-02  0.703098181392E+01  0.703254314175E+01
  0.701571807340E+01  0.753353529514E-05  0.703526113086E+01
  0.701453802820E+01  0.702662841860E+01  0.703882134075E-02
    1
  0.100000000000E+01  0.000000000000E+00  0.000000000000E+00
  0.000000000000E+00  0.100000000000E+01  0.000000000000E+00
  0.000000000000E+00  0.000000000000E+00  0.100000000000E+01
  0.000000000000E+00  0.000000000000E+00  0.000000000000E+00
   54
   20     -0.031888601294     -0.022021408111     -0.097719818831
   20      2.279129249710      2.381302651828     -0.045086488510
   20     -2.331454735968     -2.299030763439     -0.052700958261
   20      2.327012544176     -0.047696702677      2.382728992779
   20      4.716104220138      2.307080773217      2.399672567310
   20      0.027470450836     -2.321349340445      2.411476181415
   12     -2.059127767768     -0.083476020423     -2.323223810409
   12      0.053551287831      2.310283266902     -2.251750400233
   12     -4.721887423017     -2.277024764705     -2.254553970485
   20     -0.032498982103      2.361636591436      2.371959478163
   20      2.280433070064      4.747963568816      2.333091715814
   12     -2.304522041684      0.008950185652      2.385335797337
   20      2.316918132499      2.332027556701      4.722062995766
   20      4.734708762683      4.709089764817      4.677644139097
   12      0.063017896130     -0.036361114707      4.750437482740
   20     -2.309695551450      2.351552282695     -0.026794899398
   12      0.115014493350      4.760350552155     -0.107840182244
   20     -4.715021468037     -0.044495752459     -0.051550392746
   12     -0.069854062540     -2.334396525623     -2.407218627392
   20      2.264616028510     -0.017773599035     -2.335891785941
   20     -2.327389451524     -4.677306457945     -2.381657381038
   12      2.298236373536     -2.346828298128     -0.050240313973
   20      4.727589799623     -0.050786004013     -0.000252998427
   20      0.022609646467     -4.709497302729     -0.036252259884
   20     -2.311323718562     -2.293765625815     -4.663180178322
   12     -0.147135017385     -0.073278023393     -4.588192081685
   20     -4.715043012557     -4.687567505579     -4.664571913778
    8     -0.145050060516     -0.020723356671     -2.481971913820
    8      2.224921100058      2.435733040712     -2.353195676332
    8     -2.261052872909     -2.262349924729     -2.369700246478
    8      2.313579956540     -0.079459210600     -0.034021030573
    8      4.685039838154      2.343299632908     -0.012157270731
    8      0.092450458158     -2.337325726847     -0.042235765513
    8      4.785812139573     -0.003403870546      2.456316919211
    8      6.998559677549      2.273475822687      2.451104255101
    8      2.325060138518     -2.332991331404      2.392761153933
    8      0.001043669960      2.410960680715     -0.113100450522
    8      2.206850210163      4.689453877613     -0.065818120397
    8     -2.331987742523     -0.008818127063     -0.058123840634
    8      2.315932711236      2.341204620558      2.369392021340
    8      4.698439238330      4.770058616920      2.356317590105
    8     -0.096121329387     -0.010129307528      2.382712936579
    8      4.790322073391      2.269452525559      4.696764906908
    8      7.143404273681      4.731050249589      4.821341897569
    8      2.263283020114     -0.088050633519      4.689007116365
    8      0.003438872725      4.828677849507      2.354165640079
    8      2.312006591647      7.027842975960      2.359711985141
    8     -2.329389562630      2.300472248555      2.351229128951
    8      2.243908975116      4.700030787767      4.696254388254
    8      4.759659476080      7.016516633088      4.679035338793
    8     -0.000954919882      2.342888690592      4.685493200977
    8      4.694138162562      4.700479566031      7.022513112059
    8      7.004171123264      6.886030898219      6.996479971601
    8      2.330237328947      2.387320734199      7.010785785947
    0    0
