   3   1   1 E -1.6031082219161E+04 DE-4.7E-10(  9)
  0.240146362560E-03  0.698123341935E+01  0.696550672933E+01
  0.700714467909E+01 -0.269288361311E-01  0.698590004250E+01
  0.701491966318E+01  0.700317607708E+01 -0.283247599530E-01
    1
  0.100000000000E+01  0.000000000000E+00  0.000000000000E+00
  0.000000000000E+00  0.100000000000E+01  0.000000000000E+00
  0.000000000000E+00  0.000000000000E+00  0.100000000000E+01
  0.000000000000E+00  0.000000000000E+00  0.000000000000E+00
   54
   20     -0.029076219395     -0.017674397914     -0.038481308771
   20      2.307460130264      2.378006553459     -0.043935494194
   20     -2.318518480559     -2.329572655865      0.001960343802
   20      2.310687756226     -0.045440247693      2.317751009351
   20      4.697013244106      2.292122724012      2.327693067567
   20      0.031935128906     -2.368029989906      2.304076004345
   20     -2.364902709667     -0.009658164290     -2.315844327227
   20      0.000898495261      2.353649936026     -2.340880692209
   12     -4.748676080485     -2.357051444754     -2.243030408071
   20     -0.019303194111      2.366453067536      2.307332234730
   20      2.302841582459      4.692234765741      2.355448510047
   12     -2.292358957387      0.000540928106      2.229996287822
   12      2.348363223766      2.328231466620      4.761753134873
   20      4.663133248959      4.610273402561      4.695240546320
   20      0.038342735092     -0.012188176972      4.728604866737
   12     -2.249385344664      2.351789317822     -0.048632740915
   12      0.051666829975      4.654437817105      0.065062404143
   20     -4.716669102497      0.048291284773     -0.014896946614
   12      0.088256683356     -2.262969183921     -2.112331585793
   20      2.319641798036     -0.042226367153     -2.337126035677
   20     -2.303705220213     -4.631713850203     -2.331974684784
   12      2.120291340317     -2.357967037978     -0.016886554365
   20      4.738566109052     -0.045233479270      0.016433589053
   12      0.110278701965     -4.624627469924     -0.096857800209
   20     -2.313035914562     -2.331488007340     -4.704535023386
   12      0.002766155532      0.015631529628     -4.650696481654
   20     -4.687625845042     -4.647109809018     -4.706805417536
    8     -0.016126325933     -0.090177920652     -2.411304727164
    8      2.331741363458      2.408426747971     -2.373475658663
    8     -2.328254693808     -2.329205291138     -2.327670688847
    8      2.313813618083     -0.081223040778     -0.045004754042
    8      4.743756649700      2.338859840342     -0.013774879897
    8      0.077064160265     -2.421675220433     -0.083353652630
    8      4.734910083292     -0.030808837793      2.316013735922
    8      7.014072925031      2.232388092311      2.213932608471
    8      2.322888994530     -2.358995623990      2.293545661978
    8     -0.064015686668      2.410859247360     -0.038267839849
    8      2.289348182242      4.699916637909     -0.035075199118
    8     -2.337904716730      0.092564746527      0.090907697597
    8      2.293916177758      2.336858154293      2.344603090624
    8      4.685390098937      4.715249583965      2.322608871701
    8     -0.051689606105     -0.018387562987      2.342078933947
    8      4.596440137124      2.307363309859      4.728615746210
    8      7.143876032837      4.640339402437      4.753076518273
    8      2.307825415117     -0.027266294404      4.682236982423
    8     -0.010777626551      4.754672795493      2.287515426483
    8      2.325956793619      7.006091573365      2.300146989669
    8     -2.330692339720      2.265527227419      2.205051312108
    8      2.205976777492      4.549423100949      4.728285360099
    8      4.722740623968      6.962232471980      4.628088988065
    8      0.110149591062      2.453033145270      4.761318521035
    8      4.704321042764      4.534940282822      6.949702127648
    8      7.032490597288      6.987470544528      7.072937469873
    8      2.194265835105      2.461473347557      6.852693914145
    0    0
