   3   1   1 E -1.6031095991110E+04 DE 3.3E-09(  8)
  0.152560366583E-02  0.700000152269E+01  0.700232756406E+01
  0.702329423118E+01 -0.719805092947E-02  0.700226346385E+01
  0.702922931415E+01  0.700095415210E+01 -0.783634596297E-02
    1
  0.100000000000E+01  0.000000000000E+00  0.000000000000E+00
  0.000000000000E+00  0.100000000000E+01  0.000000000000E+00
  0.000000000000E+00  0.000000000000E+00  0.100000000000E+01
  0.000000000000E+00  0.000000000000E+00  0.000000000000E+00
   54
   20     -0.020610620725      0.002708129821     -0.056870144305
   20      2.353698089961      2.338039171883     -0.065760003555
   20     -2.333969969752     -2.371314631372     -0.048239429798
   20      2.337276695543     -0.024245511210      2.366433864943
   20      4.721922776915      2.318237706082      2.344368786244
   20     -0.002587460086     -2.348004131526      2.353149800097
   20     -2.314084507307     -0.011164517791     -2.328917177214
   20      0.033853453930      2.349896117270     -2.349279179537
   12     -4.667816288718     -2.295235986905     -2.336347559357
   20     -0.021431707795      2.343698316878      2.415091768071
   20      2.321492167813      4.706797070533      2.392099811137
   20     -2.345499648548      0.015711894845      2.395122058234
   20      2.308867222021      2.354266798578      4.717635280085
   12      4.697687588670      4.677816066663      4.688283170383
   12     -0.016757869531     -0.047429523266      4.661168839264
   12     -2.349983943912      2.405436529813     -0.057112401119
   20     -0.012066396153      4.710288672802     -0.028100318250
   20     -4.721972718445      0.036143495598     -0.011273119565
   12      0.017833322078     -2.245426507198     -2.344081345035
   12      2.375325638484     -0.065700710355     -2.358084384940
   12     -2.340710910783     -4.623257758512     -2.295894130624
   20      2.331611974368     -2.364060001359     -0.054035175131
   20      4.707800926827     -0.002984943488     -0.075732283149
   12     -0.095347887953     -4.791598054551     -0.063594930299
   20     -2.324095057663     -2.357109268422     -4.639099036611
   12      0.014966717208     -0.009266628441     -4.623289267312
   20     -4.663164908469     -4.686964903527     -4.623622569657
    8      0.071509180929     -0.084770484149     -2.413278240567
    8      2.447587729953      2.349864112996     -2.326391809805
    8     -2.365288507678     -2.410533090089     -2.339492181628
    8      2.358702721145     -0.004020025603     -0.073568793124
    8      4.770788784112      2.326735800984     -0.077232299001
    8      0.007594758009     -2.412819888600     -0.098915499985
    8      4.746268445774     -0.011320917740      2.323348533852
    8      7.024969954964      2.226616555671      2.283279983995
    8      2.318626651206     -2.340462925665      2.398155914186
    8     -0.065408640071      2.346883428935     -0.000684192934
    8      2.354086764512      4.678060282114     -0.062545350550
    8     -2.336672307072      0.070764209422     -0.015314350326
    8      2.330063985461      2.334865485568      2.356738499505
    8      4.676265617829      4.654767621951      2.388454055607
    8     -0.015142214474     -0.000694870988      2.386789256379
    8      4.687188784130      2.417580515881      4.746293804906
    8      7.017976694854      4.769736796242      4.664377717300
    8      2.254822190844     -0.091000762959      4.665449231388
    8     -0.002117353678      4.773197975161      2.421575622738
    8      2.275396207111      7.002967546137      2.414349968631
    8     -2.326943284593      2.339162301533      2.379725965169
    8      2.318163076659      4.766799228156      4.668860885603
    8      4.708759922874      6.930351621718      4.664090369514
    8     -0.106889942022      2.335543788664      4.782252707035
    8      4.693512129194      4.549389756709      6.887922795397
    8      7.030210810763      7.106564478361      6.976011223196
    8      2.376952331814      2.332403874094      7.011121329266
    0    0
