   3   1   1 E -1.6031060714055E+04 DE-1.6E-09( 11)
  0.345312523477E-01  0.700487026015E+01  0.697445792049E+01
  0.701597271267E+01  0.652753969846E-02  0.699381466982E+01
  0.702664549019E+01  0.702937809325E+01  0.183139291611E-02
    1
  0.100000000000E+01  0.000000000000E+00  0.000000000000E+00
  0.000000000000E+00  0.100000000000E+01  0.000000000000E+00
  0.000000000000E+00  0.000000000000E+00  0.100000000000E+01
  0.000000000000E+00  0.000000000000E+00  0.000000000000E+00
   54
   20      0.009730341592     -0.014785855382     -0.013992469260
   20      2.351915994255      2.337378792895     -0.005004236682
   20     -2.325401327060     -2.358620796169     -0.016225243803
   20      2.334123263936     -0.004240782880      2.328464259065
   20      4.685528209137      2.340761500957      2.323184253586
   20     -0.000976957527     -2.343866363512      2.334139594860
   20     -2.337739733407     -0.008512906580     -2.330128990687
   20     -0.002701189134      2.348612494206     -2.322082636975
   20     -4.688587356821     -2.339432292531     -2.318355046546
   20      0.003707284216      2.343184397052      2.328551465837
   20      2.356315322094      4.679975097154      2.327931589734
   20     -2.324068096271     -0.013384539020      2.327174079732
   20      2.327075562558      2.349634242664      4.676126393674
   12      4.715075356635      4.704631153428      4.705057226309
   12     -0.038782360286     -0.008051701685      4.710107961446
   20     -2.334535387881      2.348997461662     -0.014153990283
   12      0.027052915738      4.703322275586     -0.052396994032
   12     -4.696964033448     -0.024740987491     -0.041431589342
   12     -0.031834780807     -2.354738275812     -2.295523297859
   20      2.346388979001     -0.006738151352     -2.312130192779
   12     -2.304020314581     -4.677077226414     -2.291489946203
   12      2.298592560236     -2.313795608011      0.021318647373
   12      4.728744524096     -0.034692398320      0.010442080868
   12     -0.060042356961     -4.609831059243      0.019321125547
   20     -2.350169852108     -2.332514546104     -4.668474552958
   20     -0.005617393622     -0.005092874313     -4.675905591150
   20     -4.692331242849     -4.679684793308     -4.662622546321
    8      0.003390211873     -0.012537432035     -2.331739905244
    8      2.352084146761      2.345037317494     -2.321501654626
    8     -2.329360078265     -2.357078495796     -2.334069276906
    8      2.356610757899     -0.016922396622      0.000474923437
    8      4.711091968066      2.317609843104     -0.028667757534
    8      0.030195396548     -2.372311940914     -0.025571321705
    8      4.675772306530      0.001927626371      2.324252467217
    8      7.016221591238      2.348592190104      2.322406906837
    8      2.327510879633     -2.335052453897      2.328126935605
    8      0.007214718753      2.348996728738     -0.004797819225
    8      2.343898344613      4.691786842328     -0.001855950779
    8     -2.339158841861     -0.010833566313     -0.011563736615
    8      2.342468498012      2.341509794673      2.328559538933
    8      4.700775980489      4.679979383404      2.336241050854
    8     -0.005775829293     -0.008261624777      2.332298572538
    8      4.676074548025      2.354598048678      4.667000174075
    8      6.997776530838      4.711087300121      4.693602392393
    8      2.317020673034      0.001425856285      4.683542472714
    8      0.015207727932      4.675715075487      2.313694583160
    8      2.360847407792      7.007815302309      2.310288996877
    8     -2.316856398898      2.336759709000      2.324858460382
    8      2.354939119257      4.679427430144      4.676801984800
    8      4.743791536772      7.001171141658      4.676074042944
    8     -0.031392596001      2.363982981535      4.683868569356
    8      4.680198072278      4.718566400683      6.943800864691
    8      7.040402143033      6.997524440857      6.897228408260
    8      2.325745802641      2.346279758868      6.990212648953
    0    0
