   3   1   1 E -1.6031091487065E+04 DE-5.4E-10( 10)
  0.259035143501E-01  0.697092087242E+01  0.700968079182E+01
  0.702286555192E+01  0.148455315470E-01  0.702677736929E+01
  0.703706273965E+01  0.700903707383E+01 -0.638012845210E-02
    1
  0.100000000000E+01  0.000000000000E+00  0.000000000000E+00
  0.000000000000E+00  0.100000000000E+01  0.000000000000E+00
  0.000000000000E+00  0.000000000000E+00  0.100000000000E+01
  0.000000000000E+00  0.000000000000E+00  0.000000000000E+00
   54
   20      0.016439530675     -0.016561508898     -0.084834310424
   20      2.322884643409      2.358534426100     -0.050123775265
   20     -2.317451299372     -2.332997945713     -0.027091778820
   20      2.314208752773     -0.059060746043      2.354584079890
   20      4.757351989884      2.313606198605      2.358526040126
   20      0.031150203620     -2.347419065029      2.362548237873
   20     -2.314834255123     -0.027959598836     -2.340675033762
   12     -0.004098574283      2.418129678015     -2.291505299316
   12     -4.778709239920     -2.327001203655     -2.308154853713
   20     -0.046899452324      2.297061193405      2.361058587145
   20      2.324495858870      4.715396567050      2.352600723057
   12     -2.277708422775      0.049868002636      2.293978067510
   20      2.312174881881      2.350493196910      4.755146153919
   20      4.742667681785      4.664754950448      4.668877983031
   12      0.027287038845     -0.081277791910      4.637542939451
   12     -2.263247232097      2.320999270476      0.015384266944
   20      0.004181276981      4.675077743093     -0.027108889741
   20     -4.722235502002      0.041298863674     -0.002316588824
   12      0.015399424449     -2.312166517258     -2.351051578781
   20      2.278575543298     -0.003577327302     -2.345687352457
   20     -2.312540857055     -4.679130615238     -2.356963560157
   12      2.345803939266     -2.416856152692      0.044448294243
   20      4.714886477524      0.002811801228      0.002014140380
   12     -0.043371107438     -4.557583861426     -0.062795736581
   20     -2.358891764860     -2.366497949209     -4.686810757565
   12     -0.034443964578      0.110224168394     -4.543633582892
   20     -4.737375831416     -4.663012995815     -4.687125198447
    8     -0.013790676428     -0.022162166693     -2.466959376793
    8      2.261431821905      2.432155242029     -2.346812162558
    8     -2.325449546499     -2.349581656810     -2.348265984926
    8      2.326695059596     -0.064310967674     -0.022446956161
    8      4.771718474816      2.341344859200     -0.010491363127
    8      0.086424544499     -2.441805915892     -0.087628738895
    8      4.750219550207     -0.013679950638      2.366788790637
    8      7.019153429137      2.236269903664      2.375116035873
    8      2.331949882531     -2.345812422204      2.366519725502
    8     -0.076058393119      2.336755708982     -0.095419877834
    8      2.327865285576      4.693293308263     -0.064472472254
    8     -2.324504776983      0.077242884836      0.044175987253
    8      2.329202701526      2.327960936741      2.359089629064
    8      4.727917211118      4.742991285088      2.336614896792
    8     -0.037278918348     -0.015406980120      2.364694909158
    8      4.828410375461      2.328682839104      4.774809576521
    8      7.155165789957      4.685698704364      4.679436894172
    8      2.226132086695     -0.069089862638      4.700527214739
    8     -0.008817604667      4.723523729221      2.422981163619
    8      2.328239669294      7.008921414926      2.339920080338
    8     -2.332560560197      2.181301741714      2.245905351994
    8      2.302474505081      4.653592925014      4.706046055307
    8      4.755314970909      6.972504880749      4.662949374145
    8      0.000832937214      2.305270012282      4.783394726393
    8      4.631661345959      4.550376225643      6.992838968465
    8      7.023296313856      7.116377331565      6.998173862781
    8      2.324897907506      2.457048858377      7.017033619913
    0    0
