   3   1   1 E -1.6031032763754E+04 DE 1.6E-09(  2)
 -0.436500545997E-02  0.702677390488E+01  0.702999387097E+01
  0.702916274495E+01  0.198977327728E-02  0.703065456440E+01
  0.702691116429E+01  0.703118830556E+01 -0.143480889453E-02
    1
  0.100000000000E+01  0.000000000000E+00  0.000000000000E+00
  0.000000000000E+00  0.100000000000E+01  0.000000000000E+00
  0.000000000000E+00  0.000000000000E+00  0.100000000000E+01
  0.000000000000E+00  0.000000000000E+00  0.000000000000E+00
   54
   20      0.000000000000      0.000000000000      0.000000000000
   20      2.342303721430      2.343729435186     -0.000478269632
   20     -2.342303721430     -2.343729435186      0.000478269632
   20      2.343054248318      0.000663257759      2.343551521467
   20      4.685357969748      2.344392692945      2.343073251836
   20      0.000750526887     -2.343066177427      2.344029791099
   20     -2.343054248318     -0.000663257759     -2.343551521467
   20     -0.000750526887      2.343066177427     -2.344029791099
   12     -4.685357969748     -2.344392692945     -2.343073251836
   20     -0.001455001820      2.342257968293      2.343331290325
   20      2.340848719610      4.685987403479      2.342853020693
   20     -2.343758723250     -0.001471466893      2.343809559956
   20      2.341599246498      2.342921226052      4.686882811792
   20      4.683902967928      4.686650661238      4.686404542161
   12     -0.000704474933     -0.000808209134      4.687361081424
   20     -2.344509250138      2.341594710534     -0.000220231142
   12     -0.002205528707      4.685324145720     -0.000698500774
   12     -4.686812971568     -0.002134724652      0.000258038489
   20      0.001455001820     -2.342257968293     -2.343331290325
   12      2.343758723250      0.001471466893     -2.343809559956
   12     -2.340848719610     -4.685987403479     -2.342853020693
   12      2.344509250138     -2.341594710534      0.000220231142
   20      4.686812971568      0.002134724652     -0.000258038489
   20      0.002205528707     -4.685324145720      0.000698500774
   12     -2.341599246498     -2.342921226052     -4.686882811792
   12      0.000704474933      0.000808209134     -4.687361081424
   20     -4.683902967928     -4.686650661238     -4.686404542161
    8      0.000352237466      0.000404104567     -2.343680540712
    8      2.342655958897      2.344133539753     -2.344158810343
    8     -2.341951483964     -2.343325330619     -2.343202271080
    8      2.343406485784      0.001067362326     -0.000129019245
    8      4.685710207214      2.344796797511     -0.000607288876
    8      0.001102764354     -2.342662072860      0.000349250387
    8      4.686460734101      0.001730620085      2.343422502222
    8      7.028764455530      2.345460055270      2.342944232590
    8      2.344157012671     -2.341998815101      2.343900771853
    8     -0.001102764354      2.342662072860     -0.000349250387
    8      2.341200957078      4.686391508047     -0.000827520018
    8     -2.343406485784     -0.001067362326      0.000129019245
    8      2.341951483964      2.343325330619      2.343202271080
    8      4.684255205395      4.687054765805      2.342724001449
    8     -0.000352237466     -0.000404104567      2.343680540712
    8      4.685005732280      2.343988588378      4.686753792546
    8      7.027309453710      4.687718023564      4.686275522914
    8      2.342702010850      0.000259153192      4.687232062177
    8     -0.002557766174      4.684920041152      2.342982039937
    8      2.339745955258      7.028649476340      2.342503770306
    8     -2.344861487604      2.341190605966      2.343460309568
    8      2.340496482144      4.685583298912      4.686533561405
    8      4.682800203576      7.029312734100      4.686055291774
    8     -0.001807239286      2.341853863725      4.687011831036
    8      4.683550730459      4.686246556671      7.030085082869
    8      7.025854451890      7.029975991859      7.029606813238
    8      2.341247009029      2.342517121485      7.030563352501
    0    0
