   3   1   1 E -1.6031102517885E+04 DE-4.8E-09(  9)
 -0.325785614600E-02  0.700443129404E+01  0.700443129404E+01
  0.701857771056E+01 -0.836275997924E-03  0.700215386965E+01
  0.701857771056E+01  0.700215386965E+01 -0.836275997924E-03
    2
  0.100000000000E+01  0.000000000000E+00  0.000000000000E+00
  0.000000000000E+00  0.100000000000E+01  0.000000000000E+00
  0.000000000000E+00  0.000000000000E+00  0.100000000000E+01
  0.000000000000E+00  0.000000000000E+00  0.000000000000E+00
  0.100000000000E+01  0.000000000000E+00  0.000000000000E+00
  0.000000000000E+00  0.000000000000E+00  0.100000000000E+01
  0.000000000000E+00  0.100000000000E+01  0.000000000000E+00
  0.000000000000E+00  0.000000000000E+00  0.000000000000E+00
   54
   20      0.029726693294     -0.026388937223     -0.026388937223
   20      2.338703340985      2.322035645850     -0.037701417654
   20     -2.319321936669     -2.353757303989     -0.028228310954
   20      2.338703340985     -0.037701417654      2.322035645850
   20      4.698955823324      2.312021228387      2.312021228387
   20      0.017610978735     -2.363153972014      2.334877264358
   20     -2.319321936669     -0.028228310954     -2.353757303989
   20      0.017610978735      2.334877264358     -2.363153972014
   12     -4.675098209657     -2.297939333097     -2.297939333097
   20     -0.018197474952      2.363375263379      2.363375263379
   20      2.324457220841      4.714737921478      2.365099652449
   20     -2.386734800235     -0.003504047117      2.368564198027
   20      2.324457220841      2.365099652449      4.714737921478
   12      4.622203530527      4.721521385198      4.721521385198
   20     -0.000829556037     -0.005742657453      4.734846103200
   20     -2.386734800235      2.368564198027     -0.003504047117
   20     -0.000829556037      4.734846103200     -0.005742657453
   12     -4.713806646181     -0.027273109864     -0.027273109864
   12      0.100543089543     -2.306391049163     -2.306391049163
   12      2.356319353934     -0.112742811865     -2.286707521444
   20     -2.348788203490     -4.673654440986     -2.305598118428
   12      2.356319353934     -2.286707521444     -0.112742811865
   12      4.569274391924     -0.025944675760     -0.025944675760
   12     -0.003690191311     -4.744374267853     -0.011746658437
   20     -2.348788203490     -2.305598118428     -4.673654440986
   12     -0.003690191311     -0.011746658437     -4.744374267853
   20     -4.723065582122     -4.690760467218     -4.690760467218
    8      0.112044900926     -0.088350244996     -2.392667834094
    8      2.333377782606      2.359528671317     -2.329105321934
    8     -2.368327079786     -2.337579325094     -2.337579325094
    8      2.400348524063     -0.070070065868     -0.070070065868
    8      4.744965362175      2.231540709147     -0.000765688803
    8      0.112044900926     -2.392667834094     -0.088350244996
    8      4.744965362175     -0.000765688803      2.231540709147
    8      6.990797383075      2.257515857592      2.257515857592
    8      2.333377782606     -2.329105321934      2.359528671317
    8     -0.010928830790      2.346243185765      0.006832180836
    8      2.348169397786      4.755474435159     -0.069498414310
    8     -2.386444742687     -0.003352759461     -0.003352759461
    8      2.322166827429      2.333196529729      2.333196529729
    8      4.682529472216      4.670022997537      2.388618242783
    8     -0.010928830790      0.006832180836      2.346243185765
    8      4.682529472216      2.388618242783      4.670022997537
    8      7.039122597281      4.676527342447      4.676527342447
    8      2.348169397786     -0.069498414310      4.755474435159
    8      0.005947229899      4.754222818317      2.424905996104
    8      2.281534933251      7.000955279016      2.363168015084
    8     -2.355283630960      2.336943621060      2.336943621060
    8      2.346677878721      4.746993949725      4.746993949725
    8      4.588011591648      6.890520065866      4.756520653639
    8      0.005947229899      2.424905996104      4.754222818317
    8      4.588011591648      4.756520653639      6.890520065866
    8      7.146189576600      7.082059536228      7.082059536228
    8      2.281534933251      2.363168015084      7.000955279016
    0    0
