   3   1   1 E -1.6031049843702E+04 DE 3.9E-10( 11)
  0.140815323668E-01  0.700971311222E+01  0.700359740973E+01
  0.702473335969E+01 -0.142309484797E-02  0.702515996945E+01
  0.701426707684E+01  0.702770581197E+01  0.207224590522E-02
    1
  0.100000000000E+01  0.000000000000E+00  0.000000000000E+00
  0.000000000000E+00  0.100000000000E+01  0.000000000000E+00
  0.000000000000E+00  0.000000000000E+00  0.100000000000E+01
  0.000000000000E+00  0.000000000000E+00  0.000000000000E+00
   54
   20      0.013284997336     -0.008726898773     -0.014042982349
   20      2.341881660283      2.338340434727     -0.014704209759
   20     -2.323869329654     -2.356050845084     -0.013076507185
   20      2.337157630347     -0.004429579742      2.347634276296
   20      4.685667868556      2.342436136524      2.349533253644
   20      0.015030990713     -2.349256745043      2.349207525136
   20     -2.337668999738     -0.003104532299     -2.336070757740
   12      0.001715787848      2.329474148544     -2.352860584290
   12     -4.687174122164     -2.355132747410     -2.358694657726
   20     -0.006206955809      2.339247014193      2.337309489768
   20      2.335234614560      4.683386984290      2.340445165108
   20     -2.331115182236     -0.000470061070      2.337028806278
   20      2.325267472462      2.349627427563      4.694705780267
   20      4.682295133482      4.684526162128      4.685162520015
   12      0.002456229250      0.011135302613      4.690264817498
   12     -2.327870409850      2.347520594810     -0.015475413063
   20      0.001311330814      4.676403204118     -0.017731961659
   20     -4.679392366658     -0.000931410338     -0.012761318953
   12      0.084158283227     -2.407772995300     -2.336802422817
   12      2.335809467565     -0.020357099463     -2.350070154159
   12     -2.280134384638     -4.691240244365     -2.341080100954
   12      2.275907986202     -2.303020703108      0.015089683311
   20      4.678427222336      0.007561391601     -0.002238120733
   12     -0.100644248385     -4.611188121671      0.005450700317
   20     -2.349318087414     -2.343609408389     -4.674209723308
   20     -0.004418046729      0.009243018603     -4.669075067272
   20     -4.684954676424     -4.673307326989     -4.670188395804
    8      0.015711923164     -0.001865175554     -2.341927175888
    8      2.338533353810      2.344611467180     -2.340448371334
    8     -2.333912549956     -2.359737766078     -2.342185134574
    8      2.343016399027     -0.008955735757     -0.012536034358
    8      4.698253635770      2.339012880625     -0.005631197771
    8      0.039296609654     -2.369446287845     -0.007191641028
    8      4.680802382136      0.001448091854      2.350302630767
    8      7.022468379072      2.345395284812      2.355335685006
    8      2.342441373626     -2.343427164171      2.352296714918
    8     -0.005797270745      2.333562983377     -0.019144118560
    8      2.337769512879      4.677753596628     -0.015472220775
    8     -2.330908299831     -0.001690887948     -0.010634054777
    8      2.335664786760      2.341702545065      2.343904338093
    8      4.684183812460      4.680634054157      2.343208166406
    8      0.005175170258     -0.002691295028      2.343444966294
    8      4.687170769119      2.344130066458      4.698052461910
    8      7.036432051689      4.680521366147      4.681883479995
    8      2.329369401944     -0.007914624146      4.688178967712
    8     -0.000817812070      4.676792569341      2.337076314722
    8      2.341295146176      7.023071134361      2.339926524400
    8     -2.335593129464      2.336394209883      2.332601832629
    8      2.315372403054      4.699733137300      4.690515450307
    8      4.686426369562      7.034676667118      4.678888418398
    8     -0.042651429838      2.357496633906      4.688842877946
    8      4.678178051999      4.670037862713      7.010239358327
    8      7.027504205988      7.028198776753      7.004515892461
    8      2.340643748482      2.352233740234      7.021939541748
    0    0
