   3   1   1 E -1.6031054011756E+04 DE 2.5E-10( 11)
 -0.295641672449E-02  0.700904194096E+01  0.700234328920E+01
  0.700212997134E+01 -0.463659855324E-02  0.700973236918E+01
  0.699137212334E+01  0.701246726123E+01 -0.928179911500E-03
    1
  0.100000000000E+01  0.000000000000E+00  0.000000000000E+00
  0.000000000000E+00  0.100000000000E+01  0.000000000000E+00
  0.000000000000E+00  0.000000000000E+00  0.100000000000E+01
  0.000000000000E+00  0.000000000000E+00  0.000000000000E+00
   54
   20      0.007347438526     -0.003481890743     -0.011302227919
   20      2.320212109433      2.341311796317     -0.009187772522
   20     -2.327745800703     -2.333057575365      0.001390776162
   20      2.331467279766     -0.007413509983      2.344529766166
   20      4.669570707031      2.337577926321      2.345412006252
   20      0.015088772107     -2.334503240835      2.354246728618
   20     -2.325199688175     -0.001948832348     -2.334700671873
   12      0.035108462130      2.348195317966     -2.335571853080
   12     -4.699175104487     -2.335419979191     -2.320274343287
   20     -0.005686614075      2.340375850007      2.342667425871
   20      2.318963616047      4.690557900428      2.346025953448
   12     -2.348967560900     -0.003754242385      2.371989271333
   20      2.320771794977      2.339620370954      4.680191858973
   20      4.673093731530      4.686041439663      4.681068501500
   12     -0.019674298732     -0.088254466912      4.662569109629
   20     -2.329489682498      2.343155412618     -0.003714507643
   12      0.024127647415      4.709863289949     -0.048632112119
   20     -4.675417303984     -0.007961772225     -0.002398326120
   12      0.033863112132     -2.314962319211     -2.341975270097
   12      2.289128467754     -0.043989755056     -2.412448766845
   20     -2.333189445205     -4.676863870392     -2.338508018662
   12      2.349977314624     -2.334957980995     -0.060168116249
   20      4.663582461382     -0.006962085366     -0.000374375747
   20      0.004492799902     -4.679532330150     -0.001394110774
   20     -2.329986730949     -2.328653012315     -4.667291664426
   12      0.022170698925     -0.006291293404     -4.643704554470
   20     -4.670856405026     -4.674217473224     -4.660748918193
    8      0.031461100593     -0.001715981683     -2.364639843676
    8      2.309607571575      2.341327010938     -2.337584163596
    8     -2.329588500344     -2.331993882914     -2.335891356669
    8      2.330779814424     -0.012430399543     -0.010170584588
    8      4.661551136279      2.337007146897     -0.002006599176
    8      0.011814666580     -2.337498338687     -0.006431298198
    8      4.675259068286     -0.004578504430      2.346988702293
    8      6.997568456588      2.326328687091      2.353627555612
    8      2.334111053895     -2.336924209954      2.346537843991
    8     -0.001822903477      2.347812052909     -0.016119246584
    8      2.312204165930      4.679306006275     -0.006180545702
    8     -2.328120528152     -0.000953238413     -0.001165025159
    8      2.323611575008      2.341048588308      2.342581554480
    8      4.668283478305      4.688133251450      2.347665057548
    8     -0.005040633781     -0.002482427735      2.348593712040
    8      4.676396092658      2.340238863415      4.676279612752
    8      7.031128872175      4.686072787247      4.707986899893
    8      2.325180771020     -0.021863891043      4.674391420999
    8     -0.008244650950      4.694136694636      2.336760714909
    8      2.316216541736      7.014865276053      2.343376533516
    8     -2.334037117469      2.332403155566      2.335392152746
    8      2.312366443555      4.696642590900      4.695457277693
    8      4.649945120013      7.005150117271      4.652517317118
    8     -0.004270152990      2.334739836552      4.671743787439
    8      4.670357316072      4.679301627421      7.003482900097
    8      6.988997793323      6.989183256325      7.002033240634
    8      2.328161220977      2.338196967426      7.007240244765
    0    0
