   3   1   1 E -1.6031102366899E+04 DE-1.6E-09( 10)
 -0.681195745084E-02  0.699395131684E+01  0.702302353488E+01
  0.699250102973E+01 -0.154964874397E-01  0.702533399387E+01
  0.698776983822E+01  0.698397978736E+01 -0.344045624555E-02
    1
  0.100000000000E+01  0.000000000000E+00  0.000000000000E+00
  0.000000000000E+00  0.100000000000E+01  0.000000000000E+00
  0.000000000000E+00  0.000000000000E+00  0.100000000000E+01
  0.000000000000E+00  0.000000000000E+00  0.000000000000E+00
   54
   20     -0.000702823163     -0.014803449747     -0.023303589048
   20      2.337485622223      2.340777914784     -0.050900223575
   20     -2.334897542819     -2.335876795962     -0.035033216626
   20      2.353048815624     -0.044188455895      2.350872825198
   20      4.678307341112      2.284294007379      2.313260912286
   20      0.032064273245     -2.345916928808      2.386232421363
   20     -2.332624225968     -0.054942431793     -2.377599054971
   20      0.015666369080      2.381790248385     -2.340226334911
   12     -4.756764867851     -2.334081000933     -2.375293885097
   20     -0.018274576626      2.376251715972      2.375966260922
   20      2.280569964467      4.677988765352      2.342815279161
   20     -2.351805714883      0.025945742760      2.369923280796
   20      2.307491462039      2.349340385710      4.700193134991
   12      4.752681564679      4.689417940969      4.699546317060
   12     -0.004166002814     -0.140541718122      4.692597229948
   20     -2.335930842955      2.413087478343      0.013011089546
   12     -0.052544080419      4.730009254669     -0.043482133842
   20     -4.752523572133     -0.002716093153     -0.001428770902
   12     -0.033166652350     -2.258169218666     -2.416690943188
   20      2.344021276795     -0.014306875871     -2.351449342038
   20     -2.318886379609     -4.642418895294     -2.384219438425
   20      2.385838778482     -2.335915956460      0.037078221993
   12      4.764125081762     -0.107886678097     -0.018837165110
   20      0.005975074519     -4.725082447179     -0.003468551266
   12     -2.341018901976     -2.298281563869     -4.683118921513
   12     -0.009343552307     -0.039831979849     -4.632258756434
   12     -4.624924979464     -4.595994096808     -4.593679947164
    8     -0.000786467648     -0.097389113671     -2.378336958687
    8      2.331429157095      2.449669639255     -2.445443838361
    8     -2.248849778697     -2.324096683052     -2.380361303503
    8      2.418114693475     -0.006885404443      0.001098714635
    8      4.661890441218      2.238875646991     -0.021134678899
    8      0.005613799999     -2.334640348743     -0.013378833786
    8      4.767664576059     -0.125362331679      2.328528134906
    8      7.087079197449      2.225314073242      2.350774648533
    8      2.439094555025     -2.412565525619      2.467631283419
    8     -0.002920913813      2.415300041093     -0.033243704008
    8      2.205046460162      4.657180216476     -0.103262821380
    8     -2.351932362864      0.008086187386     -0.000889034691
    8      2.333345637803      2.326595738894      2.346959940375
    8      4.670019595173      4.660931734042      2.391630074679
    8     -0.012275886847      0.010309200714      2.380962230925
    8      4.662820959610      2.408705672107      4.682558155342
    8      6.950098574963      4.754219253998      4.722715578682
    8      2.203849273931     -0.116243094514      4.674671832947
    8     -0.091624914865      4.755549413223      2.370476672265
    8      2.215430405100      7.088268706445      2.338557096499
    8     -2.425605321239      2.445121114264      2.318186430946
    8      2.312230918929      4.667808984050      4.678043321474
    8      4.777993299041      6.854193020874      4.763239301713
    8     -0.000527688700      2.339370648326      4.676889502233
    8      4.774214022698      4.768589212256      7.013548339498
    8      6.882954181330      6.863847363774      7.025266691453
    8      2.326497774141      2.332253541915      7.095933349903
    0    0
