   3   1   1 E -1.6031055957655E+04 DE 5.7E-08(  8)
  0.460106622515E-02  0.701579466127E+01  0.699921516028E+01
  0.700444787966E+01 -0.337082671712E-02  0.700123632248E+01
  0.702042921925E+01  0.702676420687E+01 -0.123871847644E-01
    1
  0.100000000000E+01  0.000000000000E+00  0.000000000000E+00
  0.000000000000E+00  0.100000000000E+01  0.000000000000E+00
  0.000000000000E+00  0.000000000000E+00  0.100000000000E+01
  0.000000000000E+00  0.000000000000E+00  0.000000000000E+00
   54
   20      0.002941494968     -0.003410389892     -0.027115220790
   20      2.323697860488      2.347406049146     -0.025437336775
   20     -2.338802633806     -2.347495566902     -0.010704124750
   20      2.324974605898     -0.005393079695      2.331999436701
   20      4.680972782544      2.343672322218      2.331841046564
   20      0.009718203649     -2.349757802188      2.339915733678
   20     -2.333143585661      0.001443674786     -2.331976928323
   12      0.029609709511      2.367000620900     -2.308509736174
   12     -4.723746842287     -2.324953568720     -2.315608066273
   20     -0.006823897994      2.345453725965      2.332410413634
   20      2.327699296483      4.687386303814      2.330353972368
   20     -2.338534855159     -0.002794125944      2.337884063479
   20      2.324884846713      2.353908718019      4.686692103054
   20      4.689658691273      4.677750924537      4.679713657830
   12      0.007682191209     -0.047802770056      4.665066740583
   12     -2.283392528582      2.371513035941      0.020711530770
   12      0.071603508819      4.585507944260     -0.006630630875
   20     -4.686565529285     -0.000603875929     -0.005413986920
   12      0.041837109997     -2.331731286573     -2.305151049314
   12      2.307628004602     -0.015409582662     -2.317957788580
   20     -2.342408449561     -4.678712279680     -2.326742896636
   12      2.314130116178     -2.365959620968     -0.027830485956
   20      4.678452291948     -0.004257587840     -0.010482057938
   12     -0.014104774330     -4.603058643593      0.011589518600
   20     -2.340528692175     -2.343524417267     -4.669968413706
   20      0.007535153468      0.004249366962     -4.667800274489
   20     -4.688584286338     -4.674774264538     -4.660333824736
    8      0.019201583065     -0.000751467016     -2.342163663205
    8      2.316481967179      2.347984478135     -2.346327589997
    8     -2.341680229684     -2.342131656179     -2.334093559264
    8      2.332587199109     -0.011727561735     -0.027335109544
    8      4.682737152752      2.344299101143     -0.016716681801
    8      0.018623297782     -2.365241308388     -0.022342025421
    8      4.671621937340     -0.001904529727      2.331310549900
    8      7.016657148034      2.344302650151      2.330696876664
    8      2.318782164964     -2.345897770008      2.333462750864
    8     -0.024026374757      2.359065572950     -0.029287148024
    8      2.318668234185      4.686363569834     -0.031576326041
    8     -2.337228603973      0.003951917758     -0.009966958158
    8      2.327728661186      2.346880289380      2.331320679445
    8      4.682679901389      4.681217355867      2.328654611431
    8     -0.002114290972     -0.002564002242      2.336984373290
    8      4.692692977239      2.345623077397      4.683870218817
    8      7.058700790813      4.656956836882      4.680605794487
    8      2.312683809280     -0.007034923845      4.669500100681
    8      0.001861265897      4.681996455871      2.332096422146
    8      2.336625117436      7.020959377060      2.333364194249
    8     -2.337999381022      2.338494933482      2.333739882067
    8      2.320247524042      4.707745507721      4.692721384826
    8      4.684976468879      7.018432144948      4.666731136952
    8     -0.004348136414      2.355366964195      4.687162891719
    8      4.681462917683      4.660640930995      6.994348229097
    8      7.016110374828      7.012667372599      6.980323730428
    8      2.322528474288      2.354997045079      7.008689180374
    0    0
