   3   1   1 E -1.6031035553132E+04 DE 5.8E-11(  2)
  0.511646097749E-02  0.702982994013E+01  0.703160985340E+01
  0.702556069750E+01 -0.208860120202E-02  0.703237937123E+01
  0.703050789839E+01  0.702945143031E+01 -0.837080029155E-03
    1
  0.100000000000E+01  0.000000000000E+00  0.000000000000E+00
  0.000000000000E+00  0.100000000000E+01  0.000000000000E+00
  0.000000000000E+00  0.000000000000E+00  0.100000000000E+01
  0.000000000000E+00  0.000000000000E+00  0.000000000000E+00
   54
   20      0.000000000000      0.000000000000      0.000000000000
   20      2.343502632798      2.343150476771     -0.000279026676
   20     -2.343502632798     -2.343150476771      0.000279026676
   20      2.341853565834     -0.000696200401      2.344126457077
   20      4.685356198632      2.342454276371      2.343847430400
   20     -0.001649066964     -2.343846677172      2.344405483753
   20     -2.341853565834      0.000696200401     -2.344126457077
   12      0.001649066964      2.343846677172     -2.344405483753
   12     -4.685356198632     -2.342454276371     -2.343847430400
   20      0.001705486992      2.343276646711      2.343869951135
   12      2.345208119790      4.686427123483      2.343590924458
   20     -2.341797145805      0.000126169940      2.344148977811
   20      2.343559052827      2.342580446311      4.687996408211
   20      4.687061685625      4.685730923082      4.687717381535
   12      0.000056420029     -0.000570030461      4.688275434888
   20     -2.340148078842      2.343972847112     -0.000256505942
   20      0.003354553956      4.687123323883     -0.000535532618
   20     -4.683650711640      0.000822370341      0.000022520734
   12     -0.001705486992     -2.343276646711     -2.343869951135
   20      2.341797145805     -0.000126169940     -2.344148977811
   20     -2.345208119790     -4.686427123483     -2.343590924458
   12      2.340148078842     -2.343972847112      0.000256505942
   12      4.683650711640     -0.000822370341     -0.000022520734
   12     -0.003354553956     -4.687123323883      0.000535532618
   20     -2.343559052827     -2.342580446311     -4.687996408211
   12     -0.000056420029      0.000570030461     -4.688275434888
   20     -4.687061685625     -4.685730923082     -4.687717381535
    8     -0.000028210014      0.000285015230     -2.344137717444
    8      2.343474422782      2.343435492000     -2.344416744120
    8     -2.343530842812     -2.342865461541     -2.343858690768
    8      2.341825355820     -0.000411185170     -0.000011260367
    8      4.685327988615      2.342739291598     -0.000290287044
    8     -0.001677276978     -2.343561661942      0.000267766309
    8      4.683678921653     -0.001107385571      2.344115196709
    8      7.027181554449      2.342043091198      2.343836170033
    8      2.340176288855     -2.344257862342      2.344394223385
    8      0.001677276978      2.343561661942     -0.000267766309
    8      2.345179909774      4.686712138711     -0.000546792986
    8     -2.341825355820      0.000411185170      0.000011260367
    8      2.343530842812      2.342865461541      2.343858690768
    8      4.687033475608      4.686015938310      2.343579664091
    8      0.000028210014     -0.000285015230      2.344137717444
    8      4.685384408646      2.342169261140      4.687985147843
    8      7.028887041441      4.685319737909      4.687706121167
    8      2.341881775848     -0.000981215631      4.688264174520
    8      0.003382763971      4.686838308651      2.343602184824
    8      2.346885396767      7.029988785420      2.343323158147
    8     -2.340119868827      2.343687831880      2.343881211500
    8      2.345236329805      4.686142108251      4.687728641901
    8      4.688738962601      7.029292585020      4.687449615224
    8      0.001733697007      2.342991631479      4.688007668577
    8      4.687089895638      4.685445907850      7.031855098977
    8      7.030592528434      7.028596384619      7.031576072300
    8      2.343587262840      2.342295431079      7.032134125653
    0    0
