   3   1   1 E -1.6031091932521E+04 DE-3.0E-10( 11)
 -0.109104090265E-01  0.698167782693E+01  0.696682453944E+01
  0.699082878009E+01 -0.217028245930E-01  0.698468070007E+01
  0.699331800622E+01  0.700780328117E+01 -0.296889508205E-01
    1
  0.100000000000E+01  0.000000000000E+00  0.000000000000E+00
  0.000000000000E+00  0.100000000000E+01  0.000000000000E+00
  0.000000000000E+00  0.000000000000E+00  0.100000000000E+01
  0.000000000000E+00  0.000000000000E+00  0.000000000000E+00
   54
   20      0.037117195584     -0.018886102040     -0.071729912372
   20      2.300835319539      2.328741193197     -0.079519950358
   20     -2.314892665666     -2.345351736682     -0.029347294915
   20      2.312487721547     -0.048044230957      2.337119829835
   20      4.699168317191      2.331255099774      2.341631720630
   20      0.053187331419     -2.382693449320      2.351519972555
   20     -2.317846813557      0.010346634149     -2.307490286984
   12      0.079333738371      2.337323147507     -2.366979101435
   12     -4.741000415139     -2.350015124445     -2.341311329219
   20     -0.037800973027      2.322279425840      2.338157399395
   20      2.313570944000      4.691282760688      2.350596979475
   20     -2.329602253787      0.026434963679      2.342227457792
   20      2.296541676585      2.360562717669      4.741574445933
   20      4.668007845635      4.671604477780      4.672616242587
   12      0.049609012419     -0.004305026817      4.711859958681
   12     -2.305846707469      2.373867972408     -0.018789615712
   20      0.000781512940      4.666163373296     -0.051003787193
   20     -4.685077241477      0.065738739997      0.008907569009
   12      0.076282804645     -2.350147008848     -2.282923646428
   12      2.262859256365     -0.041693797428     -2.364300731926
   20     -2.363824611794     -4.669873221888     -2.320558159646
   12      2.313075944366     -2.427608966728     -0.031393006858
   20      4.644787133493     -0.003556323407     -0.030542878982
   12     -0.006249289503     -4.641729574567     -0.042059580351
   20     -2.357844800200     -2.360775748538     -4.654011423859
   20      0.032159913222      0.055783025647     -4.630784812351
   12     -4.627698903749     -4.730792034556     -4.667828844442
    8      0.102410281108      0.014539150353     -2.347693701575
    8      2.219875841136      2.325813084194     -2.445243565207
    8     -2.346038949145     -2.335314406843     -2.324145541512
    8      2.324511309727     -0.064264194987     -0.078101875468
    8      4.697334027349      2.337401360924     -0.033423463608
    8      0.087544714092     -2.427630102122     -0.066536013229
    8      4.660456068315     -0.006966213516      2.334824835244
    8      7.083159214709      2.331718748180      2.335929526427
    8      2.331767295193     -2.438381461055      2.341656175502
    8     -0.057561115902      2.329706758595     -0.097794653242
    8      2.314973364961      4.682447865966     -0.062821394815
    8     -2.323385582307      0.057225877353     -0.012943855252
    8      2.314880317837      2.334230505489      2.342921680697
    8      4.673535740405      4.665936362838      2.321209498795
    8      0.024071009915     -0.014590387860      2.352583974909
    8      4.730206555432      2.333069342889      4.736592485016
    8      7.096045808177      4.672220349874      4.637152614227
    8      2.238658307723     -0.038203871738      4.681559157004
    8      0.000474319848      4.660876441919      2.371382334943
    8      2.329137497235      7.078992842735      2.375582792411
    8     -2.411196012379      2.323233231409      2.298009402015
    8      2.218410366764      4.741278585202      4.736920623968
    8      4.651809119603      6.995486926266      4.644407337895
    8     -0.015543479404      2.339675459752      4.749962725977
    8      4.605904585936      4.567801661806      6.951072288032
    8      6.982452156273      7.070135831754      6.904917763482
    8      2.293549943239      2.452651341008      7.094554933588
    0    0
