   3   1   1 E -1.6031096422583E+04 DE-3.4E-10( 10)
 -0.157099257045E-03  0.701717618565E+01  0.703435753839E+01
  0.701171132942E+01  0.620852847909E-02  0.703306965160E+01
  0.700719068643E+01  0.701855913282E+01  0.329470394311E-02
    1
  0.100000000000E+01  0.000000000000E+00  0.000000000000E+00
  0.000000000000E+00  0.100000000000E+01  0.000000000000E+00
  0.000000000000E+00  0.000000000000E+00  0.100000000000E+01
  0.000000000000E+00  0.000000000000E+00  0.000000000000E+00
   54
   20      0.029991546702     -0.028193107881     -0.065911487807
   20      2.342175145636      2.372285449526     -0.038195610221
   20     -2.315768342644     -2.385267887726     -0.053095478676
   20      2.333389489575     -0.059502668594      2.361630908152
   20      4.682666928271      2.348795288926      2.359963340116
   20      0.047300103463     -2.360613306569      2.376844052673
   20     -2.330138301587     -0.061151225368     -2.368587213790
   12      0.006174430456      2.380181745780     -2.316246956083
   12     -4.737390337034     -2.366329520465     -2.347846711028
   20     -0.012791186152      2.383674881983      2.400475634466
   12      2.333214874508      4.702055006321      2.359802372524
   20     -2.318513277773      0.010652312931      2.369203149285
   20      2.266946276614      2.379813455462      4.699959291158
   20      4.664205402196      4.690137573069      4.672504401258
   12      0.035749945782      0.035513914506      4.645963931330
   20     -2.356266108490      2.375252867562      0.016937657596
   20      0.015692611468      4.682004186313     -0.000349249655
   20     -4.706800944497     -0.014240332954     -0.024288207225
   12     -0.089496457922     -2.376707848475     -2.356370689714
   20      2.325945586024     -0.004085415016     -2.333119679129
   12     -2.169187516565     -4.624429259333     -2.370196420603
   12      2.295706646353     -2.366822037653     -0.006282482844
   20      4.695910570729      0.004382356825     -0.015005607300
   12      0.022173862676     -4.638895466090     -0.113921091160
   12     -2.442036358839     -2.379158273948     -4.581103026358
   20     -0.003101254917     -0.023316725763     -4.659136571089
   20     -4.690868684394     -4.629690099916     -4.672856733210
    8     -0.003635346581     -0.012064092258     -2.338196948295
    8      2.269558236058      2.456311245168     -2.354873978464
    8     -2.299632865593     -2.458650593472     -2.382515403582
    8      2.341227058215     -0.080850283309     -0.011098070510
    8      4.775590301023      2.337094353225     -0.076062983147
    8      0.095316227891     -2.434386500184     -0.061101586366
    8      4.687397088597     -0.093762356531      2.343205768085
    8      7.006039245805      2.342675197122      2.389361848631
    8      2.450074334163     -2.339896720070      2.393096656107
    8     -0.015074233089      2.353756449975     -0.065430515088
    8      2.342144276464      4.678561884341     -0.024139718035
    8     -2.333520614833     -0.010761854408     -0.017428014153
    8      2.334102344991      2.412099970875      2.360963546762
    8      4.614252670150      4.680542611640      2.347538910433
    8      0.009119820912     -0.008081261808      2.386523219117
    8      4.729548690505      2.350377681711      4.698949821281
    8      7.093004440229      4.665837524211      4.702634308426
    8      2.242742304201     -0.082511805642      4.677811587391
    8      0.056546097493      4.675886639244      2.471101048672
    8      2.337864401958      6.936412182747      2.352914283342
    8     -2.331835263588      2.423173920910      2.423965367036
    8      2.227118532326      4.688416929127      4.682475069231
    8      4.786059394469      7.103340323028      4.695072617723
    8     -0.074141594476      2.345217906246      4.745918034690
    8      4.577064306614      4.683633633285      7.070199707226
    8      7.007167513628      7.099227225263      6.942177000130
    8      2.235370107553      2.430801237389      7.024415423374
    0    0
