   3   1   1 E -1.6031062626991E+04 DE-1.6E-09( 11)
  0.285645088109E-01  0.699337126077E+01  0.699337126077E+01
  0.702674279724E+01 -0.156294471239E-03  0.702203929823E+01
  0.702674279724E+01  0.702203929823E+01 -0.156294471239E-03
    2
  0.100000000000E+01  0.000000000000E+00  0.000000000000E+00
  0.000000000000E+00  0.100000000000E+01  0.000000000000E+00
  0.000000000000E+00  0.000000000000E+00  0.100000000000E+01
  0.000000000000E+00  0.000000000000E+00  0.000000000000E+00
  0.100000000000E+01  0.000000000000E+00  0.000000000000E+00
  0.000000000000E+00  0.000000000000E+00  0.100000000000E+01
  0.000000000000E+00  0.100000000000E+01  0.000000000000E+00
  0.000000000000E+00  0.000000000000E+00  0.000000000000E+00
   54
   20      0.012851030918     -0.011742708806     -0.011742708806
   20      2.351400840013      2.343798257747     -0.023764275974
   20     -2.343982474559     -2.344058945527     -0.017966070163
   20      2.351400840013     -0.023764275974      2.343798257747
   20      4.681294833939      2.346286855517      2.346286855517
   20      0.011993174668     -2.352462780088      2.344399328516
   20     -2.343982474559     -0.017966070163     -2.344058945527
   20      0.011993174668      2.344399328516     -2.352462780088
   12     -4.656475832755     -2.358355021759     -2.358355021759
   20     -0.005088262951      2.350091763575      2.350091763575
   20      2.341868458198      4.696791210324      2.346859252381
   20     -2.355694548774      0.001255867415      2.351507568250
   20      2.341868458198      2.346859252381      4.696791210324
   12      4.675826423069      4.685542524337      4.685542524337
   20      0.008030027562     -0.014604668243      4.681436555029
   20     -2.355694548774      2.351507568250      0.001255867415
   20      0.008030027562      4.681436555029     -0.014604668243
   12     -4.662703533611     -0.018431792019     -0.018431792019
   12      0.017691079942     -2.306081151870     -2.306081151870
   12      2.314571259831     -0.029264584992     -2.312021905931
   12     -2.340300161097     -4.660165681241     -2.414847779565
   12      2.314571259831     -2.312021905931     -0.029264584992
   20      4.664569247943     -0.004477702787     -0.004477702787
   20     -0.004040171205     -4.667096471174      0.004240686806
   12     -2.340300161097     -2.414847779565     -4.660165681241
   20     -0.004040171205      0.004240686806     -4.667096471174
   12     -4.660552769810     -4.668289788453     -4.668289788453
    8      0.019130082975     -0.011705623874     -2.346026287391
    8      2.367619683062      2.347555381676     -2.388805860104
    8     -2.325923714476     -2.375026785261     -2.375026785261
    8      2.344365025213     -0.019826581672     -0.019826581672
    8      4.679342826683      2.345094717302     -0.015243673487
    8      0.019130082975     -2.346026287391     -0.011705623874
    8      4.679342826683     -0.015243673487      2.345094717302
    8      7.035412526930      2.346719801289      2.346719801289
    8      2.367619683062     -2.388805860104      2.347555381676
    8      0.005964792297      2.346421291549     -0.011695439233
    8      2.347141909755      4.695582622152     -0.023915049345
    8     -2.351487006936     -0.007947734644     -0.007947734644
    8      2.345263123686      2.346127326382      2.346127326382
    8      4.681098263640      4.686388124263      2.352217679177
    8      0.005964792297     -0.011695439233      2.346421291549
    8      4.681098263640      2.352217679177      4.686388124263
    8      7.036386819236      4.674459601508      4.674459601508
    8      2.347141909755     -0.023915049345      4.695582622152
    8     -0.008409031789      4.683694555591      2.344221261283
    8      2.346707941917      7.035765565756      2.344858376407
    8     -2.366022562947      2.366838389629      2.366838389629
    8      2.340823039593      4.720194398845      4.720194398845
    8      4.672620121262      7.001523330496      4.677434155040
    8     -0.008409031789      2.344221261283      4.683694555591
    8      4.672620121262      4.677434155040      7.001523330496
    8      7.052870008955      7.005162105751      7.005162105751
    8      2.346707941917      2.344858376407      7.035765565756
    0    0
