   3   1   1 E -1.6031098899916E+04 DE 6.1E-10( 10)
 -0.515792770775E-02  0.701394847072E+01  0.700773641460E+01
  0.700257848690E+01  0.496725909968E-18  0.700257848690E+01
  0.700863764114E+01  0.701482341507E+01 -0.605915423575E-02
    2
  0.100000000000E+01  0.000000000000E+00  0.000000000000E+00
  0.000000000000E+00  0.100000000000E+01  0.000000000000E+00
  0.000000000000E+00  0.000000000000E+00  0.100000000000E+01
  0.000000000000E+00  0.000000000000E+00  0.000000000000E+00
  0.000000000000E+00  0.000000000000E+00 -0.100000000000E+01
  0.000000000000E+00  0.100000000000E+01  0.000000000000E+00
 -0.100000000000E+01  0.000000000000E+00  0.000000000000E+00
  0.000000000000E+00  0.000000000000E+00  0.000000000000E+00
   54
   20      0.013692043962     -0.041923966414     -0.013692043962
   20      2.337381243345      2.339351729137     -0.030889816801
   20     -2.344507544747     -2.316730226968     -0.010051622544
   20      2.333950594419     -0.018162502534      2.368762400382
   20      4.676716454322      2.301773167146      2.325862032574
   20      0.010051622544     -2.316730226968      2.344507544747
   20     -2.368762400382     -0.018162502534     -2.333950594419
   20      0.030889816801      2.339351729137     -2.337381243345
   12     -4.742479763321     -2.286103151130     -2.260098723574
   20     -0.009084978750      2.317496443823      2.405586255052
   20      2.335829129819      4.712072966809      2.357582351685
   12     -2.277271556980      0.007585091336      2.277271556980
   12      2.244925783639      2.388245314563      4.757652703256
   20      4.644996135210      4.712072966809      4.666749357076
   12      0.038754785745     -0.021271873704      4.738589071494
   20     -2.405586255052      2.317496443823      0.009084978750
   20     -0.004722494616      4.757890969423      0.004722494616
   12     -4.738589071494     -0.021271873704     -0.038754785745
   12      0.042932081761     -2.274145190900     -2.393147316950
   20      2.361668056283     -0.036938557173     -2.361668056283
   20     -2.291987104601     -4.704963359382     -2.332836619045
   12      2.393147316950     -2.274145190900     -0.042932081761
   12      4.682052662515     -0.004612643721      0.016311009240
   20      0.033931236136     -4.714186246648     -0.033931236136
   20     -2.335994189154     -2.314011306330     -4.666584297741
   12     -0.016311009240     -0.004612643721     -4.682052662515
   20     -4.669741867851     -4.704963359382     -4.710591382294
    8      0.053053625732     -0.079368322173     -2.381406952367
    8      2.337318169686      2.402425046849     -2.337318169685
    8     -2.332549318168     -2.342404570262     -2.335257051347
    8      2.381406952367     -0.079368322173     -0.053053625732
    8      4.669674041618      2.253067810033     -0.004589426396
    8      0.093694023210     -2.341956291047     -0.093694023210
    8      4.736326710179     -0.002462954343      2.266251776717
    8      7.007167913293      2.253067810033      2.332904445279
    8      2.335257051347     -2.342404570262      2.332549318168
    8     -0.002830222843      2.352986477503      0.002830222843
    8      2.350111159927      4.774675771654     -0.065481644068
    8     -2.376909029147     -0.002360551032      0.061472788819
    8      2.315661871873      2.335000488855      2.382400367264
    8      4.680885252027      4.761723574802      2.321693234870
    8     -0.061472788819     -0.002360551032      2.376909029147
    8      4.620178119631      2.335000488855      4.686916615022
    8      7.068060130965      4.774675771654      4.652467326970
    8      2.216179821620     -0.064173009555      4.786398665275
    8     -0.005058068310      4.781984057585      2.449271076646
    8      2.302416645793      7.012995479489      2.219149864450
    8     -2.340305662449      2.220524069579      2.340305662450
    8      2.243847377945      4.581830120830      4.758731108952
    8      4.783428622447      7.012995479489      4.700161841104
    8      0.113074047179      2.311711250881      4.675108225344
    8      4.553307410250      4.781984057585      7.007636555206
    8      6.981987055278      7.007571621488      7.023169918516
    8      2.327470261552      2.311711250881      6.889504439716
    0    0
