   3   1   1 E -1.6031091680062E+04 DE-7.7E-10( 11)
  0.850636542698E-02  0.701485378225E+01  0.700842600936E+01
  0.701693237479E+01  0.580811780783E-18  0.701693237479E+01
  0.701154212612E+01  0.701796888548E+01  0.539024867581E-02
    2
  0.100000000000E+01  0.000000000000E+00  0.000000000000E+00
  0.000000000000E+00  0.100000000000E+01  0.000000000000E+00
  0.000000000000E+00  0.000000000000E+00  0.100000000000E+01
  0.000000000000E+00  0.000000000000E+00  0.000000000000E+00
  0.000000000000E+00  0.000000000000E+00 -0.100000000000E+01
  0.000000000000E+00  0.100000000000E+01  0.000000000000E+00
 -0.100000000000E+01  0.000000000000E+00  0.000000000000E+00
  0.000000000000E+00  0.000000000000E+00  0.000000000000E+00
   54
   20      0.020056254514     -0.046002731625     -0.020056254514
   20      2.348038149543      2.338961008287     -0.022771743347
   20     -2.343258425404     -2.313306246585     -0.017543734360
   20      2.335469238165     -0.017895596182      2.372604921602
   20      4.683106601610      2.304992516105      2.333825773177
   20      0.017543734360     -2.313306246585      2.343258425404
   20     -2.372604921602     -0.017895596182     -2.335469238165
   20      0.022771743347      2.338961008287     -2.348038149543
   12     -4.755237606394     -2.286345638255     -2.261694768392
   20      0.000771234108      2.319023597654      2.402242752268
   20      2.340170074369      4.718476905652      2.365561637966
   12     -2.289967054408      0.003293205612      2.289967054408
   12      2.236008555024      2.409224583291      4.780923819762
   20      4.651370736821      4.718476905652      4.676762300417
   12     -0.017038066058     -0.042278596691      4.724296327617
   20     -2.402242752268      2.319023597654     -0.000771234108
   20      0.008576286729      4.778714070593     -0.008576286729
   12     -4.724296327617     -0.042278596691      0.017038066058
   12      0.055216544576     -2.291296279249     -2.423839333251
   20      2.345914799681     -0.045895931294     -2.345914799681
   20     -2.301405616762     -4.707127421894     -2.337684737455
   12      2.423839333251     -2.291296279249     -0.055216544576
   12      4.680693210766     -0.020813311040      0.017656368833
   20      0.046335468224     -4.726155686608     -0.046335468224
   20     -2.347274965190     -2.300794964772     -4.669657409596
   12     -0.017656368833     -0.020813311040     -4.680693210766
   20     -4.679247637331     -4.707127421894     -4.715526758025
    8      0.040535141526     -0.069717257203     -2.387479735133
    8      2.335537767864      2.380420490709     -2.335537767863
    8     -2.344804498822     -2.338314265392     -2.344572966028
    8      2.387479735133     -0.069717257203     -0.040535141526
    8      4.682149393380      2.272696744765     -0.005704935469
    8      0.091133239615     -2.348914770315     -0.091133239615
    8      4.718140264923     -0.003452427587      2.298792109864
    8      7.022637310257      2.272696744765      2.334782981409
    8      2.344572966029     -2.338314265392      2.344804498822
    8      0.001927644317      2.348029008701     -0.001927644317
    8      2.356883050824      4.786890156954     -0.053294841229
    8     -2.373025704737     -0.006573430838      0.033698335954
    8      2.321889920382      2.331952701474      2.385013016996
    8      4.686785541032      4.745021220748      2.330146833757
    8     -0.033698335954     -0.006573430838      2.373025704737
    8      4.631919357790      2.331952701474      4.695042454404
    8      7.070227216018      4.786890156954      4.660049323965
    8      2.201796084519     -0.011574810933      4.815136290267
    8     -0.000023633554      4.780841085798      2.429759037861
    8      2.309411869513      7.008468827987      2.244844523454
    8     -2.340054868673      2.250745048220      2.340054868674
    8      2.240920152937      4.580020291674      4.776012221851
    8      4.772087851334      7.008468827987      4.707520505275
    8      0.119142190100      2.302474315175      4.672913180376
    8      4.587173336926      4.780841085798      7.016956008341
    8      7.025999488164      7.011452653140      7.007865261412
    8      2.344019194411      2.302474315175      6.897790184687
    0    0
