   3   1   1 E -1.6031100421333E+04 DE 5.8E-10( 11)
  0.318670022313E-01  0.697286853232E+01  0.699913738761E+01
  0.700845974374E+01 -0.724350729539E-02  0.702977074953E+01
  0.700750532551E+01  0.699745215543E+01 -0.748891931669E-03
    1
  0.100000000000E+01  0.000000000000E+00  0.000000000000E+00
  0.000000000000E+00  0.100000000000E+01  0.000000000000E+00
  0.000000000000E+00  0.000000000000E+00  0.100000000000E+01
  0.000000000000E+00  0.000000000000E+00  0.000000000000E+00
   54
   20     -0.006921563648     -0.010485127440     -0.035646139952
   20      2.348381072039      2.339123702193     -0.013625851959
   20     -2.322423838510     -2.329267376178     -0.036169725541
   20      2.345120210972     -0.031436421887      2.325335090899
   20      4.688537859935      2.320403968736      2.365285820796
   20      0.010884020623     -2.313572530241      2.353297215349
   20     -2.330066146369     -0.017441702001     -2.346232907260
   20     -0.027399943701      2.337034184193     -2.365266302376
   20     -4.658258166232     -2.311772705610     -2.343011189725
   20     -0.048977736397      2.370819662744      2.384180519780
   20      2.319993326720      4.706926187687      2.351544200006
   20     -2.328877094701      0.036627438854      2.354143599082
   20      2.331594287016      2.339869717709      4.742009318023
   12      4.669247717723      4.623459234303      4.694507369966
   12     -0.004073058351     -0.057261626533      4.678899198064
   12     -2.384690860872      2.366520072349     -0.048941210467
   20     -0.051554136791      4.691657205743      0.005469055307
   12     -4.674495966429     -0.016781048692     -0.015431338937
   12     -0.064886456844     -2.287709090584     -2.350988193935
   20      2.338462807779     -0.025073164806     -2.331270778497
   12     -2.262548518226     -4.597890556099     -2.327621477588
   12      2.399827256548     -2.337482794083     -0.048751685104
   20      4.692903786188     -0.059835858736     -0.040531061490
   20      0.030198928896     -4.689082451543     -0.021590536386
   12     -2.340615875907     -2.359457225129     -4.601313156532
   12     -0.038050325370     -0.045883146498     -4.636128585759
   20     -4.640087591156     -4.648958323743     -4.724070707636
    8     -0.012028758895     -0.074009700915     -2.394181881293
    8      2.392617033888      2.350129676341     -2.341483440819
    8     -2.251368936807     -2.417109286160     -2.430677309028
    8      2.344365202891     -0.063881136981     -0.014934852723
    8      4.683371401842      2.322426549078     -0.045446520031
    8      0.047266380327     -2.330462081249     -0.064776989867
    8      4.747936367595     -0.091961601957      2.340267582151
    8      7.009223740566      2.280507509273      2.339973659621
    8      2.399998743584     -2.320060034783      2.294944993214
    8     -0.058230896742      2.344211151978     -0.007487667100
    8      2.338593598563      4.739713541529     -0.005380837016
    8     -2.415841132664      0.063461532365     -0.022786194062
    8      2.335192135421      2.342034121992      2.350941342722
    8      4.682947944668      4.673515733625      2.373221964893
    8     -0.001646875307      0.009331342724      2.363215395611
    8      4.678203771347      2.403453227268      4.742882265410
    8      6.945002861625      4.733474111228      4.700032995000
    8      2.265827783081     -0.010722750372      4.732663711031
    8     -0.076828593060      4.758020999920      2.441973831844
    8      2.305365351492      6.991553252495      2.330287230803
    8     -2.318059035392      2.434407851771      2.346549210936
    8      2.372123535401      4.650631825695      4.759471028458
    8      4.780750291865      6.948736688367      4.665679359664
    8     -0.090207714095      2.322268402627      4.681521865768
    8      4.571341910251      4.507444063073      7.015567601810
    8      7.106788542348      6.962494768372      7.002597775403
    8      2.441315672935      2.311187330070      7.003999942927
    0    0
