   3   1   1 E -1.6031082563607E+04 DE-1.4E-09( 11)
  0.163889446938E-01  0.693800559996E+01  0.703676252398E+01
  0.701313464250E+01  0.329043111339E-02  0.704341313150E+01
  0.702647206521E+01  0.695188947139E+01 -0.393432504917E-02
    1
  0.100000000000E+01  0.000000000000E+00  0.000000000000E+00
  0.000000000000E+00  0.100000000000E+01  0.000000000000E+00
  0.000000000000E+00  0.000000000000E+00  0.100000000000E+01
  0.000000000000E+00  0.000000000000E+00  0.000000000000E+00
   54
   20      0.052071056142      0.010683421654     -0.014196800929
   20      2.275629209395      2.351546851924     -0.051476316217
   20     -2.355701107510     -2.334392488114     -0.015943421230
   20      2.305719302774     -0.026228036854      2.377596776056
   20      4.703537259572      2.337718203606      2.354768604118
   20      0.072960602016     -2.331546974218      2.405279710423
   20     -2.342532872950     -0.022804379798     -2.378869435974
   12      0.123121155447      2.259039799138     -2.347166155214
   12     -4.768483370676     -2.215684386227     -2.332307247762
   12      0.037176675664      2.289709402895      2.302718542187
   12      2.340691137047      4.422627666957      2.284553764273
   20     -2.325343775181      0.026337242446      2.400024989590
   20      2.281601870512      2.365479773165      4.691843589376
   20      4.695284217829      4.670949249412      4.681091746353
   12      0.078409762471      0.077722436018      4.694062083218
   20     -2.315988120525      2.388417314939      0.024450814892
   20      0.045427317291      4.606909026083     -0.020578888913
   20     -4.730351940399      0.001261104546     -0.014582662961
   20      0.034881507726     -2.371514024014     -2.370349731815
   12      2.250274223831     -0.104543601227     -2.365121350477
   20     -2.360356882852     -4.617622525718     -2.375328516686
   12      2.331956540823     -2.345712879566      0.043321912754
   20      4.671236114091     -0.025123030078      0.003610822512
   12      0.024395291787     -4.656771947546      0.002791204924
   12     -2.465092425499     -2.319829771572     -4.667932177573
   20      0.038520953687     -0.027764959970     -4.656656178029
   20     -4.727178001596     -4.566194888514     -4.655712200903
    8      0.087024295809      0.026657684270     -2.358497584234
    8      2.189681673549      2.350506029850     -2.361435686313
    8     -2.422326142962     -2.317178243520     -2.377046020755
    8      2.321370581616     -0.091458318139     -0.093294864094
    8      4.742548663493      2.326211969153     -0.025735072986
    8      0.129773198357     -2.418676532786     -0.010963930473
    8      4.672219161795     -0.084613286013      2.361071455075
    8      7.030055220358      2.328932596156      2.380063443342
    8      2.404841495611     -2.300192765174      2.382568000056
    8      0.014547501930      2.339575748789     -0.017384580883
    8      2.330321188423      4.637570160080     -0.003581199576
    8     -2.335013254204      0.010333318731      0.000322461068
    8      2.229838470272      2.444632330386      2.352314098256
    8      4.652458165245      4.636433138793      2.348624110181
    8      0.021141607576      0.083622789212      2.464049668444
    8      4.743594249865      2.339269338261      4.692878519954
    8      7.186059719499      4.633895296340      4.693772280810
    8      2.240722734271     -0.066245031163      4.690502996728
    8      0.022650948141      4.446504011823      2.340733194406
    8      2.357330925128      6.864679746643      2.442281211608
    8     -2.251433864120      2.451045206707      2.366602371422
    8      2.334789913175      4.766320696315      4.654490064914
    8      4.696310015140      6.959115351106      4.669299464338
    8     -0.003285545435      2.191380848436      4.654545017070
    8      4.625434181483      4.638726259939      7.069653615955
    8      7.020334763998      7.037613886097      6.973187794225
    8      2.239124866935      2.442004931380      7.054171682377
    0    0
