   3   1   1 E -1.6031049055372E+04 DE 2.9E-10( 11)
  0.189052600112E-01  0.700062719752E+01  0.701605102565E+01
  0.701711286518E+01  0.128532771366E-01  0.701496253440E+01
  0.703213603658E+01  0.700773099452E+01  0.471845922022E-02
    1
  0.100000000000E+01  0.000000000000E+00  0.000000000000E+00
  0.000000000000E+00  0.100000000000E+01  0.000000000000E+00
  0.000000000000E+00  0.000000000000E+00  0.100000000000E+01
  0.000000000000E+00  0.000000000000E+00  0.000000000000E+00
   54
   20     -0.001452978986      0.001881997382     -0.006704458022
   20      2.334050071144      2.349740580675     -0.011710733951
   20     -2.352360266604     -2.327146102101     -0.010769157430
   20      2.337505173982      0.002479641488      2.342354727938
   20      4.680076862103      2.350545448748      2.339518829880
   20     -0.003990244319     -2.334730174097      2.337311057648
   20     -2.342610066170      0.000349075443     -2.333768243485
   20      0.000721694747      2.344530873723     -2.336922009691
   12     -4.691750192986     -2.348219363413     -2.320839375928
   20     -0.000160174222      2.346428117477      2.337112683398
   20      2.340014555415      4.688467184140      2.337410448204
   20     -2.349995547860      0.008498336425      2.334765032899
   20      2.341336553754      2.340657456926      4.687080170774
   12      4.741144004825      4.623955756287      4.679173230315
   20     -0.000668869322      0.001192530090      4.684978077256
   12     -2.344391824131      2.371756147937      0.017703629052
   12     -0.027940437932      4.656970592015      0.001692776501
   12     -4.689064234695     -0.005374725011      0.015667056951
   12      0.011400086563     -2.356652083793     -2.344877511859
   12      2.339180632321     -0.019005359503     -2.357424546602
   20     -2.360218743778     -4.660958182332     -2.342681775181
   20      2.341292101629     -2.348550732325      0.000577412265
   20      4.679471240558      0.001910930379     -0.004555763327
   12      0.032537373481     -4.649721943996     -0.009026315180
   20     -2.342049855416     -2.341540532002     -4.676094083570
   20      0.005694143254      0.004902454206     -4.676757443833
   12     -4.618277285123     -4.800757392895     -4.668119239945
    8      0.007470527374     -0.002176295514     -2.336387527028
    8      2.334781327392      2.347349411666     -2.350888886442
    8     -2.348139731342     -2.331617594124     -2.338350241151
    8      2.337432395956     -0.001966888284     -0.007154772990
    8      4.679494703818      2.346832443851     -0.005805080167
    8     -0.002632930119     -2.347042954303     -0.008086930725
    8      4.677412363888      0.009441808348      2.338568324181
    8      7.031146604663      2.351790525049      2.337625969219
    8      2.336683451905     -2.342573345379      2.344809429097
    8     -0.006783132290      2.351361657964     -0.005074074570
    8      2.326659079101      4.700982747859     -0.016114472292
    8     -2.350902334122      0.012568855591     -0.006365918198
    8      2.337967168329      2.348554619810      2.339914277906
    8      4.680653860876      4.682023262831      2.340543876736
    8     -0.002464467157      0.003703953057      2.338276500652
    8      4.676770792693      2.359370314103      4.685907551319
    8      7.020884111939      4.678116022898      4.686656586407
    8      2.336911693826      0.000166983775      4.686659063008
    8      0.010127545032      4.674628800270      2.338282035474
    8      2.348959370214      7.028209236212      2.342504957505
    8     -2.344614903203      2.340861227800      2.330051425340
    8      2.347973149490      4.681132092507      4.686800933816
    8      4.683595125435      7.001134025484      4.680496877685
    8     -0.000904243516      2.345941189140      4.689069378536
    8      4.715763527299      4.649538490068      7.012078234476
    8      7.046193044059      7.013902601022      7.017161778899
    8      2.366761854225      2.291607887728      7.024520314928
    0    0
