   3   1   1 E -1.6031073508377E+04 DE 4.0E-11( 11)
  0.745135253252E-01  0.692535827156E+01  0.698748139414E+01
  0.701385598792E+01  0.253988780040E-01  0.702774906503E+01
  0.704469583750E+01  0.699102520729E+01  0.596311855397E-03
    1
  0.100000000000E+01  0.000000000000E+00  0.000000000000E+00
  0.000000000000E+00  0.100000000000E+01  0.000000000000E+00
  0.000000000000E+00  0.000000000000E+00  0.100000000000E+01
  0.000000000000E+00  0.000000000000E+00  0.000000000000E+00
   54
   20     -0.002947363676     -0.011028703457     -0.001383647528
   20      2.338976791751      2.346893005577      0.005124877049
   20     -2.345564683142     -2.340307190649     -0.011474858573
   20      2.338683779884     -0.017906591014      2.362161793165
   20      4.700358217930      2.317203518419      2.351526615971
   20     -0.014563452271     -2.339947898052      2.365893555187
   20     -2.317843024841     -0.050960722832     -2.361718133250
   20      0.020349190062      2.324466206048     -2.345341397339
   20     -4.686266995867     -2.346790581210     -2.341230762593
   20     -0.036100260645      2.368475655514      2.371571781506
   20      2.328707475078      4.692960723252      2.337628074574
   20     -2.345450360103      0.016428916352      2.363858752164
   20      2.342387073637      2.316871995338      4.680053048937
   12      4.726093556019      4.593162128415      4.713231272113
   12      0.046609484648      0.062133984482      4.743562976974
   20     -2.330736864474      2.332109825683     -0.020862319920
   12      0.034475391415      4.764337882469     -0.115188516155
   12     -4.692973145404     -0.038851518126     -0.194224165826
   12     -0.045648152787     -2.334477752241     -2.293589198092
   20      2.330542461095      0.025716345995     -2.345025293338
   12     -2.308675819977     -4.577122761994     -2.322012771434
   20      2.331429096814     -2.323807089436      0.018312322957
   20      4.700392274031     -0.021359105483     -0.004290654356
   20     -0.011423864954     -4.687191435808     -0.006713383536
   12     -2.311134643397     -2.335624153681     -4.605696462919
   12      0.023953736516     -0.078745005836     -4.691920806454
   12     -4.678347783118     -4.687689919419     -4.700073079461
    8      0.012959317934     -0.038096362863     -2.378769579645
    8      2.377496168953      2.348694180716     -2.348455481053
    8     -2.306173188689     -2.385633560113     -2.369719255689
    8      2.335876137422     -0.001545962618      0.011059428460
    8      4.690510110188      2.320167550698     -0.015917344216
    8     -0.013728709295     -2.340967397475     -0.003436072465
    8      4.714224910712     -0.048799578643      2.344523286813
    8      7.058910469957      2.294479019064      2.351546877986
    8      2.354771979363     -2.353083788948      2.373115896907
    8     -0.002675665513      2.362892422365      0.001586690245
    8      2.325347197555      4.700821071838     -0.007875803244
    8     -2.347337928861     -0.013203519341     -0.001034593437
    8      2.329449849532      2.340013081145      2.350298296961
    8      4.691895878270      4.662859892410      2.358053091352
    8     -0.010505235844      0.003063954030      2.384053416899
    8      4.693663159578      2.344601200008      4.673618734932
    8      6.997712833535      4.700727744735      4.720084271608
    8      2.313197251680     -0.014694310756      4.698232843856
    8     -0.067450486258      4.757818986364      2.362546394059
    8      2.329959376093      7.040595673987      2.294778889895
    8     -2.391522130238      2.396054821958      2.391561324937
    8      2.372147635524      4.644717702274      4.661294662856
    8      4.763945317444      6.957543861698      4.672573765441
    8     -0.026796017514      2.322625617450      4.675828371545
    8      4.755010111221      4.649315838912      6.981851066031
    8      7.130541169252      6.854526384959      6.922693338209
    8      2.382082452129      2.263576323671      7.014948330561
    0    0
