   3   1   1 E -1.6031081448638E+04 DE 8.7E-09(  9)
  0.170054371126E-01  0.696844732518E+01  0.701749253162E+01
  0.701460087973E+01  0.811320872561E-02  0.701842410843E+01
  0.700533025313E+01  0.695543913244E+01  0.223892083988E-01
    1
  0.100000000000E+01  0.000000000000E+00  0.000000000000E+00
  0.000000000000E+00  0.100000000000E+01  0.000000000000E+00
  0.000000000000E+00  0.000000000000E+00  0.100000000000E+01
  0.000000000000E+00  0.000000000000E+00  0.000000000000E+00
   54
   20      0.010062930891     -0.026416383627     -0.028687954484
   20      2.382444474840      2.323258130945     -0.047158042671
   20     -2.343912961875     -2.300495719794     -0.053993061247
   20      2.352634027861     -0.075675902647      2.348672992731
   20      4.676327963454      2.295078437536      2.328105182644
   20      0.038379104011     -2.321266448264      2.344173966226
   20     -2.356747715753     -0.063502138087     -2.282100433682
   20      0.020809256847      2.340012445242     -2.319059455693
   12     -4.671866094006     -2.384291081318     -2.356358972120
   20     -0.057260175410      2.304088978819      2.352180045169
   20      2.381021088802      4.707198290311      2.295968205175
   12     -2.392866965519      0.141441380377      2.258064422966
   20      2.354762988226      2.333662137022      4.759559740732
   20      4.639616183926      4.694552890412      4.725171766977
   20     -0.024025204620      0.027306488142      4.720590382457
   12     -2.378628844122      2.062238959535     -0.000308702027
   20     -0.033276716023      4.672384403442      0.001622242849
   12     -4.624091270069      0.021871968973     -0.085662456695
   12      0.043134547835     -2.448008100261     -2.290665293612
   20      2.399150857710      0.042417827298     -2.347353829143
   12     -2.422075530641     -4.609242667650     -2.282373264572
   12      2.429247440169     -2.312746526660      0.011286380810
   12      4.628438803818      0.016843368263      0.011907106757
   20      0.044635761688     -4.634151307114     -0.018208633492
   20     -2.408091885517     -2.415940008960     -4.669797499691
   20      0.000065303158     -0.008465942027     -4.684638168717
   12     -4.661131199131     -4.499224830515     -4.741044573413
    8      0.021248047303     -0.059681759969     -2.340569437728
    8      2.457572008571      2.457187169518     -2.384002933682
    8     -2.349128493585     -2.442730358056     -2.324031714517
    8      2.417621393276     -0.071307471228     -0.017310709634
    8      4.689600200890      2.250584438675     -0.089750418833
    8      0.068897193546     -2.320024060951     -0.044299104034
    8      4.653176980266     -0.051271035721      2.316988658249
    8      7.070458956419      2.311482484896      2.356771253004
    8      2.320986984926     -2.452738717368      2.370036083521
    8     -0.047538180459      2.314899505838     -0.012657099201
    8      2.347340972147      4.731928099610     -0.076964784236
    8     -2.415260166399      0.071356628213      0.064870035169
    8      2.343447081866      2.313134394410      2.315607275150
    8      4.679219985705      4.725072821548      2.334416406936
    8     -0.046296988046      0.003477593041      2.333656857380
    8      4.664585533614      2.315867468090      4.755481957970
    8      7.046834130579      4.664193038666      4.724163511434
    8      2.323852685013     -0.086240346487      4.804096137435
    8      0.002555729615      4.637058412020      2.349024574751
    8      2.433367674252      7.125979276271      2.248722175575
    8     -2.481621713850      2.221929088401      2.305521271320
    8      2.291635654338      4.682936772848      4.687938114995
    8      4.672712229930      7.113800055463      4.733608152810
    8     -0.048768982041      2.405473751075      4.711426856151
    8      4.538078058452      4.667301205199      7.037980241794
    8      7.000383287932      6.980571806346      7.035623233280
    8      2.484498130066      2.300829588851      7.116137628698
    0    0
