   3   1   1 E -1.6031099539160E+04 DE-2.7E-10( 11)
  0.136774957350E-01  0.698970946986E+01  0.702738629710E+01
  0.701420647387E+01  0.511945440860E-02  0.702798860810E+01
  0.701424430166E+01  0.698569018545E+01  0.101111937512E-01
    1
  0.100000000000E+01  0.000000000000E+00  0.000000000000E+00
  0.000000000000E+00  0.100000000000E+01  0.000000000000E+00
  0.000000000000E+00  0.000000000000E+00  0.100000000000E+01
  0.000000000000E+00  0.000000000000E+00  0.000000000000E+00
   54
   20      0.001277558588     -0.026099199668     -0.030267249548
   20      2.369300503858      2.329522070091     -0.044692407380
   20     -2.343114132939     -2.310282503782     -0.041241237603
   20      2.348608099607     -0.063299207777      2.344713066075
   20      4.683801305380      2.305938137747      2.325783482842
   20      0.035275309810     -2.329945195315      2.346313585313
   20     -2.356348655457     -0.054627600499     -2.302737498243
   20      0.020481988914      2.345037776070     -2.336048665161
   12     -4.692416881800     -2.384101039569     -2.318731053164
   20     -0.056719203413      2.320957773278      2.357888403825
   20      2.370068165463      4.712307271336      2.299720370485
   12     -2.406636500699      0.113857580088      2.243028899973
   20      2.352154461707      2.346946437527      4.753373566903
   20      4.648742551083      4.703221316347      4.718062562501
   20     -0.026025680964      0.022478904817      4.710138183963
   12     -2.392164289594      2.155457685819      0.048788861903
   20     -0.028872902641      4.685708616113      0.000081782472
   12     -4.631588900706     -0.001178765515      0.016055885935
   12      0.045882064842     -2.352244475377     -2.352828282224
   20      2.381013848521      0.024847544995     -2.356180902867
   12     -2.368190770917     -4.640531087080     -2.324922348722
   12      2.395112163896     -2.300474090548      0.000121976522
   12      4.631249172320      0.022031538294     -0.004381398155
   20      0.042740380605     -4.651795577849     -0.018248560024
   20     -2.391823476398     -2.406691983843     -4.680688723200
   20      0.005137076541     -0.011259153293     -4.693317684161
   12     -4.610901050047     -4.639768447492     -4.624278354362
    8      0.010636401882     -0.067802039288     -2.349010410466
    8      2.440028998113      2.451878926328     -2.386411431418
    8     -2.346282950527     -2.426962546639     -2.340558364784
    8      2.415145871579     -0.074851772922     -0.008359888763
    8      4.683254377998      2.253484678831     -0.085549867209
    8      0.065753140510     -2.326292285461     -0.047833042421
    8      4.656684810867     -0.032699672128      2.302177904335
    8      7.078696109233      2.321125581735      2.351989292163
    8      2.332123629509     -2.443786797486      2.365563022426
    8     -0.057143643654      2.324225521057     -0.010946681617
    8      2.342236036650      4.744840583921     -0.075638656354
    8     -2.421576301404      0.073425862355      0.073681971078
    8      2.339963766861      2.324551843506      2.316664938170
    8      4.681104474937      4.735193775307      2.335004997275
    8     -0.054950742099      0.003045491437      2.330989085931
    8      4.673375709850      2.323728974863      4.750416138417
    8      7.061308376197      4.673488431411      4.709672887195
    8      2.333885679302     -0.076185701851      4.795281100272
    8      0.006664823641      4.651142206270      2.353320117423
    8      2.421488526418      7.107193752070      2.254794805505
    8     -2.436265159313      2.218153240018      2.328698160475
    8      2.281811522618      4.673478552739      4.686034430253
    8      4.673249222713      7.120580206188      4.725220586393
    8     -0.043384025283      2.425646930328      4.694895408737
    8      4.546522146774      4.690600835470      7.030532177022
    8      7.005137730391      7.001449245295      7.036652407082
    8      2.474066481357      2.327667845452      7.121900094239
    0    0
