   3   1   1 E -1.6031058583616E+04 DE 5.6E-10( 11)
  0.408545507911E-01  0.699533063932E+01  0.700360747205E+01
  0.703241909551E+01  0.682167270013E-03  0.703354138475E+01
  0.703758840593E+01  0.702615193671E+01  0.739959957968E-03
    1
  0.100000000000E+01  0.000000000000E+00  0.000000000000E+00
  0.000000000000E+00  0.100000000000E+01  0.000000000000E+00
  0.000000000000E+00  0.000000000000E+00  0.100000000000E+01
  0.000000000000E+00  0.000000000000E+00  0.000000000000E+00
   54
   20      0.008929282744     -0.013297691060     -0.012728071191
   20      2.361684843402      2.335695171271     -0.012281504142
   20     -2.328540368089     -2.364780756099     -0.019221918513
   20      2.358592670022     -0.018808904571      2.339671455363
   20      4.700884113613      2.334255695019      2.336690303098
   20      0.018594784446     -2.361607596978      2.336857386697
   20     -2.341524960683     -0.016688199264     -2.357809385724
   20      0.008297470679      2.345047972754     -2.350686476930
   12     -4.644539534280     -2.349038498899     -2.380136388469
   20      0.002242094391      2.343631202415      2.342613265393
   20      2.361212460313      4.673377028483      2.338977688619
   20     -2.335777849552     -0.008558276801      2.343583398438
   20      2.347231371867      2.345291040271      4.691147345096
   12      4.699279481884      4.679326098368      4.708125024315
   20      0.001033424547     -0.007775120548      4.689923866320
   20     -2.351054339089      2.349948413288     -0.007917623354
   20      0.003753095412      4.682137931095     -0.009007722876
   20     -4.683966984303     -0.007828763328     -0.010474125328
   12     -0.047805623021     -2.321904122773     -2.300132195858
   20      2.342539719285      0.006916564149     -2.334441174455
   12     -2.369122081534     -4.649607984651     -2.329016338219
   12      2.315859161022     -2.313177832506      0.032449373690
   12      4.658885612698      0.036971057150      0.014179980745
   12     -0.027000919352     -4.655258619880      0.014719503611
   12     -2.410612613720     -2.316166113147     -4.637453447090
   20     -0.012413545170      0.009195988962     -4.681468196029
   12     -4.703302340947     -4.646026328185     -4.676270601162
    8      0.000956431161     -0.007181353170     -2.348140157297
    8      2.365831177646      2.348634559814     -2.359513731468
    8     -2.334788555945     -2.377906900481     -2.370786326755
    8      2.358125858007     -0.013170963278     -0.011021957720
    8      4.716438265930      2.315890039872     -0.022252721584
    8      0.029893133698     -2.371766738238     -0.020691572362
    8      4.692966637728     -0.012171382074      2.333744532098
    8      7.046983984129      2.336763954165      2.338137235007
    8      2.377290762520     -2.378615898449      2.337934427697
    8      0.003462139324      2.342356554700     -0.009917808884
    8      2.359935817410      4.673203381782     -0.011763634547
    8     -2.336930027183     -0.011098143020     -0.009346732181
    8      2.354233717900      2.336997138608      2.336641740382
    8      4.705923474990      4.670273646898      2.338989916586
    8      0.007132525368     -0.011764537630      2.340831329237
    8      4.692615314968      2.347575183366      4.685892559995
    8      7.043452338000      4.677180109196      4.684329149152
    8      2.348275516436     -0.016258601972      4.683471870773
    8     -0.001377126506      4.677624335830      2.337935298031
    8      2.367967093306      7.016934975376      2.333604340695
    8     -2.356119442007      2.347692612700      2.352297822647
    8      2.370341733123      4.673764357131      4.690819131965
    8      4.706237194801      7.016481956881      4.691130874495
    8     -0.008098229759      2.349086021404      4.698393413025
    8      4.677531790742      4.703713062517      7.023636588173
    8      7.039822258189      7.023015762528      7.023489737369
    8      2.337417024503      2.351218855898      7.032760928838
    0    0
