   3   1   1 E -1.6031096351227E+04 DE-6.3E-09(  9)
 -0.401928386145E-02  0.700374406420E+01  0.701069931244E+01
  0.701770924790E+01 -0.720298622674E-02  0.700646831315E+01
  0.702386627942E+01  0.700020859320E+01 -0.760699977972E-02
    1
  0.100000000000E+01  0.000000000000E+00  0.000000000000E+00
  0.000000000000E+00  0.100000000000E+01  0.000000000000E+00
  0.000000000000E+00  0.000000000000E+00  0.100000000000E+01
  0.000000000000E+00  0.000000000000E+00  0.000000000000E+00
   54
   20     -0.016920291507      0.010820698670     -0.036712452001
   20      2.361889857510      2.344229525912     -0.033501577532
   20     -2.343512388427     -2.348781748643     -0.038631321078
   20      2.366142013956     -0.042564498487      2.363135057942
   20      4.707087170941      2.282307811608      2.322324848893
   20      0.006671657566     -2.327793355976      2.385021470330
   20     -2.320923019332     -0.056482720345     -2.373612570712
   12      0.001947607882      2.320515584836     -2.384219173823
   12     -4.770290211591     -2.396479366565     -2.358959014631
   20     -0.058725607090      2.353433858525      2.406069488462
   20      2.338411730652      4.711360338977      2.376087765283
   12     -2.287311906727      0.015654519298      2.381498171899
   20      2.298949494195      2.324933658122      4.689487319218
   20      4.724268625969      4.724766374046      4.688799798915
   12     -0.103693807934      0.031613235424      4.619938923600
   20     -2.330086393413      2.341842288897      0.042709841552
   20     -0.020315226018      4.704300490339     -0.035806245435
   20     -4.725309639219     -0.026885417092     -0.012882776082
   12     -0.037638864188     -2.332343249140     -2.395027159385
   20      2.345916050525      0.051381363257     -2.343883448384
   12     -2.258415704701     -4.670386241983     -2.363803544734
   20      2.354548063830     -2.309743045293     -0.011492007377
   12      4.700298663442      0.000797056190      0.038459296608
   20     -0.031626379202     -4.713070229728     -0.028645297780
   12     -2.309751834490     -2.269507588293     -4.616248450813
   12     -0.030041386796     -0.037968774210     -4.603581008174
   20     -4.666511962436     -4.667385099463     -4.635160413931
    8     -0.011448354958      0.007505292365     -2.439837128134
    8      2.316839027591      2.461742230566     -2.350500747727
    8     -2.279036916186     -2.440489328429     -2.459721229424
    8      2.376990604060      0.013460325524     -0.031796641586
    8      4.681533534942      2.229551485571     -0.092225822615
    8      0.004140656485     -2.331805510402     -0.046760177775
    8      4.791186132734     -0.108358023506      2.257893438107
    8      7.012953646091      2.226759759818      2.426886815586
    8      2.390042557352     -2.335547927938      2.351673767685
    8     -0.000167468870      2.340376911403     -0.045397803337
    8      2.351228760285      4.664927340408     -0.037404260912
    8     -2.353944507664     -0.008230828782      0.010534852458
    8      2.349232332559      2.326396785450      2.371120735620
    8      4.696863390801      4.731302339351      2.350144319593
    8     -0.087650613230      0.008305500519      2.426078204353
    8      4.754769764424      2.322882420731      4.669482634001
    8      7.119782283169      4.670694733348      4.661400286041
    8      2.251824323272     -0.105748088198      4.670290521250
    8     -0.073261633234      4.774037042278      2.437012311500
    8      2.372139982843      7.008074524770      2.358998132451
    8     -2.333295178220      2.303735036560      2.426464347516
    8      2.297621857888      4.681093159907      4.662909777648
    8      4.792192920826      7.113290558457      4.659353487943
    8     -0.089773809369      2.328981452865      4.677394037892
    8      4.686830456942      4.763607378305      7.063612846154
    8      6.919579407651      6.996369893799      7.008835372097
    8      2.336773624003      2.323893586625      7.015215218923
    0    0
