   3   1   1 E -1.6031032029991E+04 DE-1.2E-09(  2)
  0.558543466680E-02  0.703202012070E+01  0.702368771188E+01
  0.703198644565E+01 -0.373961966760E-02  0.702559933282E+01
  0.703713196270E+01  0.703241778321E+01 -0.196837158227E-02
    1
  0.100000000000E+01  0.000000000000E+00  0.000000000000E+00
  0.000000000000E+00  0.100000000000E+01  0.000000000000E+00
  0.000000000000E+00  0.000000000000E+00  0.100000000000E+01
  0.000000000000E+00  0.000000000000E+00  0.000000000000E+00
   54
   20      0.000000000000      0.000000000000      0.000000000000
   20      2.345710654235      2.344139261068     -0.000656123861
   20     -2.345710654235     -2.344139261068      0.000656123861
   20      2.343995481884     -0.001246539889      2.341866444275
   20      4.689706136119      2.342892721179      2.341210320414
   20     -0.001715172351     -2.345385800958      2.342522568136
   20     -2.343995481884      0.001246539889     -2.341866444275
   20      0.001715172351      2.345385800958     -2.342522568136
   12     -4.689706136119     -2.342892721179     -2.341210320414
   20      0.001861811556      2.344006706902      2.341229237292
   20      2.347572465791      4.688145967970      2.340573113432
   20     -2.343848842679     -0.000132554167      2.341885361153
   12      2.345857293439      2.342760167012      4.683095681567
   12      4.691567947674      4.686899428081      4.682439557706
   12      0.000146639205     -0.001379094056      4.683751805428
   20     -2.342133670328      2.345253246791     -0.000637206982
   20      0.003576983907      4.689392507859     -0.001293330843
   20     -4.687844324563      0.001113985722      0.000018916878
   12     -0.001861811556     -2.344006706902     -2.341229237292
   12      2.343848842679      0.000132554167     -2.341885361153
   20     -2.347572465791     -4.688145967970     -2.340573113432
   12      2.342133670328     -2.345253246791      0.000637206982
   20      4.687844324563     -0.001113985722     -0.000018916878
   12     -0.003576983907     -4.689392507859      0.001293330843
   20     -2.345857293439     -2.342760167012     -4.683095681567
   12     -0.000146639205      0.001379094056     -4.683751805428
   20     -4.691567947674     -4.686899428081     -4.682439557706
    8     -0.000073319602      0.000689547028     -2.341875902714
    8      2.345637334633      2.344828808096     -2.342532026575
    8     -2.345783973837     -2.343449714040     -2.341219778853
    8      2.343922162282     -0.000556992861     -0.000009458439
    8      4.689632816518      2.343582268208     -0.000665582300
    8     -0.001788491953     -2.344696253930      0.000646665422
    8      4.687917644162     -0.001803532750      2.341856985833
    8      7.033628298397      2.342335728320      2.341200861971
    8      2.342206989930     -2.345942793819      2.342513109695
    8      0.001788491953      2.344696253930     -0.000646665422
    8      2.347499146187      4.688835514997     -0.001302789282
    8     -2.343922162282      0.000556992861      0.000009458439
    8      2.345783973837      2.343449714040      2.341219778853
    8      4.691494628071      4.687588975108      2.340563654992
    8      0.000073319602     -0.000689547028      2.341875902714
    8      4.689779455719      2.342203174151      4.683086223126
    8      7.035490109953      4.686342435220      4.682430099264
    8      2.344068801486     -0.001936086917      4.683742346989
    8      0.003650303509      4.688702960832      2.340582571872
    8      2.349360957742      7.032842221900      2.339926448013
    8     -2.342060350726      2.344563699762      2.341238695731
    8      2.347645785393      4.687456420942      4.682449016146
    8      4.693356439626      7.031595682010      4.681792892287
    8      0.001935131158      2.343317159873      4.683105140005
    8      4.691641267276      4.686209881052      7.024315460420
    8      7.037351921508      7.030349142121      7.023659336559
    8      2.345930613043      2.342070619982      7.024971584280
    0    0
