   3   1   1 E -1.6031091954335E+04 DE 1.1E-09(  9)
 -0.209448795220E-01  0.703609022078E+01  0.703150976495E+01
  0.700249602012E+01 -0.244566048757E-01  0.704129930101E+01
  0.697578505946E+01  0.702459471214E+01 -0.292183066228E-02
    1
  0.100000000000E+01  0.000000000000E+00  0.000000000000E+00
  0.000000000000E+00  0.100000000000E+01  0.000000000000E+00
  0.000000000000E+00  0.000000000000E+00  0.100000000000E+01
  0.000000000000E+00  0.000000000000E+00  0.000000000000E+00
   54
   20      0.039019730955     -0.015170452768     -0.066532578781
   20      2.280197189999      2.373224460005     -0.068186411638
   20     -2.352500746115     -2.344249117029     -0.018773141102
   20      2.316990694674     -0.048367928868      2.354279707270
   20      4.668004617827      2.346261755063      2.365865667981
   20      0.063428965904     -2.362223507164      2.389783960808
   20     -2.315569040081     -0.013941656822     -2.350174770973
   12      0.039292694821      2.408474913638     -2.294715873666
   12     -4.766290439130     -2.334078402243     -2.332445545033
   20     -0.003340119609      2.387582955957      2.370594646519
   12      2.247358663029      4.658707424510      2.406162647920
   20     -2.365996068147     -0.003741451271      2.392240440667
   20      2.289849481653      2.385268378869      4.708406012423
   20      4.658420057954      4.704298242560      4.687291056536
   12      0.058493550933     -0.058186488377      4.719194721123
   20     -2.336465110441      2.398094922224     -0.010085661698
   12      0.035520924558      4.642901378798     -0.150860092443
   20     -4.707419680930     -0.022945325178      0.013862539383
   12      0.111246302388     -2.281415878128     -2.325961451547
   12      2.264984662604     -0.128447120013     -2.383343589226
   20     -2.367723826111     -4.690451533263     -2.356741138878
   12      2.315521467707     -2.321563034028     -0.032537239445
   20      4.656437054179     -0.056902905389     -0.020486673415
   20      0.061821321737     -4.683951043016     -0.039992594225
   20     -2.325836662383     -2.356930879914     -4.679760134278
   20      0.064403998545     -0.025010022871     -4.654567582335
   12     -4.655196152597     -4.566125723152     -4.617255111904
    8      0.110608823258     -0.026568751997     -2.355718002954
    8      2.183289478663      2.370898332712     -2.433755851260
    8     -2.331497859383     -2.332654249683     -2.349334163833
    8      2.326624437516     -0.096171449760     -0.088553044142
    8      4.650162079163      2.338437680784     -0.026580557355
    8      0.081037089482     -2.343167742227     -0.041882616401
    8      4.671423312712     -0.030730554029      2.357762982852
    8      7.086872652942      2.344575095700      2.432367776009
    8      2.341298963894     -2.443710464091      2.372140883366
    8     -0.005654488945      2.438835065674     -0.091997683019
    8      2.217979016269      4.679158089479     -0.052811542243
    8     -2.341414641434      0.000729857064     -0.005205304102
    8      2.323439499138      2.405099228848      2.346099267867
    8      4.605629325032      4.670793474118      2.358286640688
    8      0.021382186021     -0.010605888595      2.394630704582
    8      4.725073198458      2.349367255318      4.697281166190
    8      7.119621933672      4.728720821529      4.784033697290
    8      2.238752366935     -0.087228785510      4.689940362342
    8      0.117979676070      4.695290063095      2.392466033735
    8      2.307506403885      6.995688898354      2.443933297368
    8     -2.417472079784      2.356680982242      2.344758432169
    8      2.214940569441      4.765218263704      4.672268935404
    8      4.642902203333      7.005879876827      4.693371359173
    8     -0.005845103311      2.361557303698      4.692847242578
    8      4.645414749736      4.675313447431      7.018278830327
    8      6.976307673725      6.917548899988      6.983819265138
    8      2.326997899818      2.442960763380      7.080782637052
    0    0
