   3   1   1 E -1.6031099717293E+04 DE-2.8E-08(  6)
  0.144060669909E-01  0.700126419291E+01  0.701281639997E+01
  0.698992456972E+01  0.112771875301E-02  0.701881900309E+01
  0.699662505702E+01  0.700737869116E+01  0.116109132643E-02
    1
  0.100000000000E+01  0.000000000000E+00  0.000000000000E+00
  0.000000000000E+00  0.100000000000E+01  0.000000000000E+00
  0.000000000000E+00  0.000000000000E+00  0.100000000000E+01
  0.000000000000E+00  0.000000000000E+00  0.000000000000E+00
   54
   20      0.010306655002     -0.009638050258     -0.003938698174
   20      2.369181599234      2.321847545387     -0.003443194004
   20     -2.322904970970     -2.360527984678     -0.022091515305
   20      2.350538711804     -0.024741980501      2.333453313481
   20      4.700191436500      2.314767755473      2.313204290892
   20      0.003594968563     -2.349490769941      2.341583595133
   20     -2.330083142562      0.017778340452     -2.307423991851
   20     -0.021187702629      2.344719373303     -2.347700468950
   20     -4.682199284086     -2.312120030811     -2.329447567328
   20     -0.037090306474      2.324534167011      2.349346212457
   20      2.325321914766      4.704744227964      2.310271930864
   20     -2.331176862288      0.016080647648      2.377536281872
   20      2.317629169105      2.326083175506      4.747718418196
   12      4.647421089525      4.605549327881      4.740397434090
   12     -0.111659200660      0.045622843589      4.722017244669
   12     -2.383010029438      2.330915788382     -0.037659353808
   20     -0.055566484542      4.756411033441     -0.023231013388
   12     -4.688891906140      0.038497766347     -0.017159604915
   20      0.021002969107     -2.366871936534     -2.318454947622
   20      2.400584570861     -0.019813394374     -2.293892766683
   12     -2.276461473372     -4.656763608993     -2.251609327799
   12      2.394969579445     -2.343867765740      0.002777171792
   12      4.685376661251      0.092202631423      0.016687784351
   12     -0.029247943750     -4.773103453860     -0.020950391332
   20     -2.339827221292     -2.338298982330     -4.735205087621
   12      0.023920370160      0.066166649619     -4.746197402160
   20     -4.661415511013     -4.687866080876     -4.735830874911
    8      0.022214307241     -0.000724041464     -2.337111810504
    8      2.413950431505      2.337282345988     -2.319881064200
    8     -2.330501633173     -2.396272745583     -2.344476091077
    8      2.432941735361     -0.073587872970      0.004397672765
    8      4.740991455262      2.239041229503     -0.097587153433
    8      0.085964877696     -2.428690847679     -0.002013667978
    8      4.768682871993     -0.000429088024      2.281497797443
    8      6.992458752878      2.240664085720      2.274677072470
    8      2.317760140775     -2.332460203032      2.262987301003
    8     -0.074712206380      2.350995527520     -0.004167475765
    8      2.325058910428      4.755111730502     -0.014836607579
    8     -2.408516658174      0.075800510462      0.006946406872
    8      2.329605199778      2.327658897537      2.323368876743
    8      4.653255363241      4.663582698314      2.351296360607
    8     -0.001303896445     -0.004427341157      2.342672920691
    8      4.658029560424      2.406081575888      4.748852578729
    8      6.880787964293      4.765474167798      4.668578199487
    8      2.260545090077      0.001280210981      4.763633865981
    8      0.009854127861      4.746766704177      2.341055574183
    8      2.258585969367      7.001255681512      2.308470664928
    8     -2.325188204259      2.335245853573      2.327011698958
    8      2.431609485017      4.662641437846      4.721515666490
    8      4.772540224980      7.025717127629      4.818811458644
    8     -0.113412498275      2.220534656929      4.739708336378
    8      4.560801771432      4.643530422330      6.897998560755
    8      6.997280087887      7.122463357030      7.010928443283
    8      2.365699734890      2.296614396816      7.012491166971
    0    0
