   3   1   1 E -1.6031091775588E+04 DE 3.8E-10( 11)
  0.199427587090E-01  0.703308700481E+01  0.701245026666E+01
  0.699557863713E+01  0.177940631238E-01  0.700729877595E+01
  0.700948179045E+01  0.703628808392E+01  0.961565471892E-02
    1
  0.100000000000E+01  0.000000000000E+00  0.000000000000E+00
  0.000000000000E+00  0.100000000000E+01  0.000000000000E+00
  0.000000000000E+00  0.000000000000E+00  0.100000000000E+01
  0.000000000000E+00  0.000000000000E+00  0.000000000000E+00
   54
   20      0.002692395570     -0.030682712654      0.013344403631
   20      2.391240013057      2.340217905248     -0.030449332052
   20     -2.349756157433     -2.371107012413     -0.034007392399
   20      2.362381281093     -0.021220202124      2.358086449250
   20      4.711739277577      2.310400750968      2.303855455400
   20      0.042005300611     -2.350741376057      2.322548823562
   20     -2.381256631679     -0.011580229606     -2.296766848592
   20      0.018311010803      2.345470782287     -2.316448044210
   12     -4.651950463832     -2.391653293439     -2.383035210875
   20     -0.002784611554      2.327647889217      2.384521678317
   20      2.355564700408      4.738172897939      2.311460737431
   12     -2.300197585951      0.023081595935      2.326585987063
   12      2.311228473641      2.370309876036      4.697372073238
   20      4.649773091420      4.749364784515      4.704988211487
   20      0.017727242624      0.065579527816      4.718955553465
   20     -2.441292124831      2.324953180375      0.027980861250
   20      0.013034350348      4.783975991622      0.063801374922
   12     -4.674957291155     -0.014068480499     -0.083743707953
   20      0.016543038867     -2.391779561169     -2.284252708514
   20      2.381418752518     -0.001387498979     -2.299290101234
   12     -2.361901880771     -4.751481741192     -2.321085706526
   12      2.244847467800     -2.386014805945     -0.152827739511
   12      4.612602101786      0.044765075168      0.014813050214
   12      0.057652421616     -4.720979699103     -0.032165137678
   20     -2.375195871271     -2.346789259510     -4.656526582867
   12      0.001124452714      0.064694883926     -4.750588660153
   20     -4.704810533803     -4.734254955138     -4.701889685237
    8      0.003002544217     -0.011769884271     -2.301409651171
    8      2.403471869645      2.386575798642     -2.330522333205
    8     -2.438845497274     -2.423540675017     -2.313946956635
    8      2.428933600179     -0.078764036324      0.008617928817
    8      4.782629370797      2.205939386070     -0.127435341864
    8      0.097255378498     -2.418479464989     -0.004477147906
    8      4.721514486826     -0.001910239322      2.290359911751
    8      7.003807937434      2.275469256296      2.272981506664
    8      2.342176702055     -2.347046599624      2.379696067345
    8     -0.004935454729      2.354783318328      0.037605279525
    8      2.344995821856      4.760915935504     -0.070148572140
    8     -2.399186304161     -0.013824338517      0.042865413852
    8      2.368854451643      2.339989807924      2.335489931659
    8      4.685302601848      4.765816689784      2.316241483430
    8     -0.052536957689     -0.001503058252      2.348198354587
    8      4.589447743858      2.361461563652      4.683403031874
    8      7.067855854076      4.731288951341      4.678686667188
    8      2.338515142708      0.029711891860      4.785613404759
    8      0.005133721288      4.764845332511      2.358888227769
    8      2.339877813081      7.033490077906      2.287163765342
    8     -2.347977863866      2.256577378855      2.399385172878
    8      2.367376423997      4.618483938007      4.743486587195
    8      4.681817128149      7.176710704569      4.705728282517
    8      0.058773532078      2.345045024113      4.746076264829
    8      4.562368952745      4.785170701911      7.024204235661
    8      7.049494331582      7.206843056188      7.098973524727
    8      2.167608787299      2.325086352980      6.831178297083
    0    0
