   3   1   1 E -1.6031094722537E+04 DE-4.6E-10( 11)
  0.105934090676E-01  0.696679150222E+01  0.701767374081E+01
  0.699520754073E+01 -0.113851050331E-01  0.704465601493E+01
  0.697887330197E+01  0.698553795839E+01 -0.349770717580E-02
    1
  0.100000000000E+01  0.000000000000E+00  0.000000000000E+00
  0.000000000000E+00  0.100000000000E+01  0.000000000000E+00
  0.000000000000E+00  0.000000000000E+00  0.100000000000E+01
  0.000000000000E+00  0.000000000000E+00  0.000000000000E+00
   54
   20      0.053453707101     -0.025078326131     -0.018034292587
   20      2.377325326550      2.309584043306     -0.067706689137
   20     -2.354209825076     -2.362261237209     -0.026635452582
   20      2.359273261990     -0.060057118966      2.344174327095
   20      4.687212531161      2.301182230197      2.377715122747
   20      0.049855226393     -2.372759556053      2.369540042285
   20     -2.327467176748     -0.015628600368     -2.334181022155
   20      0.065475215790      2.351282706940     -2.326003019471
   12     -4.622608028575     -2.351070256635     -2.336981826929
   20      0.002095292079      2.353330620842      2.323462600949
   20      2.305172199532      4.705514838341      2.380182261235
   20     -2.385897334637      0.024224239451      2.389636804463
   20      2.347942225025      2.365938009836      4.714892384869
   12      4.428422166837      4.639670450505      4.747808941031
   20     -0.051480559929     -0.051090091548      4.715244673005
   20     -2.332025829033      2.409195317290     -0.015775229466
   12      0.032963462131      4.679031517530     -0.063307817931
   20     -4.714651438265     -0.004867236201      0.014793929931
   20      0.019063404348     -2.304091482627     -2.358349332060
   12      2.392031692832     -0.014844019312     -2.320995445137
   12     -2.411878874458     -4.614439188645     -2.361176349694
   12      2.357255327502     -2.283509401366     -0.024874737485
   12      4.581277462245     -0.002160525484     -0.073664002811
   20     -0.007179071475     -4.700057945238      0.048986909590
   20     -2.354442525586     -2.314339698126     -4.729015784768
   12     -0.014892538823      0.028605537149     -4.700554257262
   12     -4.626975450455     -4.619223597639     -4.639509795699
    8      0.077856710526     -0.000476899560     -2.328597838708
    8      2.498532423353      2.334295381717     -2.474657148325
    8     -2.410761223888     -2.396405514291     -2.363751019787
    8      2.447677641501     -0.128727249866     -0.079585799216
    8      4.656034602060      2.237988343306     -0.048875458828
    8      0.043569000981     -2.350786182444      0.002499833437
    8      4.719242319433     -0.019075831790      2.367697889439
    8      7.069107343426      2.237867578632      2.381418618149
    8      2.352635523118     -2.425922905672      2.313328733389
    8      0.041311727521      2.392247413772     -0.023113613221
    8      2.262741426373      4.653294962953     -0.072452107642
    8     -2.342002403500      0.004668140845      0.001372434576
    8      2.336926473643      2.328154672744      2.363955389269
    8      4.656821213585      4.658199267839      2.388280960992
    8      0.005259993209     -0.019616995651      2.338645807977
    8      4.675786125170      2.383316787981      4.711376839434
    8      7.085524998582      4.647887418377      4.735488927296
    8      2.318438140833     -0.064666711355      4.708058066808
    8      0.002420528289      4.731837886952      2.286505579305
    8      2.248724728637      7.059598616139      2.387068701285
    8     -2.380338874490      2.354680053340      2.333234553865
    8      2.418588329541      4.747738669775      4.758181255327
    8      4.506976136881      6.950335326937      4.753357787410
    8     -0.040264868782      2.320427881648      4.676095361810
    8      4.599522486089      4.769065551926      6.927027339917
    8      6.891802804039      6.862449756069      7.094625029334
    8      2.333790978367      2.393792949920      7.097885153203
    0    0
