   3   1   1 E -1.6031068091661E+04 DE 6.6E-10( 11)
  0.352340970529E-02  0.697271208632E+01  0.702119714565E+01
  0.699103920219E+01  0.417735749232E-02  0.701432756376E+01
  0.700606300673E+01  0.697502087896E+01 -0.510043069931E-02
    1
  0.100000000000E+01  0.000000000000E+00  0.000000000000E+00
  0.000000000000E+00  0.100000000000E+01  0.000000000000E+00
  0.000000000000E+00  0.000000000000E+00  0.100000000000E+01
  0.000000000000E+00  0.000000000000E+00  0.000000000000E+00
   54
   20     -0.049409993822     -0.000260087801     -0.036186385645
   20      2.355487967352      2.318458701538     -0.043193734675
   20     -2.332996292705     -2.332201744946     -0.033711537968
   20      2.387899092384     -0.003256478829      2.393066404165
   20      4.691121928578      2.251168992145      2.386411302861
   20     -0.002238452363     -2.343681641682      2.384228216577
   12     -2.268202996189      0.028679744448     -2.346543403574
   12     -0.034257956401      2.274561593953     -2.411193110112
   12     -4.616348811870     -2.420283257613     -2.329263229898
   20     -0.006673968340      2.331031796207      2.396065361484
   20      2.315222499950      4.674105435317      2.393395576168
   12     -2.320847992552     -0.032533213444      2.350479839869
   12      2.339385628146      2.328182593545      4.704176513925
   20      4.663980339980      4.650043210492      4.673579286930
   20     -0.010691311271      0.025494829027      4.661878740977
   20     -2.327109957188      2.275986678834     -0.019030588209
   20      0.003856706212      4.655630726356     -0.035437350999
   20     -4.641386094728     -0.014436666197     -0.026097344753
   12     -0.050655909585     -2.359836774810     -2.381666053309
   20      2.297385846482      0.041611639574     -2.368741512417
   12     -2.321647786261     -4.674060719277     -2.364927250300
   20      2.321258805387     -2.333332210207     -0.047415842402
   12      4.646868430513      0.133314278826     -0.103004733135
   20     -0.027751021433     -4.671401145664     -0.036685142171
   20     -2.311991056101     -2.308364162572     -4.615398883646
   12     -0.042784796975      0.275757901517     -4.603705399967
   20     -4.670668826090     -4.688174175251     -4.622060202741
    8     -0.143585575384      0.103728295848     -2.438821749121
    8      2.359407431463      2.418792569121     -2.355148910317
    8     -2.326458997815     -2.331595731423     -2.341218998673
    8      2.373085030507      0.007429640479     -0.045186696140
    8      4.675435928255      2.234833693500     -0.073458493013
    8     -0.018348552298     -2.340296138256     -0.036368741327
    8      4.769541724865     -0.014834592298      2.406730105537
    8      6.987413377627      2.223273061534      2.418969424955
    8      2.338359875634     -2.332256354907      2.392615495830
    8     -0.009476155133      2.311880843558     -0.035769408810
    8      2.345726377099      4.641043860126     -0.037243665564
    8     -2.331804246754     -0.008034402277     -0.026374425347
    8      2.347897072777      2.311828700342      2.393215837680
    8      4.674250447745      4.673094584113      2.366317682783
    8     -0.043683276601      0.003987227072      2.358155310771
    8      4.670894146740      2.212944843098      4.697456707717
    8      7.055831927526      4.586069732496      4.671086636672
    8      2.439857609779      0.002319919780      4.679231850472
    8     -0.015626969358      4.728035315185      2.433830058482
    8      2.360680468212      6.985214448974      2.393830747416
    8     -2.326640481953      2.244056661674      2.437674470162
    8      2.260357913573      4.597713767702      4.678946923294
    8      4.662508335406      7.066845972450      4.649717576784
    8      0.007248526339      2.412686195324      4.676431291659
    8      4.666835969228      4.690878521986      7.002650301400
    8      6.904697097063      6.975072434734      6.978872204666
    8      2.331606258153      2.296677539034      6.971748179209
    0    0
