   3   1   1 E -1.6031029350606E+04 DE-1.2E-10(  2)
  0.584127080221E-02  0.702961156258E+01  0.702961156258E+01
  0.702944188640E+01  0.103792026410E-02  0.703433329210E+01
  0.702944188640E+01  0.703433329210E+01  0.103792026410E-02
    2
  0.100000000000E+01  0.000000000000E+00  0.000000000000E+00
  0.000000000000E+00  0.100000000000E+01  0.000000000000E+00
  0.000000000000E+00  0.000000000000E+00  0.100000000000E+01
  0.000000000000E+00  0.000000000000E+00  0.000000000000E+00
  0.100000000000E+01  0.000000000000E+00  0.000000000000E+00
  0.000000000000E+00  0.000000000000E+00  0.100000000000E+01
  0.000000000000E+00  0.100000000000E+01  0.000000000000E+00
  0.000000000000E+00  0.000000000000E+00  0.000000000000E+00
   54
   20      0.000000000000      0.000000000000      0.000000000000
   20      2.343147295465      2.344777764032      0.000345973421
   20     -2.343147295465     -2.344777764032     -0.000345973421
   20      2.343147295465      0.000345973421      2.344777764032
   20      4.686294590930      2.345123737453      2.345123737453
   20      0.000000000000     -2.344431790610      2.344431790610
   20     -2.343147295465     -0.000345973421     -2.344777764032
   20      0.000000000000      2.344431790610     -2.344431790610
   20     -4.686294590930     -2.345123737453     -2.345123737453
   20      0.001947090267      2.343203854194      2.343203854194
   20      2.345094385733      4.687981618225      2.343549827615
   20     -2.341200205198     -0.001573909838      2.342857880772
   20      2.345094385733      2.343549827615      4.687981618225
   12      4.688241681198      4.688327591647      4.688327591647
   12      0.001947090267     -0.001227936417      4.687635644804
   20     -2.341200205198      2.342857880772     -0.001573909838
   12      0.001947090267      4.687635644804     -0.001227936417
   20     -4.684347500663     -0.001919883260     -0.001919883260
   20     -0.001947090267     -2.343203854194     -2.343203854194
   20      2.341200205198      0.001573909838     -2.342857880772
   12     -2.345094385733     -4.687981618225     -2.343549827615
   20      2.341200205198     -2.342857880772      0.001573909838
   12      4.684347500663      0.001919883260      0.001919883260
   12     -0.001947090267     -4.687635644804      0.001227936417
   12     -2.345094385733     -2.343549827615     -4.687981618225
   12     -0.001947090267      0.001227936417     -4.687635644804
   12     -4.688241681198     -4.688327591647     -4.688327591647
    8     -0.000973545134      0.000613968208     -2.343817822402
    8      2.342173750333      2.345391732242     -2.343471848981
    8     -2.344120840599     -2.344163795823     -2.344163795823
    8      2.342173750331      0.000959941630      0.000959941630
    8      4.685321045799      2.345737705664      0.001305915051
    8     -0.000973545134     -2.343817822402      0.000613968208
    8      4.685321045799      0.001305915051      2.345737705664
    8      7.028468341266      2.346083679085      2.346083679085
    8      2.342173750333     -2.343471848981      2.345391732242
    8      0.000973545134      2.343817822402     -0.000613968208
    8      2.344120840601      4.688595586436     -0.000267994787
    8     -2.342173750331     -0.000959941630     -0.000959941630
    8      2.344120840599      2.344163795823      2.344163795823
    8      4.687268136066      4.688941559858      2.344509769245
    8      0.000973545134     -0.000613968208      2.343817822402
    8      4.687268136067      2.344509769245      4.688941559858
    8      7.030415431534      4.689287533279      4.689287533279
    8      2.344120840601     -0.000267994787      4.688595586436
    8      0.002920635401      4.687021676595      2.342589885984
    8      2.346067930869      7.031799440629      2.342935859406
    8     -2.340226660064      2.342243912563      2.342243912563
    8      2.346067930866      4.687367650016      4.687367650016
    8      4.689215226333      7.032145414051      4.687713623437
    8      0.002920635401      2.342589885984      4.687021676595
    8      4.689215226333      4.687713623437      7.032145414051
    8      7.032362521801      7.032491387472      7.032491387472
    8      2.346067930869      2.342935859406      7.031799440629
    0    0
