   3   1   1 E -1.6031098917229E+04 DE 7.6E-10( 11)
  0.216337086492E-01  0.696334132970E+01  0.702585018498E+01
  0.703253219794E+01 -0.354731896167E-02  0.704121157637E+01
  0.702998455256E+01  0.697204229968E+01  0.371268674619E-02
    1
  0.100000000000E+01  0.000000000000E+00  0.000000000000E+00
  0.000000000000E+00  0.100000000000E+01  0.000000000000E+00
  0.000000000000E+00  0.000000000000E+00  0.100000000000E+01
  0.000000000000E+00  0.000000000000E+00  0.000000000000E+00
   54
   20      0.005864804261      0.017160326756     -0.010536318817
   20      2.393067990221      2.289419462151     -0.032343946948
   20     -2.341410138298     -2.346415965428     -0.019296191397
   20      2.359238125032     -0.007227791583      2.348986082285
   20      4.734649153399      2.289088062733      2.311027244897
   20      0.015508968214     -2.353812149676      2.333432113687
   20     -2.329541872147      0.020091608954     -2.323524889132
   20      0.035098391728      2.293965416944     -2.376785877943
   20     -4.682734394914     -2.342234373337     -2.363410312849
   20     -0.044304516139      2.321827313524      2.346436135645
   20      2.323129755525      4.725361775006      2.351569277916
   20     -2.381512275630      0.068211759446      2.372059224786
   20      2.339390599457      2.285699797925      4.759259364768
   20      4.695972839380      4.714811245141      4.724349483660
   12      0.016612393700      0.071064181842      4.752733396743
   12     -2.373513272067      2.296276411505      0.026272173397
   20     -0.008813733229      4.737387626511     -0.012073314118
   12     -4.754185660757      0.043858570528     -0.049908208577
   20     -0.012929145076     -2.336253764235     -2.343384799796
   12      2.307870760177      0.028094058729     -2.308155121703
   12     -2.342366299559     -4.759750719069     -2.266409901072
   20      2.366895512140     -2.363861769461      0.002306104105
   12      4.739286672010      0.042836456434     -0.021363609435
   12     -0.073144698054     -4.784972711650      0.003977481058
   20     -2.355951243348     -2.336517262659     -4.722109318698
   12     -0.028600387615      0.024767077777     -4.743736735774
   12     -4.675438661537     -4.748956593204     -4.742662462732
    8      0.072508999250      0.006005064991     -2.382768011947
    8      2.431810859277      2.207973100072     -2.393021396486
    8     -2.352020674489     -2.385852013871     -2.343240562774
    8      2.401134750195     -0.000588956240     -0.056459338341
    8      4.771601806854      2.226310918142     -0.053301350776
    8     -0.005647083376     -2.394530864521     -0.007133903934
    8      4.778399933064      0.012448889387      2.305000108765
    8      7.103232992442      2.218506086779      2.271209567686
    8      2.340929042393     -2.393866352131      2.326154360411
    8     -0.044836869350      2.333151300294     -0.005294924133
    8      2.352098042116      4.734085702081     -0.003789786636
    8     -2.395485102394      0.073945222825     -0.002644857903
    8      2.346972550738      2.322931988685      2.347143998388
    8      4.682384694892      4.670335468304      2.344661720008
    8      0.003465498593      0.010958153042      2.402219492979
    8      4.704816749290      2.332189568884      4.740309772806
    8      7.038934399070      4.719012089821      4.694442773804
    8      2.268262253329     -0.001146870092      4.750512648132
    8      0.001708999953      4.725933744831      2.335310596799
    8      2.233600564733      7.092013290284      2.332611255012
    8     -2.445292063007      2.318479226558      2.282214677409
    8      2.353028649279      4.716768798062      4.691460512059
    8      4.698247844615      7.105694457855      4.807759484995
    8     -0.085724836651      2.194917467717      4.775754678568
    8      4.707058761019      4.670233837920      7.022379354952
    8      7.058400719241      7.109958091825      7.029081267288
    8      2.430945918240      2.177477933723      7.111205805350
    0    0
