   3   1   1 E -1.6031048439474E+04 DE 1.1E-10( 11)
  0.177109906123E-01  0.698538606403E+01  0.700004864445E+01
  0.702637821793E+01 -0.140941101462E-01  0.702315787093E+01
  0.702078696561E+01  0.699802618125E+01 -0.302039797183E-02
    1
  0.100000000000E+01  0.000000000000E+00  0.000000000000E+00
  0.000000000000E+00  0.100000000000E+01  0.000000000000E+00
  0.000000000000E+00  0.000000000000E+00  0.100000000000E+01
  0.000000000000E+00  0.000000000000E+00  0.000000000000E+00
   54
   20     -0.003719852703      0.001414529772      0.001089308944
   20      2.339282022647      2.334608064914     -0.004615096405
   20     -2.344924409677     -2.324288051325      0.000259835652
   20      2.340208552240     -0.015825561052      2.338841254284
   20      4.682456267089      2.324568358455      2.336335823266
   20      0.003530619299     -2.330586079906      2.339761738099
   20     -2.348254428059      0.000616509766     -2.335410569589
   20      0.001928746381      2.346562825207     -2.336079378883
   12     -4.719715097229     -2.304232560387     -2.326536689090
   20      0.002121310219      2.324902280217      2.334784550038
   20      2.344024245592      4.664929289767      2.329949566752
   12     -2.377053029814      0.072584875105      2.339170031835
   20      2.345522858062      2.318314006674      4.680652006151
   20      4.691580123365      4.669167575341      4.681262126068
   12     -0.008400606146     -0.027672060163      4.694542329709
   12     -2.352013448276      2.342544140720      0.015853254426
   12      0.053205148301      4.784487051766     -0.014225544921
   12     -4.705130040774     -0.066022997751      0.005664551586
   12      0.030827601243     -2.332356624221     -2.337537936476
   20      2.336311189714     -0.001500501473     -2.330157327947
   20     -2.341264603885     -4.667401873781     -2.330393467489
   12      2.362899082384     -2.352459816019     -0.011261437263
   12      4.690348771124     -0.039533725220     -0.006432926632
   20      0.001673511104     -4.679023220185     -0.003777548655
   20     -2.346247448336     -2.329410844694     -4.678527008914
   20     -0.005802877476     -0.006409389380     -4.681193108392
   20     -4.680649016208     -4.662622691503     -4.680384458142
    8     -0.006104092006     -0.001868300458     -2.333420350844
    8      2.340371144972      2.341588337386     -2.335525608000
    8     -2.346774355229     -2.329733671004     -2.336058832550
    8      2.344305628442     -0.010700322625      0.002099038788
    8      4.679404747872      2.324080753604     -0.003649845759
    8      0.007641122973     -2.334146737257      0.000556188093
    8      4.682992605027     -0.018269649252      2.340230526018
    8      7.024092574719      2.323213523676      2.338487956465
    8      2.340723004627     -2.338897564416      2.341148865623
    8     -0.003555657828      2.344151182015     -0.000208118956
    8      2.331725155039      4.679645760885     -0.010929151349
    8     -2.357423572980      0.027055947952      0.002133923447
    8      2.342987158070      2.325685664817      2.335982251979
    8      4.684012726594      4.673371309734      2.335272385069
    8     -0.003555438869     -0.008425853954      2.340393866345
    8      4.683561745263      2.326957986536      4.686241168918
    8      7.041992944827      4.693275943606      4.678615492161
    8      2.330938254289     -0.034657360272      4.687697592547
    8      0.008386851203      4.656715972065      2.329084966992
    8      2.353525015391      6.985561601836      2.323330377373
    8     -2.328032991061      2.315393337840      2.320510520552
    8      2.340078061978      4.658008191892      4.676789062457
    8      4.696720353047      6.988324438580      4.673233014657
    8      0.010639060656      2.316379124610      4.672081454380
    8      4.695373698335      4.656530671237      7.013167797222
    8      7.040581889580      6.945633546034      6.987934792023
    8      2.364589958579      2.311704262444      7.004004316664
    0    0
