   3   1   1 E -1.6031099481015E+04 DE 2.3E-09(  9)
  0.188726938202E-01  0.698814423552E+01  0.703195223961E+01
  0.700543780496E+01 -0.663493494355E-02  0.704876327277E+01
  0.700342404168E+01  0.699763387497E+01  0.115967082069E-02
    1
  0.100000000000E+01  0.000000000000E+00  0.000000000000E+00
  0.000000000000E+00  0.100000000000E+01  0.000000000000E+00
  0.000000000000E+00  0.000000000000E+00  0.100000000000E+01
  0.000000000000E+00  0.000000000000E+00  0.000000000000E+00
   54
   20     -0.009542543957     -0.026670502222     -0.034685065337
   20      2.332184308480      2.330574795265     -0.000874961002
   20     -2.303749206548     -2.328388196068     -0.024762111539
   20      2.346881148320     -0.038678308590      2.337288026719
   20      4.700128197403      2.324303139348      2.350704614780
   20      0.015609626172     -2.343679747411      2.334229193177
   20     -2.336793537298      0.001405524418     -2.362591267061
   20     -0.032979405015      2.347199319026     -2.353657547504
   20     -4.673000065917     -2.287618376688     -2.331558184755
   20     -0.025566815925      2.367815441158      2.388208668177
   20      2.288049604536      4.706770016683      2.325157689478
   20     -2.332836044110      0.005332892995      2.336431573129
   20      2.313526044148      2.350570628991      4.786906900577
   12      4.717478476881      4.601483403363      4.708679325342
   12      0.057248160844     -0.060861252928      4.716692272989
   12     -2.368292962097      2.433621897816     -0.005082454612
   20     -0.056060492300      4.721631839301      0.017501864208
   12     -4.723557413949      0.058607379742     -0.003661167683
   12      0.002855801956     -2.321080391364     -2.322215102800
   20      2.334126131232     -0.064338582123     -2.319375312897
   20     -2.275228664132     -4.661097160585     -2.345017930790
   12      2.377072094329     -2.387231067421     -0.044746848160
   20      4.721957363414     -0.065962283922      0.010100957186
   12      0.033992899437     -4.723268050346     -0.057166577690
   12     -2.353687054609     -2.315674671567     -4.682659180717
   12     -0.046561094641      0.020923006484     -4.666621455461
   20     -4.663128852497     -4.657633302872     -4.759266791251
    8     -0.012188919391     -0.065876702855     -2.419943871623
    8      2.331405332747      2.334750322224     -2.349838216193
    8     -2.234287911598     -2.320680193600     -2.375486696930
    8      2.345377536108     -0.086435181843      0.002755788753
    8      4.751068829450      2.314286417601     -0.001777438623
    8      0.097056099367     -2.422766306901     -0.085947331019
    8      4.752764030696     -0.092267307432      2.358445570294
    8      6.993928115567      2.244318903142      2.271291631780
    8      2.407857309078     -2.329742079758      2.333752348749
    8     -0.068473034556      2.349438595665      0.002186828569
    8      2.316882807329      4.744045367829     -0.002378979826
    8     -2.412235336924      0.073032764740     -0.020199940914
    8      2.321340244276      2.337567565380      2.330050010879
    8      4.657169739439      4.657402743805      2.352671434808
    8     -0.000545106787     -0.002845821881      2.359890498177
    8      4.670699799265      2.439750072038      4.786033026476
    8      6.916584513440      4.746534566656      4.701516269581
    8      2.233088293980      0.001858110877      4.765151061928
    8     -0.118646555568      4.779709563428      2.437063440328
    8      2.271412281513      6.995088942522      2.315292143472
    8     -2.317420486753      2.420293236310      2.281466035594
    8      2.323288326065      4.648829844322      4.752747471269
    8      4.781189579656      6.889418328521      4.695950279380
    8      0.018486938096      2.314584124142      4.773367322467
    8      4.579106507685      4.525349689223      7.025136983817
    8      7.132295067458      7.091303859389      7.030050425434
    8      2.347475728306      2.331137475913      7.051233101254
    0    0
