   3   1   1 E -1.6031086236487E+04 DE-1.3E-09( 11)
  0.332601020529E-01  0.699358928066E+01  0.699786085638E+01
  0.698885582346E+01  0.992829762308E-02  0.701307445648E+01
  0.701215338124E+01  0.702592570245E+01 -0.685707654628E-02
    1
  0.100000000000E+01  0.000000000000E+00  0.000000000000E+00
  0.000000000000E+00  0.100000000000E+01  0.000000000000E+00
  0.000000000000E+00  0.000000000000E+00  0.100000000000E+01
  0.000000000000E+00  0.000000000000E+00  0.000000000000E+00
   54
   20      0.020938951126     -0.031815783603     -0.028557301473
   20      2.339642397442      2.348047890466     -0.019322597682
   20     -2.348285347949     -2.339121489319     -0.039283891294
   20      2.405722220695     -0.079876252478      2.339411333155
   20      4.713413153884      2.323472842382      2.324485030372
   20      0.063924214124     -2.379057999916      2.348601670996
   20     -2.296728099230     -0.061079621224     -2.372348962459
   20      0.010168902667      2.353447030831     -2.370024049985
   12     -4.628620470933     -2.421576019112     -2.376046584258
   20     -0.057890445912      2.387914900170      2.369341797541
   20      2.294139117858      4.707149605464      2.357222091533
   20     -2.364852316955      0.004666134564      2.337267245339
   20      2.381913533679      2.394164569145      4.725733402749
   12      4.612261971434      4.693752167544      4.743188164770
   20     -0.015946074771     -0.046173324522      4.712111654051
   12     -2.352860643799      2.371826371597     -0.081048848970
   20     -0.107993917648      4.698217776551      0.026447243003
   20     -4.672523892420      0.009671830064      0.029120688703
   12     -0.015846895352     -2.266985437072     -2.377943599971
   20      2.329000066768     -0.039600640499     -2.320802539845
   20     -2.380090969737     -4.620647921282     -2.361150214167
   12      2.375373155590     -2.323713286521     -0.023682229240
   12      4.756654254128     -0.034474854194      0.113039280082
   20      0.042316154625     -4.659275578785      0.012626477886
   12     -2.370736524680     -2.296539755376     -4.769377088786
   12     -0.013238416351      0.002501568299     -4.631658981561
   12     -4.710611417053     -4.648063277384     -4.665837446357
    8      0.007017818574     -0.105296898588     -2.415066067932
    8      2.336245240102      2.426463806823     -2.418711914001
    8     -2.396572732368     -2.336919478218     -2.439800516626
    8      2.444003152054     -0.088509163365     -0.000990368556
    8      4.666051324362      2.307684351337     -0.019786256722
    8      0.049066203858     -2.334710726533     -0.035346991858
    8      4.781349193694     -0.119162040654      2.224142231690
    8      7.088867154041      2.266931171375      2.330658585762
    8      2.488532382214     -2.459745125381      2.325784243396
    8     -0.066909813748      2.344817185964     -0.014655322711
    8      2.299663362625      4.689246347879     -0.045304699464
    8     -2.334241969090      0.022486620905     -0.010177580721
    8      2.346942455928      2.349981896226      2.350090063816
    8      4.681906573649      4.681486899660      2.373226651845
    8      0.014256113560     -0.026284047099      2.357651340791
    8      4.683910596974      2.404348106978      4.720995844004
    8      6.991125967719      4.680279280082      4.689577471167
    8      2.353807043101     -0.071030699583      4.683528078215
    8     -0.144480610609      4.776593206608      2.382800159685
    8      2.280595765037      7.082854820094      2.359605134514
    8     -2.453298286845      2.423561393769      2.295096537233
    8      2.401296309127      4.681457932478      4.769183115809
    8      4.674209258803      6.932234818171      4.730884563048
    8      0.013904586789      2.406890992869      4.682623466571
    8      4.511858089417      4.687511101403      6.960476840872
    8      6.916397387798      7.029828002980      7.071431346152
    8      2.509466652363      2.432663561329      7.108924363326
    0    0
